0.0209477 -0.865628 2.18933 
0.0209476 -0.865627 2.18933 
0.0209473 -0.865622 2.18933 
0.0209478 -0.865622 2.18933 
0.0209478 -0.865623 2.18933 
0.0209476 -0.865623 2.18933 
0.0209474 -0.865619 2.18933 
0.0209474 -0.865618 2.18933 
0.0209498 -0.865629 2.18932 
0.0209496 -0.865628 2.18932 
0.0209495 -0.865623 2.18933 
0.0209495 -0.865623 2.18933 
0.0209497 -0.865624 2.18933 
0.0209491 -0.865624 2.18932 
0.0209498 -0.86562 2.18932 
0.0209494 -0.86562 2.18932 
0.0209496 -0.865628 2.18933 
0.0209485 -0.865628 2.18932 
0.0209484 -0.865623 2.18933 
0.0209484 -0.865623 2.18933 
0.020949 -0.865624 2.18933 
0.0209485 -0.865623 2.18932 
0.0209489 -0.865619 2.18932 
0.0209488 -0.865619 2.18932 
0.0209491 -0.865627 2.18933 
0.0209487 -0.865627 2.18933 
0.0209486 -0.865622 2.18933 
0.0209482 -0.865622 2.18933 
0.0209487 -0.865623 2.18933 
0.0209487 -0.865623 2.18933 
0.0209485 -0.865618 2.18933 
0.0209485 -0.865618 2.18933 
0.0209481 -0.865627 2.18933 
0.0209477 -0.865627 2.18933 
0.020948 -0.865622 2.18933 
0.0209475 -0.865622 2.18933 
0.020948 -0.865623 2.18933 
0.0209474 -0.865622 2.18933 
0.0209482 -0.865619 2.18933 
0.0209479 -0.865618 2.18933 
0.0209471 -0.865627 2.18933 
0.020947 -0.865626 2.18933 
0.0209468 -0.865622 2.18933 
0.0209468 -0.865622 2.18933 
0.0209473 -0.865623 2.18933 
0.0209467 -0.865622 2.18933 
0.0209472 -0.865618 2.18933 
0.0209466 -0.865618 2.18933 
0.0209491 -0.865626 2.18933 
0.0209497 -0.865626 2.18933 
0.0209497 -0.865621 2.18933 
0.0209489 -0.865621 2.18933 
0.0209495 -0.865622 2.18933 
0.0209494 -0.865622 2.18933 
0.0209493 -0.865618 2.18933 
0.0209489 -0.865617 2.18933 
0.0209514 -0.865626 2.18933 
0.0209518 -0.865626 2.18933 
0.0209514 -0.865621 2.18934 
0.0209515 -0.865621 2.18933 
0.0209515 -0.865622 2.18933 
0.0209512 -0.865622 2.18933 
0.0209516 -0.865618 2.18933 
0.0209516 -0.865618 2.18933 
-1.21666 3.92171 9.94361 
-1.21666 3.92172 9.94362 
-1.21666 3.92171 9.9436 
-1.21666 3.92172 9.94361 
-1.21666 3.9217 9.9436 
-1.21666 3.92171 9.94361 
-1.21666 3.9217 9.9436 
-1.21666 3.92171 9.94361 
-1.21666 3.92171 9.94361 
-1.21666 3.92172 9.94362 
-1.21666 3.92171 9.9436 
-1.21666 3.92172 9.94361 
-1.21666 3.9217 9.94359 
-1.21666 3.92171 9.9436 
-1.21666 3.9217 9.94359 
-1.21666 3.92171 9.9436 
-1.21669 3.92172 9.9436 
-1.21669 3.92172 9.94361 
-1.21669 3.92172 9.9436 
-1.21669 3.92172 9.94361 
-1.21669 3.92171 9.94359 
-1.21669 3.92171 9.9436 
-1.21669 3.92171 9.94359 
-1.21669 3.92171 9.9436 
-1.21669 3.92171 9.94361 
-1.21669 3.92172 9.94362 
-1.21669 3.92171 9.9436 
-1.21669 3.92172 9.94361 
-1.21668 3.92171 9.94359 
-1.21669 3.92171 9.9436 
-1.21668 3.9217 9.94359 
-1.21669 3.92171 9.94361 
-1.21669 3.92171 9.94361 
-1.21669 3.92172 9.94362 
-1.21669 3.92171 9.9436 
-1.21669 3.92172 9.94361 
-1.21668 3.92171 9.94359 
-1.21669 3.92171 9.9436 
-1.21668 3.9217 9.94359 
-1.21669 3.92171 9.94361 
-1.21669 3.92171 9.94361 
-1.21669 3.92172 9.94362 
-1.21669 3.92171 9.9436 
-1.21669 3.92172 9.94361 
-1.21668 3.92171 9.94359 
-1.21669 3.92171 9.94361 
-1.21668 3.9217 9.94359 
-1.21669 3.92171 9.94361 
-1.21669 3.92171 9.94361 
-1.21669 3.92172 9.94362 
-1.21669 3.92171 9.9436 
-1.21669 3.92172 9.94361 
-1.21668 3.92171 9.94359 
-1.21669 3.92171 9.9436 
-1.21668 3.9217 9.94359 
-1.21669 3.92171 9.94361 
-1.21669 3.92171 9.94361 
-1.21669 3.92172 9.94362 
-1.21669 3.92171 9.94361 
-1.21669 3.92172 9.94362 
-1.21669 3.9217 9.9436 
-1.21669 3.92171 9.94361 
-1.21669 3.9217 9.9436 
-1.21669 3.92171 9.94361 
-0.00592379 0.0983769 -0.584747 
-0.00592344 0.0983779 -0.58475 
-0.00592281 0.0983849 -0.584749 
-0.00592342 0.0983862 -0.584752 
-0.00592328 0.0983892 -0.584749 
-0.00592363 0.0983903 -0.584752 
-0.00592363 0.0983857 -0.584749 
-0.00592396 0.0983868 -0.584752 
-0.00592289 0.0983765 -0.584748 
-0.00592225 0.0983781 -0.58475 
-0.00592186 0.0983846 -0.58475 
-0.00592256 0.0983861 -0.584753 
-0.00592228 0.0983889 -0.58475 
-0.00592257 0.0983901 -0.584753 
-0.0059223 0.0983851 -0.584749 
-0.00592265 0.0983868 -0.584752 
-0.00591961 0.0983764 -0.584747 
-0.00592006 0.0983782 -0.58475 
-0.00592044 0.0983846 -0.584749 
-0.00591994 0.0983865 -0.584752 
-0.00592048 0.0983883 -0.584749 
-0.0059199 0.0983898 -0.584752 
-0.00592044 0.0983847 -0.584747 
-0.00592005 0.0983867 -0.584751 
-0.00592485 0.0983762 -0.584748 
-0.00592435 0.0983779 -0.584752 
-0.00592453 0.0983846 -0.584751 
-0.0059251 0.0983865 -0.584753 
-0.00592444 0.0983885 -0.58475 
-0.00592513 0.0983907 -0.584754 
-0.00592411 0.0983846 -0.584749 
-0.00592489 0.0983869 -0.584752 
-0.00592283 0.0983757 -0.58475 
-0.00592341 0.0983782 -0.584752 
-0.00592252 0.0983842 -0.584752 
-0.00592295 0.098386 -0.584755 
-0.00592303 0.0983878 -0.584752 
-0.00592292 0.09839 -0.584755 
-0.0059231 0.0983853 -0.584752 
-0.00592338 0.0983859 -0.584754 
-0.00592549 0.0983759 -0.58475 
-0.00592558 0.098378 -0.584752 
-0.00592513 0.0983845 -0.584753 
-0.00592614 0.0983861 -0.584755 
-0.00592521 0.0983879 -0.584752 
-0.00592556 0.0983897 -0.584756 
-0.00592526 0.0983853 -0.584752 
-0.00592559 0.098386 -0.584754 
-0.00592549 0.0983762 -0.584749 
-0.00592545 0.0983785 -0.584752 
-0.00592499 0.0983846 -0.584752 
-0.00592591 0.0983867 -0.584755 
-0.00592495 0.0983884 -0.584751 
-0.00592554 0.0983904 -0.584755 
-0.00592529 0.098385 -0.584751 
-0.00592592 0.0983864 -0.584754 
-0.00592472 0.0983774 -0.584749 
-0.00592475 0.0983792 -0.584752 
-0.00592504 0.0983856 -0.584752 
-0.0059251 0.0983881 -0.584755 
-0.00592465 0.0983898 -0.584752 
-0.00592523 0.0983913 -0.584754 
-0.00592554 0.0983866 -0.58475 
-0.00592558 0.0983878 -0.584753 
0.00059979 -0.108919 -0.639817 
0.000599645 -0.108921 -0.639819 
0.00059992 -0.108916 -0.639819 
0.000600109 -0.108918 -0.639821 
0.000600033 -0.108916 -0.639822 
0.000599684 -0.108917 -0.639825 
0.000600062 -0.108914 -0.639822 
0.000599777 -0.108915 -0.639825 
0.000598329 -0.108917 -0.639817 
0.000598405 -0.108919 -0.639819 
0.000598476 -0.108914 -0.639818 
0.000598599 -0.108916 -0.639821 
0.000598724 -0.108913 -0.639821 
0.000598878 -0.108915 -0.639824 
0.000598729 -0.108911 -0.639821 
0.000598793 -0.108913 -0.639824 
0.000601335 -0.108918 -0.639819 
0.000601084 -0.10892 -0.639821 
0.000601098 -0.108916 -0.63982 
0.000601253 -0.108917 -0.639824 
0.000601294 -0.108915 -0.639823 
0.000601214 -0.108916 -0.639826 
0.000601248 -0.108912 -0.639823 
0.000601189 -0.108914 -0.639826 
0.000594642 -0.108918 -0.639817 
0.000595028 -0.108919 -0.63982 
0.000595072 -0.108915 -0.63982 
0.000594708 -0.108916 -0.639822 
0.000594926 -0.108914 -0.639822 
0.000595012 -0.108916 -0.639825 
0.000595815 -0.108912 -0.639822 
0.000595378 -0.108913 -0.639825 
0.000595902 -0.108918 -0.639819 
0.000596984 -0.108919 -0.639822 
0.000596898 -0.108915 -0.639821 
0.000596349 -0.108917 -0.639823 
0.000596355 -0.108915 -0.639823 
0.000596063 -0.108916 -0.639826 
0.000596437 -0.108912 -0.639823 
0.00059609 -0.108914 -0.639826 
0.000595442 -0.108917 -0.639821 
0.000595669 -0.108918 -0.639824 
0.000596104 -0.108914 -0.639823 
0.000595232 -0.108915 -0.639826 
0.00059603 -0.108914 -0.639825 
0.000595552 -0.108915 -0.639828 
0.000596008 -0.108912 -0.639825 
0.00059563 -0.108913 -0.639828 
0.000594388 -0.108918 -0.639819 
0.000595008 -0.108919 -0.639822 
0.000595147 -0.108915 -0.639821 
0.000594322 -0.108917 -0.639824 
0.000594746 -0.108915 -0.639825 
0.000594223 -0.108916 -0.639827 
0.000595064 -0.108912 -0.639824 
0.000594255 -0.108914 -0.639827 
0.000593795 -0.108919 -0.63982 
0.000594385 -0.10892 -0.639822 
0.000594522 -0.108915 -0.639822 
0.000593901 -0.108917 -0.639824 
0.000593296 -0.108915 -0.639824 
0.000593366 -0.108917 -0.639827 
0.000593985 -0.108913 -0.639824 
0.000593451 -0.108914 -0.639827 
-0.000192438 -0.0130536 -0.622152 
-0.00019281 -0.0130583 -0.622156 
-0.000193021 -0.013053 -0.622151 
-0.000192765 -0.0130574 -0.622154 
-0.000193044 -0.0130546 -0.62215 
-0.000192314 -0.0130587 -0.622154 
-0.000192414 -0.0130561 -0.622147 
-0.000192855 -0.0130596 -0.622152 
-0.000196051 -0.013055 -0.622151 
-0.000196096 -0.0130582 -0.622155 
-0.000196256 -0.0130546 -0.62215 
-0.000195948 -0.0130584 -0.622153 
-0.000196127 -0.0130557 -0.622149 
-0.000195959 -0.0130593 -0.622152 
-0.000196174 -0.0130562 -0.622147 
-0.000196078 -0.0130612 -0.622151 
-0.000194929 -0.0130557 -0.622149 
-0.000196012 -0.0130596 -0.622152 
-0.00019602 -0.0130547 -0.622147 
-0.00019538 -0.0130588 -0.622151 
-0.000195496 -0.0130567 -0.622146 
-0.000195355 -0.0130598 -0.62215 
-0.00019606 -0.0130577 -0.622144 
-0.000195703 -0.0130618 -0.622148 
-0.000193587 -0.0130559 -0.622148 
-0.000193067 -0.0130593 -0.622151 
-0.000193601 -0.0130554 -0.622145 
-0.000193032 -0.0130589 -0.62215 
-0.000193482 -0.0130565 -0.622145 
-0.000192947 -0.0130606 -0.622149 
-0.000193493 -0.0130577 -0.622143 
-0.000193341 -0.0130622 -0.622146 
-0.000194247 -0.0130553 -0.622148 
-0.000193399 -0.013059 -0.622151 
-0.000193817 -0.0130546 -0.622146 
-0.000193227 -0.0130586 -0.62215 
-0.000193625 -0.0130563 -0.622145 
-0.000193193 -0.0130597 -0.62215 
-0.000193734 -0.0130573 -0.622143 
-0.000193769 -0.0130612 -0.622147 
-0.000193959 -0.0130559 -0.622146 
-0.000193369 -0.0130601 -0.62215 
-0.000193906 -0.013056 -0.622144 
-0.000193688 -0.0130595 -0.622148 
-0.000193485 -0.0130569 -0.622143 
-0.000193612 -0.0130605 -0.622148 
-0.000193825 -0.0130583 -0.622142 
-0.000193889 -0.0130617 -0.622145 
-0.000198413 -0.0130554 -0.622148 
-0.000199254 -0.0130591 -0.622151 
-0.000198681 -0.0130546 -0.622147 
-0.000198899 -0.0130583 -0.62215 
-0.00019852 -0.0130563 -0.622146 
-0.00019895 -0.0130594 -0.622149 
-0.000198986 -0.0130573 -0.622144 
-0.000198378 -0.013061 -0.622147 
-0.000196947 -0.0130556 -0.622149 
-0.000197852 -0.0130592 -0.622153 
-0.000197499 -0.0130547 -0.622148 
-0.000197335 -0.0130584 -0.622151 
-0.000197467 -0.0130561 -0.622147 
-0.000197338 -0.0130595 -0.622151 
-0.000197882 -0.0130571 -0.622145 
-0.000197573 -0.0130615 -0.622149 
-0.000221558 0.000428361 -0.609754 
-0.000222372 0.000432694 -0.609758 
-0.000221549 0.000433844 -0.609753 
-0.000221517 0.000438077 -0.609756 
-0.000222361 0.000434471 -0.609751 
-0.000221931 0.000438335 -0.609754 
-0.000221941 0.000434528 -0.609751 
-0.000221931 0.000438114 -0.609754 
-0.000222499 0.000429678 -0.60975 
-0.000222103 0.000434588 -0.609754 
-0.000223015 0.000435582 -0.609749 
-0.000222522 0.000439703 -0.609752 
-0.000222669 0.000435544 -0.609747 
-0.000222622 0.000440377 -0.609751 
-0.000223162 0.00043564 -0.609747 
-0.000222815 0.000439344 -0.60975 
-0.000221682 0.000430932 -0.609747 
-0.000221193 0.000434922 -0.60975 
-0.000221218 0.000436388 -0.609746 
-0.000221697 0.000440996 -0.609749 
-0.000221245 0.000436552 -0.609744 
-0.000221701 0.000440963 -0.609747 
-0.000221275 0.0004364 -0.609744 
-0.000221773 0.000440751 -0.609747 
-0.000221199 0.000429962 -0.609748 
-0.000221179 0.000434271 -0.609751 
-0.000221653 0.000434871 -0.609747 
-0.000221338 0.000440064 -0.609751 
-0.00022132 0.000435203 -0.609745 
-0.000221287 0.000440072 -0.609748 
-0.000221357 0.000434913 -0.609745 
-0.000221416 0.000439704 -0.609748 
-0.000221024 0.00043018 -0.609747 
-0.000221969 0.000434177 -0.609751 
-0.000221582 0.000435255 -0.609746 
-0.000221595 0.000440082 -0.60975 
-0.000221616 0.000435853 -0.609744 
-0.000221537 0.000440092 -0.609748 
-0.000221544 0.000435527 -0.609744 
-0.000221522 0.000439725 -0.609748 
-0.000224828 0.000430075 -0.609748 
-0.000224295 0.000434782 -0.609752 
-0.000224756 0.000435391 -0.609746 
-0.000225048 0.000439875 -0.60975 
-0.000224209 0.00043571 -0.609745 
-0.000224222 0.000440388 -0.609748 
-0.000224199 0.000435303 -0.609745 
-0.000224564 0.000439706 -0.609748 
-0.000223866 0.000429463 -0.609749 
-0.000224046 0.000434354 -0.609752 
-0.00022363 0.000435016 -0.609748 
-0.000223965 0.000438786 -0.609751 
-0.00022345 0.00043573 -0.609746 
-0.000223554 0.000439304 -0.60975 
-0.000223462 0.000434858 -0.609746 
-0.000223957 0.000439213 -0.609749 
-0.00022294 0.000428326 -0.609752 
-0.000222784 0.000433477 -0.609756 
-0.000222141 0.000434784 -0.609751 
-0.000222622 0.000438766 -0.609754 
-0.000222552 0.000434658 -0.609749 
-0.000222662 0.000438809 -0.609753 
-0.000222551 0.000434363 -0.609749 
-0.000222651 0.000438059 -0.609752 
0.114942 3.33139 -1.70747 
0.114942 3.33138 -1.70748 
0.114941 3.33138 -1.70747 
0.114942 3.33138 -1.70748 
0.114941 3.33138 -1.70748 
0.114941 3.33137 -1.70749 
0.114942 3.33138 -1.70748 
0.11494 3.33137 -1.70749 
0.11493 3.33139 -1.70747 
0.11493 3.33138 -1.70747 
0.11493 3.33138 -1.70746 
0.114929 3.33138 -1.70747 
0.11493 3.33138 -1.70747 
0.114929 3.33137 -1.70748 
0.114931 3.33138 -1.70747 
0.11493 3.33137 -1.70748 
0.114945 3.33139 -1.70746 
0.114943 3.33138 -1.70747 
0.114943 3.33138 -1.70746 
0.114942 3.33138 -1.70747 
0.114945 3.33138 -1.70747 
0.114941 3.33137 -1.70748 
0.114944 3.33138 -1.70747 
0.114943 3.33137 -1.70748 
0.114924 3.33139 -1.70747 
0.114922 3.33138 -1.70748 
0.114923 3.33138 -1.70747 
0.114922 3.33138 -1.70748 
0.114922 3.33138 -1.70748 
0.114922 3.33137 -1.70749 
0.114923 3.33138 -1.70748 
0.114921 3.33137 -1.70749 
0.114932 3.33139 -1.70747 
0.114931 3.33138 -1.70748 
0.11493 3.33138 -1.70747 
0.114931 3.33138 -1.70748 
0.11493 3.33138 -1.70748 
0.11493 3.33137 -1.70749 
0.114931 3.33138 -1.70748 
0.11493 3.33137 -1.70749 
0.114931 3.33139 -1.70747 
0.114929 3.33138 -1.70748 
0.11493 3.33138 -1.70747 
0.11493 3.33138 -1.70748 
0.11493 3.33138 -1.70748 
0.114929 3.33137 -1.70749 
0.114929 3.33138 -1.70748 
0.114929 3.33137 -1.70749 
0.114926 3.33139 -1.70747 
0.114928 3.33138 -1.70748 
0.114928 3.33138 -1.70747 
0.114927 3.33138 -1.70748 
0.114928 3.33138 -1.70748 
0.114927 3.33137 -1.70749 
0.114928 3.33138 -1.70748 
0.114927 3.33137 -1.70749 
0.114919 3.33139 -1.70747 
0.11492 3.33138 -1.70748 
0.114919 3.33138 -1.70747 
0.114919 3.33138 -1.70748 
0.114921 3.33138 -1.70748 
0.114919 3.33137 -1.70749 
0.114921 3.33138 -1.70748 
0.11492 3.33137 -1.70749 
-0.167049 -3.96081 -3.67256 
-0.16705 -3.96082 -3.67256 
-0.167048 -3.96077 -3.67255 
-0.167048 -3.96078 -3.67255 
-0.167048 -3.96078 -3.67256 
-0.167048 -3.96078 -3.67255 
-0.167049 -3.96077 -3.67256 
-0.167048 -3.96078 -3.67255 
-0.167048 -3.96082 -3.67257 
-0.167049 -3.96082 -3.67256 
-0.167047 -3.96077 -3.67256 
-0.167048 -3.96078 -3.67255 
-0.167048 -3.96078 -3.67256 
-0.167047 -3.96079 -3.67255 
-0.167046 -3.96078 -3.67256 
-0.167047 -3.96078 -3.67255 
-0.167049 -3.96082 -3.67257 
-0.167051 -3.96082 -3.67256 
-0.167049 -3.96077 -3.67256 
-0.167048 -3.96078 -3.67255 
-0.167048 -3.96078 -3.67256 
-0.167048 -3.96079 -3.67256 
-0.167048 -3.96077 -3.67256 
-0.167048 -3.96078 -3.67255 
-0.167055 -3.96082 -3.67257 
-0.167057 -3.96082 -3.67256 
-0.167055 -3.96078 -3.67256 
-0.167055 -3.96078 -3.67255 
-0.167055 -3.96078 -3.67256 
-0.167055 -3.96079 -3.67255 
-0.167055 -3.96078 -3.67256 
-0.167054 -3.96079 -3.67255 
-0.167054 -3.96082 -3.67257 
-0.167057 -3.96082 -3.67256 
-0.167054 -3.96077 -3.67256 
-0.167055 -3.96078 -3.67255 
-0.167054 -3.96078 -3.67256 
-0.167054 -3.96079 -3.67255 
-0.167055 -3.96078 -3.67256 
-0.167056 -3.96079 -3.67255 
-0.167057 -3.96081 -3.67257 
-0.167058 -3.96082 -3.67256 
-0.167056 -3.96077 -3.67256 
-0.167056 -3.96078 -3.67255 
-0.167056 -3.96078 -3.67256 
-0.167057 -3.96079 -3.67255 
-0.167057 -3.96078 -3.67256 
-0.167058 -3.96079 -3.67255 
-0.16706 -3.96082 -3.67257 
-0.16706 -3.96082 -3.67256 
-0.167058 -3.96077 -3.67256 
-0.167057 -3.96078 -3.67255 
-0.167057 -3.96078 -3.67256 
-0.167059 -3.96079 -3.67255 
-0.167058 -3.96078 -3.67256 
-0.167059 -3.96078 -3.67255 
-0.167053 -3.96082 -3.67257 
-0.167053 -3.96082 -3.67256 
-0.167053 -3.96077 -3.67255 
-0.167052 -3.96078 -3.67255 
-0.167052 -3.96078 -3.67256 
-0.167054 -3.96079 -3.67255 
-0.167053 -3.96078 -3.67256 
-0.167054 -3.96078 -3.67255 
0.00671046 -1.09153 -1.9823 
0.0067103 -1.09153 -1.98229 
0.00671057 -1.09152 -1.98231 
0.0067108 -1.09153 -1.98229 
0.00671068 -1.09152 -1.98231 
0.00670904 -1.09153 -1.98229 
0.00670877 -1.09152 -1.9823 
0.00671089 -1.09152 -1.98229 
0.00670777 -1.09153 -1.9823 
0.00670719 -1.09154 -1.98229 
0.00670937 -1.09152 -1.9823 
0.00670909 -1.09153 -1.98229 
0.00670912 -1.09152 -1.98231 
0.00670917 -1.09153 -1.98229 
0.00670985 -1.09152 -1.9823 
0.00670807 -1.09152 -1.98229 
0.00671708 -1.09153 -1.98231 
0.00671505 -1.09154 -1.98229 
0.00671457 -1.09152 -1.98231 
0.00671564 -1.09153 -1.98229 
0.00671413 -1.09152 -1.98231 
0.00671562 -1.09153 -1.98229 
0.00671599 -1.09152 -1.9823 
0.00671561 -1.09153 -1.98229 
0.00671393 -1.09153 -1.9823 
0.00671529 -1.09153 -1.98229 
0.00671474 -1.09152 -1.9823 
0.00671478 -1.09153 -1.98229 
0.00671573 -1.09152 -1.9823 
0.0067148 -1.09153 -1.98229 
0.00671514 -1.09152 -1.9823 
0.00671499 -1.09153 -1.98228 
0.00671205 -1.09153 -1.9823 
0.00671226 -1.09153 -1.98229 
0.00671188 -1.09152 -1.9823 
0.00671093 -1.09153 -1.98228 
0.00671183 -1.09152 -1.9823 
0.00671092 -1.09152 -1.98229 
0.00671089 -1.09152 -1.9823 
0.00671245 -1.09153 -1.98228 
0.00670659 -1.09153 -1.9823 
0.00670762 -1.09153 -1.98228 
0.00670839 -1.09152 -1.9823 
0.00670756 -1.09153 -1.98228 
0.00670723 -1.09152 -1.9823 
0.00670632 -1.09152 -1.98228 
0.00670759 -1.09152 -1.9823 
0.00670769 -1.09152 -1.98228 
0.00670818 -1.09153 -1.9823 
0.00670643 -1.09153 -1.98228 
0.00670673 -1.09152 -1.9823 
0.00670627 -1.09153 -1.98228 
0.00670632 -1.09152 -1.9823 
0.00670695 -1.09152 -1.98228 
0.00670717 -1.09152 -1.9823 
0.00670786 -1.09152 -1.98228 
0.00671314 -1.09153 -1.9823 
0.00671406 -1.09153 -1.98229 
0.00671444 -1.09152 -1.9823 
0.00671431 -1.09152 -1.98229 
0.00671459 -1.09152 -1.9823 
0.00671448 -1.09152 -1.98229 
0.0067146 -1.09152 -1.9823 
0.0067146 -1.09152 -1.98229 
0.00416388 1.01522 -1.85491 
0.00416483 1.01522 -1.8549 
0.00416479 1.01522 -1.85491 
0.00416385 1.01523 -1.8549 
0.0041648 1.01522 -1.85491 
0.00416431 1.01522 -1.8549 
0.00416375 1.01522 -1.85491 
0.004164 1.01522 -1.8549 
0.00416626 1.01522 -1.85491 
0.00416594 1.01522 -1.8549 
0.00416785 1.01522 -1.85491 
0.00416537 1.01523 -1.8549 
0.00416644 1.01522 -1.85491 
0.00416591 1.01523 -1.85489 
0.0041666 1.01522 -1.85491 
0.00416588 1.01523 -1.8549 
0.00417156 1.01522 -1.85491 
0.00417118 1.01522 -1.8549 
0.00417234 1.01522 -1.85491 
0.00417193 1.01523 -1.8549 
0.00417243 1.01522 -1.85491 
0.00417222 1.01523 -1.8549 
0.00417093 1.01522 -1.85491 
0.00417323 1.01522 -1.8549 
0.00417014 1.01522 -1.85491 
0.00416869 1.01522 -1.8549 
0.00416967 1.01522 -1.85491 
0.00417116 1.01523 -1.8549 
0.00417008 1.01522 -1.85491 
0.00416965 1.01523 -1.8549 
0.00416925 1.01522 -1.85491 
0.00416921 1.01522 -1.8549 
0.00416556 1.01522 -1.85491 
0.00416575 1.01522 -1.8549 
0.00416602 1.01522 -1.85491 
0.00416595 1.01523 -1.85489 
0.00416626 1.01522 -1.8549 
0.00416479 1.01523 -1.85489 
0.00416658 1.01522 -1.85491 
0.00416732 1.01522 -1.8549 
0.00416199 1.01522 -1.85491 
0.00416147 1.01522 -1.85489 
0.00416143 1.01522 -1.85491 
0.00416294 1.01523 -1.85489 
0.00416196 1.01522 -1.85491 
0.00416275 1.01523 -1.85489 
0.00416089 1.01522 -1.85491 
0.00416155 1.01522 -1.8549 
0.00416909 1.01521 -1.85491 
0.00416896 1.01522 -1.8549 
0.00416927 1.01522 -1.85491 
0.0041683 1.01523 -1.8549 
0.00416895 1.01522 -1.85491 
0.00416886 1.01522 -1.8549 
0.00416889 1.01521 -1.85491 
0.00416844 1.01522 -1.8549 
0.00417434 1.01521 -1.85492 
0.00417485 1.01522 -1.8549 
0.00417532 1.01522 -1.85491 
0.00417428 1.01523 -1.8549 
0.00417545 1.01522 -1.85491 
0.00417437 1.01522 -1.8549 
0.00417427 1.01522 -1.85492 
0.00417409 1.01522 -1.8549 
-0.00174339 -0.0586188 -1.4374 
-0.0017415 -0.0586197 -1.43742 
-0.00174182 -0.0585774 -1.4374 
-0.00174109 -0.0585782 -1.43741 
-0.00174305 -0.0585734 -1.4374 
-0.00174357 -0.0585752 -1.43741 
-0.00174116 -0.0585753 -1.4374 
-0.00174099 -0.0585771 -1.43741 
-0.00174134 -0.0586225 -1.43741 
-0.00173942 -0.0586236 -1.43742 
-0.00174177 -0.0585785 -1.43741 
-0.00174142 -0.058582 -1.43742 
-0.00174293 -0.0585778 -1.4374 
-0.00174252 -0.0585766 -1.43741 
-0.00174189 -0.0585803 -1.4374 
-0.00174011 -0.0585789 -1.43741 
-0.00173901 -0.0586211 -1.4374 
-0.0017383 -0.0586209 -1.43741 
-0.00174101 -0.0585786 -1.4374 
-0.00174107 -0.05858 -1.43741 
-0.00174017 -0.058576 -1.4374 
-0.00173937 -0.0585762 -1.43741 
-0.00174097 -0.0585769 -1.4374 
-0.00174145 -0.0585758 -1.43741 
-0.00174178 -0.0586209 -1.4374 
-0.0017423 -0.0586212 -1.43741 
-0.00174358 -0.0585786 -1.4374 
-0.00174368 -0.0585799 -1.43741 
-0.00174252 -0.0585756 -1.43739 
-0.00174191 -0.0585766 -1.4374 
-0.00174362 -0.0585768 -1.43739 
-0.00174247 -0.0585765 -1.43741 
-0.00174136 -0.0586203 -1.4374 
-0.00174144 -0.0586208 -1.43741 
-0.00174396 -0.0585785 -1.4374 
-0.00174316 -0.0585791 -1.43741 
-0.00174163 -0.0585751 -1.4374 
-0.00174293 -0.0585768 -1.43741 
-0.00174385 -0.0585768 -1.4374 
-0.00174175 -0.0585764 -1.43741 
-0.00174627 -0.05862 -1.4374 
-0.00174538 -0.0586208 -1.43742 
-0.00174539 -0.0585804 -1.4374 
-0.0017445 -0.0585804 -1.43741 
-0.00174545 -0.0585768 -1.4374 
-0.00174659 -0.058577 -1.43741 
-0.00174521 -0.0585783 -1.4374 
-0.00174497 -0.058578 -1.43741 
-0.00175188 -0.0586201 -1.4374 
-0.00175162 -0.0586209 -1.43742 
-0.00175071 -0.0585799 -1.4374 
-0.00175109 -0.0585811 -1.43741 
-0.00175347 -0.0585759 -1.4374 
-0.00175161 -0.0585747 -1.43741 
-0.00175106 -0.0585782 -1.4374 
-0.00175044 -0.0585771 -1.43741 
-0.00175096 -0.0586184 -1.4374 
-0.00175016 -0.0586197 -1.43742 
-0.00175065 -0.0585782 -1.4374 
-0.00174799 -0.05858 -1.43741 
-0.00174949 -0.0585752 -1.4374 
-0.00175011 -0.0585738 -1.43741 
-0.00174907 -0.058577 -1.4374 
-0.00175007 -0.0585771 -1.43741 
-0.00395475 -0.0963395 -1.47934 
-0.00395437 -0.0963402 -1.47935 
-0.00395281 -0.0963477 -1.47934 
-0.00395203 -0.0963464 -1.47935 
-0.00395317 -0.0963518 -1.47933 
-0.00395297 -0.0963527 -1.47934 
-0.00395263 -0.0963429 -1.47933 
-0.00395269 -0.0963414 -1.47934 
-0.00395883 -0.0963401 -1.47933 
-0.00396086 -0.0963398 -1.47935 
-0.0039609 -0.0963475 -1.47933 
-0.00395976 -0.0963454 -1.47935 
-0.0039584 -0.0963544 -1.47933 
-0.00396012 -0.0963515 -1.47934 
-0.00395983 -0.0963415 -1.47933 
-0.00395936 -0.096343 -1.47934 
-0.00395858 -0.0963401 -1.47933 
-0.00395891 -0.0963403 -1.47934 
-0.00395841 -0.0963477 -1.47933 
-0.00395865 -0.0963455 -1.47934 
-0.00395985 -0.0963551 -1.47932 
-0.00395979 -0.0963525 -1.47934 
-0.00396015 -0.0963422 -1.47932 
-0.00396004 -0.0963437 -1.47933 
-0.00396256 -0.0963398 -1.47933 
-0.00396297 -0.0963397 -1.47934 
-0.00396257 -0.0963468 -1.47933 
-0.00396268 -0.0963448 -1.47934 
-0.00396118 -0.0963541 -1.47933 
-0.00396124 -0.0963518 -1.47934 
-0.00396143 -0.0963414 -1.47932 
-0.00396026 -0.0963424 -1.47933 
-0.00395241 -0.096341 -1.47933 
-0.00395139 -0.0963374 -1.47935 
-0.00394986 -0.0963481 -1.47933 
-0.00395082 -0.0963467 -1.47935 
-0.00395231 -0.0963518 -1.47933 
-0.00395196 -0.0963517 -1.47934 
-0.00395024 -0.096341 -1.47933 
-0.00395218 -0.0963422 -1.47934 
-0.00397341 -0.0963408 -1.47934 
-0.00397264 -0.0963381 -1.47935 
-0.00397501 -0.0963481 -1.47934 
-0.00397416 -0.0963456 -1.47935 
-0.00397608 -0.0963516 -1.47933 
-0.0039752 -0.096351 -1.47934 
-0.00397561 -0.0963418 -1.47933 
-0.00397524 -0.0963411 -1.47934 
-0.00396504 -0.0963417 -1.47933 
-0.00396551 -0.096342 -1.47935 
-0.00396609 -0.0963485 -1.47934 
-0.00396607 -0.0963462 -1.47935 
-0.00396618 -0.0963553 -1.47933 
-0.00396504 -0.0963519 -1.47934 
-0.0039661 -0.0963433 -1.47933 
-0.00396568 -0.0963456 -1.47934 
-0.00397073 -0.0963399 -1.47934 
-0.00397017 -0.0963417 -1.47935 
-0.00397213 -0.0963467 -1.47934 
-0.00397135 -0.0963466 -1.47935 
-0.00397218 -0.0963541 -1.47933 
-0.00397133 -0.0963523 -1.47934 
-0.0039707 -0.096344 -1.47933 
-0.00397195 -0.096346 -1.47934 
-0.0131172 1.4119 -1.3975 
-1.11826e-06 5.42346e-07 3.41959e-06 
-0.013117 1.4119 -1.3975 
7.44358e-07 -4.63419e-07 2.29564e-06 
-0.0131169 1.41189 -1.3975 
-6.23787e-07 5.23772e-07 2.75024e-06 
-0.0131168 1.41189 -1.3975 
4.96257e-07 9.16476e-07 1.30074e-06 
-0.0131167 1.41189 -1.3975 
-8.15054e-07 6.62705e-07 1.7251e-06 
-0.0131168 1.41189 -1.3975 
-6.45037e-07 -7.71208e-07 1.92671e-06 
-0.013117 1.4119 -1.3975 
3.24761e-07 -1.29761e-06 2.66568e-06 
-0.0131169 1.4119 -1.3975 
-2.43619e-07 -3.0875e-07 3.32167e-06 
-0.0131232 1.4119 -1.39749 
3.44973e-08 6.14222e-07 1.96723e-06 
-0.0131234 1.4119 -1.3975 
-1.05018e-06 -2.46302e-07 1.67267e-06 
-0.0131227 1.4119 -1.39749 
-6.03205e-07 9.95044e-07 2.43891e-06 
-0.0131229 1.4119 -1.39749 
-2.53229e-07 -1.9188e-06 2.94101e-06 
-0.0131232 1.4119 -1.39749 
4.9746e-07 -3.01683e-07 1.37394e-06 
-0.0131231 1.4119 -1.3975 
1.20272e-07 5.36654e-07 1.97451e-06 
-0.013123 1.4119 -1.39749 
1.26062e-06 -3.55462e-07 1.93591e-06 
-0.0131229 1.4119 -1.39749 
7.47227e-07 -7.29433e-07 2.31393e-06 
-0.0131263 1.4119 -1.39749 
4.76902e-07 -1.34112e-07 1.71828e-06 
-0.0131261 1.4119 -1.3975 
1.57136e-07 1.9344e-08 1.79801e-06 
-0.0131267 1.4119 -1.39749 
4.3647e-07 -4.9156e-07 3.00194e-06 
-0.0131261 1.41189 -1.39749 
1.07818e-08 -3.0973e-07 2.37943e-06 
-0.0131262 1.4119 -1.39749 
-3.43859e-07 -1.33485e-07 1.80364e-06 
-0.0131264 1.4119 -1.3975 
-1.89016e-06 2.05677e-07 1.29712e-06 
-0.0131265 1.4119 -1.39749 
-7.41499e-07 5.87802e-07 2.09428e-06 
-0.0131266 1.4119 -1.39749 
1.35484e-06 -1.2833e-07 1.68061e-06 
-0.0131252 1.4119 -1.3975 
-4.72694e-07 -7.21306e-07 2.3111e-06 
-0.0131248 1.4119 -1.3975 
-9.82025e-07 1.29399e-06 3.30182e-06 
-0.0131253 1.4119 -1.39749 
-1.50021e-07 -4.34356e-07 2.16077e-06 
-0.0131247 1.4119 -1.3975 
2.21865e-07 3.69916e-07 2.29239e-06 
-0.013125 1.41189 -1.3975 
-6.05136e-08 -1.52011e-07 2.06957e-06 
-0.013125 1.41189 -1.3975 
-5.09984e-07 8.0008e-07 2.29954e-06 
-0.0131258 1.4119 -1.39749 
6.6646e-07 -1.65128e-06 1.99241e-06 
-0.0131252 1.4119 -1.3975 
5.58367e-07 1.68951e-07 2.30779e-06 
-0.0131237 1.4119 -1.3975 
-8.5212e-07 -4.35137e-07 2.33405e-06 
-0.0131236 1.4119 -1.3975 
-1.19626e-07 3.98722e-07 3.12361e-06 
-0.0131234 1.4119 -1.3975 
-2.621e-07 -1.14036e-07 2.29398e-06 
-0.0131232 1.4119 -1.3975 
1.47525e-07 7.72264e-07 2.50771e-06 
-0.0131232 1.4119 -1.3975 
-5.91955e-07 -3.05175e-07 1.68569e-06 
-0.0131235 1.41189 -1.3975 
-7.58564e-07 7.53709e-07 1.36323e-06 
-0.0131234 1.4119 -1.3975 
5.30967e-07 8.6904e-07 2.39304e-06 
-0.0131237 1.4119 -1.3975 
3.12178e-07 -1.81304e-08 2.16027e-06 
-0.0131167 1.4119 -1.3975 
-1.00882e-06 8.43145e-07 3.36006e-06 
-0.0131166 1.4119 -1.3975 
-1.80462e-07 -4.51346e-07 2.24591e-06 
-0.0131166 1.4119 -1.3975 
-2.61628e-07 8.73701e-07 3.29093e-06 
-0.0131161 1.41189 -1.3975 
5.22087e-07 -5.29813e-07 1.88479e-06 
-0.0131167 1.4119 -1.3975 
-1.68329e-07 6.20989e-07 2.13101e-06 
-0.0131166 1.4119 -1.3975 
-1.16204e-06 -2.28718e-07 2.84491e-06 
-0.0131166 1.4119 -1.3975 
-4.16561e-07 -9.15416e-07 2.5044e-06 
-0.0131169 1.4119 -1.3975 
-8.61467e-07 7.32116e-07 1.80272e-06 
-0.0131297 1.4119 -1.3975 
-2.58373e-07 -7.54732e-07 1.3875e-06 
-0.0131293 1.4119 -1.3975 
-5.67124e-08 6.08832e-07 3.09008e-06 
-0.0131291 1.41189 -1.3975 
-1.07563e-06 -1.0543e-07 2.30604e-06 
-0.0131295 1.41189 -1.3975 
-4.43894e-08 3.98733e-07 2.69259e-06 
-0.0131297 1.41189 -1.3975 
-2.83574e-07 1.26154e-07 3.2616e-06 
-0.013129 1.41189 -1.3975 
-1.70357e-06 -2.01738e-07 3.22613e-06 
-0.0131295 1.4119 -1.3975 
-3.78948e-07 -1.08466e-06 4.10391e-06 
-0.0131296 1.4119 -1.3975 
3.60114e-07 -4.63332e-07 2.05333e-06 
-0.0131322 1.41189 -1.3975 
-1.78853e-07 3.30242e-07 2.60767e-06 
-0.013132 1.4119 -1.3975 
-6.62329e-07 4.34316e-07 2.77305e-06 
-0.013132 1.41189 -1.3975 
1.17149e-06 -6.87233e-07 2.9277e-06 
-0.0131315 1.41189 -1.3975 
2.04066e-07 -1.69787e-07 1.64608e-06 
-0.013132 1.41189 -1.3975 
6.15089e-07 6.30976e-07 2.97358e-06 
-0.0131324 1.41189 -1.3975 
-1.03053e-06 -5.05211e-08 2.35555e-06 
-0.0131323 1.4119 -1.3975 
-3.6604e-08 -5.85608e-07 2.99793e-06 
-0.0131323 1.4119 -1.3975 
3.66474e-07 1.35786e-07 1.97588e-06 
0.0186642 -0.898613 -3.08048 
1.19538e-07 -4.6693e-06 1.33415e-07 
0.0186646 -0.898613 -3.08048 
-7.08358e-09 -1.40963e-06 -4.21277e-07 
0.0186644 -0.89862 -3.08048 
1.2015e-07 -1.28997e-06 -5.24463e-07 
0.0186647 -0.89862 -3.08048 
6.78769e-07 -3.14432e-06 -4.9662e-08 
0.0186644 -0.898618 -3.08048 
-5.24185e-07 -1.56785e-06 1.10492e-06 
0.0186643 -0.898617 -3.08047 
1.53203e-06 -2.103e-06 -9.46829e-08 
0.0186647 -0.898618 -3.08047 
-7.66439e-07 -2.12216e-06 2.81382e-07 
0.0186643 -0.898617 -3.08047 
-2.51713e-07 -1.78276e-06 -5.19977e-07 
0.0186651 -0.898615 -3.08048 
1.07237e-07 -2.04618e-06 7.47618e-08 
0.0186655 -0.898614 -3.08047 
5.80041e-07 -2.6697e-06 1.002e-06 
0.0186655 -0.898621 -3.08048 
-9.91606e-08 -1.82048e-06 -1.05709e-06 
0.0186657 -0.898621 -3.08047 
1.94019e-07 -2.14301e-06 4.44037e-07 
0.0186657 -0.898619 -3.08047 
2.21877e-07 -1.47885e-06 -6.41813e-07 
0.0186655 -0.898618 -3.08047 
-4.69858e-07 -2.52045e-06 -8.92367e-07 
0.0186659 -0.89862 -3.08047 
-1.27731e-07 -2.3274e-06 1.80458e-06 
0.0186653 -0.898619 -3.08047 
-5.84908e-07 -2.15286e-06 -4.06465e-07 
0.0186539 -0.898616 -3.08047 
9.58376e-09 -2.30853e-06 6.19645e-07 
0.0186539 -0.898616 -3.08047 
5.8216e-07 -1.75206e-06 -1.26774e-07 
0.018654 -0.898621 -3.08047 
-2.16745e-07 -2.19057e-06 1.79415e-06 
0.0186534 -0.898622 -3.08047 
8.56679e-07 -1.95845e-06 -1.00038e-06 
0.018654 -0.898619 -3.08047 
2.00967e-07 -4.21662e-06 8.93595e-07 
0.0186537 -0.89862 -3.08047 
1.04961e-06 -7.32361e-07 -3.30447e-07 
0.0186538 -0.89862 -3.08047 
-5.243e-07 -3.49947e-06 -1.08184e-06 
0.0186543 -0.898621 -3.08046 
-3.84886e-07 -3.09106e-06 -2.71626e-07 
0.0186588 -0.898615 -3.08048 
1.1174e-06 -2.7908e-06 -2.38368e-07 
0.0186596 -0.898614 -3.08047 
-1.02243e-06 -3.89889e-06 1.11007e-06 
0.0186582 -0.898621 -3.08048 
-4.92064e-07 3.34566e-09 3.10727e-07 
0.0186588 -0.898621 -3.08047 
8.88998e-07 -1.97553e-06 -5.56466e-07 
0.0186584 -0.898619 -3.08047 
-3.15078e-07 -4.95112e-07 -4.99426e-07 
0.0186595 -0.898619 -3.08047 
-1.114e-07 -2.09773e-06 1.13787e-06 
0.0186589 -0.89862 -3.08047 
-1.95096e-07 -2.90363e-06 2.03932e-07 
0.0186589 -0.89862 -3.08047 
-2.30138e-07 -4.72992e-07 2.70475e-07 
0.0186608 -0.898615 -3.08048 
-9.91543e-08 -2.87994e-06 3.58174e-08 
0.0186615 -0.898614 -3.08047 
6.06407e-08 -4.47549e-06 5.71854e-07 
0.0186602 -0.898621 -3.08048 
-7.1511e-08 -9.17153e-07 -6.30245e-07 
0.0186608 -0.898621 -3.08047 
-6.07364e-07 -1.81133e-06 1.58163e-06 
0.0186606 -0.898619 -3.08047 
2.56401e-07 -1.15359e-06 -5.52926e-07 
0.0186613 -0.898619 -3.08047 
3.66087e-07 -2.10728e-06 5.1553e-08 
0.0186608 -0.89862 -3.08047 
-1.68477e-06 -4.08924e-06 1.46727e-06 
0.0186609 -0.89862 -3.08047 
-3.04888e-07 -1.64737e-06 -8.11194e-08 
0.0186621 -0.898615 -3.08048 
3.97581e-07 -3.22873e-06 6.47785e-07 
0.0186631 -0.898615 -3.08047 
1.54173e-07 -3.64076e-06 -1.22929e-07 
0.0186621 -0.898621 -3.08048 
-1.59582e-07 -1.8179e-06 -1.49626e-07 
0.0186629 -0.898622 -3.08047 
2.87635e-07 -2.23671e-06 -7.55251e-07 
0.0186624 -0.898619 -3.08048 
-3.90062e-07 -1.70148e-06 -1.41791e-07 
0.0186632 -0.898619 -3.08047 
6.80703e-07 -1.71982e-06 -4.13987e-07 
0.0186633 -0.898621 -3.08047 
7.0167e-07 -2.36009e-06 1.23442e-06 
0.0186628 -0.898621 -3.08047 
-6.34344e-07 -1.88644e-06 1.0485e-06 
0.018662 -0.898615 -3.08048 
-5.2472e-07 -2.89884e-06 4.97313e-07 
0.018662 -0.898615 -3.08047 
1.90219e-07 -3.53541e-06 3.10435e-07 
0.0186619 -0.898621 -3.08048 
1.61639e-08 -2.41265e-06 -1.0372e-07 
0.018662 -0.898621 -3.08047 
3.88235e-07 -1.86659e-06 -6.08589e-08 
0.0186619 -0.898619 -3.08048 
2.29744e-07 -2.30996e-06 8.49826e-07 
0.0186624 -0.898619 -3.08047 
5.03028e-07 -1.22039e-06 -4.06933e-08 
0.0186624 -0.89862 -3.08047 
-1.9368e-07 -2.0843e-06 1.58887e-06 
0.0186621 -0.89862 -3.08047 
9.86553e-07 -2.50344e-06 2.68937e-07 
0.018654 -0.898615 -3.08048 
1.00101e-06 -2.54053e-06 7.45872e-08 
0.0186544 -0.898614 -3.08047 
-9.24829e-07 -2.89309e-06 -4.03745e-08 
0.0186535 -0.898621 -3.08048 
-7.83772e-07 -2.14745e-06 -7.71551e-07 
0.0186538 -0.89862 -3.08047 
-2.91077e-07 -2.0329e-06 -9.36472e-07 
0.0186535 -0.898619 -3.08048 
3.98787e-07 -1.31107e-06 1.94917e-07 
0.0186541 -0.898618 -3.08047 
-4.19982e-07 -2.10434e-06 6.0869e-08 
0.0186537 -0.89862 -3.08047 
-4.66754e-07 -1.12022e-06 2.35969e-07 
0.0186538 -0.898619 -3.08047 
-7.07121e-07 -6.80409e-07 -1.08884e-06 
-0.00364838 -0.0901367 3.25138 
1.54251e-07 -1.7324e-06 3.05938e-06 
-0.00364868 -0.090141 3.25138 
-4.82581e-07 -2.46289e-07 3.59459e-06 
-0.00364851 -0.0901385 3.25138 
-5.50085e-07 -1.60024e-06 3.18398e-06 
-0.00364832 -0.0901434 3.25139 
-1.37896e-07 -2.99619e-06 3.45796e-06 
-0.00364777 -0.0901243 3.25138 
1.13719e-06 -7.65432e-07 2.96907e-06 
-0.00364799 -0.0901288 3.25138 
-3.33225e-07 -2.9416e-06 2.03415e-06 
-0.00364755 -0.0901199 3.25138 
-5.93601e-07 -1.73979e-06 4.07702e-06 
-0.00364829 -0.0901222 3.25138 
-1.66116e-06 -2.45878e-06 2.76825e-06 
-0.00364871 -0.0901351 3.25138 
2.29781e-08 -2.07008e-06 3.22941e-06 
-0.00364806 -0.0901396 3.25139 
-8.23839e-08 -1.64037e-06 1.7057e-06 
-0.00364831 -0.0901386 3.25139 
1.43055e-06 -1.43936e-06 2.38573e-06 
-0.00364848 -0.0901427 3.25139 
-1.90233e-06 -3.21823e-06 4.13174e-06 
-0.00364898 -0.0901238 3.25138 
-4.53246e-07 -7.19473e-07 3.04531e-06 
-0.00364789 -0.0901281 3.25139 
2.59535e-07 -1.89388e-06 2.21585e-06 
-0.00364855 -0.0901181 3.25138 
7.13714e-09 -2.06527e-06 3.98529e-06 
-0.0036483 -0.0901228 3.25138 
-5.75106e-07 -9.14992e-07 2.77281e-06 
-0.00364931 -0.090136 3.25138 
-2.09514e-07 -1.54649e-06 2.95686e-06 
-0.00364898 -0.0901396 3.25139 
-6.19376e-07 -2.42014e-06 2.80186e-06 
-0.00364899 -0.0901386 3.25139 
6.04295e-07 -1.80564e-06 4.28305e-06 
-0.00364887 -0.0901429 3.25139 
-9.70011e-07 -9.74747e-07 1.59212e-06 
-0.00364913 -0.0901238 3.25138 
-4.67061e-07 -6.10178e-07 2.87909e-06 
-0.00364896 -0.0901281 3.25139 
-3.37368e-07 -2.0462e-06 3.44977e-06 
-0.00364929 -0.0901191 3.25138 
-6.71883e-07 -1.60952e-06 3.29308e-06 
-0.00364917 -0.0901215 3.25138 
-4.6053e-07 -6.45432e-07 3.46661e-06 
-0.0036462 -0.090137 3.25138 
2.6033e-07 -2.3927e-06 3.62925e-06 
-0.00364632 -0.090141 3.25138 
-6.6465e-07 -2.61736e-06 2.93404e-06 
-0.00364596 -0.0901394 3.25138 
-6.22247e-07 -2.98277e-06 1.76024e-06 
-0.00364564 -0.0901435 3.25138 
-1.71468e-07 -1.44475e-06 2.28192e-06 
-0.003646 -0.0901247 3.25138 
-1.32367e-07 -1.27946e-06 3.21226e-06 
-0.00364569 -0.090129 3.25138 
6.8298e-09 -2.57495e-06 2.59533e-06 
-0.00364554 -0.0901198 3.25138 
-4.58872e-07 -3.28119e-06 4.23431e-06 
-0.00364643 -0.0901229 3.25138 
2.6456e-07 2.12984e-07 2.64736e-06 
-0.00364682 -0.0901362 3.25138 
7.93587e-08 -2.20537e-06 4.2385e-06 
-0.00364576 -0.0901403 3.25139 
5.90696e-07 -4.55957e-07 3.6871e-06 
-0.00364595 -0.0901381 3.25139 
7.91835e-07 -8.44727e-07 3.05953e-06 
-0.0036461 -0.0901431 3.25139 
1.30569e-07 -1.34275e-06 1.95598e-06 
-0.00364637 -0.0901238 3.25138 
-1.06005e-06 -4.37667e-07 2.50566e-06 
-0.00364576 -0.090128 3.25139 
3.74988e-07 -2.75545e-06 2.2279e-06 
-0.00364597 -0.0901191 3.25138 
-9.78802e-08 -1.19962e-06 4.68424e-06 
-0.0036467 -0.0901222 3.25138 
-6.62645e-07 -5.48416e-07 3.36147e-06 
-0.00364559 -0.0901348 3.25139 
-3.11993e-07 -5.49663e-07 4.09069e-06 
-0.00364578 -0.0901376 3.25139 
-1.51935e-06 -9.19727e-07 3.31993e-06 
-0.00364535 -0.0901363 3.25139 
-5.35671e-07 -1.3968e-06 3.41744e-06 
-0.0036448 -0.0901408 3.25139 
-3.53534e-07 -6.08269e-07 4.18531e-06 
-0.00364577 -0.0901213 3.25139 
4.36794e-07 -8.64934e-07 1.73671e-06 
-0.0036452 -0.0901258 3.25139 
4.05381e-07 -2.14369e-06 3.57483e-06 
-0.00364631 -0.0901173 3.25139 
-6.42843e-07 -1.83834e-06 2.38873e-06 
-0.00364509 -0.0901206 3.25139 
2.71221e-07 -7.55495e-07 3.02633e-06 
-0.00364412 -0.090136 3.25139 
-1.60255e-07 -3.20268e-06 2.63698e-06 
-0.003644 -0.0901404 3.25139 
-1.19e-07 -7.88049e-07 3.88938e-06 
-0.00364374 -0.0901383 3.25139 
-5.76606e-07 -1.86327e-06 3.58868e-06 
-0.0036438 -0.0901427 3.25139 
-9.12245e-07 -3.2372e-06 3.53856e-06 
-0.00364303 -0.0901231 3.25139 
2.60895e-07 -3.77871e-07 3.39879e-06 
-0.00364364 -0.0901274 3.25139 
-6.32988e-07 -1.62033e-06 3.01244e-06 
-0.00364321 -0.0901179 3.25138 
-4.86918e-07 -1.17075e-06 4.13089e-06 
-0.00364289 -0.0901227 3.25139 
6.58976e-07 -1.44813e-06 2.47593e-06 
-0.00364451 -0.0901358 3.25139 
-2.6906e-07 -2.97586e-06 2.16868e-06 
-0.00364456 -0.0901405 3.25139 
4.6805e-08 -9.04307e-07 3.59606e-06 
-0.0036442 -0.0901396 3.25139 
-6.20103e-07 -1.38432e-06 3.24501e-06 
-0.00364431 -0.0901428 3.25139 
-1.13212e-06 -2.93891e-06 3.93699e-06 
-0.00364363 -0.0901237 3.25139 
1.23271e-06 -1.51767e-06 2.2245e-06 
-0.00364359 -0.0901278 3.25139 
-3.14123e-07 -1.4055e-06 2.79418e-06 
-0.00364352 -0.0901175 3.25138 
-8.66362e-08 -1.6149e-06 3.22273e-06 
-0.00364374 -0.0901228 3.25139 
5.43195e-07 -1.20376e-06 3.20019e-06 
0.0018986 -0.0524338 3.1604 
1.12746e-06 -6.21403e-07 3.69878e-06 
0.00189822 -0.0524292 3.1604 
8.53295e-07 3.96945e-07 1.87419e-06 
0.00189845 -0.0524412 3.1604 
9.22851e-07 -1.4681e-06 2.5609e-06 
0.00189798 -0.0524371 3.1604 
6.66408e-08 -4.72757e-07 4.05185e-06 
0.00189794 -0.0524466 3.1604 
-3.42691e-07 -5.39065e-07 2.21772e-06 
0.00189866 -0.0524432 3.1604 
5.07986e-07 -1.53696e-06 3.22025e-06 
0.001898 -0.0524523 3.1604 
-6.1347e-07 -1.79351e-06 4.14579e-06 
0.00189807 -0.0524472 3.1604 
7.13196e-07 7.76754e-07 2.42901e-06 
0.00188326 -0.0524323 3.1604 
7.47624e-07 -1.45964e-06 3.25308e-06 
0.00188293 -0.0524299 3.1604 
1.23168e-07 2.83147e-07 2.33295e-06 
0.00188256 -0.0524413 3.1604 
9.88927e-07 1.33651e-06 3.03071e-06 
0.00188249 -0.0524374 3.1604 
-7.31291e-07 -1.49569e-06 3.14388e-06 
0.00188263 -0.0524474 3.1604 
1.68765e-07 2.21072e-07 3.95468e-06 
0.00188321 -0.0524421 3.1604 
2.81832e-08 -2.10085e-07 3.28418e-06 
0.00188246 -0.0524503 3.1604 
9.4922e-07 -2.92296e-07 3.09285e-06 
0.0018829 -0.0524484 3.1604 
-6.99501e-07 2.42714e-07 2.86785e-06 
0.00188643 -0.0524334 3.16039 
2.12405e-07 -1.40039e-06 3.82177e-06 
0.0018865 -0.0524308 3.16039 
6.16367e-07 -6.78684e-07 3.63997e-06 
0.00188602 -0.0524424 3.1604 
4.66535e-08 -4.0582e-09 3.4323e-06 
0.00188567 -0.052439 3.1604 
-2.04527e-07 -1.29762e-06 4.12496e-06 
0.00188593 -0.052449 3.1604 
-4.37289e-07 -4.41579e-07 3.36998e-06 
0.00188617 -0.0524433 3.1604 
9.10473e-07 -9.88489e-07 3.69452e-06 
0.00188616 -0.0524519 3.1604 
4.38431e-07 -1.91059e-06 2.88434e-06 
0.0018856 -0.0524494 3.1604 
-8.13241e-07 2.48241e-07 2.83423e-06 
0.00188974 -0.0524327 3.1604 
1.02172e-06 -2.20947e-06 3.27989e-06 
0.00188956 -0.0524291 3.1604 
4.30982e-07 -2.46267e-08 2.81388e-06 
0.0018894 -0.0524413 3.1604 
-1.20153e-07 -5.66857e-07 3.35137e-06 
0.00188979 -0.0524375 3.1604 
8.53689e-07 -1.5854e-06 2.2326e-06 
0.0018892 -0.0524476 3.1604 
-1.92001e-07 -6.40804e-07 3.25124e-06 
0.00188885 -0.0524432 3.1604 
-3.89281e-07 -1.3977e-06 3.4699e-06 
0.00188911 -0.0524511 3.1604 
1.09667e-06 -1.95635e-06 3.91545e-06 
0.00188884 -0.052448 3.1604 
-1.95437e-07 7.84992e-08 3.13425e-06 
0.00188979 -0.0524339 3.1604 
5.93061e-07 -1.48434e-06 2.35743e-06 
0.00188916 -0.0524285 3.1604 
2.10096e-07 -1.67971e-06 5.42447e-06 
0.00188891 -0.0524404 3.1604 
-1.6636e-07 -4.01163e-07 2.7192e-06 
0.00188919 -0.0524373 3.1604 
-1.10445e-07 -1.31764e-06 3.78127e-06 
0.00188865 -0.052447 3.1604 
-5.91917e-07 -2.96406e-06 4.10677e-06 
0.00188927 -0.0524434 3.1604 
9.07106e-07 -5.79106e-07 1.43388e-06 
0.00188944 -0.0524509 3.1604 
-3.30583e-07 -2.19895e-06 4.19095e-06 
0.00188832 -0.0524488 3.1604 
-3.14775e-07 -1.73302e-06 3.18564e-06 
0.00189543 -0.0524328 3.1604 
3.91272e-07 -4.4434e-07 2.48928e-06 
0.00189506 -0.052429 3.1604 
-4.72045e-07 -1.97754e-06 3.71394e-06 
0.0018957 -0.0524407 3.1604 
-1.43667e-07 -1.34071e-07 4.41914e-06 
0.00189462 -0.0524371 3.1604 
-6.90385e-08 -1.2519e-06 1.98939e-06 
0.00189604 -0.0524464 3.1604 
2.94339e-07 -2.29474e-06 4.9962e-06 
0.00189518 -0.0524435 3.1604 
4.57979e-07 -9.27284e-07 2.09231e-06 
0.00189567 -0.0524518 3.1604 
-7.76834e-07 -1.25175e-06 3.49572e-06 
0.00189559 -0.0524472 3.1604 
-4.42416e-07 -1.8032e-06 2.69875e-06 
0.00189568 -0.0524335 3.1604 
1.29698e-06 -4.63228e-07 2.50983e-06 
0.00189536 -0.0524288 3.1604 
-7.36765e-07 7.619e-07 2.91458e-06 
0.00189612 -0.0524411 3.1604 
1.82762e-07 -8.64404e-07 3.26632e-06 
0.00189529 -0.0524372 3.1604 
-3.80336e-07 5.61605e-08 2.66404e-06 
0.00189631 -0.0524456 3.1604 
5.22235e-08 -2.85924e-07 3.44125e-06 
0.00189582 -0.0524434 3.1604 
7.0304e-07 -1.56495e-06 3.05617e-06 
0.00189517 -0.0524513 3.1604 
-6.83501e-07 -1.89453e-06 3.97842e-06 
0.00189547 -0.0524471 3.1604 
-3.19914e-08 2.73803e-08 2.62476e-06 
0.0018892 -0.0524326 3.1604 
-4.58012e-07 -2.09661e-06 2.31224e-06 
0.00188942 -0.052428 3.1604 
9.28941e-08 2.15911e-07 4.35956e-06 
0.00188864 -0.0524398 3.1604 
-1.41878e-06 3.24925e-07 3.53829e-06 
0.00188876 -0.0524369 3.1604 
-1.28421e-06 -1.24071e-06 3.05289e-06 
0.00188919 -0.0524451 3.1604 
1.3536e-07 2.15448e-07 2.7799e-06 
0.00188882 -0.052442 3.1604 
1.53026e-06 -1.29159e-06 1.99072e-06 
0.00188826 -0.0524499 3.1604 
3.62911e-08 -1.4701e-06 2.22817e-06 
0.00188878 -0.0524471 3.1604 
-2.32953e-07 8.6199e-07 3.01639e-06 
-0.00502178 0.148074 -1.11171 
1.19636e-07 -1.43598e-06 3.93988e-06 
-0.00502071 0.148074 -1.1117 
1.20945e-06 -1.28272e-06 4.70231e-06 
-0.00502168 0.148061 -1.11171 
-4.55991e-07 -1.47317e-06 4.56474e-06 
-0.00502146 0.148061 -1.1117 
5.1846e-08 -6.41421e-07 3.88413e-06 
-0.00502156 0.148059 -1.11171 
1.26348e-06 -2.32704e-06 4.38043e-06 
-0.00502162 0.148059 -1.1117 
5.37903e-07 -9.28857e-07 3.37261e-06 
-0.00502135 0.148062 -1.11171 
2.4453e-07 -1.61487e-06 5.71385e-06 
-0.0050215 0.148063 -1.1117 
4.46453e-07 -1.40833e-06 3.65769e-06 
-0.00502335 0.148076 -1.11171 
2.22298e-06 -9.36174e-07 4.71788e-06 
-0.00502312 0.148076 -1.1117 
-9.24714e-07 -2.01346e-06 3.47904e-06 
-0.00502298 0.148062 -1.11171 
6.86304e-07 -1.34079e-06 3.82382e-06 
-0.0050229 0.148062 -1.1117 
1.10089e-06 -2.89865e-06 3.31841e-06 
-0.00502318 0.148061 -1.11171 
1.32874e-06 -1.66125e-06 3.52171e-06 
-0.00502316 0.148061 -1.11171 
9.0868e-07 -2.76824e-06 3.40766e-06 
-0.0050235 0.148063 -1.11171 
5.64881e-07 -1.388e-06 4.80181e-06 
-0.00502337 0.148062 -1.1117 
7.71196e-08 -1.89069e-06 3.9967e-06 
-0.00502424 0.148075 -1.11172 
7.13422e-07 -2.25415e-06 4.78044e-06 
-0.00502373 0.148075 -1.11171 
3.82861e-07 -1.74629e-06 3.55832e-06 
-0.00502346 0.148062 -1.11172 
-4.74248e-07 -1.42105e-06 2.88772e-06 
-0.00502373 0.148061 -1.11171 
1.0257e-06 -2.17034e-06 4.17091e-06 
-0.0050238 0.148061 -1.11172 
7.40093e-07 -1.22382e-06 3.82433e-06 
-0.00502376 0.14806 -1.11171 
4.77861e-07 -2.98144e-06 4.53054e-06 
-0.00502347 0.148063 -1.11172 
6.68e-07 -2.32655e-06 2.44659e-06 
-0.00502392 0.148062 -1.11171 
7.72695e-07 -3.41064e-06 4.58957e-06 
-0.00502331 0.148075 -1.11172 
-3.62519e-07 -1.48726e-06 4.39985e-06 
-0.00502326 0.148075 -1.11171 
5.25056e-07 -1.65439e-06 4.20693e-06 
-0.0050229 0.148062 -1.11172 
1.4175e-06 -9.10427e-07 3.89603e-06 
-0.00502294 0.148062 -1.11171 
1.09024e-06 -1.78645e-06 4.09313e-06 
-0.00502316 0.148061 -1.11172 
4.52696e-07 -1.85428e-06 3.24258e-06 
-0.00502274 0.14806 -1.11171 
1.45213e-07 -1.83059e-06 3.3933e-06 
-0.00502236 0.148063 -1.11171 
1.13511e-06 -2.13485e-06 2.85662e-06 
-0.00502323 0.148062 -1.11171 
1.23797e-06 -2.62384e-06 4.30136e-06 
-0.00502346 0.148076 -1.11171 
-5.87951e-07 -1.74924e-06 4.73281e-06 
-0.00502329 0.148075 -1.11171 
-3.47036e-07 -9.55567e-07 4.18657e-06 
-0.0050234 0.148062 -1.11172 
2.24509e-06 -2.10873e-07 4.21999e-06 
-0.00502324 0.148062 -1.11171 
4.49168e-07 -2.15233e-06 3.60803e-06 
-0.00502345 0.148061 -1.11172 
-2.12666e-07 -2.06695e-06 2.37947e-06 
-0.00502326 0.14806 -1.11171 
2.07823e-07 -1.29926e-06 4.51775e-06 
-0.00502318 0.148063 -1.11171 
1.25292e-06 -1.55677e-06 3.36789e-06 
-0.00502335 0.148062 -1.11171 
1.54186e-06 -1.90891e-06 5.16583e-06 
-0.00501744 0.148076 -1.11171 
-1.96887e-07 -2.35335e-06 4.16949e-06 
-0.00501744 0.148076 -1.1117 
9.01424e-08 -3.18562e-06 3.81699e-06 
-0.00501747 0.148063 -1.11171 
-2.69488e-08 -1.22597e-06 3.89937e-06 
-0.00501664 0.148062 -1.1117 
-8.80838e-07 -7.5494e-07 5.01615e-06 
-0.00501686 0.148062 -1.11171 
-1.06573e-06 -1.08328e-06 5.21637e-06 
-0.00501719 0.148061 -1.11171 
3.07019e-07 -2.54277e-06 3.89838e-06 
-0.00501682 0.148063 -1.11171 
-5.32327e-07 -1.67836e-06 3.70005e-06 
-0.00501676 0.148063 -1.1117 
-3.76767e-07 -2.3199e-06 5.04986e-06 
-0.00501694 0.148075 -1.11171 
4.54985e-07 -1.52459e-06 4.20606e-06 
-0.00501702 0.148075 -1.11171 
-8.44383e-07 -2.10164e-06 3.73791e-06 
-0.00501712 0.148062 -1.11171 
-9.34573e-07 -2.46891e-06 4.62109e-06 
-0.0050171 0.148061 -1.1117 
-1.48456e-06 -1.32112e-06 4.75329e-06 
-0.00501723 0.148061 -1.11171 
-4.86886e-07 -2.56823e-06 3.32367e-06 
-0.00501679 0.14806 -1.11171 
-9.69434e-07 -3.30107e-06 4.04337e-06 
-0.00501745 0.148063 -1.11171 
-1.21911e-06 -1.10238e-06 4.58778e-06 
-0.00501726 0.148063 -1.1117 
7.69011e-07 -1.08622e-06 5.53356e-06 
-0.00501908 0.148074 -1.11171 
4.24327e-07 -1.55886e-06 3.69065e-06 
-0.00501932 0.148074 -1.1117 
9.72567e-07 -1.07018e-06 2.79083e-06 
-0.00501946 0.14806 -1.11171 
-1.11801e-06 -2.79807e-06 4.71872e-06 
-0.00501938 0.14806 -1.1117 
-1.12862e-06 -1.65877e-06 4.8125e-06 
-0.00501956 0.148058 -1.11171 
-5.92603e-07 -1.49653e-06 4.82013e-06 
-0.00501908 0.148059 -1.11171 
2.63371e-07 -1.63952e-06 4.30589e-06 
-0.00501979 0.148061 -1.11171 
-1.00714e-06 -3.78385e-06 4.98868e-06 
-0.00501986 0.148061 -1.1117 
-6.6913e-07 -9.94734e-07 4.04344e-06 
-0.00615179 0.175935 -1.10279 
4.7509e-07 -1.38684e-06 6.18713e-06 
-0.00615227 0.175934 -1.10277 
1.40323e-06 -2.08555e-06 4.80641e-06 
-0.00615177 0.17593 -1.1028 
-2.90927e-07 -2.27188e-06 4.6567e-06 
-0.0061516 0.17593 -1.10278 
1.69439e-07 -1.68077e-06 3.76245e-06 
-0.00615184 0.17593 -1.1028 
-1.0467e-06 -1.33617e-06 3.97068e-06 
-0.00615197 0.17593 -1.10278 
-7.30193e-07 -1.14793e-06 4.00233e-06 
-0.00615167 0.17593 -1.1028 
-7.02512e-07 -1.80025e-06 4.96666e-06 
-0.00615183 0.175931 -1.10278 
-5.51656e-07 -8.19926e-07 3.86263e-06 
-0.00615158 0.175929 -1.10279 
-5.81005e-07 -1.14234e-06 3.11075e-06 
-0.00615168 0.17593 -1.10277 
1.15454e-06 6.37206e-07 6.53326e-06 
-0.00615188 0.175925 -1.10279 
-7.98403e-07 -9.14668e-07 4.946e-06 
-0.00615181 0.175926 -1.10278 
-2.38618e-07 -1.23048e-06 3.61637e-06 
-0.00615163 0.175925 -1.1028 
-2.08488e-08 -8.22856e-07 4.7086e-06 
-0.0061512 0.175926 -1.10278 
2.74387e-07 -1.15695e-06 4.4363e-06 
-0.00615225 0.175925 -1.1028 
-4.24778e-07 -1.09599e-06 3.31489e-06 
-0.00615138 0.175925 -1.10278 
3.01724e-07 -1.39356e-06 4.90542e-06 
-0.00615078 0.17593 -1.1028 
-6.06285e-07 -1.61956e-06 4.50382e-06 
-0.00615113 0.17593 -1.10278 
-5.91978e-07 -1.24644e-06 3.32167e-06 
-0.00615144 0.175926 -1.1028 
1.01743e-07 -2.09085e-06 3.43491e-06 
-0.00615146 0.175927 -1.10278 
-2.67744e-07 -1.76092e-06 2.93842e-06 
-0.0061507 0.175925 -1.10281 
-5.66844e-07 -1.23299e-06 4.90656e-06 
-0.00615112 0.175926 -1.10279 
-8.27964e-07 -9.65412e-07 5.53981e-06 
-0.0061513 0.175926 -1.10281 
5.01303e-07 -2.60685e-06 4.52616e-06 
-0.0061514 0.175926 -1.10279 
-1.00994e-06 -1.99547e-06 4.91166e-06 
-0.00615159 0.17593 -1.1028 
2.42839e-07 -8.93176e-07 4.50748e-06 
-0.00615125 0.17593 -1.10278 
-7.65175e-07 -1.08377e-06 4.91187e-06 
-0.00615151 0.175926 -1.1028 
-1.30353e-07 -1.2571e-06 2.28949e-06 
-0.00615119 0.175927 -1.10278 
-5.04514e-07 -1.68158e-06 4.82857e-06 
-0.00615089 0.175925 -1.10281 
2.00396e-06 -1.37281e-06 5.71544e-06 
-0.00615072 0.175926 -1.10279 
6.82545e-07 -2.42738e-06 4.5065e-06 
-0.00615157 0.175926 -1.10281 
-4.87521e-07 -1.88573e-06 4.27283e-06 
-0.00615175 0.175926 -1.10279 
-1.40594e-06 -2.8772e-06 3.69441e-06 
-0.00615121 0.17593 -1.1028 
-8.42247e-08 -1.84065e-06 4.93785e-06 
-0.00615127 0.17593 -1.10278 
-1.88629e-07 -2.78781e-06 4.05459e-06 
-0.00615109 0.175926 -1.1028 
9.14732e-08 -1.45402e-06 2.68452e-06 
-0.00615108 0.175926 -1.10278 
-6.55369e-07 -1.6944e-06 3.88452e-06 
-0.00615114 0.175926 -1.10281 
4.49381e-07 -7.69835e-07 4.2835e-06 
-0.00615066 0.175927 -1.10279 
-2.44228e-07 -2.38297e-06 4.27971e-06 
-0.00615246 0.175926 -1.10281 
-2.56956e-07 -1.69923e-06 5.02392e-06 
-0.00615135 0.175926 -1.10279 
-7.18902e-07 -2.10271e-06 4.62271e-06 
-0.0061508 0.175929 -1.1028 
3.06815e-07 -1.16021e-06 4.04635e-06 
-0.00615063 0.175928 -1.10278 
4.87424e-07 -1.47007e-06 3.60015e-06 
-0.00615064 0.175925 -1.1028 
-4.01972e-07 -9.0907e-08 3.48135e-06 
-0.0061506 0.175925 -1.10278 
1.21892e-07 -8.44846e-07 3.72397e-06 
-0.00615061 0.175924 -1.10281 
4.50067e-07 -1.54626e-06 3.53279e-06 
-0.00615029 0.175925 -1.10279 
-2.95966e-07 -1.70188e-06 4.77719e-06 
-0.00615036 0.175925 -1.10281 
9.69076e-07 -1.08398e-06 4.21794e-06 
-0.00615058 0.175925 -1.10279 
2.02248e-07 -1.83097e-06 4.71321e-06 
-0.00614616 0.175931 -1.1028 
-1.82854e-06 -1.68927e-07 5.65566e-06 
-0.00614651 0.175931 -1.10278 
-6.71462e-08 -1.43333e-06 4.13988e-06 
-0.00614628 0.175927 -1.1028 
4.50778e-07 -1.02074e-06 4.89181e-06 
-0.00614648 0.175926 -1.10278 
5.67262e-07 -1.14678e-06 4.75165e-06 
-0.00614634 0.175927 -1.1028 
9.11908e-07 -1.3356e-06 3.16629e-06 
-0.0061467 0.175927 -1.10279 
-1.68365e-07 -2.22261e-06 3.55279e-06 
-0.00614625 0.175926 -1.1028 
2.86506e-08 -1.46844e-06 4.18799e-06 
-0.00614664 0.175926 -1.10279 
7.17842e-08 -1.7336e-06 2.23639e-06 
-0.00614818 0.17593 -1.10279 
-1.05195e-07 -9.86939e-07 4.18937e-06 
-0.00614869 0.17593 -1.10278 
-1.77725e-07 4.59044e-07 3.84117e-06 
-0.00614828 0.175927 -1.1028 
8.85193e-07 -7.12188e-07 4.33571e-06 
-0.00614819 0.175927 -1.10278 
1.15134e-06 -2.63448e-07 4.26958e-06 
-0.00614813 0.175926 -1.1028 
-4.38276e-07 -1.59504e-06 4.07979e-06 
-0.00614839 0.175926 -1.10279 
-8.45818e-07 -1.81082e-06 4.78272e-06 
-0.00614764 0.175926 -1.1028 
3.81352e-07 -2.28602e-06 4.7938e-06 
-0.0061478 0.175926 -1.10279 
-1.92944e-06 -1.08989e-06 4.87351e-06 
0.0455122 -0.706975 -0.198706 
-2.75738e-08 2.73541e-06 -1.23662e-05 
0.0455125 -0.70698 -0.198711 
-4.23813e-07 4.07963e-06 -1.26422e-05 
0.0455122 -0.706977 -0.198711 
-4.79073e-07 2.30772e-06 -1.25336e-05 
0.0455122 -0.706983 -0.198716 
-8.99437e-07 2.29287e-06 -1.37937e-05 
0.0455119 -0.706983 -0.198711 
3.1431e-07 3.14145e-06 -1.3283e-05 
0.0455123 -0.706988 -0.198715 
-1.88345e-07 2.01069e-06 -1.19728e-05 
0.0455123 -0.706987 -0.198708 
-4.63328e-07 3.16662e-06 -1.32883e-05 
0.045512 -0.706992 -0.198712 
-2.93546e-07 2.78316e-06 -1.38441e-05 
0.0455132 -0.706974 -0.198705 
-6.09113e-07 2.31016e-06 -1.15605e-05 
0.0455127 -0.70698 -0.198709 
4.84933e-08 2.76763e-06 -1.49941e-05 
0.0455125 -0.706977 -0.19871 
-3.0636e-07 2.71268e-06 -1.29464e-05 
0.0455134 -0.706983 -0.198714 
-1.50824e-06 2.5893e-06 -1.18019e-05 
0.0455126 -0.706983 -0.19871 
-7.92922e-07 3.57773e-06 -1.41957e-05 
0.0455127 -0.706987 -0.198714 
-5.09341e-07 2.03687e-06 -1.26201e-05 
0.0455126 -0.706985 -0.198705 
8.30219e-07 2.60299e-06 -1.3757e-05 
0.0455131 -0.706992 -0.19871 
-2.42986e-06 2.03686e-06 -1.21784e-05 
0.0455096 -0.706972 -0.1987 
-1.40935e-06 1.30304e-06 -1.13619e-05 
0.0455092 -0.706977 -0.198705 
5.80571e-07 4.55929e-06 -1.23923e-05 
0.0455096 -0.706975 -0.198705 
-1.04624e-07 2.03698e-06 -1.26721e-05 
0.0455092 -0.706979 -0.19871 
-1.68991e-07 2.95859e-06 -1.27174e-05 
0.0455096 -0.70698 -0.198704 
-2.56153e-07 2.71016e-06 -1.30466e-05 
0.0455092 -0.706985 -0.198708 
-9.65514e-07 1.80435e-06 -1.26713e-05 
0.0455093 -0.706984 -0.198701 
-5.75953e-07 3.49031e-06 -1.04007e-05 
0.0455093 -0.706989 -0.198706 
-5.9959e-07 2.7458e-06 -1.16458e-05 
0.0455102 -0.706976 -0.198702 
-1.03203e-06 3.89404e-06 -1.1485e-05 
0.04551 -0.706981 -0.198707 
-7.48731e-07 2.76077e-06 -1.37942e-05 
0.0455101 -0.706978 -0.198707 
-1.0948e-06 4.21022e-06 -1.30031e-05 
0.0455102 -0.706983 -0.198711 
-3.81928e-07 1.96233e-06 -1.27908e-05 
0.0455104 -0.706983 -0.198706 
-1.11344e-06 1.47317e-06 -1.31929e-05 
0.0455102 -0.706988 -0.198711 
-1.21785e-06 1.78751e-06 -1.34725e-05 
0.04551 -0.706987 -0.198702 
-7.09663e-07 1.27731e-06 -1.29316e-05 
0.04551 -0.706992 -0.198707 
-1.31282e-06 3.93976e-06 -1.37004e-05 
0.0455102 -0.706976 -0.198702 
-9.3409e-07 3.93136e-06 -1.1321e-05 
0.0455102 -0.706981 -0.198707 
-5.20345e-07 2.19432e-06 -1.28953e-05 
0.0455104 -0.706977 -0.198707 
-9.85357e-07 3.46407e-06 -1.27617e-05 
0.0455105 -0.706983 -0.198712 
-1.15165e-07 1.99399e-06 -1.36846e-05 
0.04551 -0.706983 -0.198707 
-1.41077e-06 3.20416e-06 -1.42312e-05 
0.0455103 -0.706988 -0.198711 
-1.43352e-06 1.37393e-06 -1.44411e-05 
0.04551 -0.706987 -0.198703 
-1.67667e-06 9.05188e-07 -1.27926e-05 
0.0455104 -0.706992 -0.198708 
-9.84475e-07 3.53882e-06 -1.39983e-05 
0.0455113 -0.706976 -0.198703 
2.59302e-07 4.51872e-06 -1.16156e-05 
0.0455112 -0.706981 -0.198707 
-1.51149e-06 1.94491e-06 -1.21341e-05 
0.0455113 -0.706977 -0.198707 
-9.39349e-07 3.84888e-06 -1.28871e-05 
0.0455117 -0.706983 -0.198711 
-6.02327e-07 1.8887e-06 -1.26249e-05 
0.0455111 -0.706983 -0.198706 
-1.04034e-06 3.06506e-06 -1.46499e-05 
0.0455111 -0.706988 -0.198711 
-8.50466e-07 1.30949e-06 -1.36058e-05 
0.0455111 -0.706987 -0.198703 
-6.94619e-07 7.73529e-07 -1.23935e-05 
0.0455115 -0.706992 -0.198708 
-9.22959e-07 2.92546e-06 -1.37982e-05 
0.0455128 -0.706976 -0.198703 
-1.35663e-06 4.19443e-06 -1.20882e-05 
0.0455123 -0.706981 -0.198707 
-1.03713e-06 2.40185e-06 -1.27036e-05 
0.0455126 -0.706978 -0.198707 
-2.12964e-06 3.66543e-06 -1.25929e-05 
0.045513 -0.706983 -0.198711 
-8.35229e-07 2.87946e-06 -1.2069e-05 
0.0455123 -0.706983 -0.198706 
-2.01468e-06 1.19365e-06 -1.31145e-05 
0.0455123 -0.706988 -0.198711 
-2.13333e-06 1.08863e-06 -1.37177e-05 
0.0455124 -0.706987 -0.198703 
-1.92557e-06 1.09902e-06 -1.39267e-05 
0.0455128 -0.706992 -0.198708 
-1.80775e-06 3.23695e-06 -1.33521e-05 
0.045511 -0.706979 -0.198707 
1.95239e-07 1.99642e-06 -1.31226e-05 
0.0455109 -0.706984 -0.198712 
-2.25608e-06 4.12753e-06 -1.38852e-05 
0.0455111 -0.706981 -0.198712 
-7.26663e-07 2.14514e-06 -1.38817e-05 
0.0455109 -0.706986 -0.198716 
-1.67811e-06 3.72919e-06 -1.44248e-05 
0.0455109 -0.706986 -0.198711 
-5.00175e-07 2.55402e-06 -1.22894e-05 
0.0455109 -0.70699 -0.198716 
-7.27468e-07 1.80735e-06 -1.20557e-05 
0.045511 -0.70699 -0.198708 
-7.75807e-07 3.81475e-06 -1.28995e-05 
0.0455116 -0.706995 -0.198712 
-6.62395e-07 2.33258e-06 -1.36627e-05 
1.17236 -2.08632 -1.44789 
1.92878e-06 -2.10264e-06 -1.57972e-05 
1.17236 -2.08632 -1.44789 
1.64264e-06 -3.73291e-06 -1.52002e-05 
1.17236 -2.08633 -1.44789 
8.25884e-07 -4.12015e-06 -1.34957e-05 
1.17236 -2.08633 -1.44789 
4.36495e-07 -2.76459e-06 -1.44389e-05 
1.17236 -2.08632 -1.44788 
1.90399e-06 -3.7438e-06 -1.5462e-05 
1.17236 -2.08632 -1.44789 
8.42876e-07 -3.8554e-06 -1.48922e-05 
1.17236 -2.08632 -1.44788 
8.43664e-07 -4.10965e-06 -1.42173e-05 
1.17236 -2.08632 -1.44789 
6.79626e-07 -3.48057e-06 -1.51398e-05 
1.17237 -2.08632 -1.44788 
8.08731e-07 -2.3873e-06 -1.53377e-05 
1.17237 -2.08632 -1.44789 
6.86381e-07 -4.00278e-06 -1.60239e-05 
1.17237 -2.08633 -1.44788 
-1.17114e-06 -2.98125e-06 -1.39533e-05 
1.17237 -2.08633 -1.44789 
9.52415e-07 -3.13408e-06 -1.49533e-05 
1.17237 -2.08631 -1.44787 
7.95993e-07 -2.37672e-06 -1.50576e-05 
1.17237 -2.08631 -1.44788 
4.09046e-07 -1.80554e-06 -1.58837e-05 
1.17237 -2.08631 -1.44787 
-4.20843e-07 -4.5378e-06 -1.41874e-05 
1.17237 -2.08631 -1.44788 
5.91294e-07 -2.72572e-06 -1.56104e-05 
1.17239 -2.08633 -1.44788 
1.06889e-06 -2.663e-06 -1.54947e-05 
1.17239 -2.08633 -1.44789 
-6.61977e-07 -1.12067e-06 -1.53659e-05 
1.17239 -2.08634 -1.44788 
3.33127e-07 -3.00692e-06 -1.54405e-05 
1.17239 -2.08634 -1.44789 
-1.1949e-07 -1.16136e-06 -1.44793e-05 
1.17239 -2.08632 -1.44788 
1.84174e-06 -2.00205e-06 -1.66989e-05 
1.17239 -2.08632 -1.44788 
4.50503e-07 -3.28041e-06 -1.38708e-05 
1.17239 -2.08632 -1.44788 
1.20982e-06 -1.85833e-06 -1.56147e-05 
1.17239 -2.08632 -1.44788 
8.87626e-07 -1.19817e-06 -1.56397e-05 
1.17239 -2.08633 -1.44788 
4.00677e-07 -1.42302e-06 -1.63693e-05 
1.17239 -2.08633 -1.44789 
-3.16171e-07 -2.7076e-06 -1.58859e-05 
1.17239 -2.08634 -1.44788 
1.05098e-06 -2.41011e-06 -1.51012e-05 
1.17239 -2.08634 -1.44789 
-4.073e-07 -3.56425e-06 -1.52266e-05 
1.17239 -2.08632 -1.44788 
1.47546e-06 -2.05265e-06 -1.63408e-05 
1.17239 -2.08632 -1.44788 
7.1821e-07 -3.11553e-06 -1.44995e-05 
1.17239 -2.08632 -1.44788 
3.53076e-07 -1.8378e-06 -1.33717e-05 
1.17239 -2.08632 -1.44789 
5.25954e-08 -3.22292e-06 -1.55339e-05 
1.17239 -2.08633 -1.44788 
1.00295e-06 -2.02392e-06 -1.71523e-05 
1.17239 -2.08633 -1.44789 
9.38124e-07 -2.09877e-06 -1.49077e-05 
1.17239 -2.08634 -1.44788 
9.04668e-07 -2.42662e-06 -1.49849e-05 
1.17239 -2.08634 -1.44789 
7.29031e-07 -2.62989e-06 -1.4489e-05 
1.17239 -2.08632 -1.44788 
1.44343e-07 -6.54747e-07 -1.51185e-05 
1.17239 -2.08632 -1.44788 
1.2654e-06 -1.96513e-06 -1.65546e-05 
1.17239 -2.08632 -1.44788 
1.17937e-07 -1.70155e-06 -1.41537e-05 
1.17239 -2.08632 -1.44789 
4.47028e-07 -2.61151e-06 -1.46734e-05 
1.17239 -2.08633 -1.44789 
7.90135e-08 -2.5416e-06 -1.69058e-05 
1.17239 -2.08633 -1.44789 
9.22406e-07 -2.24362e-06 -1.4651e-05 
1.17239 -2.08634 -1.44788 
1.57082e-06 -2.89881e-06 -1.54599e-05 
1.17239 -2.08634 -1.44789 
1.14999e-07 -2.71376e-06 -1.45514e-05 
1.17239 -2.08632 -1.44788 
-1.32741e-07 -8.54864e-07 -1.49787e-05 
1.17239 -2.08632 -1.44788 
2.21648e-06 -1.39032e-06 -1.59835e-05 
1.17239 -2.08632 -1.44788 
5.11367e-07 -1.62515e-06 -1.49873e-05 
1.17239 -2.08632 -1.44789 
3.46299e-07 -2.33473e-06 -1.49001e-05 
1.17239 -2.08633 -1.44789 
3.12323e-07 -1.5415e-06 -1.55018e-05 
1.17239 -2.08633 -1.44789 
2.91368e-07 -2.75334e-06 -1.4935e-05 
1.17239 -2.08634 -1.44789 
6.87008e-07 -4.07238e-06 -1.51118e-05 
1.17239 -2.08634 -1.44789 
3.43297e-08 -3.80437e-06 -1.39726e-05 
1.17239 -2.08632 -1.44788 
8.15008e-08 -1.14653e-06 -1.56247e-05 
1.17239 -2.08632 -1.44789 
1.88126e-06 -1.79403e-06 -1.44678e-05 
1.17239 -2.08632 -1.44788 
8.00817e-07 -2.52046e-06 -1.43105e-05 
1.17239 -2.08632 -1.44789 
-1.38999e-06 -3.44489e-06 -1.4857e-05 
1.17237 -2.08633 -1.44789 
-6.96817e-07 -2.19967e-06 -1.57931e-05 
1.17238 -2.08633 -1.4479 
2.53598e-07 -4.5271e-06 -1.43318e-05 
1.17237 -2.08634 -1.44789 
-1.14507e-06 -3.61172e-06 -1.53769e-05 
1.17238 -2.08634 -1.4479 
5.60902e-07 -7.6278e-07 -1.541e-05 
1.17237 -2.08632 -1.44788 
1.52846e-07 -3.74545e-06 -1.61325e-05 
1.17237 -2.08632 -1.44789 
8.93051e-07 -3.16663e-06 -1.56524e-05 
1.17237 -2.08632 -1.44788 
9.93595e-07 -2.66945e-06 -1.5684e-05 
1.17237 -2.08632 -1.44789 
7.33501e-07 -2.6453e-06 -1.49407e-05 
-0.00949033 0.410488 -1.52313 
3.11511e-07 2.88947e-06 -2.69133e-06 
-0.00949094 0.410488 -1.52311 
-5.13409e-07 2.26866e-06 -2.82371e-06 
-0.00949019 0.410475 -1.52313 
5.80681e-07 -3.79501e-07 -4.35873e-06 
-0.00949085 0.410474 -1.52311 
6.4081e-07 1.0083e-06 -3.53915e-06 
-0.00949038 0.410473 -1.52313 
-5.4241e-07 1.78806e-06 -3.33213e-06 
-0.0094899 0.410474 -1.52311 
-2.03686e-07 6.78372e-07 -1.3728e-06 
-0.00949055 0.410473 -1.52313 
-3.7377e-07 2.67646e-06 -3.31645e-06 
-0.0094901 0.410472 -1.52311 
-6.86083e-07 1.59183e-06 -1.58887e-06 
-0.00949024 0.41049 -1.52313 
-5.82364e-07 1.13047e-06 -1.33071e-06 
-0.00949036 0.41049 -1.52311 
-2.96621e-07 9.40035e-07 -2.40899e-06 
-0.0094899 0.410476 -1.52313 
2.66019e-07 -2.53239e-07 -2.89106e-06 
-0.0094903 0.410477 -1.52311 
1.7496e-06 -1.71463e-06 -2.73338e-06 
-0.00949002 0.410475 -1.52313 
-7.44523e-07 -4.9494e-07 -2.55279e-06 
-0.00948946 0.410476 -1.52311 
-9.02307e-07 -7.10315e-08 -1.30485e-06 
-0.00949048 0.410474 -1.52313 
-8.19953e-07 4.9289e-07 -2.38771e-06 
-0.00949003 0.410474 -1.52311 
-5.77218e-07 1.76772e-06 -2.4768e-06 
-0.00949272 0.41049 -1.52313 
8.53862e-07 1.94286e-06 -2.43276e-06 
-0.00949245 0.41049 -1.52311 
1.14459e-06 1.49109e-06 -3.72407e-06 
-0.0094928 0.410477 -1.52313 
-5.69743e-07 1.07048e-06 -3.80348e-06 
-0.00949225 0.410477 -1.52311 
8.73022e-07 8.84649e-08 -2.5031e-06 
-0.00949342 0.410475 -1.52313 
-1.05836e-07 7.28274e-07 -1.9838e-06 
-0.00949268 0.410476 -1.52311 
-8.21159e-07 3.09557e-07 -1.60429e-06 
-0.00949337 0.410474 -1.52313 
-8.43836e-08 2.28305e-06 -2.32088e-06 
-0.00949339 0.410475 -1.52311 
-1.17742e-06 9.37251e-07 -2.07118e-06 
-0.00948565 0.410491 -1.52313 
-1.06892e-06 2.53961e-06 -2.92224e-06 
-0.00948644 0.410491 -1.52311 
-9.78385e-07 2.23744e-06 -2.91044e-06 
-0.00948613 0.410477 -1.52313 
7.0667e-08 2.99295e-06 -2.73166e-06 
-0.00948624 0.410478 -1.52311 
3.26035e-07 2.06139e-06 -2.41785e-06 
-0.00948599 0.410477 -1.52313 
8.72273e-08 2.80526e-06 -1.8522e-06 
-0.00948541 0.410477 -1.52311 
-6.68886e-07 1.60817e-06 -1.31568e-06 
-0.00948591 0.410475 -1.52313 
-5.12354e-07 2.6284e-06 -2.77646e-06 
-0.00948592 0.410476 -1.52311 
-3.65535e-07 6.15717e-07 -2.70341e-06 
-0.00948519 0.41049 -1.52313 
3.92307e-07 3.11108e-06 -2.72609e-06 
-0.0094854 0.41049 -1.52311 
-4.93016e-07 3.07151e-06 -2.58506e-06 
-0.00948555 0.410477 -1.52313 
-7.1803e-07 2.78371e-06 -1.8017e-06 
-0.00948544 0.410477 -1.52311 
-4.31731e-07 3.09571e-06 -2.06389e-06 
-0.0094854 0.410476 -1.52313 
-5.00521e-07 2.19574e-06 -2.59948e-06 
-0.00948523 0.410476 -1.52311 
-3.83153e-08 2.95756e-06 -1.55891e-06 
-0.00948529 0.410475 -1.52313 
2.42813e-07 2.52714e-06 -3.37882e-06 
-0.00948505 0.410476 -1.52311 
-3.81736e-07 3.79865e-07 -2.98158e-06 
-0.0094838 0.41049 -1.52313 
3.92212e-07 2.27361e-06 -4.44238e-06 
-0.00948438 0.410491 -1.52311 
-3.31346e-07 2.36156e-06 -3.35506e-06 
-0.00948443 0.410477 -1.52313 
-1.22138e-06 2.024e-06 -3.03771e-06 
-0.00948446 0.410477 -1.52311 
-6.27061e-07 3.67512e-06 -1.62772e-06 
-0.00948431 0.410476 -1.52313 
-7.29659e-07 2.39208e-06 -2.42607e-06 
-0.00948432 0.410477 -1.52311 
1.70492e-08 1.14925e-06 -1.57981e-06 
-0.00948442 0.410475 -1.52313 
-2.26699e-07 2.53198e-06 -2.67285e-06 
-0.00948408 0.410475 -1.52311 
8.25679e-07 2.87764e-07 -2.05055e-06 
-0.00948257 0.41049 -1.52313 
-8.56199e-07 2.18712e-06 -2.99062e-06 
-0.0094828 0.41049 -1.52311 
2.86295e-07 2.21048e-06 -1.95625e-06 
-0.00948371 0.410477 -1.52313 
-5.85782e-07 2.0813e-06 -2.80393e-06 
-0.00948343 0.410477 -1.52311 
1.10375e-07 3.14861e-06 -1.35534e-06 
-0.00948374 0.410476 -1.52313 
-2.66508e-07 2.09597e-06 -2.95455e-06 
-0.00948345 0.410476 -1.52311 
3.49581e-07 1.7401e-06 -1.88413e-06 
-0.00948361 0.410475 -1.52313 
3.32728e-07 2.82758e-06 -3.46217e-06 
-0.00948332 0.410475 -1.52311 
-6.36159e-07 3.49395e-08 -2.31746e-06 
-0.00948237 0.41049 -1.52313 
-1.001e-06 1.71822e-06 -3.71083e-06 
-0.00948226 0.41049 -1.52311 
7.36061e-07 2.05663e-06 -1.72611e-06 
-0.00948373 0.410477 -1.52313 
-2.65306e-09 2.5711e-06 -3.20189e-06 
-0.00948305 0.410476 -1.52311 
4.96001e-07 2.58658e-06 -1.1764e-06 
-0.00948333 0.410476 -1.52313 
3.4082e-07 2.13372e-06 -3.50515e-06 
-0.00948333 0.410476 -1.52311 
1.24926e-07 1.54794e-06 -2.46513e-06 
-0.00948351 0.410475 -1.52313 
1.33113e-06 6.7725e-07 -4.1554e-06 
-0.00948347 0.410475 -1.52311 
3.16529e-07 -2.42916e-07 -2.15914e-06 
0.0361794 -0.32325 -0.527146 
-3.95932e-07 9.50096e-07 -3.28515e-06 
0.0361795 -0.323249 -0.527139 
-1.52359e-06 1.05355e-06 -2.65977e-06 
0.0361795 -0.323254 -0.52715 
-8.45599e-07 7.406e-07 -2.87611e-06 
0.0361796 -0.323253 -0.527142 
-2.33934e-07 3.50534e-07 -1.87149e-06 
0.0361798 -0.323251 -0.527141 
-1.2497e-07 -2.31161e-06 -3.065e-06 
0.0361794 -0.323249 -0.527133 
6.59809e-07 -1.22944e-06 -3.09641e-06 
0.0361792 -0.323248 -0.52714 
-1.30868e-06 -1.98434e-06 -2.84665e-06 
0.0361796 -0.323247 -0.527132 
-1.29292e-08 -1.22316e-06 -4.14872e-06 
0.0361786 -0.32325 -0.527145 
-1.15936e-06 -3.99852e-07 -3.46495e-06 
0.0361786 -0.323249 -0.527138 
-1.33308e-06 3.68011e-07 -4.31117e-06 
0.0361791 -0.323255 -0.527149 
2.7364e-07 1.89676e-07 -3.8211e-06 
0.0361789 -0.323253 -0.527141 
4.6388e-07 9.57252e-07 -3.01927e-06 
0.0361786 -0.323251 -0.527141 
-6.81053e-07 5.13332e-07 -3.40199e-06 
0.0361787 -0.323249 -0.527133 
5.38945e-07 -8.82835e-07 -3.17555e-06 
0.0361789 -0.323249 -0.527139 
-4.12936e-07 -1.73318e-06 -3.19487e-06 
0.0361788 -0.323247 -0.527132 
-2.09955e-07 -1.45491e-06 -3.56648e-06 
0.036168 -0.323251 -0.527145 
-8.91314e-07 -1.12907e-06 -3.53919e-06 
0.0361679 -0.32325 -0.527136 
-3.61204e-07 -6.65458e-07 -2.48117e-06 
0.0361677 -0.323256 -0.527148 
-5.95368e-07 -9.40514e-07 -3.12838e-06 
0.0361677 -0.323254 -0.52714 
7.72113e-09 -3.90272e-07 -3.89597e-06 
0.0361679 -0.323252 -0.527139 
3.72289e-07 -1.22243e-06 -2.41215e-06 
0.0361678 -0.323252 -0.52713 
-5.23612e-08 -2.57448e-06 -3.84953e-06 
0.0361679 -0.323249 -0.527137 
-4.70301e-07 6.46036e-08 -3.10603e-06 
0.0361682 -0.32325 -0.527129 
-2.29411e-07 -2.37434e-07 -2.30249e-06 
0.0361753 -0.32325 -0.527143 
-1.17683e-06 -1.57531e-06 -3.20572e-06 
0.0361759 -0.323249 -0.527135 
-1.71499e-06 -2.05219e-06 -3.27284e-06 
0.0361754 -0.323254 -0.527146 
1.22278e-06 -1.07483e-07 -3.06636e-06 
0.0361759 -0.323253 -0.527139 
-1.30146e-06 -2.39887e-06 -2.20192e-06 
0.0361754 -0.323251 -0.527138 
-5.15593e-07 -6.59998e-07 -3.59623e-06 
0.0361763 -0.32325 -0.527129 
-7.8262e-08 4.62753e-07 -3.45938e-06 
0.0361754 -0.323248 -0.527136 
-1.843e-06 -3.32057e-07 -2.84946e-06 
0.036176 -0.323249 -0.527127 
-7.5303e-07 -1.51299e-06 -3.06399e-06 
0.0361758 -0.32325 -0.527142 
-3.3869e-07 -9.4848e-07 -3.5653e-06 
0.0361765 -0.323249 -0.527134 
-1.25169e-06 -1.72978e-06 -3.51031e-06 
0.036176 -0.323254 -0.527145 
8.40339e-07 -6.21629e-07 -3.53085e-06 
0.0361766 -0.323253 -0.527138 
1.06506e-07 -1.52176e-06 -2.43295e-06 
0.0361759 -0.323251 -0.527136 
-4.40363e-07 -9.47263e-07 -2.07238e-06 
0.0361768 -0.32325 -0.527129 
-3.72732e-07 4.0932e-07 -3.0633e-06 
0.0361761 -0.323249 -0.527135 
-1.71089e-06 -1.1072e-07 -3.21304e-06 
0.0361763 -0.32325 -0.527126 
-9.57792e-08 -2.15306e-07 -3.96105e-06 
0.0361779 -0.32325 -0.527142 
-5.47749e-07 -2.05971e-07 -3.97105e-06 
0.0361774 -0.323249 -0.527134 
-4.25342e-08 -2.90908e-06 -4.0425e-06 
0.0361773 -0.323255 -0.527145 
-2.51932e-07 -3.21386e-07 -2.68171e-06 
0.0361776 -0.323254 -0.527137 
-1.04811e-06 -1.27796e-06 -2.54909e-06 
0.0361774 -0.323251 -0.527136 
-1.07864e-06 -1.30479e-06 -2.50508e-06 
0.0361777 -0.323249 -0.527129 
-9.48586e-07 5.10491e-07 -2.93552e-06 
0.0361773 -0.323249 -0.527135 
6.0177e-07 -9.56446e-07 -3.81655e-06 
0.0361771 -0.323249 -0.527126 
5.19681e-07 -3.45032e-07 -3.86936e-06 
0.036179 -0.32325 -0.527143 
5.86799e-07 -2.46163e-06 -3.03592e-06 
0.0361789 -0.323249 -0.527135 
-7.53642e-07 -2.15951e-06 -2.83872e-06 
0.0361787 -0.323255 -0.527146 
-1.18938e-06 -1.17449e-06 -3.85742e-06 
0.0361787 -0.323254 -0.527139 
4.998e-07 -1.97994e-06 -3.16858e-06 
0.0361784 -0.323251 -0.527138 
-5.18891e-07 -8.86629e-07 -1.75134e-06 
0.0361787 -0.32325 -0.52713 
-5.54654e-07 1.0672e-06 -2.57457e-06 
0.0361786 -0.323249 -0.527136 
-2.07068e-06 -4.67428e-07 -4.61026e-06 
0.0361784 -0.323247 -0.527128 
-1.13196e-06 -4.36503e-07 -2.99301e-06 
0.0361729 -0.323249 -0.527144 
-6.39044e-07 -3.53768e-07 -3.11374e-06 
0.0361728 -0.323248 -0.527136 
-1.10554e-06 4.17261e-07 -3.28749e-06 
0.036173 -0.323253 -0.527147 
6.77733e-07 -9.26667e-07 -3.40201e-06 
0.0361728 -0.323253 -0.52714 
-2.70519e-07 4.1125e-07 -4.6902e-06 
0.0361728 -0.323249 -0.527139 
-3.14895e-07 7.0694e-07 -2.42759e-06 
0.036173 -0.323249 -0.527131 
-6.85135e-07 -6.74573e-08 -2.52048e-06 
0.0361727 -0.323247 -0.527137 
-8.44255e-07 3.53848e-07 -3.42207e-06 
0.0361727 -0.323246 -0.527129 
-1.64898e-06 9.86425e-07 -2.31094e-06 
0.00669413 0.13574 3.20718 
1.37049e-07 -9.20019e-07 1.33607e-06 
0.00669391 0.135741 3.20717 
-4.55055e-07 -9.66564e-07 1.18543e-06 
0.00669469 0.135734 3.20718 
2.02364e-08 -1.84376e-06 2.86049e-06 
0.00669403 0.135735 3.20717 
5.5584e-07 -1.3418e-06 2.24742e-06 
0.00669454 0.135734 3.20718 
8.61162e-07 -1.47142e-06 3.43561e-06 
0.00669433 0.135735 3.20717 
-4.8474e-07 -8.48136e-07 2.7141e-06 
0.00669436 0.135733 3.20718 
4.12101e-07 -3.13158e-07 2.546e-06 
0.00669508 0.135735 3.20717 
8.09622e-07 -1.90325e-06 2.20074e-06 
0.00669377 0.135741 3.20717 
-3.76423e-07 -1.33163e-06 2.69972e-06 
0.00669393 0.135743 3.20716 
-1.71065e-07 -2.57615e-06 2.82328e-06 
0.00669444 0.135735 3.20718 
3.36125e-07 -7.49299e-07 9.60031e-07 
0.00669379 0.135737 3.20717 
8.18329e-08 -8.07961e-07 1.12492e-06 
0.00669397 0.135734 3.20717 
1.51748e-07 -2.1681e-06 2.82639e-06 
0.00669435 0.135735 3.20716 
1.79655e-07 -7.16022e-07 7.64465e-07 
0.00669423 0.135734 3.20717 
-5.15529e-07 2.51486e-07 1.28416e-06 
0.00669411 0.135736 3.20716 
7.2674e-07 -1.20547e-06 1.07657e-06 
0.00668158 0.13574 3.20718 
-4.28525e-07 -1.57451e-06 2.12054e-06 
0.00668147 0.135741 3.20717 
2.60999e-07 -1.24807e-06 2.16262e-06 
0.00668141 0.135733 3.20718 
1.79483e-07 -4.32013e-07 2.49566e-06 
0.00668131 0.135736 3.20717 
-2.08521e-07 -1.39635e-06 2.06699e-06 
0.00668135 0.135733 3.20718 
-1.42166e-07 -2.24462e-06 2.15939e-06 
0.00668147 0.135735 3.20717 
1.28504e-07 -9.65119e-07 1.94418e-06 
0.00668135 0.135734 3.20718 
4.04649e-07 -1.97456e-06 1.72726e-06 
0.00668157 0.135735 3.20717 
-3.39305e-07 -9.58441e-07 2.41076e-06 
0.00668755 0.13574 3.20718 
-8.03614e-08 -1.69072e-06 2.34451e-06 
0.0066869 0.135742 3.20717 
6.94709e-07 -5.66214e-07 2.00311e-06 
0.00668738 0.135734 3.20718 
4.63466e-07 -1.18543e-06 2.18979e-06 
0.00668679 0.135735 3.20717 
8.49916e-08 -1.70532e-06 2.37441e-06 
0.00668667 0.135733 3.20718 
-1.41513e-06 -1.27578e-06 1.67265e-06 
0.00668749 0.135734 3.20717 
-1.11607e-06 -1.52839e-06 2.95098e-06 
0.00668714 0.135733 3.20718 
-6.00607e-07 -9.54366e-07 2.59185e-06 
0.00668784 0.135735 3.20717 
-4.39165e-07 -1.30939e-06 2.445e-06 
0.00668947 0.13574 3.20717 
-1.34477e-07 -1.13268e-06 2.83377e-06 
0.00668882 0.135742 3.20716 
-1.091e-07 -3.10633e-07 2.30824e-06 
0.00668943 0.135733 3.20718 
-2.09554e-07 -1.319e-06 2.61439e-06 
0.00668888 0.135735 3.20717 
-5.38877e-07 -1.42969e-06 4.11934e-06 
0.00668945 0.135732 3.20717 
1.70898e-08 -1.45238e-06 1.8229e-06 
0.00668926 0.135734 3.20716 
-2.43911e-07 -2.09085e-06 2.06325e-06 
0.0066893 0.135733 3.20717 
-1.1042e-06 -1.04876e-06 2.7206e-06 
0.00669006 0.135734 3.20716 
9.43977e-07 -6.31424e-07 3.3252e-06 
0.00669404 0.135739 3.20717 
1.24482e-06 -1.23047e-06 1.28919e-06 
0.0066937 0.135741 3.20716 
-7.2215e-08 -1.2744e-06 1.68109e-06 
0.00669392 0.135733 3.20718 
-4.18646e-07 -2.22942e-06 1.44183e-06 
0.00669311 0.135735 3.20717 
-7.18912e-07 -2.35881e-06 1.83935e-06 
0.00669338 0.135732 3.20717 
-9.30281e-07 -8.15376e-07 1.4965e-06 
0.00669345 0.135735 3.20716 
-2.33733e-07 -2.80295e-06 2.40699e-06 
0.00669392 0.135732 3.20717 
-1.49186e-06 -1.73647e-06 2.27842e-06 
0.00669342 0.135734 3.20716 
-3.08157e-07 -1.12613e-06 9.7375e-07 
0.00668774 0.135739 3.20718 
-2.78817e-07 -1.0834e-06 1.30847e-06 
0.00668742 0.135741 3.20717 
3.46205e-07 -8.62685e-07 1.25023e-06 
0.00668759 0.135733 3.20718 
2.10821e-07 -1.48952e-06 2.2551e-06 
0.00668724 0.135735 3.20717 
-5.79395e-07 -1.4009e-06 1.99178e-06 
0.00668718 0.135732 3.20718 
-6.00604e-07 1.54509e-07 1.66327e-06 
0.0066876 0.135734 3.20717 
-4.55672e-07 -1.53159e-06 2.5507e-06 
0.00668719 0.135733 3.20718 
-6.53895e-07 -7.92155e-07 1.68111e-06 
0.00668762 0.135734 3.20717 
-3.74855e-07 -7.82043e-07 1.87588e-06 
0.0066804 0.135738 3.20718 
3.06137e-07 -1.23407e-06 1.56256e-06 
0.00667973 0.135741 3.20717 
2.52445e-07 -1.84273e-07 2.18661e-06 
0.00667962 0.135732 3.20718 
-4.35717e-07 -8.91452e-07 1.43604e-06 
0.00667937 0.135735 3.20717 
-6.9166e-07 -3.61329e-07 1.13072e-06 
0.00667952 0.135732 3.20718 
-5.80754e-07 -9.46431e-07 1.93918e-06 
0.00667926 0.135733 3.20717 
-8.83816e-07 2.45152e-07 1.36634e-06 
0.00667921 0.135733 3.20718 
-7.57268e-07 7.11724e-08 1.85435e-06 
0.00667977 0.135734 3.20717 
-8.3048e-07 -4.45717e-07 1.90768e-06 
0.00454835 -0.296633 3.22791 
4.46058e-07 -8.47422e-07 2.35803e-06 
0.00454904 -0.296634 3.22789 
1.29407e-06 -1.79372e-07 2.29287e-06 
0.00454842 -0.296636 3.2279 
-2.44284e-07 -1.59791e-06 2.92935e-06 
0.00454868 -0.296639 3.22789 
-7.64414e-07 -1.84019e-06 3.27033e-06 
0.00454856 -0.296636 3.2279 
-4.2893e-07 -6.7593e-07 1.50307e-06 
0.00454858 -0.296637 3.22789 
-1.3656e-06 -9.76474e-07 2.26173e-06 
0.00454814 -0.296633 3.2279 
5.10361e-09 -8.43756e-07 2.36837e-06 
0.00454859 -0.296634 3.22789 
-6.36566e-07 -1.41965e-06 2.3133e-06 
0.00454921 -0.296632 3.2279 
1.56932e-06 1.13777e-06 3.0602e-06 
0.00454993 -0.296634 3.22789 
-1.91741e-06 -5.55643e-07 3.05359e-06 
0.00454991 -0.296636 3.2279 
1.80422e-07 -1.69181e-06 2.7674e-06 
0.00455029 -0.296637 3.22789 
9.22518e-08 -2.65689e-06 2.5641e-06 
0.00454972 -0.296634 3.2279 
1.04701e-07 -2.90411e-07 1.47617e-06 
0.0045502 -0.296636 3.22789 
-3.68858e-07 -1.70877e-06 2.47371e-06 
0.00454997 -0.296632 3.2279 
1.88321e-07 -2.09376e-06 1.32411e-06 
0.00455021 -0.296633 3.22789 
1.32158e-06 1.8079e-07 1.34782e-06 
0.0045447 -0.296632 3.2279 
-4.47263e-07 -1.30638e-06 2.28584e-06 
0.00454515 -0.296634 3.22789 
-1.43117e-07 -4.65797e-07 3.63087e-06 
0.00454441 -0.296637 3.2279 
-8.63645e-07 -2.00285e-06 2.63542e-06 
0.00454472 -0.296637 3.22789 
-4.17694e-07 -1.8632e-06 3.5046e-06 
0.00454419 -0.296635 3.2279 
-1.66445e-06 -9.30715e-07 2.19115e-06 
0.00454524 -0.296636 3.22789 
-5.93872e-07 -1.24307e-06 2.44096e-06 
0.00454446 -0.296632 3.2279 
-6.01848e-07 -2.3003e-07 1.93131e-06 
0.00454506 -0.296633 3.22789 
2.33054e-07 -1.13603e-06 1.53596e-06 
0.00454523 -0.296632 3.2279 
-6.95856e-08 -7.49962e-07 2.22309e-06 
0.00454584 -0.296633 3.22789 
4.56752e-07 1.57047e-07 1.70782e-06 
0.0045458 -0.296636 3.2279 
-5.745e-07 6.44362e-07 1.90448e-06 
0.0045455 -0.296638 3.22789 
-7.47419e-07 -1.32867e-06 3.746e-06 
0.00454573 -0.296634 3.2279 
-1.22132e-07 -1.06338e-06 2.23806e-06 
0.00454522 -0.296636 3.22788 
-7.21529e-08 -3.88998e-07 1.53662e-06 
0.00454561 -0.296632 3.2279 
7.59248e-07 -5.13443e-07 2.30156e-06 
0.00454518 -0.296633 3.22788 
-1.34143e-06 -1.78501e-06 2.06354e-06 
0.00454639 -0.296632 3.2279 
-4.48655e-07 -6.37784e-07 2.94642e-06 
0.00454673 -0.296633 3.22789 
-1.05793e-07 1.23772e-07 1.62185e-06 
0.00454708 -0.296636 3.2279 
-3.853e-07 -1.94871e-07 2.95987e-06 
0.00454681 -0.296637 3.22789 
-4.14195e-07 -2.88605e-06 2.34263e-06 
0.00454676 -0.296634 3.22789 
-2.47268e-07 -1.80349e-06 1.26508e-06 
0.00454636 -0.296635 3.22788 
-3.99195e-07 -4.79842e-07 1.6615e-06 
0.00454665 -0.296631 3.22789 
-7.98665e-08 -1.12372e-06 3.22228e-06 
0.00454612 -0.296632 3.22788 
-1.14575e-06 -2.21856e-06 2.75406e-06 
0.00454933 -0.296632 3.2279 
5.25168e-07 -1.02081e-06 1.56275e-06 
0.00454976 -0.296634 3.22788 
6.7637e-07 1.43923e-07 1.78057e-06 
0.00454996 -0.296636 3.22789 
-1.07149e-06 -6.03645e-07 2.22217e-06 
0.00454984 -0.296638 3.22788 
-1.20653e-06 -1.93762e-06 2.5576e-06 
0.00454963 -0.296634 3.22789 
1.84234e-09 -1.96002e-06 2.90254e-06 
0.00454911 -0.296636 3.22788 
2.4238e-07 -3.80196e-07 2.64861e-06 
0.00454989 -0.296632 3.22789 
8.11505e-08 -2.24211e-06 3.5044e-06 
0.00454984 -0.296633 3.22788 
-5.96127e-07 -2.37038e-06 2.95961e-06 
0.00454945 -0.29663 3.2279 
-9.53087e-07 -1.90649e-07 2.60889e-06 
0.00455085 -0.296631 3.22788 
3.03684e-07 -2.11868e-06 1.41682e-06 
0.00454933 -0.296634 3.22789 
3.69434e-07 -2.36253e-07 2.40401e-06 
0.00455006 -0.296636 3.22788 
-7.56343e-07 -3.27999e-07 1.09421e-07 
0.00454994 -0.296632 3.22789 
5.03583e-07 -2.2817e-06 2.71462e-06 
0.00455021 -0.296633 3.22788 
-4.39017e-07 -2.06776e-06 2.03696e-06 
0.00455008 -0.29663 3.22789 
5.35413e-07 -7.02115e-07 1.8968e-06 
0.00455044 -0.296631 3.22788 
4.55967e-07 -1.71903e-06 4.00516e-06 
0.00454679 -0.296631 3.2279 
-2.90296e-07 1.4854e-07 2.34583e-06 
0.00454661 -0.296633 3.22789 
-5.36397e-07 -1.10005e-06 2.67722e-06 
0.00454695 -0.296635 3.2279 
2.64654e-07 -1.96108e-06 2.47486e-06 
0.00454749 -0.296636 3.22789 
-2.85568e-07 -4.27532e-07 3.15394e-06 
0.00454693 -0.296633 3.2279 
2.12975e-07 -1.19342e-07 1.6206e-06 
0.00454683 -0.296635 3.22789 
2.65118e-07 1.43142e-08 3.14235e-06 
0.00454663 -0.29663 3.2279 
2.91782e-07 -2.11167e-06 1.84838e-06 
0.00454658 -0.296631 3.22789 
1.7548e-07 -9.3613e-07 1.48778e-06 
