0.0209425 -0.865474 2.19051 
0.0209421 -0.865474 2.19051 
0.0209417 -0.86547 2.19052 
0.0209423 -0.86547 2.19051 
0.0209418 -0.86547 2.19051 
0.0209424 -0.86547 2.19051 
0.0209425 -0.865466 2.19051 
0.0209425 -0.865466 2.19051 
0.0209446 -0.865475 2.19051 
0.0209443 -0.865476 2.19051 
0.0209441 -0.865471 2.19051 
0.0209444 -0.865471 2.19051 
0.0209445 -0.865471 2.19051 
0.0209442 -0.865471 2.19051 
0.0209446 -0.865467 2.19051 
0.020944 -0.865467 2.19051 
0.020944 -0.865475 2.19051 
0.0209436 -0.865475 2.19051 
0.0209434 -0.86547 2.19051 
0.0209439 -0.865471 2.19051 
0.0209437 -0.865471 2.19051 
0.0209431 -0.865471 2.19051 
0.0209437 -0.865466 2.19051 
0.0209434 -0.865467 2.19051 
0.020944 -0.865474 2.19051 
0.0209434 -0.865474 2.19051 
0.0209432 -0.86547 2.19051 
0.0209437 -0.86547 2.19051 
0.0209437 -0.86547 2.19051 
0.0209427 -0.86547 2.19051 
0.0209434 -0.865466 2.19051 
0.0209435 -0.865466 2.19051 
0.0209428 -0.865474 2.19051 
0.0209427 -0.865474 2.19051 
0.0209421 -0.865469 2.19051 
0.0209423 -0.865469 2.19051 
0.0209427 -0.86547 2.19051 
0.0209421 -0.86547 2.19051 
0.0209428 -0.865466 2.19051 
0.0209421 -0.865466 2.19051 
0.0209418 -0.865473 2.19051 
0.0209415 -0.865474 2.19051 
0.0209414 -0.865469 2.19051 
0.0209419 -0.865469 2.19051 
0.020942 -0.865469 2.19051 
0.0209415 -0.865469 2.19051 
0.0209414 -0.865466 2.19051 
0.0209412 -0.865465 2.19051 
0.0209446 -0.865473 2.19051 
0.0209441 -0.865473 2.19051 
0.020944 -0.865468 2.19052 
0.020944 -0.865468 2.19051 
0.0209443 -0.865469 2.19051 
0.0209441 -0.865469 2.19051 
0.0209434 -0.865465 2.19051 
0.0209438 -0.865465 2.19051 
0.0209468 -0.865473 2.19052 
0.0209463 -0.865473 2.19052 
0.0209461 -0.865468 2.19052 
0.0209466 -0.865468 2.19052 
0.0209462 -0.865469 2.19052 
0.0209467 -0.865469 2.19051 
0.0209462 -0.865465 2.19052 
0.0209465 -0.865465 2.19051 
-1.21687 3.92259 9.94733 
-1.21687 3.9226 9.94734 
-1.21687 3.92259 9.94732 
-1.21687 3.9226 9.94733 
-1.21687 3.92258 9.94731 
-1.21687 3.92259 9.94732 
-1.21687 3.92258 9.94731 
-1.21687 3.92259 9.94732 
-1.21687 3.92259 9.94732 
-1.21687 3.9226 9.94733 
-1.21687 3.92259 9.94732 
-1.21687 3.9226 9.94733 
-1.21687 3.92259 9.94731 
-1.21687 3.92259 9.94732 
-1.21687 3.92258 9.94731 
-1.21687 3.92259 9.94732 
-1.2169 3.9226 9.94732 
-1.2169 3.9226 9.94733 
-1.2169 3.9226 9.94731 
-1.2169 3.9226 9.94732 
-1.21689 3.92259 9.94731 
-1.2169 3.9226 9.94732 
-1.21689 3.92259 9.94731 
-1.2169 3.9226 9.94732 
-1.21689 3.9226 9.94732 
-1.2169 3.9226 9.94733 
-1.21689 3.9226 9.94732 
-1.2169 3.9226 9.94733 
-1.21689 3.92259 9.94731 
-1.21689 3.92259 9.94732 
-1.21689 3.92259 9.94731 
-1.21689 3.92259 9.94732 
-1.21689 3.9226 9.94732 
-1.2169 3.9226 9.94733 
-1.21689 3.9226 9.94732 
-1.2169 3.9226 9.94733 
-1.21689 3.92259 9.94731 
-1.21689 3.92259 9.94732 
-1.21689 3.92259 9.94731 
-1.21689 3.92259 9.94732 
-1.21689 3.9226 9.94732 
-1.2169 3.9226 9.94733 
-1.21689 3.9226 9.94732 
-1.2169 3.9226 9.94733 
-1.21689 3.92259 9.94731 
-1.2169 3.92259 9.94732 
-1.21689 3.92259 9.94731 
-1.21689 3.92259 9.94732 
-1.21689 3.9226 9.94732 
-1.2169 3.9226 9.94733 
-1.21689 3.9226 9.94732 
-1.2169 3.9226 9.94733 
-1.21689 3.92259 9.94731 
-1.21689 3.92259 9.94732 
-1.21689 3.92259 9.94731 
-1.21689 3.92259 9.94732 
-1.2169 3.92259 9.94733 
-1.2169 3.9226 9.94734 
-1.2169 3.92259 9.94732 
-1.2169 3.9226 9.94733 
-1.21689 3.92259 9.94732 
-1.2169 3.92259 9.94733 
-1.21689 3.92258 9.94732 
-1.2169 3.92259 9.94733 
-0.0059114 0.0983435 -0.585308 
-0.00591109 0.0983457 -0.585311 
-0.00591142 0.0983515 -0.58531 
-0.00591131 0.0983531 -0.585314 
-0.00591163 0.0983554 -0.585311 
-0.00591198 0.0983571 -0.585314 
-0.00591138 0.0983524 -0.58531 
-0.00591202 0.0983535 -0.585312 
-0.00591022 0.0983431 -0.585309 
-0.00591025 0.0983453 -0.585312 
-0.00591028 0.0983514 -0.585311 
-0.00590973 0.0983531 -0.585314 
-0.0059106 0.098355 -0.585311 
-0.00591114 0.0983568 -0.585315 
-0.00591061 0.0983527 -0.585311 
-0.00591042 0.0983536 -0.585313 
-0.0059077 0.0983428 -0.585308 
-0.00590844 0.0983448 -0.585312 
-0.0059076 0.098351 -0.585311 
-0.00590791 0.0983533 -0.585313 
-0.00590836 0.0983545 -0.585311 
-0.00590775 0.098357 -0.585314 
-0.00590855 0.0983515 -0.58531 
-0.00590776 0.0983527 -0.585313 
-0.00591278 0.0983428 -0.585309 
-0.00591221 0.098345 -0.585312 
-0.0059127 0.0983508 -0.585312 
-0.00591326 0.0983532 -0.585315 
-0.00591251 0.0983549 -0.585312 
-0.0059129 0.0983569 -0.585315 
-0.00591245 0.0983522 -0.585311 
-0.00591248 0.0983537 -0.585314 
-0.0059107 0.0983425 -0.585311 
-0.00591029 0.0983444 -0.585314 
-0.00591095 0.0983517 -0.585314 
-0.00591156 0.0983526 -0.585316 
-0.0059104 0.0983543 -0.585314 
-0.00591147 0.0983567 -0.585317 
-0.00591019 0.0983518 -0.585313 
-0.00591103 0.0983529 -0.585315 
-0.00591385 0.0983424 -0.585311 
-0.00591373 0.0983447 -0.585314 
-0.00591317 0.0983517 -0.585315 
-0.00591353 0.0983528 -0.585317 
-0.0059134 0.0983543 -0.585314 
-0.00591364 0.0983567 -0.585317 
-0.00591311 0.0983518 -0.585313 
-0.00591393 0.0983529 -0.585315 
-0.00591344 0.098343 -0.58531 
-0.00591356 0.0983453 -0.585313 
-0.00591317 0.0983516 -0.585314 
-0.00591388 0.098353 -0.585316 
-0.00591302 0.0983552 -0.585313 
-0.00591337 0.098357 -0.585316 
-0.00591305 0.0983524 -0.585312 
-0.00591373 0.0983534 -0.585315 
-0.00591247 0.0983443 -0.58531 
-0.00591258 0.0983465 -0.585313 
-0.00591347 0.0983529 -0.585314 
-0.00591358 0.0983545 -0.585316 
-0.00591299 0.0983564 -0.585313 
-0.00591353 0.0983586 -0.585316 
-0.00591252 0.0983538 -0.585313 
-0.00591325 0.0983546 -0.585315 
0.000585822 -0.108863 -0.640424 
0.000586075 -0.108864 -0.640428 
0.000586287 -0.10886 -0.640427 
0.000586134 -0.10886 -0.64043 
0.000585432 -0.10886 -0.64043 
0.000585445 -0.10886 -0.640432 
0.000585827 -0.108857 -0.640429 
0.000585451 -0.108858 -0.640432 
0.000584562 -0.10886 -0.640424 
0.00058466 -0.108862 -0.640427 
0.00058455 -0.108858 -0.640426 
0.00058474 -0.108859 -0.640428 
0.000584968 -0.108857 -0.640429 
0.000584559 -0.108858 -0.640432 
0.00058451 -0.108855 -0.640429 
0.000584465 -0.108856 -0.640431 
0.000587192 -0.108862 -0.640426 
0.000587349 -0.108863 -0.640429 
0.000587671 -0.108859 -0.640428 
0.00058768 -0.10886 -0.640431 
0.000587763 -0.108859 -0.640431 
0.00058715 -0.10886 -0.640434 
0.000586843 -0.108856 -0.640431 
0.00058669 -0.108857 -0.640433 
0.000581634 -0.108862 -0.640426 
0.000581174 -0.108863 -0.640429 
0.000581198 -0.108858 -0.640427 
0.000581068 -0.10886 -0.64043 
0.000581558 -0.108858 -0.640429 
0.00058144 -0.108859 -0.640433 
0.000581087 -0.108856 -0.640429 
0.000581659 -0.108857 -0.640432 
0.000582604 -0.108861 -0.640427 
0.000581994 -0.108863 -0.64043 
0.000582276 -0.108859 -0.640429 
0.000582497 -0.108859 -0.640432 
0.000582625 -0.108858 -0.640431 
0.000582909 -0.10886 -0.640434 
0.000582184 -0.108855 -0.640431 
0.000582471 -0.108857 -0.640434 
0.000581856 -0.10886 -0.640429 
0.000581406 -0.108862 -0.640431 
0.000581375 -0.108857 -0.640431 
0.000581676 -0.108858 -0.640434 
0.000581295 -0.108857 -0.640434 
0.000581863 -0.108858 -0.640436 
0.000581628 -0.108855 -0.640433 
0.000581801 -0.108856 -0.640436 
0.000581019 -0.108861 -0.640427 
0.000580057 -0.108863 -0.64043 
0.000580606 -0.108858 -0.640429 
0.000580449 -0.108859 -0.640432 
0.000580457 -0.108858 -0.640432 
0.000580933 -0.108859 -0.640435 
0.000580345 -0.108855 -0.640432 
0.000580805 -0.108856 -0.640435 
0.000580412 -0.108861 -0.640428 
0.000579743 -0.108864 -0.64043 
0.000580229 -0.108859 -0.640429 
0.000580028 -0.10886 -0.640433 
0.000579979 -0.108859 -0.640432 
0.000579943 -0.108859 -0.640435 
0.000579492 -0.108856 -0.640431 
0.000579479 -0.108857 -0.640435 
-0.000192362 -0.0129834 -0.622982 
-0.000191938 -0.0129871 -0.622986 
-0.000192567 -0.0129838 -0.622981 
-0.000192331 -0.0129862 -0.622984 
-0.000192327 -0.0129848 -0.62298 
-0.000192354 -0.0129878 -0.622983 
-0.000192384 -0.0129854 -0.622978 
-0.00019182 -0.0129901 -0.622981 
-0.000196096 -0.012984 -0.622981 
-0.000195786 -0.0129881 -0.622984 
-0.000195705 -0.0129836 -0.622979 
-0.000195463 -0.0129872 -0.622983 
-0.00019653 -0.0129852 -0.622978 
-0.000195402 -0.0129883 -0.622982 
-0.000195562 -0.0129865 -0.622976 
-0.000195503 -0.0129895 -0.622979 
-0.000195308 -0.0129847 -0.622978 
-0.000194808 -0.0129895 -0.622981 
-0.000195284 -0.0129849 -0.622976 
-0.000195289 -0.0129887 -0.62298 
-0.000194855 -0.0129856 -0.622975 
-0.000195271 -0.0129902 -0.622979 
-0.000195504 -0.0129878 -0.622974 
-0.000195416 -0.0129909 -0.622976 
-0.000192546 -0.012985 -0.622977 
-0.000192671 -0.0129887 -0.622981 
-0.000192332 -0.0129846 -0.622975 
-0.00019312 -0.0129885 -0.622979 
-0.000192357 -0.0129857 -0.622975 
-0.000192805 -0.0129903 -0.622978 
-0.000192775 -0.0129873 -0.622972 
-0.000193067 -0.0129909 -0.622976 
-0.00019267 -0.0129842 -0.622977 
-0.000193278 -0.012989 -0.622981 
-0.000192658 -0.0129844 -0.622976 
-0.000193727 -0.0129882 -0.622979 
-0.000193158 -0.0129851 -0.622975 
-0.000193314 -0.0129901 -0.622979 
-0.000193304 -0.012987 -0.622973 
-0.000193391 -0.0129905 -0.622976 
-0.000193426 -0.012985 -0.622976 
-0.000193405 -0.0129899 -0.62298 
-0.000193389 -0.0129852 -0.622974 
-0.000193386 -0.0129888 -0.622978 
-0.000193463 -0.0129862 -0.622974 
-0.000193325 -0.012991 -0.622977 
-0.000193399 -0.0129875 -0.622971 
-0.000193328 -0.0129916 -0.622975 
-0.000198803 -0.0129842 -0.622977 
-0.000198213 -0.0129889 -0.622981 
-0.000198271 -0.0129841 -0.622975 
-0.000197931 -0.012988 -0.62298 
-0.000197865 -0.0129854 -0.622975 
-0.000198327 -0.01299 -0.622979 
-0.000198342 -0.0129869 -0.622973 
-0.000198425 -0.0129907 -0.622976 
-0.000197256 -0.0129844 -0.622979 
-0.000196258 -0.0129882 -0.622983 
-0.000197126 -0.0129845 -0.622977 
-0.000196805 -0.0129874 -0.622981 
-0.000196296 -0.0129855 -0.622977 
-0.000197232 -0.0129893 -0.622981 
-0.000196793 -0.0129869 -0.622974 
-0.00019722 -0.0129904 -0.622978 
-0.000221336 0.000344001 -0.610827 
-0.000221677 0.00034865 -0.610831 
-0.000222112 0.000349802 -0.610825 
-0.000221659 0.000354453 -0.610829 
-0.000222103 0.000349912 -0.610825 
-0.000221602 0.000353939 -0.610828 
-0.000221663 0.000350062 -0.610824 
-0.00022159 0.000353696 -0.610828 
-0.000222683 0.000345643 -0.610824 
-0.00022246 0.000349912 -0.610826 
-0.000223298 0.00035092 -0.610821 
-0.000222483 0.000355166 -0.610825 
-0.000222464 0.000351442 -0.61082 
-0.000222874 0.000355934 -0.610823 
-0.000222278 0.000351059 -0.610819 
-0.00022291 0.000355767 -0.610823 
-0.000221137 0.000347141 -0.61082 
-0.000220922 0.000350765 -0.610824 
-0.000221368 0.000352477 -0.610818 
-0.000222029 0.00035661 -0.610822 
-0.000221195 0.000352449 -0.610817 
-0.000221125 0.000357121 -0.61082 
-0.00022119 0.000352143 -0.610817 
-0.000221168 0.000357061 -0.61082 
-0.000221456 0.000346137 -0.610822 
-0.00022109 0.000350137 -0.610825 
-0.000221548 0.000350852 -0.61082 
-0.000221583 0.000355722 -0.610823 
-0.000221567 0.000351404 -0.610819 
-0.000221092 0.000356014 -0.610822 
-0.000221584 0.000350751 -0.610818 
-0.00022108 0.000355847 -0.610822 
-0.000220891 0.00034622 -0.610821 
-0.000221513 0.000350237 -0.610824 
-0.000221756 0.000351488 -0.610819 
-0.000221256 0.000356096 -0.610823 
-0.000221294 0.000351806 -0.610818 
-0.000221292 0.00035601 -0.610822 
-0.000221285 0.000351111 -0.610817 
-0.000221355 0.000355831 -0.610822 
-0.000224475 0.000346652 -0.610821 
-0.000224414 0.000350548 -0.610825 
-0.000224428 0.000351408 -0.61082 
-0.000224478 0.00035637 -0.610823 
-0.000224384 0.000351469 -0.610817 
-0.000224193 0.000356433 -0.610821 
-0.000224429 0.000351254 -0.610817 
-0.000224633 0.000355985 -0.61082 
-0.000223423 0.000345139 -0.610822 
-0.000223922 0.000349743 -0.610826 
-0.000223691 0.000350698 -0.610821 
-0.000223794 0.000354975 -0.610825 
-0.00022338 0.000350347 -0.610819 
-0.000223251 0.000355848 -0.610823 
-0.000223883 0.000350463 -0.610819 
-0.000223244 0.000355123 -0.610822 
-0.000222563 0.000344727 -0.610825 
-0.000222959 0.000349226 -0.610829 
-0.000222466 0.000349975 -0.610823 
-0.000222024 0.000354481 -0.610827 
-0.000222906 0.000350925 -0.610822 
-0.000222339 0.000354973 -0.610825 
-0.000222949 0.000350163 -0.610822 
-0.000222367 0.000354709 -0.610825 
0.114798 3.33042 -1.70119 
0.114798 3.33041 -1.70121 
0.114797 3.33041 -1.70119 
0.114797 3.33041 -1.7012 
0.114797 3.33041 -1.7012 
0.114797 3.3304 -1.70121 
0.114799 3.33041 -1.7012 
0.114797 3.33041 -1.70121 
0.114785 3.33042 -1.70119 
0.114786 3.33041 -1.7012 
0.114786 3.33042 -1.70119 
0.114785 3.33041 -1.7012 
0.114786 3.33041 -1.7012 
0.114785 3.33041 -1.70121 
0.114785 3.33041 -1.7012 
0.114786 3.33041 -1.70121 
0.1148 3.33042 -1.70119 
0.114798 3.33041 -1.7012 
0.114798 3.33042 -1.70118 
0.114798 3.33041 -1.70119 
0.114802 3.33041 -1.70119 
0.114798 3.33041 -1.7012 
0.1148 3.33042 -1.7012 
0.114799 3.33041 -1.7012 
0.114779 3.33042 -1.70119 
0.114779 3.33042 -1.70121 
0.114779 3.33042 -1.70119 
0.114778 3.33041 -1.7012 
0.114777 3.33041 -1.7012 
0.114779 3.33041 -1.70121 
0.114779 3.33042 -1.7012 
0.114778 3.33041 -1.70121 
0.114788 3.33042 -1.70119 
0.114787 3.33041 -1.7012 
0.114786 3.33042 -1.70119 
0.114786 3.33041 -1.7012 
0.114786 3.33041 -1.7012 
0.114786 3.33041 -1.70121 
0.114787 3.33041 -1.7012 
0.114786 3.33041 -1.70121 
0.114786 3.33042 -1.7012 
0.114785 3.33042 -1.7012 
0.114785 3.33042 -1.70119 
0.114785 3.33041 -1.7012 
0.114786 3.33041 -1.7012 
0.114785 3.33041 -1.70121 
0.114785 3.33042 -1.7012 
0.114785 3.33041 -1.70121 
0.114782 3.33042 -1.70119 
0.114783 3.33041 -1.7012 
0.114784 3.33042 -1.70119 
0.114784 3.33041 -1.7012 
0.114784 3.33041 -1.7012 
0.114784 3.33041 -1.70121 
0.114782 3.33041 -1.7012 
0.114783 3.33041 -1.70121 
0.114775 3.33042 -1.70119 
0.114776 3.33041 -1.7012 
0.114775 3.33042 -1.70119 
0.114776 3.33041 -1.7012 
0.114777 3.33041 -1.7012 
0.114777 3.33041 -1.70121 
0.114776 3.33041 -1.7012 
0.114776 3.33041 -1.70121 
-0.167039 -3.96058 -3.66722 
-0.167042 -3.96059 -3.66721 
-0.167041 -3.96054 -3.66721 
-0.167039 -3.96055 -3.6672 
-0.16704 -3.96055 -3.66721 
-0.167041 -3.96056 -3.66721 
-0.16704 -3.96055 -3.66721 
-0.167038 -3.96055 -3.6672 
-0.167038 -3.96059 -3.66722 
-0.167039 -3.96059 -3.66721 
-0.167038 -3.96054 -3.66721 
-0.167038 -3.96055 -3.6672 
-0.167039 -3.96055 -3.66721 
-0.16704 -3.96056 -3.66721 
-0.167039 -3.96055 -3.66721 
-0.16704 -3.96055 -3.6672 
-0.16704 -3.96059 -3.66723 
-0.167042 -3.96059 -3.66722 
-0.16704 -3.96054 -3.66722 
-0.167039 -3.96055 -3.66721 
-0.167039 -3.96055 -3.66722 
-0.167041 -3.96056 -3.66721 
-0.167039 -3.96054 -3.66722 
-0.16704 -3.96055 -3.66721 
-0.167047 -3.96059 -3.66722 
-0.167049 -3.96059 -3.66722 
-0.167046 -3.96055 -3.66722 
-0.167045 -3.96055 -3.66721 
-0.167046 -3.96055 -3.66722 
-0.167046 -3.96056 -3.66721 
-0.167046 -3.96055 -3.66722 
-0.167047 -3.96056 -3.66721 
-0.167047 -3.96059 -3.66722 
-0.167047 -3.96059 -3.66722 
-0.167045 -3.96055 -3.66722 
-0.167045 -3.96055 -3.66721 
-0.167045 -3.96055 -3.66722 
-0.167046 -3.96056 -3.66721 
-0.167045 -3.96055 -3.66722 
-0.167047 -3.96056 -3.66721 
-0.16705 -3.96059 -3.66723 
-0.16705 -3.96059 -3.66722 
-0.167047 -3.96054 -3.66721 
-0.167048 -3.96055 -3.66721 
-0.167048 -3.96055 -3.66722 
-0.167049 -3.96056 -3.66721 
-0.167048 -3.96055 -3.66722 
-0.167049 -3.96056 -3.66721 
-0.167049 -3.96059 -3.66722 
-0.167052 -3.96059 -3.66722 
-0.16705 -3.96054 -3.66721 
-0.16705 -3.96055 -3.6672 
-0.167049 -3.96055 -3.66722 
-0.16705 -3.96056 -3.66721 
-0.167049 -3.96055 -3.66722 
-0.167049 -3.96055 -3.66721 
-0.167043 -3.96059 -3.66722 
-0.167045 -3.96059 -3.66721 
-0.167044 -3.96054 -3.66721 
-0.167044 -3.96055 -3.6672 
-0.167043 -3.96055 -3.66721 
-0.167044 -3.96056 -3.66721 
-0.167043 -3.96055 -3.66721 
-0.167044 -3.96055 -3.6672 
0.00672208 -1.09207 -1.9842 
0.00672301 -1.09208 -1.98418 
0.00672285 -1.09206 -1.9842 
0.00672337 -1.09207 -1.98418 
0.00672366 -1.09206 -1.9842 
0.0067234 -1.09207 -1.98418 
0.00672324 -1.09206 -1.9842 
0.00672369 -1.09207 -1.98418 
0.00672004 -1.09207 -1.9842 
0.00672171 -1.09208 -1.98418 
0.00672154 -1.09207 -1.9842 
0.00672031 -1.09207 -1.98418 
0.00672154 -1.09206 -1.9842 
0.00671948 -1.09207 -1.98418 
0.00672076 -1.09206 -1.9842 
0.0067201 -1.09207 -1.98418 
0.00672793 -1.09207 -1.9842 
0.00672834 -1.09208 -1.98419 
0.0067279 -1.09207 -1.9842 
0.00672823 -1.09207 -1.98419 
0.00672657 -1.09206 -1.9842 
0.00672772 -1.09207 -1.98419 
0.00672679 -1.09206 -1.9842 
0.00672853 -1.09207 -1.98418 
0.00672673 -1.09207 -1.9842 
0.00672692 -1.09208 -1.98418 
0.00672872 -1.09206 -1.9842 
0.0067277 -1.09207 -1.98418 
0.00672891 -1.09206 -1.9842 
0.00672716 -1.09207 -1.98418 
0.00672747 -1.09206 -1.9842 
0.00672803 -1.09207 -1.98418 
0.00672498 -1.09207 -1.9842 
0.00672331 -1.09207 -1.98418 
0.00672488 -1.09206 -1.98419 
0.00672504 -1.09207 -1.98418 
0.00672482 -1.09206 -1.98419 
0.00672497 -1.09207 -1.98418 
0.0067251 -1.09206 -1.98419 
0.00672522 -1.09207 -1.98418 
0.00671991 -1.09207 -1.98419 
0.00671894 -1.09208 -1.98418 
0.00672044 -1.09206 -1.98419 
0.00672042 -1.09207 -1.98418 
0.00671901 -1.09206 -1.98419 
0.00671914 -1.09207 -1.98418 
0.00672059 -1.09206 -1.98419 
0.00671937 -1.09207 -1.98417 
0.00671922 -1.09207 -1.98419 
0.00671986 -1.09207 -1.98418 
0.00671949 -1.09206 -1.98419 
0.00672097 -1.09207 -1.98418 
0.00672055 -1.09206 -1.98419 
0.00672076 -1.09206 -1.98418 
0.00672107 -1.09206 -1.98419 
0.0067199 -1.09206 -1.98417 
0.00672808 -1.09207 -1.9842 
0.00672531 -1.09207 -1.98418 
0.00672619 -1.09206 -1.9842 
0.00672742 -1.09207 -1.98418 
0.00672611 -1.09206 -1.9842 
0.00672702 -1.09207 -1.98418 
0.00672763 -1.09206 -1.9842 
0.00672628 -1.09206 -1.98418 
0.00415098 1.01564 -1.85639 
0.00414944 1.01565 -1.85638 
0.00415101 1.01565 -1.85639 
0.00415154 1.01566 -1.85638 
0.00415198 1.01565 -1.85638 
0.00415074 1.01565 -1.85637 
0.00414991 1.01564 -1.85639 
0.00415085 1.01565 -1.85638 
0.00415371 1.01565 -1.85638 
0.00415395 1.01565 -1.85637 
0.00415245 1.01565 -1.85638 
0.00415174 1.01566 -1.85637 
0.00415067 1.01565 -1.85638 
0.00415352 1.01566 -1.85637 
0.00415307 1.01565 -1.85639 
0.00415213 1.01565 -1.85637 
0.00415826 1.01565 -1.85639 
0.00415853 1.01565 -1.85638 
0.0041574 1.01565 -1.85639 
0.00415855 1.01566 -1.85638 
0.00415686 1.01565 -1.85638 
0.00415838 1.01565 -1.85637 
0.00415814 1.01565 -1.85639 
0.00415694 1.01565 -1.85638 
0.00415584 1.01564 -1.85638 
0.00415517 1.01565 -1.85637 
0.00415601 1.01565 -1.85638 
0.004156 1.01566 -1.85637 
0.00415599 1.01565 -1.85638 
0.00415544 1.01565 -1.85637 
0.00415605 1.01565 -1.85638 
0.00415556 1.01565 -1.85637 
0.00415363 1.01564 -1.85638 
0.00415188 1.01565 -1.85637 
0.00415242 1.01565 -1.85638 
0.00415196 1.01566 -1.85637 
0.00415352 1.01565 -1.85638 
0.00415086 1.01565 -1.85637 
0.00415377 1.01565 -1.85638 
0.00415181 1.01565 -1.85637 
0.00414785 1.01564 -1.85638 
0.00414724 1.01565 -1.85637 
0.00414941 1.01565 -1.85638 
0.0041489 1.01566 -1.85637 
0.00414944 1.01565 -1.85638 
0.00414765 1.01565 -1.85637 
0.00414773 1.01564 -1.85638 
0.00414877 1.01565 -1.85637 
0.00415719 1.01564 -1.85639 
0.00415441 1.01565 -1.85637 
0.00415705 1.01565 -1.85639 
0.00415623 1.01566 -1.85637 
0.00415676 1.01565 -1.85638 
0.00415576 1.01565 -1.85637 
0.00415461 1.01564 -1.85639 
0.00415668 1.01565 -1.85637 
0.00416287 1.01564 -1.85639 
0.00416117 1.01565 -1.85638 
0.00416022 1.01565 -1.85639 
0.00416083 1.01565 -1.85638 
0.00416164 1.01564 -1.85639 
0.00415984 1.01565 -1.85638 
0.00416315 1.01564 -1.85639 
0.00416041 1.01565 -1.85638 
-0.00174478 -0.0586381 -1.4411 
-0.00174433 -0.0586398 -1.44112 
-0.00174303 -0.0585963 -1.4411 
-0.0017423 -0.0585976 -1.44111 
-0.00174434 -0.0585934 -1.4411 
-0.00174342 -0.0585937 -1.44111 
-0.0017444 -0.0585964 -1.4411 
-0.00174195 -0.0585963 -1.44111 
-0.00174359 -0.0586426 -1.44111 
-0.0017423 -0.0586419 -1.44112 
-0.00174521 -0.058601 -1.44111 
-0.00174337 -0.0585994 -1.44112 
-0.00174347 -0.0585952 -1.4411 
-0.00174328 -0.0585961 -1.44111 
-0.00174352 -0.0585982 -1.4411 
-0.00174287 -0.0585991 -1.44111 
-0.00174013 -0.0586406 -1.4411 
-0.00174075 -0.0586411 -1.44111 
-0.00174263 -0.0585984 -1.4411 
-0.00174225 -0.0585971 -1.44111 
-0.0017412 -0.0585938 -1.4411 
-0.00174148 -0.0585967 -1.44111 
-0.00174259 -0.0585948 -1.4411 
-0.00174168 -0.0585985 -1.44111 
-0.00174292 -0.0586402 -1.4411 
-0.0017432 -0.0586408 -1.44111 
-0.00174401 -0.0585979 -1.44109 
-0.00174516 -0.058599 -1.44111 
-0.00174415 -0.0585956 -1.44109 
-0.00174453 -0.058597 -1.4411 
-0.00174674 -0.0585972 -1.44109 
-0.00174445 -0.0585986 -1.4411 
-0.001742 -0.0586399 -1.4411 
-0.00174305 -0.0586407 -1.44111 
-0.00174449 -0.0585976 -1.4411 
-0.0017454 -0.058597 -1.44111 
-0.0017437 -0.0585925 -1.4411 
-0.00174247 -0.0585962 -1.44111 
-0.00174458 -0.0585971 -1.4411 
-0.00174415 -0.0585982 -1.44111 
-0.00174658 -0.0586384 -1.4411 
-0.00174653 -0.0586389 -1.44112 
-0.00174845 -0.0585998 -1.4411 
-0.00174702 -0.0585981 -1.44111 
-0.00174756 -0.0585929 -1.4411 
-0.00174663 -0.058596 -1.44111 
-0.00174727 -0.058596 -1.4411 
-0.00174666 -0.058599 -1.44111 
-0.00175356 -0.0586377 -1.4411 
-0.00175312 -0.0586404 -1.44112 
-0.00175192 -0.0585992 -1.4411 
-0.00175415 -0.0585976 -1.44111 
-0.00175445 -0.0585935 -1.4411 
-0.0017538 -0.0585969 -1.44111 
-0.00175325 -0.0585961 -1.4411 
-0.00175269 -0.0585972 -1.44111 
-0.00175319 -0.0586365 -1.4411 
-0.00175144 -0.0586398 -1.44111 
-0.00175224 -0.058598 -1.4411 
-0.00175086 -0.0585972 -1.44111 
-0.00175127 -0.0585932 -1.4411 
-0.00175163 -0.0585957 -1.44111 
-0.00175098 -0.0585948 -1.4411 
-0.00175031 -0.0585958 -1.44111 
-0.00395257 -0.0961876 -1.48325 
-0.00395246 -0.0961865 -1.48327 
-0.0039505 -0.0961957 -1.48325 
-0.00395084 -0.0961945 -1.48327 
-0.00395101 -0.0961995 -1.48325 
-0.00395163 -0.0962018 -1.48326 
-0.00395187 -0.0961908 -1.48324 
-0.0039518 -0.0961883 -1.48326 
-0.00395614 -0.0961865 -1.48325 
-0.00395792 -0.0961855 -1.48326 
-0.0039568 -0.0961943 -1.48325 
-0.00395716 -0.0961944 -1.48327 
-0.00395732 -0.0961986 -1.48325 
-0.00395728 -0.0962012 -1.48326 
-0.00395774 -0.0961908 -1.48324 
-0.00395821 -0.0961873 -1.48326 
-0.00395631 -0.0961888 -1.48325 
-0.00395756 -0.0961868 -1.48326 
-0.00395618 -0.0961951 -1.48325 
-0.00395745 -0.0961946 -1.48326 
-0.00395867 -0.0962008 -1.48324 
-0.00395644 -0.0962008 -1.48325 
-0.00395915 -0.0961905 -1.48324 
-0.00395895 -0.0961899 -1.48325 
-0.00395981 -0.096186 -1.48325 
-0.00395986 -0.0961863 -1.48326 
-0.00396011 -0.0961944 -1.48325 
-0.003959 -0.0961938 -1.48326 
-0.00395943 -0.0962002 -1.48324 
-0.00396082 -0.0962001 -1.48326 
-0.00395939 -0.0961891 -1.48324 
-0.00395932 -0.096189 -1.48325 
-0.00394911 -0.0961858 -1.48325 
-0.00395012 -0.0961863 -1.48326 
-0.00394747 -0.0961942 -1.48325 
-0.0039479 -0.0961941 -1.48326 
-0.00394987 -0.0962013 -1.48325 
-0.00394984 -0.0962009 -1.48326 
-0.00394909 -0.0961909 -1.48324 
-0.00395039 -0.0961908 -1.48326 
-0.00397256 -0.0961874 -1.48325 
-0.00397238 -0.096187 -1.48327 
-0.00397332 -0.0961948 -1.48326 
-0.00397301 -0.0961944 -1.48327 
-0.00397321 -0.0962003 -1.48325 
-0.00397345 -0.0961998 -1.48326 
-0.00397367 -0.0961911 -1.48325 
-0.00397261 -0.0961895 -1.48326 
-0.00396416 -0.0961879 -1.48325 
-0.00396382 -0.0961874 -1.48326 
-0.00396585 -0.0961952 -1.48325 
-0.00396555 -0.0961951 -1.48327 
-0.00396287 -0.0961998 -1.48325 
-0.00396284 -0.0962015 -1.48326 
-0.0039636 -0.0961928 -1.48324 
-0.00396176 -0.0961894 -1.48326 
-0.00396983 -0.096188 -1.48325 
-0.00396951 -0.096188 -1.48327 
-0.0039713 -0.0961957 -1.48325 
-0.00396959 -0.0961961 -1.48327 
-0.00396849 -0.0962005 -1.48325 
-0.00396864 -0.0962017 -1.48326 
-0.00396931 -0.0961924 -1.48325 
-0.00396789 -0.0961903 -1.48326 
-0.0132208 1.41567 -1.39699 
0.000100612 -0.00303019 0.00113488 
-0.0132208 1.41567 -1.39699 
0.00010022 -0.00302801 0.00113504 
-0.0132207 1.41567 -1.39698 
0.000102406 -0.0030307 0.00113418 
-0.0132209 1.41567 -1.39699 
0.000102197 -0.00302998 0.00113439 
-0.0132206 1.41567 -1.39699 
0.000101032 -0.00302911 0.00113397 
-0.013221 1.41567 -1.39699 
0.000100943 -0.00302813 0.00113584 
-0.0132205 1.41567 -1.39698 
9.94395e-05 -0.00303005 0.00113444 
-0.0132213 1.41567 -1.39699 
9.98636e-05 -0.00302747 0.00113492 
-0.013227 1.41567 -1.39698 
0.000101077 -0.00302657 0.00113502 
-0.0132265 1.41567 -1.39698 
0.000101507 -0.00303015 0.00113498 
-0.0132266 1.41567 -1.39698 
0.00010079 -0.00302982 0.0011363 
-0.0132264 1.41567 -1.39698 
0.00010177 -0.00302952 0.00113431 
-0.0132267 1.41567 -1.39698 
0.00010163 -0.00302861 0.00113514 
-0.0132266 1.41567 -1.39699 
0.00010043 -0.00302944 0.00113467 
-0.0132268 1.41568 -1.39698 
0.000101121 -0.00302999 0.00113496 
-0.0132265 1.41568 -1.39698 
0.000100806 -0.003029 0.00113549 
-0.0132297 1.41567 -1.39698 
9.92915e-05 -0.00302973 0.00113558 
-0.0132301 1.41567 -1.39699 
0.000100599 -0.00302826 0.00113398 
-0.0132304 1.41567 -1.39698 
0.000100565 -0.00303071 0.00113484 
-0.0132304 1.41567 -1.39698 
0.000101033 -0.00302787 0.00113497 
-0.0132305 1.41567 -1.39698 
0.000100883 -0.00302871 0.00113453 
-0.0132298 1.41567 -1.39699 
0.000102345 -0.00303123 0.00113504 
-0.0132301 1.41568 -1.39698 
0.000102196 -0.00302852 0.00113545 
-0.0132299 1.41567 -1.39698 
0.000101048 -0.00303062 0.00113678 
-0.0132285 1.41567 -1.39699 
9.93857e-05 -0.00302878 0.00113531 
-0.0132292 1.41567 -1.39699 
0.000100258 -0.0030298 0.00113456 
-0.0132292 1.41567 -1.39698 
9.97459e-05 -0.00303045 0.001135 
-0.0132295 1.41567 -1.39699 
0.000100495 -0.00302913 0.00113476 
-0.0132294 1.41567 -1.39699 
0.000101312 -0.0030273 0.00113511 
-0.013229 1.41567 -1.39699 
0.000101218 -0.00303037 0.00113425 
-0.0132291 1.41567 -1.39698 
0.00010139 -0.00302857 0.00113467 
-0.0132292 1.41567 -1.39699 
0.000101173 -0.00302812 0.00113454 
-0.0132271 1.41567 -1.39699 
0.000100411 -0.00302937 0.0011347 
-0.013227 1.41567 -1.39699 
0.000100427 -0.00303041 0.00113606 
-0.0132272 1.41567 -1.39699 
0.000102571 -0.00303013 0.00113559 
-0.0132271 1.41567 -1.39699 
9.97645e-05 -0.00302906 0.00113532 
-0.0132275 1.41567 -1.39699 
0.00010129 -0.00302754 0.00113587 
-0.013227 1.41567 -1.39699 
0.000100629 -0.00303019 0.00113426 
-0.0132275 1.41567 -1.39699 
0.000101232 -0.00302848 0.00113509 
-0.0132271 1.41567 -1.39699 
0.000102579 -0.00302778 0.00113509 
-0.0132202 1.41567 -1.39699 
0.000101031 -0.00303025 0.00113466 
-0.0132209 1.41567 -1.39699 
0.000102157 -0.00302893 0.00113644 
-0.0132204 1.41567 -1.39699 
0.000100915 -0.00303207 0.00113411 
-0.0132209 1.41567 -1.39699 
0.000102251 -0.00302886 0.0011348 
-0.0132206 1.41567 -1.39699 
0.000100145 -0.00303017 0.00113513 
-0.013221 1.41567 -1.39699 
0.000100551 -0.00302889 0.00113609 
-0.0132205 1.41567 -1.39699 
9.97301e-05 -0.00302941 0.00113548 
-0.0132207 1.41567 -1.39699 
0.000100821 -0.00302823 0.00113359 
-0.0132333 1.41567 -1.39699 
9.96058e-05 -0.00302936 0.00113492 
-0.0132329 1.41567 -1.39699 
9.84885e-05 -0.00302971 0.00113567 
-0.0132336 1.41567 -1.39699 
0.000101231 -0.00302978 0.00113581 
-0.0132332 1.41567 -1.39699 
9.99779e-05 -0.00303119 0.00113469 
-0.0132333 1.41567 -1.39699 
9.92908e-05 -0.00302787 0.00113441 
-0.0132336 1.41567 -1.39699 
0.000101017 -0.00303119 0.00113616 
-0.0132334 1.41567 -1.39699 
0.000101125 -0.00302962 0.00113551 
-0.0132333 1.41567 -1.39699 
0.000100678 -0.00302856 0.0011371 
-0.0132362 1.41567 -1.39699 
0.000100724 -0.00302881 0.00113513 
-0.0132357 1.41567 -1.39699 
9.96625e-05 -0.00303168 0.00113574 
-0.0132364 1.41567 -1.39699 
0.000100848 -0.00303138 0.00113538 
-0.0132359 1.41567 -1.39699 
0.000100912 -0.00302805 0.00113497 
-0.0132358 1.41567 -1.39699 
9.97436e-05 -0.0030282 0.00113491 
-0.0132357 1.41567 -1.39699 
0.000101017 -0.00303147 0.00113547 
-0.013236 1.41567 -1.39699 
9.98367e-05 -0.00302887 0.00113573 
-0.0132358 1.41567 -1.39699 
0.000100405 -0.00302928 0.00113385 
0.0187696 -0.893969 -3.08406 
-9.19947e-05 -0.00539107 0.00500628 
0.0187697 -0.893969 -3.08405 
-9.00526e-05 -0.00539101 0.00500779 
0.01877 -0.893975 -3.08406 
-9.18538e-05 -0.00539186 0.00500723 
0.0187702 -0.893975 -3.08405 
-9.28007e-05 -0.00539311 0.00500735 
0.01877 -0.893973 -3.08406 
-9.27174e-05 -0.00539181 0.00500668 
0.0187696 -0.893972 -3.08405 
-9.10767e-05 -0.00539298 0.00500838 
0.0187695 -0.893974 -3.08405 
-9.02465e-05 -0.00539172 0.00500758 
0.0187699 -0.893974 -3.08405 
-9.06066e-05 -0.00539158 0.00500751 
0.0187704 -0.89397 -3.08405 
-9.07857e-05 -0.00539166 0.0050071 
0.0187706 -0.89397 -3.08405 
-9.10208e-05 -0.00539344 0.00500714 
0.0187708 -0.893976 -3.08405 
-9.19023e-05 -0.00539122 0.00500752 
0.018771 -0.893976 -3.08405 
-9.14426e-05 -0.00539216 0.00500858 
0.0187707 -0.893974 -3.08405 
-9.1342e-05 -0.00539192 0.00500754 
0.0187711 -0.893974 -3.08405 
-9.13857e-05 -0.00539281 0.00500713 
0.0187709 -0.893975 -3.08405 
-9.11948e-05 -0.00539014 0.00500857 
0.0187711 -0.893976 -3.08405 
-9.29637e-05 -0.00539169 0.00500612 
0.0187591 -0.893972 -3.08405 
-9.18126e-05 -0.00539043 0.00500914 
0.0187594 -0.893971 -3.08405 
-9.20317e-05 -0.00539363 0.00500717 
0.0187594 -0.893977 -3.08405 
-9.05725e-05 -0.00539217 0.0050097 
0.0187593 -0.893978 -3.08405 
-9.24212e-05 -0.00538918 0.00500738 
0.0187594 -0.893976 -3.08405 
-9.01602e-05 -0.00539182 0.00500772 
0.0187593 -0.893975 -3.08405 
-9.16536e-05 -0.00539286 0.0050083 
0.0187591 -0.893976 -3.08405 
-9.11349e-05 -0.00539233 0.00500766 
0.0187593 -0.893976 -3.08404 
-9.09959e-05 -0.00539232 0.00500936 
0.0187638 -0.893971 -3.08405 
-9.3265e-05 -0.00539264 0.00500847 
0.0187642 -0.89397 -3.08405 
-9.08733e-05 -0.00539324 0.00500843 
0.0187636 -0.893976 -3.08405 
-9.06116e-05 -0.00539071 0.00500704 
0.0187638 -0.893977 -3.08405 
-9.27243e-05 -0.00539201 0.00500857 
0.0187641 -0.893975 -3.08405 
-9.1676e-05 -0.00539104 0.00500768 
0.0187641 -0.893974 -3.08405 
-9.10399e-05 -0.00539242 0.00500794 
0.0187638 -0.893975 -3.08405 
-9.23734e-05 -0.0053938 0.00500716 
0.0187639 -0.893975 -3.08405 
-9.20862e-05 -0.00539114 0.00500686 
0.0187661 -0.893971 -3.08406 
-9.20463e-05 -0.00539335 0.00500724 
0.0187657 -0.893971 -3.08405 
-9.06722e-05 -0.00539108 0.00500824 
0.0187656 -0.893976 -3.08406 
-9.09979e-05 -0.00539138 0.00500704 
0.0187662 -0.893977 -3.08405 
-9.15033e-05 -0.00539194 0.00500808 
0.0187658 -0.893975 -3.08405 
-9.14829e-05 -0.0053915 0.00500681 
0.0187662 -0.893974 -3.08405 
-9.11753e-05 -0.00539216 0.00500863 
0.0187662 -0.893976 -3.08405 
-9.15981e-05 -0.00539184 0.00500693 
0.0187659 -0.893976 -3.08405 
-9.16729e-05 -0.00539157 0.00500661 
0.0187676 -0.893971 -3.08406 
-9.33815e-05 -0.00539355 0.00500701 
0.0187681 -0.893971 -3.08405 
-9.11296e-05 -0.00539132 0.00500745 
0.0187675 -0.893977 -3.08406 
-9.07489e-05 -0.00539022 0.00500701 
0.0187675 -0.893977 -3.08405 
-9.26074e-05 -0.00539139 0.0050089 
0.0187679 -0.893975 -3.08406 
-9.29123e-05 -0.00539106 0.00500704 
0.0187676 -0.893974 -3.08405 
-9.06164e-05 -0.00539199 0.00500744 
0.0187678 -0.893976 -3.08405 
-9.1422e-05 -0.00539178 0.00500765 
0.0187676 -0.893976 -3.08405 
-9.09497e-05 -0.00539186 0.00500577 
0.0187673 -0.89397 -3.08406 
-9.28165e-05 -0.00539281 0.00500727 
0.0187673 -0.893971 -3.08405 
-9.04932e-05 -0.00539084 0.00500686 
0.018767 -0.893976 -3.08406 
-9.21229e-05 -0.00539157 0.00500796 
0.0187673 -0.893976 -3.08405 
-9.22641e-05 -0.00539285 0.00500779 
0.0187669 -0.893974 -3.08406 
-9.13208e-05 -0.00539117 0.00500726 
0.0187671 -0.893974 -3.08405 
-9.01194e-05 -0.0053923 0.00500782 
0.0187672 -0.893976 -3.08405 
-9.01107e-05 -0.00538989 0.00500808 
0.018767 -0.893975 -3.08405 
-9.23001e-05 -0.0053912 0.00500687 
0.018759 -0.89397 -3.08406 
-9.29821e-05 -0.00539317 0.0050072 
0.0187588 -0.89397 -3.08405 
-9.00899e-05 -0.00539081 0.00500652 
0.0187591 -0.893976 -3.08406 
-9.17849e-05 -0.00539058 0.0050081 
0.0187589 -0.893975 -3.08405 
-9.1859e-05 -0.00539222 0.00500727 
0.018759 -0.893974 -3.08405 
-9.22252e-05 -0.00539149 0.00500659 
0.0187593 -0.893973 -3.08405 
-9.03281e-05 -0.00539144 0.00500765 
0.0187592 -0.893975 -3.08405 
-9.08696e-05 -0.00539208 0.00500754 
0.0187592 -0.893975 -3.08405 
-9.26896e-05 -0.00539039 0.00500833 
-0.00364875 -0.0926228 3.25139 
5.6766e-06 0.00219478 0.00133698 
-0.00364834 -0.0926262 3.25139 
5.28598e-06 0.00219773 0.00133689 
-0.00364843 -0.0926256 3.25139 
4.47204e-06 0.0021961 0.0013362 
-0.00364844 -0.092629 3.25139 
5.41475e-06 0.00219533 0.00133655 
-0.00364801 -0.0926104 3.25139 
3.3567e-06 0.00219458 0.0013372 
-0.00364797 -0.0926147 3.25139 
3.39817e-06 0.00219654 0.00133488 
-0.00364802 -0.0926051 3.25139 
4.53865e-06 0.00219521 0.00133669 
-0.00364772 -0.0926089 3.25139 
3.54897e-06 0.00219621 0.00133702 
-0.00364878 -0.0926222 3.25139 
3.79163e-06 0.00219714 0.0013352 
-0.00364892 -0.0926251 3.25139 
5.15041e-06 0.00219535 0.00133581 
-0.00364888 -0.0926249 3.25139 
4.89612e-06 0.00219626 0.00133675 
-0.00364874 -0.0926283 3.25139 
3.71631e-06 0.00219451 0.00133766 
-0.00364847 -0.0926095 3.25139 
4.52608e-06 0.00219566 0.00133613 
-0.00364875 -0.0926147 3.25139 
3.97422e-06 0.00219854 0.00133685 
-0.00364866 -0.0926045 3.25139 
4.66137e-06 0.00219592 0.00133443 
-0.00364928 -0.0926088 3.25139 
5.35829e-06 0.00219499 0.00133719 
-0.00364949 -0.092622 3.25139 
4.54867e-06 0.00219568 0.00133638 
-0.00364948 -0.0926259 3.25139 
3.85354e-06 0.00219515 0.00133655 
-0.00364922 -0.0926242 3.25139 
3.95588e-06 0.00219586 0.00133658 
-0.00364909 -0.0926285 3.25139 
4.84021e-06 0.00219475 0.00133592 
-0.00364918 -0.0926094 3.25139 
5.29603e-06 0.0021962 0.00133674 
-0.00364895 -0.0926144 3.25139 
4.53394e-06 0.0021971 0.00133636 
-0.00364907 -0.0926046 3.25139 
5.22446e-06 0.00219727 0.00133601 
-0.00364938 -0.0926084 3.25139 
5.40339e-06 0.00219605 0.00133611 
-0.00364726 -0.0926227 3.25139 
4.32542e-06 0.00219545 0.00133686 
-0.00364706 -0.092627 3.25139 
3.98597e-06 0.00219579 0.00133759 
-0.00364704 -0.0926257 3.25139 
4.44881e-06 0.00219566 0.00133722 
-0.00364661 -0.0926297 3.25139 
4.45168e-06 0.00219564 0.00133678 
-0.00364638 -0.0926104 3.25139 
4.98486e-06 0.00219492 0.00133813 
-0.0036466 -0.0926147 3.25139 
3.66361e-06 0.00219654 0.0013348 
-0.00364662 -0.0926059 3.25139 
3.68305e-06 0.00219679 0.00133716 
-0.0036465 -0.0926093 3.25139 
4.80904e-06 0.00219543 0.0013371 
-0.00364674 -0.0926219 3.25139 
5.64985e-06 0.00219533 0.0013354 
-0.00364711 -0.0926257 3.25139 
4.06194e-06 0.00219492 0.00133636 
-0.00364662 -0.0926246 3.25139 
5.39476e-06 0.00219555 0.00133712 
-0.0036467 -0.0926294 3.25139 
4.62656e-06 0.00219684 0.00133551 
-0.0036466 -0.0926096 3.25139 
4.354e-06 0.00219569 0.00133782 
-0.00364661 -0.0926149 3.25139 
3.39267e-06 0.00219769 0.00133653 
-0.00364681 -0.092605 3.25139 
3.41475e-06 0.00219678 0.00133421 
-0.00364668 -0.0926081 3.25139 
3.74205e-06 0.0021958 0.00133777 
-0.00364616 -0.0926202 3.25139 
3.80739e-06 0.0021968 0.00133582 
-0.00364638 -0.0926237 3.2514 
4.24172e-06 0.00219395 0.00133788 
-0.00364617 -0.0926227 3.2514 
4.17651e-06 0.002196 0.00133791 
-0.00364638 -0.0926268 3.2514 
4.52684e-06 0.00219379 0.00133605 
-0.00364574 -0.0926084 3.25139 
4.18704e-06 0.00219621 0.00133727 
-0.00364607 -0.0926125 3.2514 
4.74849e-06 0.0021974 0.00133685 
-0.00364563 -0.0926034 3.25139 
4.35538e-06 0.00219773 0.00133668 
-0.00364604 -0.0926065 3.25139 
3.95516e-06 0.0021973 0.00133905 
-0.00364408 -0.0926221 3.25139 
4.67725e-06 0.00219618 0.00133525 
-0.00364445 -0.0926255 3.25139 
6.76913e-06 0.00219573 0.00133754 
-0.00364463 -0.0926245 3.25139 
6.20866e-06 0.0021953 0.00133685 
-0.0036442 -0.0926287 3.2514 
4.19607e-06 0.00219546 0.00133665 
-0.00364385 -0.0926096 3.25139 
2.7251e-06 0.00219595 0.00133658 
-0.00364387 -0.0926145 3.25139 
3.28172e-06 0.00219574 0.00133745 
-0.00364348 -0.092605 3.25139 
3.9674e-06 0.00219302 0.00133713 
-0.00364356 -0.0926082 3.25139 
3.14837e-06 0.00219635 0.00133672 
-0.0036439 -0.0926223 3.25139 
5.3363e-06 0.00219605 0.00133548 
-0.00364407 -0.0926255 3.25139 
6.39169e-06 0.00219685 0.00133754 
-0.00364441 -0.0926246 3.25139 
5.17936e-06 0.00219627 0.00133764 
-0.00364415 -0.0926292 3.2514 
5.03075e-06 0.00219525 0.00133599 
-0.00364391 -0.0926098 3.25139 
3.87312e-06 0.00219565 0.00133586 
-0.00364372 -0.0926148 3.25139 
3.48845e-06 0.0021949 0.00133791 
-0.00364376 -0.0926049 3.25139 
4.18015e-06 0.00219467 0.00133709 
-0.00364375 -0.0926086 3.25139 
3.83132e-06 0.00219602 0.00133622 
0.0019237 -0.0561121 3.15861 
-2.51253e-05 0.00385101 0.00318952 
0.00192354 -0.0561082 3.15861 
-2.47861e-05 0.00384855 0.00319083 
0.00192325 -0.0561202 3.15862 
-2.57762e-05 0.00385037 0.00318963 
0.0019232 -0.0561162 3.15862 
-2.49773e-05 0.00385111 0.0031911 
0.00192352 -0.0561249 3.15862 
-2.47326e-05 0.00384941 0.00319043 
0.00192355 -0.056122 3.15862 
-2.54414e-05 0.00385114 0.00318958 
0.00192343 -0.0561302 3.15862 
-2.46991e-05 0.00385172 0.00319132 
0.00192355 -0.0561264 3.15862 
-2.44097e-05 0.00384951 0.0031907 
0.00190811 -0.0561119 3.15861 
-2.37538e-05 0.00385049 0.00319027 
0.00190852 -0.0561077 3.15861 
-2.49322e-05 0.00384885 0.0031895 
0.00190797 -0.0561194 3.15862 
-2.49635e-05 0.00385159 0.0031893 
0.00190816 -0.056116 3.15862 
-2.5537e-05 0.00385075 0.00318941 
0.00190799 -0.0561252 3.15862 
-2.70671e-05 0.00385049 0.00319116 
0.00190772 -0.0561222 3.15862 
-2.57478e-05 0.00385059 0.00319012 
0.00190797 -0.0561303 3.15862 
-2.43563e-05 0.00384975 0.00319081 
0.00190804 -0.0561255 3.15862 
-2.72738e-05 0.00385095 0.00319099 
0.00191195 -0.0561129 3.15861 
-2.63125e-05 0.00384936 0.00319068 
0.00191177 -0.0561085 3.15861 
-2.37849e-05 0.00384896 0.0031907 
0.00191155 -0.0561208 3.15861 
-2.46131e-05 0.003851 0.00319031 
0.00191172 -0.0561174 3.15861 
-2.44906e-05 0.00385161 0.00319012 
0.00191145 -0.0561267 3.15861 
-2.56826e-05 0.00384968 0.00319059 
0.00191149 -0.056123 3.15861 
-2.65472e-05 0.00385132 0.00318937 
0.00191174 -0.0561317 3.15861 
-2.51499e-05 0.00384921 0.00318905 
0.00191178 -0.0561267 3.15861 
-2.38245e-05 0.00385073 0.00319048 
0.00191538 -0.0561113 3.15861 
-2.58736e-05 0.00385032 0.00319083 
0.0019152 -0.056108 3.15861 
-2.5369e-05 0.00384869 0.00319046 
0.00191504 -0.0561197 3.15862 
-2.56797e-05 0.00385101 0.00318968 
0.00191503 -0.056116 3.15862 
-2.44958e-05 0.00385167 0.00319124 
0.00191523 -0.0561257 3.15861 
-2.58384e-05 0.00384945 0.00319175 
0.00191479 -0.0561218 3.15862 
-2.37567e-05 0.00385089 0.00319091 
0.00191522 -0.0561304 3.15861 
-2.4286e-05 0.00385102 0.00319091 
0.00191528 -0.0561256 3.15861 
-2.46675e-05 0.00385087 0.00319273 
0.00191499 -0.0561116 3.15862 
-2.53658e-05 0.00385103 0.00318985 
0.00191477 -0.056108 3.15862 
-2.45672e-05 0.00385015 0.00319174 
0.00191469 -0.05612 3.15862 
-2.52999e-05 0.00384912 0.00319008 
0.0019148 -0.0561159 3.15862 
-2.5372e-05 0.00385358 0.00319013 
0.0019147 -0.0561258 3.15862 
-2.46714e-05 0.00384977 0.00319049 
0.00191501 -0.0561223 3.15862 
-2.44739e-05 0.00385081 0.00319068 
0.0019146 -0.0561301 3.15862 
-2.47034e-05 0.00385024 0.00319102 
0.00191528 -0.0561263 3.15862 
-2.41583e-05 0.00385051 0.00319065 
0.00192058 -0.0561118 3.15862 
-2.67511e-05 0.00385094 0.00319049 
0.00192058 -0.056108 3.15862 
-2.60783e-05 0.00384874 0.00318958 
0.00192047 -0.0561194 3.15862 
-2.52588e-05 0.00385087 0.00319113 
0.0019208 -0.0561155 3.15862 
-2.5233e-05 0.00385226 0.00318962 
0.00192029 -0.0561253 3.15862 
-2.56373e-05 0.00384917 0.00319122 
0.00192107 -0.0561212 3.15862 
-2.51892e-05 0.00385066 0.00318863 
0.00192005 -0.0561298 3.15862 
-2.51368e-05 0.00385137 0.00319146 
0.00192085 -0.0561256 3.15862 
-2.48847e-05 0.00385021 0.00319019 
0.00192148 -0.0561118 3.15862 
-2.59538e-05 0.00385155 0.00318938 
0.00192107 -0.0561082 3.15862 
-2.52316e-05 0.00384925 0.00319098 
0.00192124 -0.0561194 3.15862 
-2.60351e-05 0.00385055 0.00318985 
0.00192114 -0.0561159 3.15862 
-2.50112e-05 0.00385216 0.00319071 
0.00192079 -0.0561254 3.15862 
-2.40615e-05 0.0038489 0.00319173 
0.00192122 -0.0561219 3.15862 
-2.52024e-05 0.00385204 0.00318854 
0.00192104 -0.05613 3.15862 
-2.55393e-05 0.00385231 0.003192 
0.00192124 -0.0561262 3.15862 
-2.49594e-05 0.00384894 0.0031898 
0.00191517 -0.0561108 3.15862 
-2.45094e-05 0.00385143 0.00318861 
0.0019142 -0.0561068 3.15862 
-2.63055e-05 0.00384949 0.00319156 
0.00191457 -0.0561188 3.15862 
-2.49118e-05 0.00385063 0.00319115 
0.00191442 -0.056115 3.15862 
-2.61365e-05 0.0038503 0.00318959 
0.00191405 -0.0561245 3.15862 
-2.5984e-05 0.0038503 0.00318961 
0.00191446 -0.0561214 3.15862 
-2.47428e-05 0.00385248 0.00318926 
0.00191445 -0.0561292 3.15862 
-2.6073e-05 0.00385058 0.00319052 
0.00191416 -0.0561253 3.15862 
-2.58605e-05 0.00384945 0.00319019 
-0.0050412 0.151951 -1.11765 
1.45829e-05 -0.00404441 0.00940679 
-0.00504058 0.151952 -1.11764 
1.45094e-05 -0.00404719 0.00940713 
-0.00504149 0.151938 -1.11765 
1.50988e-05 -0.00404464 0.00940901 
-0.00504104 0.151938 -1.11764 
1.31314e-05 -0.00404508 0.00940803 
-0.0050412 0.151936 -1.11765 
1.45843e-05 -0.00404674 0.00940732 
-0.00504062 0.151937 -1.11764 
1.43793e-05 -0.00404462 0.00940695 
-0.00504111 0.151939 -1.11765 
1.40625e-05 -0.0040461 0.00940919 
-0.00504115 0.15194 -1.11764 
1.434e-05 -0.00404616 0.00940923 
-0.00504278 0.151951 -1.11765 
1.52684e-05 -0.0040446 0.00940837 
-0.00504311 0.151952 -1.11765 
1.45329e-05 -0.00404641 0.00940794 
-0.00504268 0.151939 -1.11765 
1.41179e-05 -0.0040473 0.00940819 
-0.00504308 0.151939 -1.11765 
1.49107e-05 -0.00404619 0.00940754 
-0.00504282 0.151937 -1.11766 
1.59165e-05 -0.00404606 0.00940822 
-0.00504285 0.151937 -1.11765 
1.50053e-05 -0.00404575 0.00940813 
-0.00504297 0.151939 -1.11765 
1.45778e-05 -0.00404631 0.00940832 
-0.00504284 0.15194 -1.11764 
1.42839e-05 -0.00404617 0.00940791 
-0.00504375 0.151951 -1.11766 
1.52384e-05 -0.00404635 0.00940792 
-0.00504362 0.151952 -1.11765 
1.37355e-05 -0.00404548 0.00940899 
-0.00504402 0.151938 -1.11766 
1.43075e-05 -0.00404615 0.0094077 
-0.00504356 0.151939 -1.11765 
1.48065e-05 -0.00404581 0.00940684 
-0.00504378 0.151936 -1.11766 
1.42504e-05 -0.00404569 0.00940835 
-0.00504351 0.151937 -1.11765 
1.38235e-05 -0.00404703 0.00940873 
-0.00504422 0.151939 -1.11766 
1.50507e-05 -0.00404602 0.0094075 
-0.005044 0.15194 -1.11765 
1.49743e-05 -0.00404676 0.00940756 
-0.00504265 0.151951 -1.11766 
1.46808e-05 -0.00404632 0.00940647 
-0.00504316 0.151952 -1.11765 
1.33536e-05 -0.00404524 0.00940756 
-0.00504309 0.151938 -1.11766 
1.61168e-05 -0.00404729 0.00940837 
-0.00504277 0.151939 -1.11765 
1.54659e-05 -0.0040458 0.00940862 
-0.00504304 0.151936 -1.11766 
1.4649e-05 -0.00404653 0.00940844 
-0.00504271 0.151937 -1.11765 
1.50985e-05 -0.00404731 0.00940735 
-0.00504294 0.151939 -1.11766 
1.56721e-05 -0.00404586 0.00940596 
-0.0050434 0.15194 -1.11765 
1.60214e-05 -0.00404627 0.00940862 
-0.00504288 0.151952 -1.11766 
1.48547e-05 -0.00404594 0.00940762 
-0.00504325 0.151952 -1.11765 
1.46039e-05 -0.00404459 0.00940668 
-0.00504306 0.151939 -1.11766 
1.52686e-05 -0.00404727 0.00940772 
-0.00504338 0.151939 -1.11765 
1.57664e-05 -0.00404469 0.00940832 
-0.00504305 0.151937 -1.11766 
1.37064e-05 -0.00404701 0.00940759 
-0.00504309 0.151938 -1.11765 
1.47187e-05 -0.00404697 0.00940735 
-0.00504309 0.15194 -1.11766 
1.46415e-05 -0.00404446 0.00940722 
-0.00504342 0.15194 -1.11765 
1.58557e-05 -0.00404579 0.00940887 
-0.00503651 0.151953 -1.11765 
1.63234e-05 -0.00404611 0.00940729 
-0.00503658 0.151953 -1.11765 
1.53024e-05 -0.00404403 0.00940627 
-0.0050365 0.15194 -1.11765 
1.49075e-05 -0.00404598 0.00940811 
-0.00503619 0.15194 -1.11765 
1.41245e-05 -0.00404638 0.00940833 
-0.00503633 0.151938 -1.11766 
1.61806e-05 -0.00404688 0.00940756 
-0.00503668 0.151938 -1.11765 
1.58926e-05 -0.00404598 0.00940904 
-0.00503635 0.151941 -1.11765 
1.44985e-05 -0.00404429 0.00940787 
-0.00503652 0.151941 -1.11765 
1.4595e-05 -0.00404653 0.00940756 
-0.00503673 0.151951 -1.11765 
1.55466e-05 -0.00404734 0.00940736 
-0.00503641 0.151951 -1.11765 
1.45143e-05 -0.00404653 0.00940893 
-0.00503694 0.151938 -1.11765 
1.49137e-05 -0.00404765 0.0094075 
-0.00503662 0.151939 -1.11765 
1.60332e-05 -0.0040465 0.00940714 
-0.00503676 0.151937 -1.11766 
1.65306e-05 -0.0040481 0.00940776 
-0.0050364 0.151937 -1.11765 
1.45451e-05 -0.00404742 0.00940666 
-0.00503614 0.151939 -1.11765 
1.46229e-05 -0.00404715 0.00940838 
-0.0050364 0.15194 -1.11765 
1.4929e-05 -0.00404499 0.00940967 
-0.00503897 0.15195 -1.11765 
1.56476e-05 -0.00404508 0.00940608 
-0.00503903 0.15195 -1.11765 
1.56144e-05 -0.00404643 0.0094079 
-0.00503946 0.151937 -1.11765 
1.35863e-05 -0.0040461 0.00940704 
-0.00503877 0.151937 -1.11765 
1.35349e-05 -0.00404582 0.00940811 
-0.00503874 0.151935 -1.11766 
1.31938e-05 -0.004045 0.00940881 
-0.00503865 0.151936 -1.11765 
1.50377e-05 -0.00404569 0.00940717 
-0.00503921 0.151938 -1.11765 
1.4908e-05 -0.00404606 0.00940857 
-0.00503925 0.151938 -1.11765 
1.49051e-05 -0.00404532 0.00940843 
-0.00616853 0.180391 -1.10948 
1.44734e-05 -0.00432875 0.0102996 
-0.00616855 0.180391 -1.10946 
1.54225e-05 -0.0043281 0.0102992 
-0.0061678 0.180387 -1.10948 
1.44564e-05 -0.00433027 0.0103008 
-0.00616851 0.180387 -1.10946 
1.28e-05 -0.00432827 0.0102992 
-0.00616842 0.180387 -1.10949 
1.39148e-05 -0.00432776 0.0103002 
-0.00616837 0.180387 -1.10947 
1.35662e-05 -0.00432887 0.0103008 
-0.00616786 0.180387 -1.10949 
1.31209e-05 -0.004328 0.0103005 
-0.006168 0.180387 -1.10947 
1.28158e-05 -0.00432757 0.0103005 
-0.00616765 0.180387 -1.10947 
1.44251e-05 -0.00432718 0.0102991 
-0.00616763 0.180386 -1.10946 
1.46068e-05 -0.0043292 0.0102997 
-0.00616707 0.180382 -1.10948 
1.46771e-05 -0.00432519 0.0103007 
-0.00616728 0.180383 -1.10946 
1.49572e-05 -0.00432816 0.0103006 
-0.00616767 0.180382 -1.10948 
1.44513e-05 -0.00432738 0.0103013 
-0.00616722 0.180383 -1.10947 
1.42535e-05 -0.0043298 0.0103006 
-0.00616745 0.180383 -1.10948 
1.43811e-05 -0.00432781 0.0103002 
-0.00616722 0.180383 -1.10947 
1.44731e-05 -0.00433029 0.0103022 
-0.00616756 0.180388 -1.10948 
1.4129e-05 -0.004329 0.0103008 
-0.0061672 0.180387 -1.10946 
1.44481e-05 -0.00432616 0.0102988 
-0.0061673 0.180384 -1.10948 
1.4903e-05 -0.00432681 0.0102991 
-0.00616732 0.180383 -1.10947 
1.49863e-05 -0.00432949 0.0103009 
-0.00616712 0.180383 -1.10949 
1.34029e-05 -0.00432908 0.010301 
-0.00616737 0.180384 -1.10947 
1.38457e-05 -0.00432714 0.0103005 
-0.00616738 0.180384 -1.10949 
1.46158e-05 -0.00432757 0.0103016 
-0.00616718 0.180383 -1.10947 
1.42105e-05 -0.00432714 0.0102997 
-0.00616746 0.180388 -1.10948 
1.349e-05 -0.0043281 0.0103009 
-0.00616761 0.180387 -1.10946 
1.46558e-05 -0.00432612 0.0103007 
-0.00616769 0.180383 -1.10948 
1.49201e-05 -0.00432747 0.0103005 
-0.0061672 0.180383 -1.10947 
1.48143e-05 -0.00432789 0.010301 
-0.00616755 0.180383 -1.10949 
1.38645e-05 -0.00432832 0.0102997 
-0.0061675 0.180383 -1.10947 
1.3876e-05 -0.00432598 0.0103004 
-0.00616742 0.180383 -1.10949 
1.47658e-05 -0.00432664 0.0102986 
-0.00616752 0.180383 -1.10947 
1.42191e-05 -0.00432885 0.0102992 
-0.00616786 0.180388 -1.10948 
1.39516e-05 -0.00432829 0.0103 
-0.00616761 0.180387 -1.10946 
1.45828e-05 -0.00432667 0.0102994 
-0.00616759 0.180384 -1.10948 
1.44469e-05 -0.00432749 0.0102993 
-0.00616719 0.180383 -1.10947 
1.49528e-05 -0.00432971 0.0103005 
-0.00616803 0.180383 -1.10949 
1.4383e-05 -0.00432881 0.0103025 
-0.00616719 0.180384 -1.10947 
1.36269e-05 -0.00432685 0.0103003 
-0.00616766 0.180383 -1.10949 
1.3507e-05 -0.00432547 0.0103006 
-0.00616739 0.180383 -1.10947 
1.46585e-05 -0.00432732 0.0103 
-0.0061671 0.180386 -1.10948 
1.42234e-05 -0.0043299 0.0102986 
-0.00616703 0.180385 -1.10946 
1.42019e-05 -0.00432945 0.0102997 
-0.00616678 0.180381 -1.10948 
1.47043e-05 -0.00432837 0.0103004 
-0.00616659 0.180382 -1.10947 
1.36599e-05 -0.00432987 0.0103021 
-0.00616753 0.180382 -1.10949 
1.53098e-05 -0.00433006 0.0103006 
-0.00616698 0.180381 -1.10947 
1.30678e-05 -0.0043263 0.0103 
-0.00616704 0.180381 -1.10949 
1.43083e-05 -0.00433033 0.0102994 
-0.00616688 0.180382 -1.10947 
1.35905e-05 -0.00432915 0.0103 
-0.0061631 0.180388 -1.10948 
1.31855e-05 -0.00432758 0.0103014 
-0.00616327 0.180387 -1.10946 
1.24557e-05 -0.0043265 0.010299 
-0.00616336 0.180383 -1.10948 
1.51182e-05 -0.00432664 0.0103005 
-0.00616346 0.180384 -1.10946 
1.42793e-05 -0.00432893 0.010301 
-0.00616316 0.180383 -1.10949 
1.47688e-05 -0.00432853 0.0103009 
-0.00616317 0.180384 -1.10947 
1.30595e-05 -0.00432871 0.0102991 
-0.00616407 0.180383 -1.10949 
1.48917e-05 -0.0043291 0.0103022 
-0.00616318 0.180384 -1.10947 
1.36601e-05 -0.00432853 0.0102994 
-0.00616475 0.180388 -1.10948 
1.47324e-05 -0.00432862 0.0103011 
-0.00616507 0.180387 -1.10946 
1.28746e-05 -0.00432568 0.0102983 
-0.00616428 0.180384 -1.10948 
1.49537e-05 -0.00432589 0.0102996 
-0.00616512 0.180384 -1.10946 
1.40905e-05 -0.00432794 0.0103021 
-0.00616448 0.180383 -1.10949 
1.43217e-05 -0.00432845 0.010302 
-0.00616515 0.180384 -1.10947 
1.25518e-05 -0.00432716 0.0103003 
-0.00616457 0.180384 -1.10949 
1.36053e-05 -0.00432769 0.0103001 
-0.00616525 0.180384 -1.10947 
1.29581e-05 -0.00432743 0.0103002 
0.0460652 -0.716017 -0.179757 
-0.00050833 0.0106789 -0.0270946 
0.0460653 -0.716022 -0.179762 
-0.000508075 0.0106793 -0.027095 
0.046065 -0.71602 -0.179761 
-0.000506754 0.010679 -0.0270944 
0.046065 -0.716025 -0.179766 
-0.000507841 0.0106799 -0.0270935 
0.0460655 -0.716025 -0.17976 
-0.000508029 0.0106806 -0.0270954 
0.0460652 -0.71603 -0.179765 
-0.000507214 0.0106797 -0.027094 
0.0460652 -0.716029 -0.179757 
-0.000506926 0.0106783 -0.027094 
0.046065 -0.716033 -0.179762 
-0.000506635 0.0106807 -0.0270951 
0.0460661 -0.716017 -0.179755 
-0.000508107 0.0106782 -0.0270939 
0.046066 -0.716022 -0.17976 
-0.000508388 0.0106799 -0.0270941 
0.0460662 -0.716019 -0.179759 
-0.000508721 0.0106786 -0.0270957 
0.0460663 -0.716024 -0.179764 
-0.000508325 0.0106805 -0.0270948 
0.0460663 -0.716024 -0.179759 
-0.000508192 0.0106804 -0.0270949 
0.0460664 -0.716029 -0.179764 
-0.000507038 0.0106783 -0.0270943 
0.0460665 -0.716028 -0.179756 
-0.0005084 0.0106797 -0.0270945 
0.0460661 -0.716033 -0.17976 
-0.000509433 0.0106781 -0.0270945 
0.0460626 -0.716014 -0.179751 
-0.000509231 0.0106781 -0.0270938 
0.0460625 -0.716019 -0.179755 
-0.00050771 0.0106809 -0.0270936 
0.0460624 -0.716016 -0.179755 
-0.000507792 0.0106798 -0.0270945 
0.0460627 -0.716021 -0.179759 
-0.000508542 0.0106809 -0.0270946 
0.0460629 -0.716021 -0.179754 
-0.000507874 0.0106816 -0.0270937 
0.0460622 -0.716027 -0.179758 
-0.000506323 0.01068 -0.0270941 
0.0460625 -0.716025 -0.179751 
-0.000508995 0.01068 -0.0270938 
0.0460623 -0.71603 -0.179756 
-0.000507846 0.0106793 -0.0270939 
0.0460628 -0.716017 -0.179752 
-0.000507548 0.01068 -0.0270931 
0.0460625 -0.716022 -0.179757 
-0.00050767 0.0106799 -0.0270948 
0.0460627 -0.716019 -0.179757 
-0.000506777 0.0106805 -0.027095 
0.046063 -0.716025 -0.179761 
-0.000508646 0.0106792 -0.0270952 
0.0460628 -0.716025 -0.179756 
-0.00050745 0.0106788 -0.0270952 
0.0460628 -0.71603 -0.17976 
-0.000507961 0.0106784 -0.0270945 
0.0460629 -0.716028 -0.179753 
-0.000507285 0.0106799 -0.0270946 
0.0460625 -0.716033 -0.179757 
-0.000508132 0.0106787 -0.027094 
0.0460633 -0.716017 -0.179753 
-0.000508476 0.0106801 -0.0270934 
0.0460633 -0.716023 -0.179757 
-0.000508883 0.01068 -0.0270945 
0.0460635 -0.716019 -0.179757 
-0.000507576 0.0106804 -0.0270951 
0.0460635 -0.716025 -0.179761 
-0.000509566 0.0106792 -0.0270964 
0.0460631 -0.716025 -0.179756 
-0.00050832 0.010679 -0.0270953 
0.0460635 -0.71603 -0.179761 
-0.000508438 0.0106788 -0.0270937 
0.0460634 -0.716029 -0.179753 
-0.00050821 0.0106793 -0.0270948 
0.0460634 -0.716034 -0.179758 
-0.000509205 0.0106796 -0.0270933 
0.0460642 -0.716017 -0.179753 
-0.000507563 0.0106807 -0.0270931 
0.0460642 -0.716023 -0.179757 
-0.000507928 0.0106803 -0.0270941 
0.0460643 -0.71602 -0.179757 
-0.000507321 0.0106805 -0.0270948 
0.0460645 -0.716025 -0.179761 
-0.000508395 0.0106793 -0.0270968 
0.0460641 -0.716025 -0.179756 
-0.000507519 0.0106795 -0.0270955 
0.0460644 -0.71603 -0.179761 
-0.000507819 0.0106791 -0.0270937 
0.0460638 -0.716028 -0.179753 
-0.000506742 0.0106793 -0.0270946 
0.0460641 -0.716034 -0.179757 
-0.000507956 0.0106805 -0.0270939 
0.0460645 -0.716017 -0.179752 
-0.000508258 0.0106801 -0.0270947 
0.0460647 -0.716023 -0.179757 
-0.000507601 0.0106806 -0.0270947 
0.0460644 -0.71602 -0.179757 
-0.000507048 0.0106797 -0.0270938 
0.0460653 -0.716025 -0.179761 
-0.000506979 0.0106795 -0.0270952 
0.0460648 -0.716025 -0.179757 
-0.000505941 0.0106794 -0.0270937 
0.0460649 -0.716031 -0.179761 
-0.000507627 0.010678 -0.0270939 
0.0460646 -0.716028 -0.179753 
-0.00050752 0.01068 -0.027095 
0.046065 -0.716034 -0.179757 
-0.000509877 0.0106791 -0.0270961 
0.0460635 -0.71602 -0.179757 
-0.000507942 0.0106788 -0.0270929 
0.0460639 -0.716026 -0.179762 
-0.00050923 0.0106803 -0.0270934 
0.0460643 -0.716022 -0.179762 
-0.000508799 0.0106782 -0.0270956 
0.0460643 -0.716028 -0.179766 
-0.000508107 0.0106798 -0.0270935 
0.0460639 -0.716028 -0.179761 
-0.000509488 0.0106792 -0.027094 
0.0460636 -0.716033 -0.179766 
-0.000508939 0.0106799 -0.0270955 
0.046064 -0.716032 -0.179758 
-0.00050795 0.0106787 -0.0270941 
0.0460639 -0.716037 -0.179762 
-0.000507808 0.0106775 -0.0270954 
1.17296 -2.08641 -1.42483 
-0.000346226 -0.00188999 -0.0327535 
1.17296 -2.08641 -1.42484 
-0.000346201 -0.00189129 -0.0327551 
1.17296 -2.08642 -1.42483 
-0.000346312 -0.00189162 -0.0327548 
1.17296 -2.08642 -1.42484 
-0.000348546 -0.001892 -0.0327548 
1.17296 -2.0864 -1.42482 
-0.000347551 -0.00189179 -0.0327541 
1.17296 -2.0864 -1.42483 
-0.000346393 -0.00189033 -0.0327545 
1.17296 -2.0864 -1.42482 
-0.000346195 -0.00189123 -0.0327549 
1.17296 -2.0864 -1.42483 
-0.000347239 -0.00189155 -0.0327549 
1.17297 -2.0864 -1.42483 
-0.000347775 -0.00189161 -0.0327554 
1.17297 -2.0864 -1.42483 
-0.000346805 -0.00189134 -0.0327559 
1.17297 -2.08641 -1.42483 
-0.000346181 -0.00189121 -0.0327551 
1.17297 -2.08641 -1.42483 
-0.000347904 -0.00189208 -0.0327543 
1.17297 -2.08639 -1.42482 
-0.000347503 -0.00189224 -0.0327536 
1.17297 -2.08639 -1.42483 
-0.000347262 -0.00189142 -0.0327543 
1.17297 -2.0864 -1.42482 
-0.000347441 -0.00189081 -0.0327552 
1.17297 -2.08639 -1.42483 
-0.000345888 -0.00189245 -0.0327551 
1.17299 -2.08641 -1.42483 
-0.000347904 -0.00189137 -0.0327545 
1.17299 -2.08641 -1.42484 
-0.000347792 -0.00189057 -0.0327544 
1.17299 -2.08642 -1.42483 
-0.000346342 -0.00189193 -0.0327538 
1.17299 -2.08642 -1.42484 
-0.000346986 -0.00188956 -0.0327552 
1.17299 -2.0864 -1.42482 
-0.000347091 -0.00189154 -0.0327545 
1.17299 -2.0864 -1.42483 
-0.000347824 -0.0018897 -0.0327553 
1.17299 -2.0864 -1.42482 
-0.00034747 -0.00189055 -0.0327534 
1.17299 -2.0864 -1.42483 
-0.000345725 -0.0018924 -0.0327552 
1.17299 -2.08641 -1.42483 
-0.000347208 -0.00189183 -0.0327552 
1.17299 -2.08641 -1.42484 
-0.000347077 -0.00188799 -0.0327547 
1.17299 -2.08642 -1.42483 
-0.000348366 -0.00188973 -0.0327547 
1.17299 -2.08642 -1.42484 
-0.000347786 -0.0018885 -0.0327555 
1.17299 -2.0864 -1.42482 
-0.000348375 -0.00189302 -0.0327544 
1.17299 -2.0864 -1.42483 
-0.000347948 -0.00188905 -0.0327546 
1.17299 -2.0864 -1.42482 
-0.000348444 -0.00189049 -0.0327536 
1.17299 -2.0864 -1.42483 
-0.000346511 -0.0018911 -0.0327545 
1.17299 -2.08641 -1.42483 
-0.000349066 -0.0018916 -0.0327551 
1.17299 -2.08641 -1.42484 
-0.000346656 -0.00188962 -0.0327554 
1.17299 -2.08642 -1.42483 
-0.000347552 -0.00189072 -0.0327554 
1.17299 -2.08642 -1.42484 
-0.000347393 -0.00188826 -0.0327547 
1.17299 -2.0864 -1.42482 
-0.000348823 -0.00189265 -0.0327539 
1.17299 -2.0864 -1.42483 
-0.000345795 -0.00188849 -0.0327546 
1.17299 -2.0864 -1.42482 
-0.000348261 -0.00189079 -0.0327537 
1.17299 -2.0864 -1.42483 
-0.000346358 -0.00189097 -0.032755 
1.17299 -2.08641 -1.42483 
-0.000348415 -0.00189082 -0.032754 
1.17299 -2.08641 -1.42484 
-0.000346058 -0.00188932 -0.0327547 
1.17299 -2.08642 -1.42483 
-0.000347902 -0.00189072 -0.0327551 
1.17299 -2.08642 -1.42484 
-0.000345701 -0.0018891 -0.0327549 
1.17299 -2.0864 -1.42482 
-0.000347791 -0.00189276 -0.0327552 
1.17299 -2.0864 -1.42483 
-0.000347284 -0.00188896 -0.0327546 
1.17299 -2.0864 -1.42482 
-0.00034876 -0.00189167 -0.0327533 
1.17299 -2.0864 -1.42483 
-0.000346007 -0.00189209 -0.0327549 
1.17299 -2.08641 -1.42483 
-0.00034877 -0.00189153 -0.0327548 
1.17299 -2.08641 -1.42484 
-0.000345887 -0.00188928 -0.0327536 
1.17299 -2.08642 -1.42483 
-0.000346892 -0.00189016 -0.0327555 
1.17299 -2.08642 -1.42484 
-0.000346461 -0.00189088 -0.0327554 
1.17299 -2.0864 -1.42482 
-0.00034872 -0.00189152 -0.0327536 
1.17299 -2.0864 -1.42483 
-0.000348397 -0.00189052 -0.0327553 
1.17299 -2.0864 -1.42483 
-0.000347188 -0.00189155 -0.0327543 
1.17299 -2.0864 -1.42483 
-0.000347362 -0.00189089 -0.0327563 
1.17297 -2.08642 -1.42484 
-0.00034743 -0.00189096 -0.0327563 
1.17298 -2.08642 -1.42484 
-0.000347469 -0.00189029 -0.0327555 
1.17297 -2.08643 -1.42484 
-0.000346926 -0.00188988 -0.0327557 
1.17298 -2.08643 -1.42484 
-0.000347993 -0.00189083 -0.0327543 
1.17297 -2.08641 -1.42483 
-0.00034787 -0.0018896 -0.0327527 
1.17297 -2.08641 -1.42484 
-0.000348067 -0.00189138 -0.0327554 
1.17297 -2.08641 -1.42483 
-0.000348375 -0.00188989 -0.0327546 
1.17297 -2.08641 -1.42484 
-0.000346779 -0.00189113 -0.0327551 
-0.00982592 0.41181 -1.52424 
0.000324695 -0.000607084 0.00215853 
-0.00982611 0.41181 -1.52422 
0.000326341 -0.000607283 0.00215867 
-0.00982575 0.411796 -1.52424 
0.000325629 -0.000605702 0.00215831 
-0.00982605 0.411796 -1.52422 
0.000326512 -0.00060786 0.00215997 
-0.00982614 0.411795 -1.52424 
0.000327542 -0.000606465 0.0021587 
-0.00982568 0.411795 -1.52422 
0.000325671 -0.000608881 0.00215922 
-0.00982608 0.411795 -1.52424 
0.000326045 -0.00060802 0.00215765 
-0.009826 0.411795 -1.52422 
0.000326633 -0.000607905 0.00215884 
-0.00982546 0.411812 -1.52424 
0.000326386 -0.000607843 0.0021597 
-0.00982574 0.411812 -1.52422 
0.000325016 -0.000608004 0.00215876 
-0.0098256 0.411798 -1.52424 
0.000327147 -0.000606712 0.00216059 
-0.00982516 0.411798 -1.52422 
0.000326482 -0.000607724 0.00215958 
-0.00982571 0.411797 -1.52424 
0.000324844 -0.000607317 0.00215923 
-0.0098253 0.411797 -1.52422 
0.000326846 -0.000607206 0.00215935 
-0.00982597 0.411796 -1.52424 
0.00032508 -0.000607894 0.00215962 
-0.00982541 0.411796 -1.52422 
0.000327224 -0.000607935 0.002159 
-0.00982872 0.411811 -1.52424 
0.000326477 -0.000608393 0.00215833 
-0.00982868 0.411812 -1.52422 
0.000326724 -0.000607507 0.00215908 
-0.00982855 0.411798 -1.52424 
0.000325673 -0.000606641 0.00215967 
-0.00982863 0.411798 -1.52422 
0.00032608 -0.000608109 0.00215921 
-0.00982855 0.411797 -1.52424 
0.000327724 -0.000608124 0.00215769 
-0.00982837 0.411797 -1.52422 
0.000327304 -0.000606137 0.00215948 
-0.00982881 0.411797 -1.52424 
0.00032617 -0.000609923 0.00215636 
-0.00982903 0.411797 -1.52422 
0.000327413 -0.00060776 0.00216004 
-0.00982181 0.411812 -1.52424 
0.000326767 -0.00060929 0.00215762 
-0.00982175 0.411812 -1.52422 
0.000328167 -0.000606728 0.00215919 
-0.00982225 0.411798 -1.52424 
0.000326354 -0.000607454 0.00215764 
-0.00982204 0.411799 -1.52422 
0.000325747 -0.000609009 0.00215945 
-0.00982208 0.411798 -1.52424 
0.000326641 -0.000607913 0.0021588 
-0.00982223 0.411798 -1.52422 
0.000326417 -0.00060871 0.00215874 
-0.00982237 0.411798 -1.52424 
0.000326924 -0.00060766 0.00215885 
-0.00982226 0.411797 -1.52422 
0.000326887 -0.000609404 0.00215869 
-0.00982073 0.411811 -1.52424 
0.000326058 -0.000608427 0.00215797 
-0.00982102 0.411812 -1.52422 
0.00032783 -0.000607865 0.00215852 
-0.00982161 0.411798 -1.52424 
0.000327618 -0.000606571 0.00215868 
-0.00982127 0.411798 -1.52422 
0.000327413 -0.000608509 0.00215904 
-0.0098212 0.411798 -1.52424 
0.000325695 -0.000607193 0.00215925 
-0.00982105 0.411797 -1.52422 
0.000326643 -0.00060717 0.00215851 
-0.00982152 0.411797 -1.52424 
0.000327112 -0.000606278 0.0021592 
-0.00982084 0.411796 -1.52422 
0.000327375 -0.000607618 0.0021587 
-0.0098196 0.411811 -1.52424 
0.000327976 -0.000607992 0.00215814 
-0.0098195 0.411812 -1.52422 
0.00032641 -0.000608053 0.00215852 
-0.00982021 0.411798 -1.52424 
0.000325042 -0.000608391 0.00215808 
-0.00981987 0.411798 -1.52422 
0.000325563 -0.000608259 0.00215952 
-0.00982014 0.411798 -1.52424 
0.000326378 -0.000607751 0.0021584 
-0.00981986 0.411797 -1.52422 
0.000326498 -0.000607371 0.00215849 
-0.0098202 0.411797 -1.52424 
0.000327524 -0.000606033 0.00215876 
-0.00981974 0.411796 -1.52422 
0.000326055 -0.0006078 0.00215921 
-0.00981874 0.411811 -1.52424 
0.000326658 -0.00060783 0.00215772 
-0.00981871 0.411812 -1.52422 
0.000328643 -0.000607747 0.00215891 
-0.00981916 0.411798 -1.52424 
0.000326191 -0.000607051 0.00215716 
-0.00981898 0.411798 -1.52422 
0.000327165 -0.000607856 0.00216071 
-0.00981906 0.411798 -1.52424 
0.000326605 -0.000606307 0.00215731 
-0.00981912 0.411797 -1.52422 
0.000326783 -0.00060814 0.00215767 
-0.00981902 0.411797 -1.52424 
0.000327417 -0.000607101 0.00215742 
-0.00981902 0.411796 -1.52422 
0.000327148 -0.000608323 0.00215844 
-0.00981823 0.411811 -1.52424 
0.000325614 -0.0006078 0.00215951 
-0.00981827 0.411811 -1.52422 
0.000327659 -0.000604523 0.00215927 
-0.009819 0.411798 -1.52424 
0.000325575 -0.000607651 0.00215787 
-0.00981885 0.411798 -1.52422 
0.000327746 -0.00060788 0.00215854 
-0.00981897 0.411797 -1.52424 
0.000326644 -0.00060662 0.00215862 
-0.00981909 0.411797 -1.52422 
0.000327795 -0.000608146 0.00215898 
-0.0098189 0.411796 -1.52424 
0.000326647 -0.000606421 0.0021588 
-0.00981875 0.411796 -1.52422 
0.000327065 -0.000607072 0.00215853 
0.0368344 -0.320129 -0.525633 
-0.000607995 -0.00364253 -0.00164162 
0.0368343 -0.320129 -0.525625 
-0.000608102 -0.00364148 -0.00163893 
0.0368341 -0.320134 -0.525636 
-0.000607367 -0.00364146 -0.0016401 
0.0368346 -0.320133 -0.525629 
-0.000607837 -0.00364228 -0.00164021 
0.0368347 -0.32013 -0.525628 
-0.000608628 -0.00364201 -0.00164093 
0.0368346 -0.32013 -0.52562 
-0.000606958 -0.00364107 -0.00164083 
0.0368345 -0.320128 -0.525626 
-0.000607961 -0.00364107 -0.00163966 
0.0368347 -0.320128 -0.525618 
-0.000608161 -0.00364181 -0.0016419 
0.0368335 -0.32013 -0.525632 
-0.000608543 -0.00364353 -0.00164063 
0.0368333 -0.320129 -0.525625 
-0.00060746 -0.00364253 -0.00164026 
0.0368338 -0.320134 -0.525636 
-0.000608313 -0.00364225 -0.00164092 
0.0368337 -0.320133 -0.525628 
-0.000609106 -0.00364271 -0.00164147 
0.036834 -0.320131 -0.525627 
-0.000608164 -0.00364225 -0.00163953 
0.0368334 -0.32013 -0.525619 
-0.000606372 -0.0036414 -0.00164215 
0.0368337 -0.320128 -0.525626 
-0.000609193 -0.00364136 -0.0016398 
0.0368334 -0.320128 -0.525618 
-0.000608667 -0.00364243 -0.00164149 
0.0368228 -0.320131 -0.525631 
-0.000607449 -0.00364237 -0.00164171 
0.0368229 -0.320131 -0.525623 
-0.000607297 -0.00364159 -0.00163981 
0.0368228 -0.320135 -0.525635 
-0.000608561 -0.00364351 -0.00164193 
0.0368228 -0.320135 -0.525626 
-0.000608176 -0.00364161 -0.00164202 
0.0368226 -0.320132 -0.525626 
-0.000606967 -0.00364177 -0.00164182 
0.036823 -0.320132 -0.525618 
-0.000607638 -0.00364378 -0.00164127 
0.0368225 -0.32013 -0.525624 
-0.000607267 -0.00364076 -0.00164066 
0.0368229 -0.32013 -0.525615 
-0.000609633 -0.00364254 -0.00163949 
0.0368305 -0.32013 -0.52563 
-0.000607865 -0.00364284 -0.00164133 
0.0368304 -0.32013 -0.525622 
-0.000607704 -0.00364209 -0.00164176 
0.0368307 -0.320134 -0.525633 
-0.000607707 -0.00364229 -0.00164098 
0.0368303 -0.320134 -0.525625 
-0.000606721 -0.00364123 -0.00164034 
0.0368305 -0.320131 -0.525625 
-0.000608075 -0.00364149 -0.00164157 
0.0368302 -0.320131 -0.525616 
-0.000608366 -0.00364017 -0.00164025 
0.0368305 -0.320129 -0.525623 
-0.000608099 -0.00364031 -0.00164146 
0.0368304 -0.320128 -0.525614 
-0.000607943 -0.00364426 -0.00164092 
0.0368306 -0.32013 -0.525629 
-0.000606313 -0.00364178 -0.00163937 
0.036831 -0.32013 -0.525621 
-0.00060793 -0.00364126 -0.00164144 
0.0368309 -0.320134 -0.525632 
-0.000606897 -0.00364309 -0.00164292 
0.0368307 -0.320134 -0.525624 
-0.000606748 -0.00364095 -0.00164075 
0.0368307 -0.320131 -0.525624 
-0.000607504 -0.00364214 -0.00164183 
0.0368308 -0.320131 -0.525616 
-0.000609078 -0.00364238 -0.00163955 
0.0368308 -0.320129 -0.525621 
-0.000608604 -0.00364211 -0.00164095 
0.0368308 -0.320128 -0.525614 
-0.000608157 -0.00364355 -0.00164118 
0.0368324 -0.32013 -0.525628 
-0.000608685 -0.00364311 -0.0016401 
0.0368322 -0.32013 -0.52562 
-0.000606075 -0.00364114 -0.00163991 
0.0368321 -0.320134 -0.525632 
-0.000608007 -0.003643 -0.00164215 
0.0368323 -0.320134 -0.525624 
-0.000608603 -0.00364106 -0.00164032 
0.0368323 -0.320131 -0.525623 
-0.000607613 -0.00364175 -0.00164246 
0.0368317 -0.320131 -0.525615 
-0.000608339 -0.00364231 -0.00163876 
0.036832 -0.320128 -0.525622 
-0.000607072 -0.00364171 -0.00164151 
0.0368322 -0.320128 -0.525613 
-0.000608635 -0.00364234 -0.00164206 
0.0368332 -0.32013 -0.52563 
-0.000607055 -0.00364287 -0.00164052 
0.0368331 -0.32013 -0.525622 
-0.000606547 -0.00364043 -0.00164162 
0.0368334 -0.320134 -0.525633 
-0.000608087 -0.00364214 -0.00164113 
0.0368334 -0.320134 -0.525625 
-0.000608295 -0.00364067 -0.00164059 
0.0368332 -0.320131 -0.525625 
-0.000607783 -0.00364297 -0.00163977 
0.0368335 -0.32013 -0.525616 
-0.000609363 -0.00364067 -0.0016407 
0.0368331 -0.320128 -0.525623 
-0.000606523 -0.0036423 -0.00164103 
0.0368329 -0.320128 -0.525614 
-0.000608518 -0.00364059 -0.00164215 
0.0368279 -0.320128 -0.525631 
-0.000608076 -0.00364238 -0.0016411 
0.0368278 -0.320127 -0.525623 
-0.000609636 -0.00364156 -0.00163992 
0.0368281 -0.320132 -0.525634 
-0.000607102 -0.00364242 -0.00164064 
0.0368275 -0.320131 -0.525626 
-0.000608288 -0.00364214 -0.00164067 
0.0368275 -0.320128 -0.525626 
-0.00060715 -0.00364218 -0.00163995 
0.0368275 -0.320128 -0.525618 
-0.000608798 -0.00364164 -0.00164034 
0.0368274 -0.320127 -0.525624 
-0.000607391 -0.00364166 -0.00164057 
0.0368273 -0.320126 -0.525616 
-0.000607007 -0.00364201 -0.00164053 
0.00672174 0.134336 3.21018 
-2.08616e-05 0.00115328 -0.0024089 
0.00672174 0.134337 3.21017 
-2.1022e-05 0.00115716 -0.00241079 
0.00672191 0.13433 3.21018 
-2.02599e-05 0.0011536 -0.00240954 
0.00672213 0.134332 3.21017 
-2.17572e-05 0.0011535 -0.00241037 
0.00672169 0.134329 3.21018 
-2.10644e-05 0.00115295 -0.00240885 
0.00672188 0.13433 3.21017 
-2.1612e-05 0.00115492 -0.00240962 
0.00672159 0.134329 3.21018 
-2.01815e-05 0.00115435 -0.00241076 
0.00672167 0.134331 3.21017 
-2.09717e-05 0.00115568 -0.00240999 
0.00672074 0.134337 3.21018 
-2.15063e-05 0.00115213 -0.00241068 
0.00672134 0.134338 3.21017 
-2.21764e-05 0.00115589 -0.00241029 
0.00672101 0.134332 3.21018 
-2.0399e-05 0.00115399 -0.00241023 
0.00672111 0.134333 3.21017 
-2.14714e-05 0.00115634 -0.00240991 
0.00672128 0.13433 3.21018 
-1.99487e-05 0.00115467 -0.00241047 
0.00672124 0.134332 3.21017 
-1.99108e-05 0.00115568 -0.00241058 
0.00672104 0.13433 3.21018 
-2.01474e-05 0.00115652 -0.00241058 
0.00672091 0.134332 3.21017 
-1.9421e-05 0.00115563 -0.00241081 
0.00670864 0.134336 3.21018 
-2.08124e-05 0.00115469 -0.00241049 
0.00670879 0.134337 3.21017 
-1.99266e-05 0.00115409 -0.0024095 
0.00670908 0.13433 3.21018 
-2.05828e-05 0.00115597 -0.00241063 
0.00670903 0.134331 3.21017 
-2.10212e-05 0.00115638 -0.00240866 
0.00670885 0.134329 3.21018 
-2.04084e-05 0.00115621 -0.00241086 
0.00670921 0.134331 3.21017 
-2.20903e-05 0.00115702 -0.00241131 
0.00670888 0.134329 3.21018 
-2.02963e-05 0.00115693 -0.00241016 
0.00670931 0.134331 3.21017 
-2.23623e-05 0.00115779 -0.00241019 
0.00671458 0.134336 3.21018 
-2.07866e-05 0.00115457 -0.00241042 
0.00671516 0.134337 3.21017 
-2.01497e-05 0.00115527 -0.00241062 
0.00671559 0.13433 3.21018 
-2.22071e-05 0.00115549 -0.00240934 
0.00671495 0.134331 3.21017 
-2.18641e-05 0.00115588 -0.00241041 
0.00671509 0.134329 3.21018 
-2.07198e-05 0.0011556 -0.00240937 
0.00671482 0.13433 3.21017 
-2.19067e-05 0.00115618 -0.00241097 
0.0067152 0.134329 3.21018 
-2.1092e-05 0.00115581 -0.00241045 
0.00671503 0.134331 3.21017 
-2.14984e-05 0.00115511 -0.00240965 
0.00671654 0.134336 3.21018 
-2.08913e-05 0.00115415 -0.00240882 
0.00671712 0.134337 3.21017 
-2.02462e-05 0.00115554 -0.00240865 
0.00671722 0.13433 3.21018 
-2.1529e-05 0.00115541 -0.00241014 
0.00671709 0.134331 3.21017 
-2.28425e-05 0.00115658 -0.00241108 
0.00671708 0.134329 3.21018 
-2.17942e-05 0.00115553 -0.00241047 
0.00671685 0.134331 3.21017 
-2.19189e-05 0.00115516 -0.0024115 
0.00671705 0.134329 3.21018 
-2.1567e-05 0.00115589 -0.00241087 
0.00671681 0.134331 3.21017 
-2.07978e-05 0.00115521 -0.00241013 
0.00672098 0.134335 3.21018 
-2.17655e-05 0.00115358 -0.00240907 
0.00672151 0.134337 3.21017 
-2.19577e-05 0.00115581 -0.00240967 
0.00672132 0.13433 3.21018 
-2.10513e-05 0.00115615 -0.0024102 
0.00672106 0.134331 3.21017 
-2.0828e-05 0.00115614 -0.00241009 
0.00672146 0.134328 3.21018 
-2.11687e-05 0.00115575 -0.00240914 
0.00672124 0.13433 3.21017 
-2.15282e-05 0.00115542 -0.00241023 
0.00672138 0.134329 3.21018 
-2.1052e-05 0.00115662 -0.00240934 
0.006721 0.134331 3.21017 
-2.08041e-05 0.00115528 -0.00241024 
0.0067148 0.134335 3.21018 
-1.98779e-05 0.00115472 -0.00240996 
0.00671487 0.134336 3.21017 
-2.06301e-05 0.00115498 -0.002411 
0.00671539 0.134329 3.21018 
-2.13786e-05 0.00115463 -0.00240788 
0.00671498 0.134331 3.21017 
-2.25539e-05 0.00115412 -0.00241043 
0.00671526 0.134328 3.21018 
-2.24188e-05 0.00115482 -0.00240877 
0.00671469 0.134329 3.21017 
-2.23375e-05 0.00115348 -0.00240884 
0.00671504 0.134328 3.21018 
-2.23316e-05 0.00115459 -0.00240844 
0.00671437 0.13433 3.21017 
-2.11575e-05 0.00115486 -0.00241062 
0.00670751 0.134334 3.21018 
-2.1263e-05 0.00115537 -0.00240953 
0.00670749 0.134336 3.21017 
-2.17365e-05 0.00115504 -0.00240912 
0.00670712 0.134328 3.21019 
-2.063e-05 0.00115456 -0.00240944 
0.00670748 0.13433 3.21018 
-2.22952e-05 0.00115723 -0.00240997 
0.00670744 0.134328 3.21018 
-2.12608e-05 0.00115566 -0.00240963 
0.00670732 0.134329 3.21018 
-2.06888e-05 0.00115522 -0.00240947 
0.00670758 0.134328 3.21018 
-2.1797e-05 0.00115463 -0.00240992 
0.00670698 0.13433 3.21017 
-2.03581e-05 0.00115488 -0.00240918 
0.00455105 -0.301594 3.2258 
-2.44061e-06 0.00518115 0.00305681 
0.00455125 -0.301595 3.22579 
-1.38312e-06 0.00518013 0.00305794 
0.00455067 -0.301598 3.2258 
-2.05445e-06 0.00518232 0.00305814 
0.00455144 -0.301599 3.22578 
-3.65639e-06 0.00518033 0.00305982 
0.00455078 -0.301596 3.22579 
-2.2949e-06 0.00518237 0.00305825 
0.00455148 -0.301597 3.22578 
-3.52959e-06 0.00518172 0.00305716 
0.00455067 -0.301593 3.22579 
-1.84165e-06 0.00518078 0.00305905 
0.00455116 -0.301595 3.22578 
-4.04994e-06 0.00518048 0.00305826 
0.00455189 -0.301593 3.22579 
-2.36807e-06 0.00518015 0.0030597 
0.00455243 -0.301595 3.22578 
-2.76874e-06 0.00518002 0.00306 
0.00455175 -0.301597 3.22579 
-1.98203e-06 0.0051836 0.0030584 
0.00455212 -0.301598 3.22578 
-2.24439e-06 0.00518065 0.00305791 
0.004552 -0.301595 3.22579 
-3.34324e-06 0.00517836 0.00305746 
0.00455243 -0.301596 3.22578 
-1.69147e-06 0.0051799 0.0030577 
0.00455188 -0.301593 3.22579 
-2.46578e-06 0.00518059 0.00305934 
0.00455238 -0.301594 3.22578 
-5.35558e-07 0.00517902 0.00305761 
0.00454674 -0.301593 3.22579 
-1.92012e-06 0.00517928 0.00305838 
0.0045477 -0.301595 3.22578 
-3.4149e-06 0.00518111 0.00305794 
0.0045466 -0.301597 3.22579 
-2.84226e-06 0.00518214 0.00305733 
0.00454738 -0.301598 3.22578 
-1.28762e-06 0.00518137 0.00305747 
0.00454696 -0.301595 3.22579 
-2.46099e-06 0.00518078 0.00305932 
0.00454766 -0.301597 3.22578 
-3.66451e-06 0.00518046 0.00305769 
0.00454723 -0.301593 3.22579 
-2.44351e-06 0.00517915 0.00305899 
0.00454785 -0.301594 3.22578 
-1.70219e-06 0.00517988 0.00305931 
0.00454781 -0.301593 3.22579 
-1.95496e-06 0.00517996 0.00305708 
0.00454856 -0.301594 3.22578 
-2.47486e-06 0.00517967 0.00305874 
0.00454823 -0.301597 3.22579 
-3.58571e-06 0.0051819 0.00305949 
0.00454842 -0.301598 3.22578 
-2.50964e-06 0.00518138 0.00305903 
0.00454753 -0.301595 3.22579 
-2.70333e-06 0.00518039 0.00305852 
0.0045485 -0.301596 3.22578 
-3.34996e-06 0.0051813 0.0030592 
0.00454776 -0.301592 3.22579 
-2.04056e-06 0.00518087 0.0030593 
0.00454836 -0.301594 3.22578 
-4.15479e-06 0.00518012 0.00305864 
0.00454867 -0.301593 3.22579 
-3.04024e-06 0.00517876 0.00305888 
0.0045491 -0.301594 3.22578 
-2.76306e-06 0.00518 0.00305888 
0.00454868 -0.301596 3.22579 
-2.81234e-06 0.00518023 0.00305868 
0.00454914 -0.301598 3.22578 
-3.42794e-07 0.00518116 0.00305798 
0.0045484 -0.301595 3.22579 
-2.0554e-06 0.00517998 0.00305916 
0.00454904 -0.301596 3.22577 
-1.10972e-06 0.00518053 0.00305891 
0.00454876 -0.301592 3.22579 
-3.61627e-06 0.00518197 0.00305891 
0.00454885 -0.301594 3.22578 
-1.92461e-06 0.00517982 0.00305929 
0.00455183 -0.301594 3.22579 
-3.5979e-06 0.00517977 0.00305851 
0.00455204 -0.301595 3.22578 
-2.27473e-06 0.00517933 0.00305857 
0.00455191 -0.301597 3.22579 
-2.53938e-06 0.00517974 0.00305847 
0.0045521 -0.301599 3.22577 
-2.25813e-06 0.00518068 0.00305854 
0.0045517 -0.301595 3.22578 
-3.00722e-06 0.00518029 0.0030579 
0.00455215 -0.301597 3.22577 
-1.49724e-06 0.00518048 0.00305873 
0.00455206 -0.301593 3.22578 
-3.37203e-06 0.00518193 0.00305754 
0.00455233 -0.301595 3.22577 
-2.9075e-06 0.00518077 0.00305807 
0.00455245 -0.301591 3.22579 
-2.97465e-06 0.00518018 0.00305946 
0.00455264 -0.301593 3.22578 
-2.67988e-06 0.00517904 0.00305763 
0.00455233 -0.301596 3.22579 
-1.94606e-06 0.00517929 0.00305963 
0.00455297 -0.301597 3.22578 
-2.15675e-06 0.00518097 0.00305924 
0.00455209 -0.301593 3.22578 
-2.35778e-06 0.00517859 0.00305676 
0.00455282 -0.301596 3.22577 
-2.17052e-06 0.00518107 0.00305831 
0.00455242 -0.301591 3.22578 
-2.20503e-06 0.00518021 0.00305643 
0.00455285 -0.301592 3.22577 
-1.6737e-06 0.00518002 0.00305741 
0.00454809 -0.301592 3.22579 
-1.88132e-06 0.00518062 0.00305828 
0.00454911 -0.301593 3.22578 
-3.42903e-06 0.00518062 0.00305934 
0.0045479 -0.301596 3.22579 
-2.57317e-06 0.00518098 0.00305567 
0.00454906 -0.301597 3.22578 
-2.32837e-06 0.0051805 0.00305753 
0.00454831 -0.301593 3.22579 
-1.79504e-06 0.00517915 0.00305789 
0.00454901 -0.301595 3.22578 
-2.34601e-06 0.00518079 0.00305742 
0.00454842 -0.301591 3.22579 
-2.83162e-06 0.00517997 0.00306056 
0.0045491 -0.301593 3.22578 
-3.85593e-06 0.00517805 0.00305778 
