0.0209848 -0.864655 2.18055 
0.0209845 -0.864654 2.18055 
0.0209844 -0.86465 2.18055 
0.0209842 -0.86465 2.18055 
0.020985 -0.86465 2.18055 
0.0209846 -0.86465 2.18055 
0.0209848 -0.864647 2.18055 
0.0209843 -0.864647 2.18055 
0.0209868 -0.864656 2.18055 
0.0209873 -0.864656 2.18055 
0.0209871 -0.864651 2.18055 
0.0209865 -0.86465 2.18055 
0.0209867 -0.864652 2.18055 
0.0209866 -0.864652 2.18055 
0.0209869 -0.864648 2.18055 
0.0209864 -0.864648 2.18054 
0.0209864 -0.864656 2.18055 
0.0209857 -0.864655 2.18055 
0.0209856 -0.864651 2.18055 
0.0209861 -0.86465 2.18055 
0.020986 -0.864651 2.18055 
0.0209853 -0.864651 2.18055 
0.020986 -0.864647 2.18055 
0.0209859 -0.864647 2.18055 
0.0209858 -0.864655 2.18055 
0.0209859 -0.864655 2.18055 
0.0209857 -0.86465 2.18055 
0.0209857 -0.864649 2.18055 
0.0209856 -0.86465 2.18055 
0.0209854 -0.86465 2.18055 
0.0209855 -0.864646 2.18055 
0.0209856 -0.864646 2.18055 
0.0209853 -0.864656 2.18055 
0.0209848 -0.864655 2.18055 
0.020985 -0.864649 2.18055 
0.0209847 -0.864649 2.18055 
0.020985 -0.86465 2.18055 
0.0209843 -0.86465 2.18055 
0.020985 -0.864647 2.18055 
0.0209846 -0.864646 2.18055 
0.0209841 -0.864655 2.18055 
0.0209841 -0.864654 2.18055 
0.020984 -0.864649 2.18055 
0.0209837 -0.864649 2.18055 
0.0209844 -0.86465 2.18055 
0.0209837 -0.86465 2.18055 
0.0209843 -0.864646 2.18055 
0.0209835 -0.864645 2.18055 
0.0209871 -0.864655 2.18055 
0.0209866 -0.864654 2.18055 
0.0209864 -0.864648 2.18055 
0.020986 -0.864648 2.18055 
0.0209868 -0.864649 2.18055 
0.0209864 -0.864649 2.18055 
0.0209869 -0.864645 2.18055 
0.020986 -0.864645 2.18055 
0.0209888 -0.864654 2.18055 
0.0209889 -0.864653 2.18055 
0.0209884 -0.864649 2.18056 
0.0209888 -0.864648 2.18056 
0.0209886 -0.864649 2.18055 
0.0209885 -0.864649 2.18055 
0.0209887 -0.864645 2.18055 
0.0209887 -0.864645 2.18055 
-1.21282 3.91353 9.91132 
-1.21282 3.91354 9.91133 
-1.21282 3.91353 9.91131 
-1.21282 3.91354 9.91133 
-1.21282 3.91352 9.91131 
-1.21282 3.91353 9.91132 
-1.21282 3.91352 9.91131 
-1.21282 3.91353 9.91132 
-1.21282 3.91353 9.91132 
-1.21282 3.91354 9.91133 
-1.21282 3.91353 9.91131 
-1.21282 3.91354 9.91132 
-1.21282 3.91352 9.91131 
-1.21282 3.91353 9.91132 
-1.21282 3.91352 9.91131 
-1.21282 3.91353 9.91132 
-1.21285 3.91354 9.91132 
-1.21285 3.91354 9.91133 
-1.21285 3.91354 9.91131 
-1.21285 3.91354 9.91132 
-1.21285 3.91353 9.91131 
-1.21285 3.91353 9.91132 
-1.21285 3.91353 9.91131 
-1.21285 3.91353 9.91132 
-1.21285 3.91354 9.91132 
-1.21285 3.91354 9.91133 
-1.21285 3.91353 9.91131 
-1.21285 3.91354 9.91132 
-1.21284 3.91353 9.91131 
-1.21285 3.91353 9.91132 
-1.21284 3.91353 9.91131 
-1.21285 3.91353 9.91132 
-1.21285 3.91354 9.91132 
-1.21285 3.91354 9.91133 
-1.21285 3.91353 9.91131 
-1.21285 3.91354 9.91133 
-1.21284 3.91353 9.91131 
-1.21285 3.91353 9.91132 
-1.21284 3.91353 9.91131 
-1.21285 3.91353 9.91132 
-1.21285 3.91353 9.91132 
-1.21285 3.91354 9.91133 
-1.21285 3.91353 9.91131 
-1.21285 3.91354 9.91133 
-1.21284 3.91353 9.91131 
-1.21285 3.91353 9.91132 
-1.21284 3.91353 9.91131 
-1.21285 3.91353 9.91132 
-1.21285 3.91353 9.91132 
-1.21285 3.91354 9.91133 
-1.21285 3.91353 9.91131 
-1.21285 3.91354 9.91132 
-1.21284 3.91353 9.91131 
-1.21285 3.91353 9.91132 
-1.21284 3.91352 9.91131 
-1.21285 3.91353 9.91132 
-1.21285 3.91353 9.91133 
-1.21285 3.91354 9.91134 
-1.21285 3.91353 9.91132 
-1.21285 3.91354 9.91133 
-1.21285 3.91352 9.91131 
-1.21285 3.91353 9.91132 
-1.21285 3.91352 9.91131 
-1.21285 3.91353 9.91133 
-0.00590095 0.0982778 -0.582154 
-0.00590059 0.0982797 -0.582156 
-0.00590111 0.0982859 -0.582157 
-0.00590064 0.0982871 -0.582159 
-0.00590126 0.0982897 -0.582157 
-0.00590077 0.0982912 -0.58216 
-0.00590118 0.0982865 -0.582155 
-0.00590072 0.0982882 -0.582159 
-0.00589965 0.0982779 -0.582155 
-0.00589937 0.0982792 -0.582157 
-0.00590003 0.0982855 -0.582157 
-0.00589937 0.0982874 -0.582161 
-0.00590044 0.0982896 -0.582158 
-0.00589977 0.0982908 -0.582161 
-0.0059003 0.098286 -0.582156 
-0.00590018 0.098288 -0.582159 
-0.00589766 0.0982772 -0.582154 
-0.00589765 0.0982789 -0.582157 
-0.0058979 0.0982852 -0.582157 
-0.00589782 0.0982874 -0.58216 
-0.00589709 0.0982888 -0.582157 
-0.00589787 0.0982904 -0.58216 
-0.00589702 0.0982854 -0.582155 
-0.00589747 0.0982872 -0.582159 
-0.00590187 0.0982774 -0.582155 
-0.00590159 0.0982794 -0.582158 
-0.00590226 0.0982853 -0.582158 
-0.00590278 0.0982879 -0.582161 
-0.00590217 0.0982891 -0.582158 
-0.00590213 0.0982914 -0.582161 
-0.00590199 0.0982854 -0.582157 
-0.00590223 0.0982879 -0.58216 
-0.00590023 0.0982768 -0.582157 
-0.00589993 0.0982787 -0.58216 
-0.00590068 0.098285 -0.582159 
-0.00590074 0.0982874 -0.582162 
-0.00590052 0.0982889 -0.582159 
-0.00590079 0.0982912 -0.582162 
-0.0059003 0.0982849 -0.582158 
-0.00590019 0.0982874 -0.582161 
-0.00590277 0.098277 -0.582157 
-0.00590251 0.0982791 -0.58216 
-0.00590327 0.0982848 -0.58216 
-0.00590325 0.098287 -0.582163 
-0.00590314 0.0982886 -0.58216 
-0.00590321 0.098291 -0.582163 
-0.00590325 0.0982854 -0.582159 
-0.00590315 0.0982873 -0.582161 
-0.00590302 0.0982774 -0.582156 
-0.00590266 0.09828 -0.582158 
-0.00590282 0.0982855 -0.582159 
-0.00590285 0.0982877 -0.582162 
-0.00590278 0.0982893 -0.582159 
-0.00590286 0.0982914 -0.582162 
-0.00590276 0.0982856 -0.582157 
-0.00590281 0.0982879 -0.58216 
-0.00590181 0.098279 -0.582156 
-0.00590211 0.0982806 -0.582159 
-0.00590258 0.0982871 -0.582159 
-0.00590248 0.0982893 -0.582162 
-0.00590249 0.0982906 -0.582159 
-0.00590275 0.0982925 -0.582161 
-0.00590241 0.0982868 -0.582158 
-0.00590249 0.098289 -0.582161 
0.000574635 -0.108951 -0.636121 
0.000574831 -0.108953 -0.636123 
0.000574402 -0.108948 -0.636122 
0.00057491 -0.10895 -0.636125 
0.00057369 -0.108947 -0.636125 
0.000574728 -0.108949 -0.636128 
0.000573729 -0.108945 -0.636125 
0.000573979 -0.108947 -0.636128 
0.00057342 -0.108949 -0.63612 
0.000572935 -0.108951 -0.636123 
0.000573206 -0.108946 -0.636121 
0.000573242 -0.108947 -0.636125 
0.000572709 -0.108946 -0.636124 
0.000572841 -0.108947 -0.636127 
0.000572565 -0.108944 -0.636124 
0.000573008 -0.108945 -0.636126 
0.000575616 -0.10895 -0.636122 
0.000575057 -0.108952 -0.636125 
0.000575501 -0.108948 -0.636123 
0.000575486 -0.108949 -0.636126 
0.000575442 -0.108947 -0.636127 
0.000575807 -0.108948 -0.636129 
0.000575428 -0.108944 -0.636127 
0.000575787 -0.108946 -0.636129 
0.000569336 -0.108949 -0.636121 
0.000569208 -0.108952 -0.636124 
0.000569326 -0.108947 -0.636123 
0.000569296 -0.108948 -0.636125 
0.000570187 -0.108947 -0.636126 
0.000569818 -0.108948 -0.636128 
0.000569669 -0.108944 -0.636126 
0.000569803 -0.108945 -0.636128 
0.000570689 -0.108949 -0.636122 
0.000570604 -0.108951 -0.636125 
0.000570536 -0.108947 -0.636124 
0.000570895 -0.108947 -0.636127 
0.000570968 -0.108947 -0.636127 
0.000570994 -0.108948 -0.636129 
0.00057091 -0.108944 -0.636127 
0.000571386 -0.108946 -0.636129 
0.000569637 -0.108949 -0.636125 
0.000570043 -0.108951 -0.636127 
0.000570088 -0.108946 -0.636126 
0.000570398 -0.108947 -0.63613 
0.000569878 -0.108946 -0.636129 
0.000570051 -0.108947 -0.636131 
0.000569973 -0.108943 -0.636129 
0.000570234 -0.108945 -0.636131 
0.000568719 -0.10895 -0.636123 
0.000568965 -0.108952 -0.636126 
0.000568959 -0.108948 -0.636125 
0.00056876 -0.108948 -0.636128 
0.000568526 -0.108946 -0.636128 
0.000568676 -0.108948 -0.63613 
0.000568975 -0.108944 -0.636128 
0.000568754 -0.108946 -0.63613 
0.000567826 -0.10895 -0.636123 
0.00056798 -0.108952 -0.636125 
0.000568298 -0.108948 -0.636125 
0.000567879 -0.108948 -0.636128 
0.000568567 -0.108947 -0.636128 
0.000567624 -0.108949 -0.63613 
0.000568597 -0.108945 -0.636128 
0.000568239 -0.108946 -0.63613 
-0.000194272 -0.0129318 -0.617191 
-0.000194427 -0.0129366 -0.617195 
-0.000194268 -0.0129319 -0.61719 
-0.000194444 -0.0129358 -0.617194 
-0.000194333 -0.0129328 -0.617189 
-0.000195035 -0.0129375 -0.617193 
-0.000194028 -0.0129344 -0.617187 
-0.000195051 -0.012938 -0.617191 
-0.000197931 -0.0129337 -0.61719 
-0.00019802 -0.0129364 -0.617194 
-0.000198023 -0.0129324 -0.617188 
-0.000197909 -0.0129365 -0.617192 
-0.000198011 -0.012934 -0.617187 
-0.000198016 -0.0129376 -0.617191 
-0.000197602 -0.0129352 -0.617185 
-0.000197928 -0.0129393 -0.61719 
-0.000196937 -0.0129338 -0.617187 
-0.000197359 -0.012938 -0.617191 
-0.000196947 -0.0129342 -0.617186 
-0.000197737 -0.012937 -0.61719 
-0.00019697 -0.0129352 -0.617185 
-0.000197703 -0.0129388 -0.617189 
-0.000197408 -0.012936 -0.617183 
-0.000197391 -0.0129403 -0.617186 
-0.000195195 -0.012934 -0.617187 
-0.00019524 -0.0129377 -0.61719 
-0.000194799 -0.0129338 -0.617185 
-0.000194954 -0.0129368 -0.617189 
-0.000194892 -0.0129355 -0.617185 
-0.000194723 -0.0129385 -0.617188 
-0.000195019 -0.0129361 -0.617183 
-0.000195029 -0.0129399 -0.617185 
-0.000195591 -0.0129336 -0.617187 
-0.00019549 -0.0129373 -0.61719 
-0.000195826 -0.012933 -0.617185 
-0.000195196 -0.0129366 -0.617189 
-0.000195767 -0.0129347 -0.617185 
-0.000195031 -0.0129381 -0.617188 
-0.00019545 -0.0129358 -0.617183 
-0.000195577 -0.0129398 -0.617186 
-0.000195214 -0.0129343 -0.617185 
-0.000195799 -0.0129382 -0.617189 
-0.000195877 -0.0129343 -0.617183 
-0.000195454 -0.0129375 -0.617188 
-0.000195537 -0.0129357 -0.617183 
-0.000195327 -0.0129392 -0.617187 
-0.00019593 -0.0129365 -0.617181 
-0.000195196 -0.0129407 -0.617184 
-0.000200187 -0.0129332 -0.617187 
-0.000200464 -0.0129379 -0.617191 
-0.000200223 -0.0129334 -0.617185 
-0.000200756 -0.0129363 -0.617189 
-0.00020026 -0.0129344 -0.617184 
-0.000200438 -0.0129383 -0.617188 
-0.000200924 -0.0129354 -0.617183 
-0.000200532 -0.01294 -0.617186 
-0.000198877 -0.0129333 -0.617188 
-0.000199342 -0.0129377 -0.617192 
-0.000199011 -0.0129335 -0.617187 
-0.000199753 -0.0129368 -0.617191 
-0.000199078 -0.0129346 -0.617186 
-0.000199682 -0.0129385 -0.61719 
-0.00019941 -0.0129356 -0.617184 
-0.000199244 -0.0129399 -0.617187 
-0.000224971 9.93246e-05 -0.60514 
-0.000225429 0.000103695 -0.605143 
-0.000224498 0.00010545 -0.605139 
-0.00022506 0.000109288 -0.605142 
-0.000224865 0.000105414 -0.605137 
-0.000225022 0.000109481 -0.60514 
-0.000224752 0.000104462 -0.605137 
-0.000225029 0.000109317 -0.60514 
-0.000226288 0.000101167 -0.605136 
-0.000225597 0.000105093 -0.60514 
-0.000225748 0.000105873 -0.605135 
-0.00022586 0.000110952 -0.605138 
-0.000226042 0.000106413 -0.605134 
-0.000225608 0.000110761 -0.605137 
-0.000225997 0.000106191 -0.605134 
-0.000225677 0.000110616 -0.605137 
-0.000224421 0.000101867 -0.605133 
-0.000224538 0.000106454 -0.605137 
-0.000225221 0.000107665 -0.605131 
-0.000224542 0.000111417 -0.605135 
-0.000224809 0.00010803 -0.60513 
-0.000224693 0.000111505 -0.605134 
-0.000224836 0.00010771 -0.60513 
-0.000224721 0.000111239 -0.605134 
-0.000224636 0.000101467 -0.605135 
-0.000224699 0.00010573 -0.605138 
-0.000224703 0.000106685 -0.605133 
-0.000224392 0.000111182 -0.605136 
-0.000224551 0.000106705 -0.605132 
-0.000224808 0.00011136 -0.605135 
-0.000224637 0.000106463 -0.605132 
-0.000224857 0.00011115 -0.605135 
-0.000224394 0.000101845 -0.605134 
-0.000224924 0.000105818 -0.605137 
-0.000224142 0.000106803 -0.605132 
-0.000225073 0.000110858 -0.605137 
-0.000224435 0.000107075 -0.605131 
-0.000224671 0.000111619 -0.605134 
-0.000224528 0.000106249 -0.605131 
-0.000224642 0.000111466 -0.605134 
-0.000227623 0.000101881 -0.605134 
-0.0002277 0.000105483 -0.605138 
-0.000227818 0.000107221 -0.605132 
-0.000227919 0.00011131 -0.605136 
-0.00022768 0.000107146 -0.605131 
-0.000227417 0.000111588 -0.605135 
-0.000227694 0.000106313 -0.605131 
-0.000227414 0.000111379 -0.605135 
-0.000227056 0.000101287 -0.605135 
-0.000226838 0.000104951 -0.605139 
-0.000227094 0.000105849 -0.605134 
-0.000226937 0.000110738 -0.605138 
-0.000227003 0.000106084 -0.605132 
-0.000226837 0.000110722 -0.605137 
-0.00022707 0.000105885 -0.605132 
-0.000227308 0.000110187 -0.605136 
-0.00022626 0.000100143 -0.605138 
-0.000225681 0.000104086 -0.605141 
-0.00022582 0.000105129 -0.605136 
-0.000226016 0.00010963 -0.60514 
-0.00022568 0.000105856 -0.605135 
-0.000225972 0.000109829 -0.605139 
-0.000225589 0.00010566 -0.605135 
-0.000225542 0.000109897 -0.605139 
0.114749 3.33706 -1.74573 
0.11475 3.33705 -1.74574 
0.114749 3.33705 -1.74573 
0.114751 3.33705 -1.74574 
0.114749 3.33705 -1.74574 
0.11475 3.33704 -1.74575 
0.11475 3.33705 -1.74574 
0.114749 3.33705 -1.74575 
0.114739 3.33706 -1.74573 
0.114738 3.33705 -1.74574 
0.114739 3.33705 -1.74572 
0.114738 3.33705 -1.74573 
0.114739 3.33705 -1.74573 
0.114738 3.33704 -1.74574 
0.114738 3.33705 -1.74573 
0.114738 3.33705 -1.74574 
0.114752 3.33706 -1.74572 
0.114752 3.33705 -1.74573 
0.114752 3.33705 -1.74572 
0.114751 3.33705 -1.74573 
0.114752 3.33705 -1.74573 
0.114752 3.33704 -1.74574 
0.114753 3.33706 -1.74573 
0.114752 3.33704 -1.74574 
0.11473 3.33706 -1.74573 
0.11473 3.33705 -1.74574 
0.114732 3.33706 -1.74573 
0.114729 3.33705 -1.74574 
0.114732 3.33705 -1.74574 
0.11473 3.33704 -1.74575 
0.11473 3.33705 -1.74574 
0.114728 3.33705 -1.74575 
0.11474 3.33706 -1.74573 
0.114739 3.33705 -1.74574 
0.114739 3.33705 -1.74573 
0.114739 3.33705 -1.74574 
0.114739 3.33705 -1.74574 
0.114738 3.33704 -1.74575 
0.114739 3.33705 -1.74574 
0.114738 3.33704 -1.74575 
0.114738 3.33706 -1.74573 
0.114737 3.33705 -1.74574 
0.114738 3.33705 -1.74573 
0.114736 3.33705 -1.74574 
0.114737 3.33705 -1.74574 
0.114737 3.33704 -1.74575 
0.114738 3.33705 -1.74574 
0.114737 3.33704 -1.74575 
0.114734 3.33706 -1.74573 
0.114735 3.33705 -1.74574 
0.114735 3.33705 -1.74573 
0.114735 3.33705 -1.74574 
0.114736 3.33705 -1.74574 
0.114734 3.33704 -1.74575 
0.114736 3.33705 -1.74574 
0.114735 3.33704 -1.74575 
0.114728 3.33706 -1.74573 
0.114728 3.33705 -1.74574 
0.114728 3.33705 -1.74573 
0.114726 3.33705 -1.74574 
0.114728 3.33705 -1.74574 
0.114727 3.33704 -1.74575 
0.114728 3.33705 -1.74574 
0.114727 3.33704 -1.74575 
-0.16797 -3.9613 -3.70594 
-0.167972 -3.96131 -3.70594 
-0.167972 -3.96126 -3.70593 
-0.167971 -3.96126 -3.70593 
-0.167971 -3.96126 -3.70594 
-0.167971 -3.96127 -3.70593 
-0.167971 -3.96126 -3.70593 
-0.167972 -3.96126 -3.70593 
-0.167971 -3.9613 -3.70595 
-0.16797 -3.96131 -3.70594 
-0.167969 -3.96126 -3.70593 
-0.167969 -3.96126 -3.70593 
-0.167969 -3.96126 -3.70594 
-0.167969 -3.96127 -3.70593 
-0.167968 -3.96126 -3.70594 
-0.167969 -3.96127 -3.70593 
-0.16797 -3.9613 -3.70595 
-0.167972 -3.96131 -3.70594 
-0.167971 -3.96126 -3.70594 
-0.16797 -3.96126 -3.70593 
-0.16797 -3.96126 -3.70594 
-0.167971 -3.96127 -3.70593 
-0.167971 -3.96126 -3.70594 
-0.167972 -3.96127 -3.70593 
-0.167978 -3.9613 -3.70595 
-0.16798 -3.96131 -3.70594 
-0.167977 -3.96126 -3.70594 
-0.167976 -3.96127 -3.70593 
-0.167977 -3.96126 -3.70594 
-0.167977 -3.96127 -3.70593 
-0.167977 -3.96126 -3.70594 
-0.167978 -3.96127 -3.70593 
-0.167976 -3.9613 -3.70595 
-0.167979 -3.96131 -3.70594 
-0.167977 -3.96126 -3.70594 
-0.167977 -3.96127 -3.70593 
-0.167976 -3.96126 -3.70594 
-0.167977 -3.96127 -3.70593 
-0.167976 -3.96126 -3.70594 
-0.167977 -3.96127 -3.70593 
-0.16798 -3.9613 -3.70595 
-0.167981 -3.96131 -3.70594 
-0.167979 -3.96126 -3.70594 
-0.167979 -3.96126 -3.70593 
-0.167977 -3.96126 -3.70594 
-0.167979 -3.96127 -3.70593 
-0.167977 -3.96126 -3.70594 
-0.167979 -3.96127 -3.70593 
-0.167982 -3.9613 -3.70595 
-0.167982 -3.96131 -3.70594 
-0.16798 -3.96126 -3.70594 
-0.167979 -3.96126 -3.70593 
-0.167979 -3.96126 -3.70594 
-0.167981 -3.96127 -3.70593 
-0.16798 -3.96126 -3.70594 
-0.16798 -3.96127 -3.70593 
-0.167975 -3.9613 -3.70594 
-0.167975 -3.96131 -3.70594 
-0.167975 -3.96126 -3.70594 
-0.167975 -3.96126 -3.70592 
-0.167974 -3.96126 -3.70593 
-0.167975 -3.96127 -3.70593 
-0.167974 -3.96126 -3.70593 
-0.167976 -3.96127 -3.70593 
0.00674905 -1.09113 -1.97443 
0.0067497 -1.09113 -1.97442 
0.00675008 -1.09112 -1.97443 
0.00674965 -1.09113 -1.97441 
0.00675032 -1.09112 -1.97443 
0.0067498 -1.09113 -1.97441 
0.00675033 -1.09112 -1.97443 
0.00674996 -1.09112 -1.97441 
0.00674734 -1.09113 -1.97443 
0.00674677 -1.09114 -1.97441 
0.00674689 -1.09113 -1.97443 
0.00674814 -1.09113 -1.97442 
0.00674712 -1.09112 -1.97443 
0.00674759 -1.09113 -1.97442 
0.00674721 -1.09112 -1.97443 
0.00674816 -1.09113 -1.97441 
0.00675415 -1.09113 -1.97443 
0.00675321 -1.09114 -1.97442 
0.00675566 -1.09113 -1.97443 
0.00675578 -1.09113 -1.97442 
0.00675492 -1.09112 -1.97443 
0.00675421 -1.09113 -1.97442 
0.0067543 -1.09112 -1.97443 
0.00675485 -1.09113 -1.97441 
0.00675458 -1.09113 -1.97443 
0.00675463 -1.09114 -1.97441 
0.00675456 -1.09112 -1.97443 
0.00675463 -1.09113 -1.97441 
0.00675425 -1.09112 -1.97443 
0.00675416 -1.09113 -1.97442 
0.00675436 -1.09112 -1.97443 
0.00675494 -1.09113 -1.97441 
0.00675208 -1.09113 -1.97443 
0.0067516 -1.09113 -1.97441 
0.00675164 -1.09112 -1.97443 
0.00675078 -1.09113 -1.97441 
0.00675143 -1.09112 -1.97443 
0.00674972 -1.09113 -1.97441 
0.00675158 -1.09112 -1.97442 
0.00675126 -1.09113 -1.97441 
0.00674666 -1.09113 -1.97442 
0.00674732 -1.09113 -1.97441 
0.0067466 -1.09112 -1.97442 
0.00674469 -1.09113 -1.97441 
0.00674671 -1.09112 -1.97442 
0.00674379 -1.09113 -1.97441 
0.00674559 -1.09112 -1.97442 
0.00674525 -1.09113 -1.9744 
0.00674579 -1.09113 -1.97442 
0.00674606 -1.09113 -1.97441 
0.00674616 -1.09112 -1.97442 
0.00674737 -1.09113 -1.97441 
0.00674634 -1.09112 -1.97442 
0.00674731 -1.09112 -1.97441 
0.00674798 -1.09112 -1.97442 
0.00674788 -1.09112 -1.9744 
0.00675328 -1.09113 -1.97443 
0.00675202 -1.09113 -1.97441 
0.00675206 -1.09112 -1.97443 
0.0067519 -1.09113 -1.97441 
0.00675351 -1.09112 -1.97443 
0.00675308 -1.09112 -1.97441 
0.00675267 -1.09112 -1.97443 
0.00675325 -1.09112 -1.97441 
0.00412924 1.01317 -1.84245 
0.00412721 1.01318 -1.84244 
0.00412879 1.01318 -1.84245 
0.00412701 1.01319 -1.84244 
0.00412875 1.01318 -1.84245 
0.00412729 1.01318 -1.84244 
0.00412798 1.01318 -1.84245 
0.00412818 1.01318 -1.84245 
0.00413074 1.01318 -1.84245 
0.00413178 1.01318 -1.84244 
0.00412904 1.01319 -1.84245 
0.00413026 1.01319 -1.84244 
0.00413002 1.01318 -1.84245 
0.00412991 1.01319 -1.84244 
0.00413179 1.01318 -1.84245 
0.0041286 1.01319 -1.84244 
0.00413563 1.01318 -1.84245 
0.00413572 1.01318 -1.84244 
0.00413559 1.01318 -1.84245 
0.00413641 1.01319 -1.84244 
0.00413663 1.01318 -1.84245 
0.00413657 1.01319 -1.84244 
0.00413656 1.01318 -1.84245 
0.00413525 1.01318 -1.84244 
0.00413273 1.01318 -1.84245 
0.0041339 1.01318 -1.84244 
0.00413381 1.01318 -1.84245 
0.0041335 1.01319 -1.84244 
0.00413373 1.01318 -1.84245 
0.00413385 1.01319 -1.84244 
0.00413269 1.01318 -1.84245 
0.00413376 1.01318 -1.84244 
0.00413052 1.01317 -1.84245 
0.00413082 1.01318 -1.84244 
0.00413185 1.01318 -1.84245 
0.00412968 1.01319 -1.84244 
0.00413206 1.01318 -1.84245 
0.00412974 1.01319 -1.84244 
0.00413097 1.01318 -1.84245 
0.00413224 1.01318 -1.84244 
0.0041252 1.01317 -1.84245 
0.00412499 1.01318 -1.84244 
0.00412766 1.01318 -1.84245 
0.0041262 1.01319 -1.84244 
0.00412607 1.01318 -1.84245 
0.00412576 1.01319 -1.84244 
0.00412494 1.01318 -1.84245 
0.00412703 1.01318 -1.84244 
0.00413366 1.01317 -1.84245 
0.00413517 1.01318 -1.84244 
0.00413424 1.01318 -1.84245 
0.00413221 1.01319 -1.84244 
0.00413276 1.01318 -1.84245 
0.00413308 1.01318 -1.84244 
0.00413261 1.01317 -1.84245 
0.00413317 1.01318 -1.84244 
0.00414015 1.01317 -1.84246 
0.00413936 1.01318 -1.84245 
0.00414181 1.01318 -1.84246 
0.00413894 1.01319 -1.84245 
0.00414023 1.01318 -1.84245 
0.00413833 1.01318 -1.84245 
0.00414012 1.01317 -1.84246 
0.00413949 1.01318 -1.84245 
-0.00173915 -0.0606833 -1.41208 
-0.00173899 -0.060684 -1.4121 
-0.00173928 -0.0606413 -1.41208 
-0.00173925 -0.0606428 -1.41209 
-0.00174019 -0.0606384 -1.41208 
-0.00173875 -0.0606408 -1.41209 
-0.0017404 -0.0606398 -1.41208 
-0.00173891 -0.0606381 -1.41209 
-0.00173672 -0.0606858 -1.41209 
-0.00173671 -0.0606879 -1.4121 
-0.00173954 -0.0606438 -1.41209 
-0.00173824 -0.060647 -1.41209 
-0.00173992 -0.0606422 -1.41208 
-0.00173789 -0.0606444 -1.41209 
-0.00173987 -0.0606444 -1.41208 
-0.00174122 -0.0606433 -1.41209 
-0.00173608 -0.0606858 -1.41208 
-0.00173498 -0.0606851 -1.41209 
-0.00173603 -0.0606441 -1.41208 
-0.00173658 -0.0606456 -1.41209 
-0.00173887 -0.0606408 -1.41208 
-0.00173919 -0.0606414 -1.41209 
-0.00173605 -0.0606424 -1.41208 
-0.00173774 -0.0606416 -1.41209 
-0.00173896 -0.0606857 -1.41208 
-0.00173859 -0.060686 -1.41209 
-0.00173876 -0.0606459 -1.41207 
-0.00173912 -0.060645 -1.41209 
-0.00174151 -0.0606401 -1.41207 
-0.00174028 -0.0606419 -1.41208 
-0.0017402 -0.0606423 -1.41207 
-0.00173933 -0.0606428 -1.41208 
-0.00173787 -0.060685 -1.41208 
-0.00173777 -0.0606852 -1.41209 
-0.00173898 -0.0606439 -1.41208 
-0.00173844 -0.0606452 -1.41209 
-0.00173882 -0.0606399 -1.41208 
-0.00174025 -0.0606405 -1.41209 
-0.00173921 -0.0606421 -1.41208 
-0.00174066 -0.0606417 -1.41209 
-0.00174105 -0.0606845 -1.41208 
-0.00174102 -0.0606853 -1.41209 
-0.00174308 -0.0606427 -1.41208 
-0.00174281 -0.0606459 -1.41209 
-0.00174193 -0.0606416 -1.41208 
-0.00174196 -0.0606428 -1.41209 
-0.00174322 -0.0606415 -1.41208 
-0.00174496 -0.0606424 -1.41209 
-0.00174935 -0.0606856 -1.41209 
-0.00175042 -0.0606849 -1.41209 
-0.00174872 -0.0606438 -1.41208 
-0.00174808 -0.0606454 -1.41209 
-0.0017491 -0.0606421 -1.41208 
-0.00174859 -0.0606428 -1.41209 
-0.00174904 -0.0606422 -1.41208 
-0.00175014 -0.0606419 -1.41209 
-0.0017476 -0.0606842 -1.41208 
-0.00174776 -0.0606848 -1.41209 
-0.00174831 -0.0606433 -1.41208 
-0.00174816 -0.0606452 -1.41209 
-0.00174702 -0.060641 -1.41208 
-0.00174564 -0.0606412 -1.41209 
-0.00174829 -0.0606421 -1.41208 
-0.00174808 -0.0606407 -1.41209 
-0.00394411 -0.0976355 -1.45464 
-0.00394601 -0.0976377 -1.45465 
-0.00394534 -0.0976444 -1.45464 
-0.00394554 -0.0976439 -1.45465 
-0.00394491 -0.0976504 -1.45464 
-0.00394601 -0.0976501 -1.45465 
-0.00394435 -0.0976403 -1.45463 
-0.00394624 -0.0976394 -1.45464 
-0.00395187 -0.0976342 -1.45464 
-0.00395119 -0.0976367 -1.45465 
-0.00395125 -0.0976435 -1.45464 
-0.00395193 -0.097643 -1.45465 
-0.00395144 -0.0976497 -1.45464 
-0.0039533 -0.097649 -1.45465 
-0.00395201 -0.0976392 -1.45463 
-0.00395268 -0.0976389 -1.45464 
-0.00395114 -0.097635 -1.45463 
-0.00395225 -0.0976369 -1.45465 
-0.00394933 -0.0976438 -1.45464 
-0.00395045 -0.0976432 -1.45465 
-0.00395092 -0.0976524 -1.45463 
-0.00395205 -0.0976487 -1.45464 
-0.00395073 -0.0976395 -1.45463 
-0.00395255 -0.0976421 -1.45464 
-0.0039552 -0.0976349 -1.45464 
-0.0039531 -0.0976372 -1.45465 
-0.0039534 -0.097643 -1.45464 
-0.00395349 -0.0976421 -1.45465 
-0.00395246 -0.0976489 -1.45463 
-0.00395273 -0.0976483 -1.45464 
-0.00395312 -0.0976387 -1.45463 
-0.00395372 -0.09764 -1.45464 
-0.00394353 -0.0976356 -1.45464 
-0.00394367 -0.0976348 -1.45465 
-0.00394295 -0.0976435 -1.45464 
-0.00394299 -0.0976431 -1.45465 
-0.00394248 -0.0976477 -1.45464 
-0.00394452 -0.0976495 -1.45465 
-0.00394189 -0.0976393 -1.45463 
-0.00394327 -0.0976384 -1.45464 
-0.00396689 -0.0976356 -1.45464 
-0.00396827 -0.0976349 -1.45465 
-0.00396575 -0.097644 -1.45464 
-0.00396685 -0.0976437 -1.45466 
-0.0039677 -0.0976475 -1.45464 
-0.00396751 -0.0976492 -1.45465 
-0.0039679 -0.0976396 -1.45463 
-0.00396664 -0.0976384 -1.45465 
-0.00395703 -0.0976374 -1.45464 
-0.00395635 -0.0976367 -1.45465 
-0.00395764 -0.0976452 -1.45464 
-0.00395714 -0.0976444 -1.45466 
-0.00395889 -0.0976484 -1.45464 
-0.00395764 -0.0976493 -1.45465 
-0.00395898 -0.0976408 -1.45463 
-0.00395806 -0.0976368 -1.45464 
-0.0039626 -0.0976378 -1.45464 
-0.00396205 -0.0976397 -1.45465 
-0.00396269 -0.0976447 -1.45464 
-0.00396373 -0.0976446 -1.45466 
-0.0039643 -0.0976504 -1.45464 
-0.00396301 -0.0976505 -1.45465 
-0.00396368 -0.0976414 -1.45463 
-0.00396397 -0.0976393 -1.45464 
-0.0133883 1.43798 -1.3401 
0.000259777 -0.0302094 -0.0738861 
-0.0133887 1.43798 -1.3401 
0.000260213 -0.0302133 -0.0738851 
-0.0133884 1.43798 -1.34009 
0.000260088 -0.0302113 -0.0738857 
-0.0133888 1.43798 -1.3401 
0.00026265 -0.0302102 -0.0738852 
-0.0133886 1.43798 -1.3401 
0.000262119 -0.0302083 -0.0738856 
-0.0133882 1.43798 -1.3401 
0.000260562 -0.0302116 -0.0738851 
-0.0133883 1.43799 -1.34009 
0.000259044 -0.0302108 -0.0738864 
-0.0133881 1.43799 -1.3401 
0.000259574 -0.0302102 -0.0738845 
-0.0133946 1.43799 -1.34009 
0.000259874 -0.0302105 -0.0738855 
-0.0133948 1.43799 -1.34009 
0.000259871 -0.0302119 -0.0738857 
-0.013395 1.43798 -1.34009 
0.000259769 -0.0302101 -0.0738847 
-0.0133949 1.43798 -1.34009 
0.000259645 -0.0302107 -0.0738855 
-0.0133946 1.43798 -1.34009 
0.00025996 -0.0302077 -0.0738855 
-0.0133946 1.43798 -1.3401 
0.000260491 -0.0302108 -0.0738853 
-0.0133942 1.43799 -1.34009 
0.000260845 -0.0302099 -0.0738856 
-0.0133945 1.43799 -1.34009 
0.000261027 -0.0302105 -0.0738831 
-0.013398 1.43798 -1.34009 
0.000260984 -0.0302109 -0.0738855 
-0.0133985 1.43798 -1.3401 
0.000260771 -0.0302105 -0.0738859 
-0.0133981 1.43798 -1.34009 
0.000261511 -0.0302081 -0.0738851 
-0.0133983 1.43798 -1.34009 
0.000261626 -0.0302099 -0.0738851 
-0.0133982 1.43798 -1.3401 
0.000261068 -0.0302082 -0.0738857 
-0.0133985 1.43798 -1.3401 
0.000260052 -0.0302101 -0.0738861 
-0.0133982 1.43799 -1.34009 
0.000259447 -0.0302114 -0.0738857 
-0.0133978 1.43799 -1.34009 
0.000260883 -0.03021 -0.073884 
-0.0133968 1.43798 -1.3401 
0.000259225 -0.0302094 -0.073886 
-0.0133974 1.43798 -1.3401 
0.000260042 -0.0302116 -0.0738867 
-0.0133967 1.43798 -1.34009 
0.00025985 -0.0302088 -0.0738856 
-0.0133974 1.43798 -1.3401 
0.000260627 -0.0302097 -0.0738852 
-0.0133973 1.43798 -1.3401 
0.00025921 -0.0302101 -0.073886 
-0.013397 1.43798 -1.3401 
0.00026069 -0.0302111 -0.073887 
-0.0133969 1.43799 -1.34009 
0.000260367 -0.0302103 -0.0738861 
-0.0133963 1.43799 -1.3401 
0.00025938 -0.0302098 -0.0738847 
-0.013395 1.43798 -1.3401 
0.000259207 -0.0302088 -0.0738856 
-0.0133958 1.43799 -1.3401 
0.000261261 -0.0302113 -0.0738863 
-0.0133953 1.43798 -1.34009 
0.000259555 -0.0302087 -0.0738853 
-0.0133954 1.43798 -1.3401 
0.000261056 -0.03021 -0.0738857 
-0.013396 1.43798 -1.3401 
0.000261055 -0.0302105 -0.0738862 
-0.013395 1.43798 -1.3401 
0.000259419 -0.0302113 -0.0738864 
-0.0133951 1.43799 -1.34009 
0.000260215 -0.0302107 -0.073886 
-0.0133949 1.43799 -1.3401 
0.000259025 -0.0302084 -0.0738859 
-0.0133883 1.43799 -1.3401 
0.000261121 -0.0302104 -0.0738858 
-0.0133892 1.43798 -1.3401 
0.00026075 -0.0302137 -0.0738858 
-0.0133887 1.43798 -1.3401 
0.000260832 -0.030211 -0.0738845 
-0.0133892 1.43798 -1.3401 
0.000261466 -0.0302115 -0.0738865 
-0.0133889 1.43798 -1.3401 
0.000260802 -0.0302093 -0.0738875 
-0.0133886 1.43798 -1.3401 
0.00026123 -0.0302116 -0.0738855 
-0.0133885 1.43799 -1.3401 
0.000259538 -0.0302091 -0.0738872 
-0.0133883 1.43799 -1.3401 
0.000261173 -0.030208 -0.0738858 
-0.0134013 1.43798 -1.3401 
0.000260201 -0.0302106 -0.0738863 
-0.0134007 1.43799 -1.3401 
0.000261199 -0.0302111 -0.073884 
-0.0134015 1.43798 -1.3401 
0.000259851 -0.0302124 -0.0738852 
-0.0134008 1.43798 -1.3401 
0.000259571 -0.0302114 -0.0738843 
-0.0134009 1.43798 -1.3401 
0.000259699 -0.0302102 -0.073887 
-0.0134014 1.43798 -1.3401 
0.00026131 -0.030211 -0.0738842 
-0.0134009 1.43799 -1.3401 
0.000260634 -0.0302085 -0.0738856 
-0.0134011 1.43799 -1.3401 
0.000261388 -0.0302101 -0.0738873 
-0.013404 1.43798 -1.3401 
0.000261527 -0.0302099 -0.0738855 
-0.013403 1.43798 -1.3401 
0.000258598 -0.0302125 -0.0738855 
-0.013404 1.43798 -1.3401 
0.000259601 -0.0302096 -0.0738838 
-0.0134035 1.43798 -1.3401 
0.00025864 -0.0302108 -0.0738858 
-0.0134032 1.43798 -1.3401 
0.00025977 -0.0302096 -0.0738859 
-0.0134034 1.43798 -1.3401 
0.000259277 -0.0302112 -0.0738847 
-0.0134038 1.43799 -1.3401 
0.000261149 -0.0302099 -0.0738857 
-0.0134038 1.43799 -1.3401 
0.000260665 -0.0302087 -0.0738867 
0.0189377 -0.9043 -3.04477 
-0.000263097 0.0120826 -0.0494723 
0.018938 -0.9043 -3.04477 
-0.000263723 0.0120849 -0.0494735 
0.018938 -0.904306 -3.04477 
-0.000263006 0.012083 -0.0494732 
0.0189383 -0.904305 -3.04477 
-0.00026461 0.0120839 -0.0494737 
0.0189377 -0.904304 -3.04477 
-0.000264433 0.0120829 -0.049473 
0.018938 -0.904303 -3.04477 
-0.000262731 0.0120835 -0.0494736 
0.0189381 -0.904305 -3.04477 
-0.000264378 0.0120858 -0.0494749 
0.0189377 -0.904304 -3.04476 
-0.000263773 0.0120833 -0.0494733 
0.018939 -0.904302 -3.04477 
-0.000264384 0.0120849 -0.049473 
0.0189394 -0.904302 -3.04476 
-0.000265046 0.0120836 -0.0494735 
0.0189393 -0.904307 -3.04477 
-0.000264158 0.0120848 -0.0494751 
0.0189394 -0.904307 -3.04476 
-0.000263912 0.0120863 -0.0494737 
0.0189395 -0.904305 -3.04477 
-0.000264987 0.0120855 -0.049475 
0.0189393 -0.904305 -3.04476 
-0.000264778 0.0120835 -0.0494753 
0.0189393 -0.904307 -3.04476 
-0.000263897 0.0120833 -0.0494741 
0.0189397 -0.904306 -3.04476 
-0.000264309 0.0120834 -0.0494737 
0.0189276 -0.904303 -3.04476 
-0.000265917 0.0120859 -0.0494742 
0.0189276 -0.904303 -3.04476 
-0.000263073 0.012086 -0.0494728 
0.0189278 -0.904309 -3.04476 
-0.000264562 0.0120836 -0.0494748 
0.0189277 -0.904308 -3.04476 
-0.000265145 0.0120835 -0.0494741 
0.0189275 -0.904307 -3.04476 
-0.000264717 0.0120828 -0.0494721 
0.0189278 -0.904306 -3.04476 
-0.00026462 0.0120854 -0.0494761 
0.018927 -0.904308 -3.04476 
-0.000263913 0.0120847 -0.0494749 
0.0189277 -0.904307 -3.04476 
-0.00026421 0.0120827 -0.0494737 
0.0189318 -0.904302 -3.04477 
-0.000263485 0.0120848 -0.0494746 
0.018933 -0.904302 -3.04476 
-0.000263673 0.0120848 -0.0494733 
0.0189328 -0.904307 -3.04477 
-0.000264412 0.012084 -0.0494732 
0.0189322 -0.904308 -3.04476 
-0.000264839 0.0120844 -0.0494732 
0.0189323 -0.904305 -3.04477 
-0.000264243 0.012084 -0.0494738 
0.0189329 -0.904305 -3.04476 
-0.000263804 0.012084 -0.0494733 
0.0189326 -0.904307 -3.04476 
-0.000263837 0.0120844 -0.0494729 
0.0189324 -0.904306 -3.04476 
-0.00026268 0.0120832 -0.0494748 
0.0189336 -0.904302 -3.04477 
-0.000264014 0.0120841 -0.0494743 
0.0189346 -0.904301 -3.04477 
-0.000264517 0.0120836 -0.049473 
0.0189342 -0.904307 -3.04477 
-0.000264406 0.0120842 -0.0494748 
0.0189345 -0.904308 -3.04477 
-0.00026373 0.012084 -0.0494734 
0.0189341 -0.904305 -3.04477 
-0.000264185 0.012083 -0.0494745 
0.0189344 -0.904305 -3.04476 
-0.000264764 0.0120846 -0.0494733 
0.0189346 -0.904307 -3.04476 
-0.000263824 0.0120833 -0.0494724 
0.0189339 -0.904306 -3.04476 
-0.000264309 0.0120834 -0.0494739 
0.0189361 -0.904302 -3.04477 
-0.000263332 0.0120836 -0.0494734 
0.0189365 -0.904302 -3.04477 
-0.000264226 0.0120833 -0.0494737 
0.0189359 -0.904309 -3.04477 
-0.00026541 0.0120853 -0.0494746 
0.018936 -0.904308 -3.04477 
-0.000263899 0.0120833 -0.0494741 
0.018936 -0.904305 -3.04477 
-0.000263857 0.0120837 -0.0494735 
0.0189366 -0.904306 -3.04476 
-0.000264261 0.0120844 -0.0494739 
0.0189362 -0.904306 -3.04477 
-0.000264035 0.0120862 -0.0494729 
0.0189357 -0.904306 -3.04476 
-0.000263868 0.012083 -0.0494737 
0.0189356 -0.904302 -3.04477 
-0.000264056 0.0120852 -0.0494721 
0.0189357 -0.904302 -3.04477 
-0.000264667 0.0120833 -0.0494746 
0.0189352 -0.904308 -3.04477 
-0.000264089 0.0120844 -0.049475 
0.0189357 -0.904308 -3.04477 
-0.000264289 0.0120865 -0.0494738 
0.018935 -0.904306 -3.04477 
-0.000263649 0.0120859 -0.0494733 
0.0189355 -0.904305 -3.04476 
-0.000263618 0.0120844 -0.0494742 
0.0189354 -0.904307 -3.04477 
-0.000264055 0.0120849 -0.0494745 
0.0189354 -0.904307 -3.04476 
-0.000265042 0.0120841 -0.0494733 
0.0189272 -0.904302 -3.04477 
-0.000264775 0.0120849 -0.049474 
0.0189274 -0.904301 -3.04477 
-0.00026491 0.0120858 -0.0494733 
0.0189273 -0.904307 -3.04477 
-0.000265044 0.0120839 -0.0494745 
0.0189278 -0.904307 -3.04477 
-0.000264571 0.0120848 -0.0494724 
0.0189274 -0.904305 -3.04477 
-0.000264755 0.0120848 -0.0494746 
0.0189273 -0.904305 -3.04476 
-0.000265219 0.0120849 -0.0494731 
0.0189277 -0.904305 -3.04477 
-0.000264474 0.0120847 -0.0494737 
0.0189272 -0.904306 -3.04476 
-0.000265102 0.0120831 -0.0494726 
-0.00367088 -0.101846 3.25033 
2.91785e-05 0.0129574 0.00175242 
-0.00367058 -0.10185 3.25033 
3.06562e-05 0.012959 0.00175161 
-0.00367049 -0.101849 3.25033 
2.91919e-05 0.0129591 0.00175299 
-0.00367052 -0.101852 3.25033 
2.87214e-05 0.0129588 0.0017529 
-0.00367067 -0.101834 3.25033 
2.90647e-05 0.0129589 0.00175112 
-0.00366994 -0.101838 3.25033 
2.90998e-05 0.0129577 0.00175233 
-0.00366985 -0.101828 3.25032 
2.83303e-05 0.0129597 0.00175319 
-0.00366966 -0.101832 3.25033 
2.81715e-05 0.0129573 0.00175011 
-0.00367094 -0.101846 3.25033 
2.91246e-05 0.0129582 0.00175202 
-0.0036712 -0.101849 3.25033 
2.83135e-05 0.012958 0.00175249 
-0.00367097 -0.101848 3.25033 
2.8964e-05 0.0129584 0.00175142 
-0.00367125 -0.101852 3.25033 
2.82728e-05 0.0129594 0.00175222 
-0.00367043 -0.101834 3.25033 
2.90391e-05 0.0129587 0.00175231 
-0.00367069 -0.101837 3.25033 
2.94756e-05 0.012956 0.0017523 
-0.00367057 -0.101827 3.25033 
2.89829e-05 0.0129561 0.00175292 
-0.00367104 -0.101832 3.25033 
2.84778e-05 0.0129579 0.00175293 
-0.00367145 -0.101846 3.25033 
2.94674e-05 0.0129578 0.00175245 
-0.00367159 -0.101849 3.25033 
2.92459e-05 0.0129575 0.00175319 
-0.00367176 -0.101848 3.25033 
2.8537e-05 0.0129589 0.00175201 
-0.00367103 -0.101852 3.25033 
2.88329e-05 0.012959 0.00175221 
-0.00367148 -0.101833 3.25032 
2.87041e-05 0.0129587 0.00175254 
-0.00367095 -0.101838 3.25033 
2.98443e-05 0.0129574 0.00175436 
-0.00367166 -0.101828 3.25032 
2.91085e-05 0.0129575 0.00175223 
-0.00367143 -0.101832 3.25033 
2.93183e-05 0.0129585 0.00175359 
-0.00366946 -0.101846 3.25032 
3.03232e-05 0.0129587 0.00175301 
-0.00366903 -0.10185 3.25032 
2.95526e-05 0.0129567 0.00175229 
-0.00366903 -0.101849 3.25032 
2.9569e-05 0.0129572 0.0017518 
-0.00366847 -0.101853 3.25033 
2.94604e-05 0.012958 0.00175179 
-0.00366846 -0.101834 3.25032 
2.81062e-05 0.0129579 0.00175273 
-0.00366839 -0.101838 3.25032 
2.85134e-05 0.0129593 0.00175057 
-0.00366902 -0.101829 3.25032 
2.89638e-05 0.0129577 0.001753 
-0.00366847 -0.101833 3.25032 
2.92525e-05 0.0129591 0.00175208 
-0.00366896 -0.101845 3.25033 
2.97886e-05 0.0129584 0.00175352 
-0.00366848 -0.101849 3.25033 
2.76401e-05 0.0129567 0.00175172 
-0.00366902 -0.101848 3.25033 
2.92968e-05 0.0129581 0.0017528 
-0.00366853 -0.101852 3.25033 
2.86327e-05 0.0129583 0.00175188 
-0.00366907 -0.101833 3.25033 
3.02492e-05 0.0129587 0.00175195 
-0.00366857 -0.101838 3.25033 
2.89903e-05 0.0129575 0.0017533 
-0.00366898 -0.101827 3.25032 
2.8223e-05 0.0129568 0.00175244 
-0.00366872 -0.101832 3.25033 
3.05751e-05 0.0129586 0.00175116 
-0.00366773 -0.101843 3.25033 
2.80416e-05 0.0129584 0.0017512 
-0.00366806 -0.101848 3.25033 
2.95097e-05 0.0129584 0.00175361 
-0.00366777 -0.101846 3.25033 
2.8693e-05 0.0129584 0.00175342 
-0.0036679 -0.10185 3.25033 
2.74309e-05 0.01296 0.00175169 
-0.00366778 -0.101832 3.25033 
2.90608e-05 0.012959 0.00175211 
-0.00366809 -0.101836 3.25033 
2.98622e-05 0.0129592 0.00175403 
-0.00366748 -0.101826 3.25033 
2.82883e-05 0.012956 0.00175157 
-0.00366814 -0.10183 3.25033 
2.90138e-05 0.012959 0.00175161 
-0.00366645 -0.101846 3.25033 
2.9314e-05 0.0129568 0.00175434 
-0.00366608 -0.101849 3.25033 
2.94119e-05 0.0129603 0.00175335 
-0.00366582 -0.101849 3.25033 
2.9224e-05 0.0129592 0.00175205 
-0.00366617 -0.101852 3.25033 
2.92463e-05 0.0129602 0.00175329 
-0.00366527 -0.101833 3.25033 
2.80861e-05 0.0129578 0.0017528 
-0.00366539 -0.101837 3.25033 
2.9126e-05 0.0129569 0.00175324 
-0.00366486 -0.101828 3.25033 
2.95357e-05 0.0129555 0.00175222 
-0.00366533 -0.101832 3.25033 
2.80861e-05 0.0129574 0.00175037 
-0.00366688 -0.101845 3.25033 
3.02604e-05 0.0129568 0.00175366 
-0.00366675 -0.101849 3.25033 
2.92577e-05 0.0129601 0.00175303 
-0.00366656 -0.101849 3.25033 
2.93452e-05 0.0129588 0.0017522 
-0.00366679 -0.101853 3.25033 
2.98807e-05 0.0129599 0.00175332 
-0.00366578 -0.101834 3.25033 
2.92272e-05 0.0129579 0.00175319 
-0.0036656 -0.101838 3.25033 
2.76327e-05 0.0129578 0.00175277 
-0.00366603 -0.101828 3.25033 
2.89465e-05 0.0129572 0.0017529 
-0.00366571 -0.101832 3.25033 
2.88885e-05 0.0129577 0.00175046 
0.00196615 -0.0605507 3.15766 
-6.43769e-05 0.00727627 0.00229642 
0.0019662 -0.0605477 3.15766 
-6.42729e-05 0.007276 0.0022972 
0.00196657 -0.0605599 3.15767 
-6.48694e-05 0.00727589 0.0022971 
0.001966 -0.0605564 3.15767 
-6.36317e-05 0.00727607 0.00229722 
0.00196672 -0.0605659 3.15767 
-6.33399e-05 0.00727835 0.00229562 
0.0019665 -0.0605619 3.15767 
-6.46039e-05 0.00727766 0.00229866 
0.00196603 -0.0605695 3.15767 
-6.40165e-05 0.00727708 0.00229623 
0.00196654 -0.0605665 3.15767 
-6.3704e-05 0.00727706 0.002296 
0.00195108 -0.0605513 3.15766 
-6.53277e-05 0.00727541 0.00229721 
0.00195149 -0.0605478 3.15766 
-6.52838e-05 0.00727889 0.00229566 
0.00195146 -0.0605599 3.15767 
-6.54856e-05 0.00727662 0.00229709 
0.00195143 -0.0605559 3.15767 
-6.4689e-05 0.00727625 0.002297 
0.00195098 -0.0605653 3.15767 
-6.3336e-05 0.00727756 0.00229665 
0.00195111 -0.0605615 3.15767 
-6.44223e-05 0.00727556 0.00229534 
0.0019508 -0.06057 3.15767 
-6.46908e-05 0.00727572 0.00229781 
0.00195118 -0.0605661 3.15767 
-6.46582e-05 0.00727866 0.00229528 
0.00195443 -0.0605523 3.15766 
-6.48636e-05 0.00727585 0.00229822 
0.00195451 -0.0605491 3.15766 
-6.52004e-05 0.0072776 0.00229693 
0.00195454 -0.0605615 3.15766 
-6.43347e-05 0.00727633 0.002297 
0.00195412 -0.0605573 3.15766 
-6.53637e-05 0.00727678 0.00229651 
0.00195433 -0.0605668 3.15766 
-6.44336e-05 0.00727858 0.00229569 
0.001954 -0.0605622 3.15766 
-6.43946e-05 0.00727631 0.00229739 
0.00195441 -0.0605716 3.15766 
-6.47019e-05 0.0072755 0.00229547 
0.00195441 -0.0605676 3.15766 
-6.40752e-05 0.00727793 0.00229617 
0.00195793 -0.0605513 3.15766 
-6.53388e-05 0.00727727 0.00229705 
0.00195754 -0.0605478 3.15766 
-6.53168e-05 0.0072762 0.0022974 
0.00195759 -0.0605601 3.15767 
-6.44733e-05 0.00727651 0.00229629 
0.00195733 -0.0605559 3.15767 
-6.39411e-05 0.00727702 0.00229761 
0.00195796 -0.0605655 3.15766 
-6.43591e-05 0.00727728 0.0022967 
0.00195761 -0.0605617 3.15766 
-6.25078e-05 0.00727668 0.0022972 
0.00195762 -0.0605706 3.15767 
-6.37596e-05 0.0072768 0.00229555 
0.00195776 -0.060566 3.15766 
-6.52491e-05 0.00727616 0.00229613 
0.00195776 -0.060551 3.15767 
-6.59505e-05 0.00727678 0.0022968 
0.0019577 -0.0605479 3.15766 
-6.41743e-05 0.00727359 0.00229649 
0.00195754 -0.0605602 3.15767 
-6.48181e-05 0.00727694 0.00229608 
0.00195787 -0.0605557 3.15767 
-6.5446e-05 0.00727603 0.00229796 
0.00195795 -0.060566 3.15767 
-6.40972e-05 0.00727653 0.00229747 
0.00195755 -0.0605615 3.15767 
-6.33027e-05 0.00727577 0.0022971 
0.00195772 -0.0605703 3.15767 
-6.52328e-05 0.00727702 0.00229608 
0.00195756 -0.0605667 3.15767 
-6.30248e-05 0.00727722 0.00229813 
0.00196359 -0.0605512 3.15767 
-6.4414e-05 0.00727705 0.00229703 
0.00196344 -0.0605472 3.15767 
-6.5136e-05 0.00727347 0.00229679 
0.0019634 -0.0605595 3.15767 
-6.49782e-05 0.00727662 0.00229568 
0.00196391 -0.0605561 3.15767 
-6.42732e-05 0.00727658 0.00229733 
0.0019634 -0.0605653 3.15767 
-6.36412e-05 0.0072759 0.00229752 
0.00196364 -0.0605613 3.15767 
-6.41984e-05 0.00727632 0.00229712 
0.00196351 -0.0605697 3.15767 
-6.49168e-05 0.00727729 0.00229515 
0.00196376 -0.0605662 3.15767 
-6.33449e-05 0.00727454 0.00229722 
0.00196378 -0.060551 3.15767 
-6.39503e-05 0.0072776 0.00229761 
0.0019637 -0.0605478 3.15767 
-6.47584e-05 0.00727317 0.00229573 
0.00196414 -0.0605593 3.15767 
-6.42552e-05 0.0072767 0.00229663 
0.00196428 -0.0605559 3.15767 
-6.50328e-05 0.00727573 0.00229755 
0.00196442 -0.0605658 3.15767 
-6.46304e-05 0.00727646 0.00229641 
0.00196366 -0.0605612 3.15767 
-6.40041e-05 0.00727598 0.00229798 
0.00196398 -0.0605696 3.15767 
-6.53692e-05 0.00727692 0.00229591 
0.00196443 -0.0605668 3.15767 
-6.42035e-05 0.00727542 0.00229717 
0.00195796 -0.0605503 3.15767 
-6.42616e-05 0.00727679 0.00229821 
0.00195758 -0.0605474 3.15767 
-6.44018e-05 0.007276 0.00229564 
0.0019574 -0.0605587 3.15767 
-6.34584e-05 0.00727667 0.00229683 
0.00195755 -0.0605539 3.15767 
-6.45456e-05 0.00727662 0.00229732 
0.00195779 -0.060565 3.15767 
-6.41681e-05 0.00727784 0.00229587 
0.00195751 -0.0605605 3.15767 
-6.5772e-05 0.00727513 0.00229665 
0.00195767 -0.0605695 3.15767 
-6.40742e-05 0.0072767 0.00229684 
0.00195723 -0.0605658 3.15767 
-6.3571e-05 0.00727663 0.00229514 
-0.00507425 0.152775 -1.03037 
5.13269e-05 -0.00188353 -0.111729 
-0.00507426 0.152776 -1.03036 
5.06302e-05 -0.00188568 -0.111727 
-0.00507469 0.152762 -1.03036 
5.26803e-05 -0.00188523 -0.111727 
-0.00507459 0.152761 -1.03036 
5.13313e-05 -0.00188253 -0.111727 
-0.00507402 0.15276 -1.03037 
5.09517e-05 -0.00188595 -0.111727 
-0.00507453 0.15276 -1.03036 
5.05448e-05 -0.0018847 -0.111729 
-0.00507421 0.152762 -1.03037 
5.24192e-05 -0.00188359 -0.111727 
-0.00507437 0.152762 -1.03036 
5.28772e-05 -0.00188121 -0.111727 
-0.00507612 0.152775 -1.03037 
5.14225e-05 -0.00188356 -0.111726 
-0.00507628 0.152775 -1.03036 
5.0014e-05 -0.00188449 -0.111727 
-0.00507633 0.152761 -1.03037 
5.11409e-05 -0.00188445 -0.111727 
-0.00507655 0.152762 -1.03036 
5.29558e-05 -0.00188271 -0.111727 
-0.00507665 0.15276 -1.03037 
5.206e-05 -0.00188421 -0.111726 
-0.0050759 0.15276 -1.03036 
5.23887e-05 -0.00188287 -0.111726 
-0.00507648 0.152763 -1.03037 
5.16214e-05 -0.00188441 -0.111726 
-0.00507637 0.152763 -1.03036 
5.2051e-05 -0.00188378 -0.111729 
-0.00507706 0.152775 -1.03037 
5.16802e-05 -0.0018854 -0.111728 
-0.00507685 0.152775 -1.03037 
5.19115e-05 -0.0018838 -0.111728 
-0.00507729 0.152761 -1.03037 
5.06062e-05 -0.00188534 -0.111728 
-0.00507678 0.152762 -1.03036 
5.10907e-05 -0.00188323 -0.111727 
-0.00507704 0.152759 -1.03037 
5.20513e-05 -0.00188613 -0.111727 
-0.00507687 0.15276 -1.03037 
5.23168e-05 -0.00188459 -0.111728 
-0.00507735 0.152762 -1.03037 
5.19232e-05 -0.00188275 -0.111727 
-0.00507678 0.152762 -1.03036 
5.12408e-05 -0.00188256 -0.111728 
-0.0050762 0.152775 -1.03037 
5.23438e-05 -0.00188622 -0.111728 
-0.00507558 0.152775 -1.03036 
5.17341e-05 -0.00188401 -0.11173 
-0.00507633 0.152761 -1.03037 
5.21167e-05 -0.00188402 -0.111727 
-0.00507569 0.152762 -1.03036 
5.24119e-05 -0.00188336 -0.111726 
-0.00507595 0.152759 -1.03037 
5.18611e-05 -0.00188557 -0.111727 
-0.0050759 0.15276 -1.03037 
5.21857e-05 -0.00188572 -0.111728 
-0.00507655 0.152762 -1.03037 
5.1463e-05 -0.00188382 -0.111726 
-0.00507647 0.152762 -1.03036 
5.29271e-05 -0.0018832 -0.111726 
-0.00507622 0.152776 -1.03037 
5.27747e-05 -0.00188536 -0.111727 
-0.00507619 0.152775 -1.03036 
5.18204e-05 -0.00188217 -0.111728 
-0.00507609 0.152761 -1.03037 
5.24129e-05 -0.00188393 -0.111725 
-0.00507634 0.152762 -1.03036 
5.21918e-05 -0.00188238 -0.111727 
-0.00507633 0.15276 -1.03037 
5.05922e-05 -0.00188349 -0.111726 
-0.00507603 0.15276 -1.03036 
5.19899e-05 -0.00188512 -0.111727 
-0.00507621 0.152763 -1.03037 
5.15078e-05 -0.00188386 -0.111726 
-0.00507637 0.152763 -1.03036 
5.20661e-05 -0.00188341 -0.111727 
-0.0050702 0.152776 -1.03037 
5.16878e-05 -0.0018847 -0.111726 
-0.00506953 0.152775 -1.03036 
5.18324e-05 -0.00188316 -0.111727 
-0.00506963 0.152762 -1.03037 
5.09391e-05 -0.00188486 -0.111727 
-0.00506951 0.152762 -1.03036 
5.13982e-05 -0.00188417 -0.111727 
-0.00507002 0.15276 -1.03037 
5.06804e-05 -0.00188374 -0.111727 
-0.00506959 0.152761 -1.03036 
5.08942e-05 -0.00188413 -0.111726 
-0.00507005 0.152763 -1.03037 
5.11247e-05 -0.00188497 -0.111727 
-0.00506896 0.152764 -1.03036 
5.01396e-05 -0.00188529 -0.111727 
-0.0050696 0.152774 -1.03037 
5.05371e-05 -0.00188279 -0.111727 
-0.00506917 0.152774 -1.03036 
5.11959e-05 -0.0018828 -0.111728 
-0.00506973 0.152761 -1.03037 
5.11096e-05 -0.00188182 -0.111728 
-0.00506988 0.152761 -1.03036 
5.20972e-05 -0.00188122 -0.111728 
-0.00506993 0.15276 -1.03037 
5.15735e-05 -0.00188169 -0.111726 
-0.00506945 0.15276 -1.03036 
5.00318e-05 -0.00188117 -0.111728 
-0.00506965 0.152763 -1.03037 
5.10712e-05 -0.00188241 -0.111728 
-0.0050698 0.152762 -1.03036 
5.26329e-05 -0.00188469 -0.111727 
-0.00507224 0.152773 -1.03037 
5.10839e-05 -0.00188354 -0.111728 
-0.00507216 0.152774 -1.03036 
5.12699e-05 -0.00188364 -0.111726 
-0.00507236 0.15276 -1.03037 
5.16592e-05 -0.0018854 -0.111729 
-0.0050718 0.15276 -1.03036 
4.96473e-05 -0.00188308 -0.111729 
-0.00507233 0.152759 -1.03037 
5.03703e-05 -0.00188427 -0.111728 
-0.00507183 0.152758 -1.03036 
4.97474e-05 -0.00188315 -0.111727 
-0.00507245 0.152761 -1.03037 
5.26453e-05 -0.00188367 -0.111728 
-0.0050724 0.152761 -1.03036 
5.06171e-05 -0.00188237 -0.111727 
-0.00619882 0.190307 -1.02137 
4.66794e-05 -0.0139259 -0.112427 
-0.00619934 0.190307 -1.02135 
4.82151e-05 -0.013926 -0.112427 
-0.00619897 0.190303 -1.02138 
4.88773e-05 -0.0139254 -0.112428 
-0.00619896 0.190303 -1.02136 
4.86052e-05 -0.0139256 -0.112429 
-0.00619878 0.190302 -1.02138 
4.8281e-05 -0.0139266 -0.112428 
-0.00619887 0.190303 -1.02136 
4.76171e-05 -0.0139265 -0.112428 
-0.00619904 0.190303 -1.02138 
4.85125e-05 -0.0139263 -0.112427 
-0.0061989 0.190303 -1.02136 
4.77988e-05 -0.0139273 -0.112429 
-0.00619775 0.190302 -1.02137 
4.65785e-05 -0.0139268 -0.112427 
-0.00619778 0.190301 -1.02135 
4.62606e-05 -0.0139255 -0.112427 
-0.0061978 0.190298 -1.02137 
4.78001e-05 -0.0139263 -0.112429 
-0.00619764 0.190298 -1.02135 
4.80284e-05 -0.0139251 -0.112429 
-0.00619861 0.190298 -1.02138 
4.73985e-05 -0.0139252 -0.112428 
-0.00619724 0.190298 -1.02136 
4.6827e-05 -0.0139262 -0.112427 
-0.00619796 0.190298 -1.02138 
4.66313e-05 -0.0139251 -0.112428 
-0.00619784 0.190298 -1.02136 
4.66561e-05 -0.0139261 -0.112427 
-0.00619794 0.190303 -1.02138 
4.82126e-05 -0.0139249 -0.112428 
-0.00619774 0.190302 -1.02136 
4.66082e-05 -0.0139254 -0.112428 
-0.00619771 0.190299 -1.02138 
4.66014e-05 -0.0139251 -0.112428 
-0.00619728 0.190299 -1.02136 
4.63311e-05 -0.0139265 -0.112426 
-0.00619737 0.190299 -1.02138 
4.75044e-05 -0.0139265 -0.112427 
-0.00619749 0.190298 -1.02137 
4.80277e-05 -0.0139257 -0.112428 
-0.00619763 0.190299 -1.02139 
4.64344e-05 -0.0139258 -0.112426 
-0.00619724 0.190298 -1.02137 
4.72633e-05 -0.0139262 -0.112427 
-0.00619775 0.190303 -1.02138 
4.78027e-05 -0.0139256 -0.112427 
-0.00619801 0.190302 -1.02136 
4.84198e-05 -0.0139254 -0.112427 
-0.00619819 0.190299 -1.02138 
4.69009e-05 -0.0139249 -0.112426 
-0.00619793 0.190299 -1.02136 
4.69254e-05 -0.0139255 -0.112426 
-0.00619756 0.190298 -1.02139 
4.66163e-05 -0.0139251 -0.112428 
-0.00619771 0.190298 -1.02137 
4.68284e-05 -0.0139263 -0.112428 
-0.00619778 0.190299 -1.02139 
4.64841e-05 -0.0139262 -0.112427 
-0.00619794 0.190298 -1.02137 
4.63516e-05 -0.0139263 -0.112429 
-0.0061982 0.190303 -1.02138 
4.83857e-05 -0.0139255 -0.112427 
-0.006198 0.190302 -1.02136 
4.6815e-05 -0.0139252 -0.112428 
-0.0061983 0.190299 -1.02138 
4.67931e-05 -0.0139249 -0.112428 
-0.00619744 0.190299 -1.02136 
4.62079e-05 -0.0139255 -0.112427 
-0.00619845 0.190299 -1.02139 
4.75765e-05 -0.0139271 -0.112428 
-0.00619754 0.190299 -1.02137 
4.80436e-05 -0.0139261 -0.112427 
-0.00619833 0.190299 -1.02139 
4.66878e-05 -0.0139262 -0.112426 
-0.00619747 0.190298 -1.02137 
4.59449e-05 -0.0139258 -0.112428 
-0.00619813 0.1903 -1.02138 
4.81073e-05 -0.0139245 -0.112427 
-0.00619731 0.190301 -1.02136 
4.63564e-05 -0.0139269 -0.112428 
-0.00619762 0.190296 -1.02138 
4.67861e-05 -0.0139271 -0.112429 
-0.00619745 0.190296 -1.02136 
4.84759e-05 -0.0139257 -0.112428 
-0.00619774 0.190296 -1.02139 
4.73527e-05 -0.0139264 -0.112426 
-0.00619753 0.190297 -1.02137 
4.65546e-05 -0.0139262 -0.112427 
-0.00619792 0.190297 -1.02139 
4.7416e-05 -0.0139249 -0.112425 
-0.00619764 0.190296 -1.02137 
4.81802e-05 -0.013924 -0.112426 
-0.00619419 0.190304 -1.02137 
4.74339e-05 -0.013926 -0.112429 
-0.00619455 0.190303 -1.02136 
4.71501e-05 -0.0139272 -0.112429 
-0.00619412 0.190299 -1.02138 
4.77584e-05 -0.0139262 -0.112428 
-0.00619462 0.1903 -1.02136 
4.74565e-05 -0.0139274 -0.112427 
-0.00619403 0.190299 -1.02138 
4.73369e-05 -0.0139268 -0.112427 
-0.00619418 0.190299 -1.02137 
4.75833e-05 -0.0139255 -0.112428 
-0.00619381 0.190299 -1.02138 
4.75765e-05 -0.0139263 -0.112426 
-0.00619456 0.190299 -1.02137 
4.73803e-05 -0.0139248 -0.112426 
-0.00619586 0.190304 -1.02137 
4.79846e-05 -0.0139268 -0.112427 
-0.0061963 0.190303 -1.02136 
4.60729e-05 -0.0139274 -0.112428 
-0.00619586 0.1903 -1.02138 
4.68974e-05 -0.013927 -0.112428 
-0.00619572 0.1903 -1.02136 
4.77741e-05 -0.0139278 -0.112427 
-0.00619593 0.1903 -1.02138 
4.88195e-05 -0.0139282 -0.112427 
-0.00619615 0.190299 -1.02137 
4.76462e-05 -0.0139264 -0.112428 
-0.00619539 0.1903 -1.02138 
4.88801e-05 -0.0139278 -0.112426 
-0.00619653 0.190299 -1.02137 
4.8575e-05 -0.0139269 -0.112428 
0.0466865 -0.697222 -0.343785 
-0.000996974 -0.0228877 0.209764 
0.0466869 -0.697227 -0.343789 
-0.000997793 -0.0228892 0.209766 
0.0466865 -0.697226 -0.343789 
-0.000997392 -0.0228865 0.209765 
0.046687 -0.69723 -0.343794 
-0.000997773 -0.0228891 0.209765 
0.0466867 -0.697231 -0.343789 
-0.000997493 -0.0228865 0.209765 
0.0466867 -0.697236 -0.343793 
-0.0009971 -0.0228865 0.209765 
0.0466866 -0.697234 -0.343785 
-0.00099792 -0.022886 0.209765 
0.0466864 -0.69724 -0.34379 
-0.000996429 -0.022889 0.209766 
0.0466873 -0.697222 -0.343783 
-0.000996035 -0.0228885 0.209766 
0.0466878 -0.697228 -0.343788 
-0.000997671 -0.0228898 0.209764 
0.0466876 -0.697225 -0.343787 
-0.000996804 -0.0228877 0.209765 
0.0466878 -0.69723 -0.343792 
-0.000997496 -0.0228906 0.209765 
0.0466876 -0.69723 -0.343787 
-0.000997375 -0.0228876 0.209764 
0.0466875 -0.697236 -0.343792 
-0.000995984 -0.0228885 0.209766 
0.0466878 -0.697234 -0.343783 
-0.000997018 -0.0228894 0.209764 
0.0466869 -0.697239 -0.343789 
-0.000996284 -0.0228887 0.209764 
0.0466838 -0.69722 -0.343778 
-0.000995733 -0.0228873 0.209764 
0.046684 -0.697224 -0.343783 
-0.000997678 -0.0228888 0.209766 
0.0466838 -0.697222 -0.343783 
-0.000996971 -0.0228879 0.209767 
0.0466838 -0.697227 -0.343788 
-0.000996764 -0.0228879 0.209766 
0.0466842 -0.697227 -0.343782 
-0.000996349 -0.0228885 0.209765 
0.0466834 -0.697232 -0.343787 
-0.000996971 -0.0228874 0.209766 
0.0466842 -0.697231 -0.343779 
-0.000998472 -0.0228853 0.209765 
0.046684 -0.697236 -0.343784 
-0.000997157 -0.0228871 0.209766 
0.046684 -0.697223 -0.34378 
-0.000996003 -0.0228879 0.209764 
0.0466844 -0.697229 -0.343784 
-0.000996604 -0.0228863 0.209764 
0.0466842 -0.697225 -0.343784 
-0.000996589 -0.0228899 0.209766 
0.0466847 -0.69723 -0.343789 
-0.000997454 -0.022887 0.209766 
0.0466842 -0.697231 -0.343784 
-0.000997112 -0.0228876 0.209764 
0.0466842 -0.697235 -0.343788 
-0.000996812 -0.0228872 0.209765 
0.0466844 -0.697235 -0.34378 
-0.000996647 -0.0228888 0.209765 
0.0466844 -0.697239 -0.343785 
-0.000997439 -0.0228881 0.209764 
0.0466849 -0.697223 -0.343781 
-0.000996081 -0.0228884 0.209766 
0.0466851 -0.697228 -0.343785 
-0.000996178 -0.0228864 0.209765 
0.046685 -0.697225 -0.343785 
-0.000996171 -0.02289 0.209767 
0.0466855 -0.69723 -0.34379 
-0.000997187 -0.0228875 0.209766 
0.0466851 -0.697231 -0.343785 
-0.000996974 -0.0228875 0.209765 
0.0466852 -0.697235 -0.343789 
-0.000996823 -0.0228878 0.209764 
0.0466845 -0.697235 -0.34378 
-0.00099669 -0.022888 0.209765 
0.0466851 -0.697239 -0.343785 
-0.000997157 -0.0228872 0.209765 
0.0466859 -0.697223 -0.34378 
-0.000997323 -0.0228885 0.209766 
0.0466861 -0.697229 -0.343785 
-0.000998167 -0.0228861 0.209765 
0.0466859 -0.697225 -0.343785 
-0.000996956 -0.0228898 0.209767 
0.0466861 -0.697231 -0.34379 
-0.000998871 -0.0228871 0.209767 
0.0466862 -0.697231 -0.343784 
-0.00099834 -0.0228872 0.209764 
0.0466859 -0.697236 -0.343789 
-0.000998611 -0.0228872 0.209766 
0.0466857 -0.697235 -0.343781 
-0.000998727 -0.0228882 0.209766 
0.0466861 -0.697239 -0.343785 
-0.000997636 -0.0228883 0.209765 
0.0466864 -0.697223 -0.34378 
-0.000995416 -0.0228883 0.209765 
0.0466871 -0.697229 -0.343784 
-0.000997045 -0.0228874 0.209764 
0.046687 -0.697225 -0.343785 
-0.00099968 -0.0228881 0.209766 
0.0466874 -0.697231 -0.343789 
-0.000997695 -0.022886 0.209767 
0.0466863 -0.697231 -0.343784 
-0.000997094 -0.0228877 0.209763 
0.0466864 -0.697236 -0.343789 
-0.000999638 -0.0228861 0.209765 
0.0466864 -0.697235 -0.343781 
-0.000998101 -0.0228891 0.209765 
0.0466867 -0.69724 -0.343785 
-0.000998523 -0.0228881 0.209765 
0.0466857 -0.697226 -0.343785 
-0.00099804 -0.0228879 0.209766 
0.0466851 -0.697231 -0.343789 
-0.000997787 -0.0228876 0.209766 
0.0466855 -0.697228 -0.34379 
-0.000997838 -0.0228868 0.209766 
0.0466852 -0.697234 -0.343794 
-0.000996605 -0.0228865 0.209766 
0.0466854 -0.697234 -0.343789 
-0.000997332 -0.0228859 0.209765 
0.0466852 -0.697239 -0.343794 
-0.000996543 -0.0228884 0.209765 
0.0466851 -0.697238 -0.343786 
-0.000998617 -0.0228884 0.209766 
0.0466855 -0.697243 -0.34379 
-0.000996507 -0.022888 0.209765 
1.17939 -2.12692 -1.6065 
-0.0101126 0.0557212 0.235069 
1.17939 -2.12691 -1.60651 
-0.0101118 0.0557217 0.235069 
1.17939 -2.12693 -1.6065 
-0.0101123 0.0557203 0.235068 
1.17939 -2.12693 -1.60651 
-0.0101134 0.0557244 0.235069 
1.17938 -2.12691 -1.6065 
-0.010112 0.0557193 0.235067 
1.17938 -2.12691 -1.6065 
-0.0101114 0.0557212 0.235069 
1.17938 -2.12691 -1.6065 
-0.0101124 0.0557222 0.235068 
1.17938 -2.12691 -1.6065 
-0.0101114 0.055721 0.235069 
1.17939 -2.12691 -1.6065 
-0.0101127 0.0557205 0.235068 
1.1794 -2.12691 -1.60651 
-0.0101123 0.0557196 0.235067 
1.17939 -2.12692 -1.6065 
-0.0101124 0.0557221 0.235068 
1.1794 -2.12692 -1.6065 
-0.0101133 0.0557229 0.235069 
1.17939 -2.1269 -1.60649 
-0.0101123 0.0557228 0.235066 
1.17939 -2.1269 -1.6065 
-0.0101125 0.0557211 0.235069 
1.17939 -2.1269 -1.60649 
-0.0101136 0.0557215 0.235065 
1.17939 -2.1269 -1.6065 
-0.010112 0.0557219 0.235069 
1.17941 -2.12692 -1.6065 
-0.0101143 0.0557211 0.235068 
1.17941 -2.12692 -1.60651 
-0.0101114 0.055722 0.235067 
1.17941 -2.12693 -1.6065 
-0.0101131 0.055722 0.235067 
1.17941 -2.12693 -1.60651 
-0.0101128 0.0557198 0.235069 
1.17941 -2.12691 -1.60649 
-0.0101132 0.0557198 0.235068 
1.17941 -2.12691 -1.6065 
-0.0101131 0.0557217 0.235068 
1.17941 -2.12691 -1.60649 
-0.0101132 0.055721 0.235069 
1.17941 -2.12691 -1.6065 
-0.0101115 0.0557195 0.235068 
1.17941 -2.12692 -1.6065 
-0.0101131 0.0557219 0.235068 
1.17942 -2.12692 -1.60651 
-0.0101134 0.0557219 0.235068 
1.17941 -2.12693 -1.6065 
-0.0101109 0.0557219 0.235066 
1.17942 -2.12693 -1.60651 
-0.0101135 0.0557202 0.235069 
1.17941 -2.12691 -1.60649 
-0.0101123 0.0557203 0.235069 
1.17941 -2.12691 -1.6065 
-0.0101118 0.0557209 0.235067 
1.17941 -2.12691 -1.6065 
-0.0101133 0.0557227 0.235068 
1.17941 -2.12691 -1.6065 
-0.0101135 0.0557206 0.235069 
1.17941 -2.12692 -1.6065 
-0.0101145 0.0557218 0.235068 
1.17942 -2.12692 -1.60651 
-0.0101135 0.0557212 0.235068 
1.17941 -2.12693 -1.6065 
-0.0101114 0.0557219 0.235067 
1.17942 -2.12693 -1.60651 
-0.0101139 0.0557198 0.235068 
1.17941 -2.12691 -1.60649 
-0.010112 0.0557206 0.23507 
1.17941 -2.12691 -1.6065 
-0.0101127 0.0557208 0.235068 
1.17941 -2.12691 -1.6065 
-0.0101127 0.0557223 0.235067 
1.17941 -2.12691 -1.6065 
-0.0101129 0.0557209 0.235069 
1.17942 -2.12692 -1.6065 
-0.0101118 0.055722 0.235069 
1.17942 -2.12692 -1.60651 
-0.0101126 0.055722 0.235068 
1.17942 -2.12693 -1.6065 
-0.0101121 0.0557218 0.235066 
1.17942 -2.12693 -1.60651 
-0.010113 0.0557206 0.235068 
1.17941 -2.12691 -1.6065 
-0.0101137 0.0557198 0.235069 
1.17942 -2.12691 -1.6065 
-0.0101122 0.0557206 0.235068 
1.17941 -2.12691 -1.6065 
-0.0101131 0.0557227 0.235067 
1.17942 -2.12691 -1.6065 
-0.010112 0.055721 0.235069 
1.17941 -2.12692 -1.6065 
-0.0101118 0.0557202 0.235068 
1.17942 -2.12692 -1.60651 
-0.010113 0.0557196 0.235069 
1.17941 -2.12693 -1.6065 
-0.0101106 0.0557218 0.235068 
1.17942 -2.12693 -1.60651 
-0.0101125 0.0557213 0.235068 
1.17941 -2.12691 -1.6065 
-0.0101121 0.0557205 0.235069 
1.17941 -2.12691 -1.6065 
-0.0101126 0.0557211 0.235069 
1.17941 -2.12691 -1.6065 
-0.0101117 0.0557232 0.235067 
1.17941 -2.12691 -1.60651 
-0.0101138 0.0557216 0.235068 
1.1794 -2.12692 -1.60651 
-0.010113 0.0557213 0.235069 
1.1794 -2.12692 -1.60652 
-0.0101112 0.0557227 0.235069 
1.1794 -2.12693 -1.60651 
-0.0101104 0.0557216 0.235066 
1.1794 -2.12693 -1.60652 
-0.0101132 0.0557204 0.235069 
1.1794 -2.12692 -1.6065 
-0.0101119 0.0557196 0.235068 
1.1794 -2.12692 -1.60651 
-0.0101122 0.0557203 0.235068 
1.1794 -2.12692 -1.6065 
-0.0101122 0.0557206 0.235069 
1.1794 -2.12692 -1.60651 
-0.0101114 0.0557209 0.235069 
-0.0101835 0.428129 -1.46584 
0.000570121 -0.0212783 -0.076054 
-0.0101838 0.428129 -1.46582 
0.000570698 -0.0212762 -0.0760548 
-0.0101838 0.428115 -1.46584 
0.000571421 -0.021276 -0.0760556 
-0.0101834 0.428116 -1.46582 
0.000569601 -0.0212761 -0.0760532 
-0.0101835 0.428115 -1.46584 
0.000571026 -0.0212771 -0.0760539 
-0.0101834 0.428116 -1.46582 
0.000571897 -0.0212772 -0.0760545 
-0.0101837 0.428114 -1.46584 
0.000573027 -0.0212752 -0.0760527 
-0.0101839 0.428114 -1.46582 
0.0005716 -0.0212752 -0.0760546 
-0.0101829 0.428132 -1.46584 
0.000569918 -0.0212776 -0.0760546 
-0.0101833 0.428132 -1.46582 
0.000571132 -0.0212763 -0.076054 
-0.0101833 0.428117 -1.46584 
0.000571144 -0.0212765 -0.0760546 
-0.0101835 0.428118 -1.46582 
0.000571621 -0.0212774 -0.0760539 
-0.0101833 0.428117 -1.46584 
0.00057275 -0.0212775 -0.0760539 
-0.010183 0.428116 -1.46582 
0.000570606 -0.0212775 -0.0760525 
-0.0101832 0.428116 -1.46584 
0.000572101 -0.0212777 -0.0760534 
-0.010183 0.428115 -1.46582 
0.000572046 -0.0212773 -0.0760539 
-0.0101864 0.428131 -1.46584 
0.000571613 -0.0212777 -0.0760523 
-0.0101869 0.428131 -1.46582 
0.000572279 -0.0212749 -0.0760545 
-0.0101861 0.428117 -1.46584 
0.000570669 -0.0212764 -0.0760527 
-0.0101863 0.428118 -1.46582 
0.000571206 -0.0212759 -0.0760546 
-0.0101863 0.428117 -1.46584 
0.00057 -0.0212765 -0.0760528 
-0.010186 0.428117 -1.46582 
0.000571546 -0.0212766 -0.0760524 
-0.0101861 0.428116 -1.46584 
0.000569821 -0.0212769 -0.0760529 
-0.0101864 0.428115 -1.46582 
0.000572165 -0.0212744 -0.0760522 
-0.0101793 0.428132 -1.46584 
0.000572279 -0.0212754 -0.0760532 
-0.0101787 0.428132 -1.46582 
0.000570891 -0.0212757 -0.0760537 
-0.0101802 0.428119 -1.46584 
0.00057184 -0.0212771 -0.0760544 
-0.0101789 0.428118 -1.46582 
0.000570766 -0.0212764 -0.0760555 
-0.0101796 0.428118 -1.46584 
0.000572757 -0.0212775 -0.0760533 
-0.0101791 0.428117 -1.46582 
0.000571131 -0.021276 -0.0760546 
-0.0101795 0.428117 -1.46584 
0.000571077 -0.0212754 -0.0760529 
-0.0101793 0.428117 -1.46582 
0.000570988 -0.0212753 -0.0760544 
-0.010178 0.428131 -1.46584 
0.000572497 -0.0212771 -0.0760524 
-0.0101782 0.428132 -1.46582 
0.00056995 -0.0212754 -0.0760545 
-0.0101789 0.428117 -1.46584 
0.000573037 -0.0212752 -0.0760542 
-0.0101783 0.428117 -1.46582 
0.000571468 -0.0212742 -0.0760554 
-0.0101788 0.428117 -1.46584 
0.000572755 -0.0212746 -0.0760523 
-0.0101784 0.428116 -1.46582 
0.000570626 -0.0212754 -0.076054 
-0.0101789 0.428116 -1.46584 
0.000570789 -0.0212756 -0.0760523 
-0.0101784 0.428116 -1.46582 
0.00057001 -0.0212761 -0.0760543 
-0.0101767 0.428131 -1.46584 
0.000570363 -0.0212764 -0.0760528 
-0.0101771 0.428131 -1.46582 
0.000570428 -0.0212748 -0.0760549 
-0.0101774 0.428117 -1.46583 
0.000571565 -0.0212744 -0.0760544 
-0.0101771 0.428117 -1.46582 
0.000571461 -0.0212752 -0.0760565 
-0.0101773 0.428117 -1.46584 
0.000571152 -0.0212751 -0.0760527 
-0.0101771 0.428117 -1.46582 
0.000571381 -0.0212756 -0.0760544 
-0.0101775 0.428116 -1.46584 
0.00057085 -0.0212756 -0.0760532 
-0.0101772 0.428116 -1.46582 
0.000571545 -0.0212759 -0.0760553 
-0.0101757 0.42813 -1.46584 
0.000569822 -0.0212764 -0.0760528 
-0.0101764 0.428131 -1.46582 
0.000571161 -0.0212765 -0.0760557 
-0.0101763 0.428117 -1.46584 
0.00057095 -0.0212743 -0.0760554 
-0.0101761 0.428117 -1.46582 
0.000570782 -0.0212739 -0.0760547 
-0.0101764 0.428117 -1.46584 
0.000569759 -0.0212737 -0.0760529 
-0.0101762 0.428116 -1.46582 
0.000570182 -0.0212758 -0.0760545 
-0.0101765 0.428116 -1.46584 
0.000569832 -0.0212753 -0.0760529 
-0.0101764 0.428116 -1.46582 
0.000570512 -0.0212759 -0.0760554 
-0.0101758 0.428131 -1.46584 
0.000571495 -0.0212782 -0.0760528 
-0.0101759 0.42813 -1.46582 
0.000571135 -0.021277 -0.0760547 
-0.0101758 0.428117 -1.46584 
0.000570037 -0.0212751 -0.0760547 
-0.0101758 0.428117 -1.46582 
0.000570718 -0.0212749 -0.0760545 
-0.0101762 0.428117 -1.46584 
0.000571532 -0.021275 -0.0760532 
-0.0101763 0.428117 -1.46582 
0.000569687 -0.0212755 -0.0760536 
-0.0101763 0.428116 -1.46584 
0.000571268 -0.0212764 -0.0760541 
-0.0101764 0.428116 -1.46582 
0.000570914 -0.0212771 -0.0760542 
0.037505 -0.324526 -0.484336 
-0.00106814 0.00457471 -0.054451 
0.0375049 -0.324526 -0.484328 
-0.00106846 0.00457532 -0.0544531 
0.0375052 -0.324531 -0.484339 
-0.0010692 0.00457548 -0.0544503 
0.0375048 -0.32453 -0.484331 
-0.00106941 0.00457719 -0.0544518 
0.0375049 -0.324528 -0.484331 
-0.00106843 0.00457593 -0.054451 
0.0375046 -0.324527 -0.484322 
-0.00106972 0.00457243 -0.0544511 
0.0375052 -0.324524 -0.484329 
-0.00106934 0.00457448 -0.0544513 
0.0375047 -0.324524 -0.484321 
-0.00106931 0.00457445 -0.0544516 
0.0375039 -0.324527 -0.484335 
-0.00106913 0.00457458 -0.054451 
0.0375039 -0.324527 -0.484327 
-0.0010685 0.00457394 -0.0544528 
0.0375036 -0.324531 -0.484339 
-0.00106902 0.00457549 -0.0544507 
0.0375038 -0.324531 -0.484331 
-0.00106908 0.00457586 -0.0544513 
0.037504 -0.324528 -0.48433 
-0.00106909 0.0045756 -0.0544497 
0.0375036 -0.324527 -0.484322 
-0.00106989 0.0045757 -0.0544508 
0.0375042 -0.324526 -0.484329 
-0.00106896 0.00457541 -0.0544522 
0.037504 -0.324525 -0.48432 
-0.00106996 0.0045738 -0.0544513 
0.0374929 -0.324527 -0.484334 
-0.00106965 0.00457435 -0.0544509 
0.037493 -0.324527 -0.484326 
-0.00106969 0.00457631 -0.0544496 
0.0374933 -0.324532 -0.484338 
-0.0010691 0.00457478 -0.0544509 
0.0374928 -0.324532 -0.484329 
-0.0010689 0.0045734 -0.054451 
0.0374928 -0.324529 -0.484329 
-0.00106953 0.00457499 -0.0544502 
0.0374928 -0.324528 -0.48432 
-0.00106951 0.00457023 -0.054451 
0.0374928 -0.324526 -0.484327 
-0.00106984 0.00457376 -0.05445 
0.0374928 -0.324525 -0.484319 
-0.00106976 0.00457274 -0.0544496 
0.0375009 -0.324526 -0.484333 
-0.00106975 0.00457279 -0.054452 
0.0375008 -0.324526 -0.484325 
-0.00106896 0.00457205 -0.0544508 
0.0375008 -0.324531 -0.484336 
-0.00106946 0.00457576 -0.0544494 
0.0375009 -0.32453 -0.484328 
-0.00106987 0.00457254 -0.0544507 
0.0375006 -0.324527 -0.484327 
-0.0010684 0.00457349 -0.0544508 
0.0375001 -0.324527 -0.484319 
-0.00106796 0.00457305 -0.05445 
0.0375004 -0.324525 -0.484325 
-0.00106865 0.0045735 -0.0544502 
0.0375004 -0.324524 -0.484317 
-0.00106899 0.00457238 -0.0544497 
0.0375013 -0.324526 -0.484332 
-0.0010705 0.00457301 -0.054452 
0.037501 -0.324526 -0.484323 
-0.00106853 0.00457284 -0.0544521 
0.037501 -0.324531 -0.484335 
-0.00106928 0.00457553 -0.05445 
0.0375008 -0.32453 -0.484327 
-0.00106906 0.00457445 -0.05445 
0.037501 -0.324527 -0.484327 
-0.00106855 0.00457319 -0.0544511 
0.0375006 -0.324527 -0.484318 
-0.00106836 0.00457255 -0.0544516 
0.0375008 -0.324525 -0.484324 
-0.00106813 0.00457416 -0.0544532 
0.0375011 -0.324525 -0.484317 
-0.00106924 0.00457287 -0.0544497 
0.0375026 -0.324526 -0.484332 
-0.00106699 0.00457309 -0.0544515 
0.0375027 -0.324526 -0.484323 
-0.0010689 0.00457354 -0.0544513 
0.0375028 -0.32453 -0.484335 
-0.00107133 0.00457454 -0.0544511 
0.0375026 -0.32453 -0.484326 
-0.00106768 0.00457196 -0.0544501 
0.0375024 -0.324528 -0.484326 
-0.00106852 0.00457279 -0.0544508 
0.0375022 -0.324527 -0.484318 
-0.0010697 0.00457262 -0.0544516 
0.0375025 -0.324525 -0.484324 
-0.00106927 0.00457398 -0.0544525 
0.0375021 -0.324524 -0.484316 
-0.00106819 0.00457301 -0.0544502 
0.0375039 -0.324526 -0.484333 
-0.00107127 0.00457393 -0.0544512 
0.037504 -0.324525 -0.484325 
-0.00106981 0.00457323 -0.0544508 
0.0375038 -0.32453 -0.484336 
-0.00106999 0.00457346 -0.0544504 
0.0375039 -0.32453 -0.484328 
-0.00106949 0.00457357 -0.0544507 
0.0375035 -0.324528 -0.484328 
-0.0010702 0.00457425 -0.0544508 
0.0375034 -0.324526 -0.484319 
-0.00106802 0.00457289 -0.0544509 
0.0375036 -0.324524 -0.484326 
-0.00106995 0.00457353 -0.0544512 
0.0375035 -0.324524 -0.484318 
-0.00107084 0.00457363 -0.0544504 
0.037498 -0.324525 -0.484334 
-0.00106929 0.00457253 -0.0544517 
0.0374978 -0.324524 -0.484325 
-0.00107037 0.00457334 -0.0544503 
0.0374982 -0.324529 -0.484338 
-0.00106814 0.00457343 -0.0544502 
0.0374976 -0.324528 -0.484329 
-0.00106918 0.00457387 -0.0544518 
0.0374982 -0.324525 -0.484328 
-0.00106932 0.0045729 -0.0544508 
0.0374979 -0.324525 -0.48432 
-0.00106914 0.00457446 -0.0544506 
0.0374979 -0.324523 -0.484327 
-0.00107003 0.00457331 -0.0544508 
0.0374983 -0.324522 -0.484319 
-0.00107134 0.00457474 -0.0544506 
0.00676381 0.124856 3.19992 
-6.21572e-05 0.0128797 0.0126068 
0.00676327 0.124856 3.19991 
-6.27508e-05 0.0128803 0.0126054 
0.00676342 0.12485 3.19992 
-6.30436e-05 0.012882 0.0126061 
0.00676308 0.124851 3.19991 
-6.33729e-05 0.012882 0.0126055 
0.00676399 0.124849 3.19992 
-6.40169e-05 0.0128832 0.0126056 
0.00676335 0.12485 3.19991 
-6.28674e-05 0.0128817 0.0126054 
0.00676341 0.124849 3.19992 
-6.30047e-05 0.0128823 0.0126046 
0.00676341 0.124851 3.19991 
-6.3054e-05 0.0128829 0.0126074 
0.00676259 0.124856 3.19991 
-6.16754e-05 0.0128819 0.0126051 
0.00676299 0.124858 3.1999 
-6.2164e-05 0.0128814 0.0126058 
0.00676275 0.124851 3.19991 
-6.15439e-05 0.0128812 0.0126056 
0.0067629 0.124851 3.1999 
-6.2963e-05 0.012882 0.0126077 
0.00676287 0.12485 3.19991 
-6.04703e-05 0.0128803 0.0126053 
0.00676322 0.124851 3.1999 
-6.31776e-05 0.0128807 0.0126055 
0.00676307 0.12485 3.19991 
-6.14831e-05 0.0128815 0.0126061 
0.00676326 0.124852 3.1999 
-6.27299e-05 0.0128805 0.0126062 
0.00675088 0.124855 3.19992 
-6.18963e-05 0.0128795 0.0126063 
0.00675059 0.124857 3.19991 
-6.10259e-05 0.0128791 0.012605 
0.00675096 0.12485 3.19992 
-6.2133e-05 0.0128798 0.0126056 
0.00675077 0.12485 3.19991 
-6.30006e-05 0.0128822 0.0126065 
0.00675107 0.124849 3.19991 
-6.22379e-05 0.0128788 0.0126071 
0.006751 0.12485 3.19991 
-6.26726e-05 0.012881 0.0126058 
0.00675104 0.124849 3.19992 
-6.20484e-05 0.0128813 0.0126065 
0.00675112 0.124851 3.1999 
-6.3235e-05 0.0128798 0.012607 
0.00675605 0.124856 3.19991 
-6.30924e-05 0.012879 0.0126068 
0.00675644 0.124857 3.1999 
-6.19169e-05 0.01288 0.0126062 
0.00675694 0.12485 3.19992 
-6.23684e-05 0.01288 0.0126047 
0.00675624 0.12485 3.19991 
-6.25971e-05 0.0128811 0.0126063 
0.00675651 0.124848 3.19991 
-6.33628e-05 0.0128812 0.0126057 
0.00675627 0.12485 3.1999 
-6.18901e-05 0.012881 0.0126063 
0.00675669 0.124849 3.19991 
-6.2706e-05 0.0128808 0.0126067 
0.00675628 0.12485 3.1999 
-6.29536e-05 0.0128813 0.012607 
0.00675843 0.124855 3.19991 
-6.11895e-05 0.0128809 0.0126067 
0.00675864 0.124856 3.1999 
-6.20417e-05 0.0128818 0.012606 
0.00675913 0.12485 3.19991 
-6.30319e-05 0.0128801 0.0126057 
0.00675874 0.12485 3.1999 
-6.3115e-05 0.0128817 0.0126068 
0.00675905 0.124849 3.19991 
-6.3415e-05 0.0128817 0.0126061 
0.00675884 0.12485 3.1999 
-6.09276e-05 0.0128806 0.012606 
0.00675903 0.124849 3.19991 
-6.28485e-05 0.0128817 0.0126069 
0.00675852 0.12485 3.1999 
-6.12954e-05 0.0128803 0.0126063 
0.0067625 0.124855 3.19991 
-6.28158e-05 0.0128778 0.0126058 
0.00676275 0.124856 3.1999 
-6.27008e-05 0.0128826 0.0126067 
0.00676261 0.124849 3.19991 
-6.19194e-05 0.0128815 0.0126063 
0.00676255 0.12485 3.1999 
-6.21536e-05 0.0128814 0.0126084 
0.00676282 0.124849 3.19991 
-6.2386e-05 0.0128815 0.0126056 
0.00676321 0.12485 3.1999 
-6.18247e-05 0.0128821 0.012608 
0.00676322 0.124849 3.19991 
-6.24761e-05 0.0128808 0.012607 
0.00676257 0.12485 3.1999 
-6.16027e-05 0.0128817 0.0126075 
0.00675641 0.124855 3.19992 
-6.09051e-05 0.0128803 0.0126067 
0.00675678 0.124856 3.19991 
-6.2662e-05 0.0128812 0.012606 
0.00675729 0.124848 3.19992 
-6.34946e-05 0.012881 0.0126063 
0.00675693 0.12485 3.19991 
-6.17521e-05 0.0128822 0.0126068 
0.00675764 0.124848 3.19992 
-6.387e-05 0.0128803 0.0126057 
0.00675651 0.124849 3.19991 
-6.19739e-05 0.0128821 0.0126067 
0.00675744 0.124848 3.19992 
-6.26765e-05 0.0128816 0.0126064 
0.00675667 0.124849 3.19991 
-6.24922e-05 0.0128807 0.0126059 
0.00674923 0.124854 3.19992 
-6.2623e-05 0.0128799 0.0126059 
0.00674928 0.124856 3.19991 
-6.15887e-05 0.0128811 0.012607 
0.00674882 0.124848 3.19992 
-6.13637e-05 0.012879 0.0126063 
0.00674909 0.124849 3.19991 
-6.13223e-05 0.012882 0.0126076 
0.00674908 0.124847 3.19992 
-6.09496e-05 0.0128821 0.0126077 
0.00674891 0.124849 3.19991 
-6.24846e-05 0.01288 0.0126066 
0.00674928 0.124848 3.19992 
-6.15692e-05 0.012881 0.0126069 
0.00674871 0.124849 3.19991 
-6.23816e-05 0.0128804 0.0126064 
0.00458488 -0.304501 3.21667 
-4.38011e-05 0.00562321 0.0130198 
0.00458492 -0.304501 3.21666 
-4.36102e-05 0.00562049 0.0130169 
0.00458435 -0.304505 3.21667 
-4.45227e-05 0.00562188 0.0130195 
0.00458487 -0.304506 3.21666 
-4.29881e-05 0.00562124 0.0130192 
0.00458419 -0.304503 3.21667 
-4.35521e-05 0.00562045 0.0130181 
0.00458461 -0.304504 3.21666 
-4.27421e-05 0.00562246 0.013019 
0.00458455 -0.3045 3.21667 
-4.40197e-05 0.00562215 0.0130172 
0.00458479 -0.304501 3.21666 
-4.26229e-05 0.0056213 0.0130207 
0.0045855 -0.3045 3.21667 
-4.50828e-05 0.00562255 0.0130173 
0.0045859 -0.304501 3.21666 
-4.30344e-05 0.00562024 0.0130193 
0.00458542 -0.304504 3.21667 
-4.34124e-05 0.00562111 0.0130194 
0.00458614 -0.304505 3.21665 
-4.27206e-05 0.00562257 0.01302 
0.00458579 -0.304502 3.21666 
-4.34975e-05 0.00562379 0.0130202 
0.00458587 -0.304504 3.21665 
-4.16029e-05 0.00562122 0.0130229 
0.00458551 -0.3045 3.21666 
-4.50261e-05 0.00562254 0.0130203 
0.00458562 -0.3045 3.21665 
-4.21277e-05 0.00562178 0.0130206 
0.00458094 -0.304499 3.21667 
-4.32475e-05 0.00562244 0.0130197 
0.0045816 -0.304501 3.21665 
-4.37008e-05 0.00562308 0.0130185 
0.00458043 -0.304504 3.21666 
-4.32256e-05 0.00562349 0.0130179 
0.00458108 -0.304505 3.21665 
-4.23311e-05 0.00562157 0.0130197 
0.00458009 -0.304502 3.21666 
-4.36193e-05 0.00562336 0.01302 
0.004581 -0.304503 3.21665 
-4.28197e-05 0.00562337 0.0130201 
0.00458053 -0.304499 3.21666 
-4.33204e-05 0.00562036 0.0130189 
0.00458094 -0.304501 3.21665 
-4.33418e-05 0.00562323 0.0130184 
0.00458126 -0.3045 3.21667 
-4.23508e-05 0.00562356 0.0130193 
0.00458224 -0.304501 3.21665 
-4.26764e-05 0.0056219 0.0130184 
0.00458134 -0.304504 3.21666 
-4.34313e-05 0.00562402 0.0130188 
0.00458167 -0.304504 3.21665 
-4.33533e-05 0.00562092 0.0130199 
0.00458109 -0.304502 3.21666 
-4.23882e-05 0.00562271 0.0130205 
0.00458181 -0.304503 3.21665 
-4.41324e-05 0.00562291 0.0130203 
0.00458102 -0.304499 3.21666 
-4.33615e-05 0.00561976 0.0130205 
0.00458114 -0.304501 3.21665 
-4.35975e-05 0.00562311 0.0130195 
0.00458242 -0.3045 3.21666 
-4.34499e-05 0.00562348 0.0130203 
0.00458319 -0.3045 3.21665 
-4.36447e-05 0.00562183 0.0130194 
0.00458239 -0.304504 3.21666 
-4.45704e-05 0.00562277 0.0130204 
0.00458311 -0.304505 3.21665 
-4.34423e-05 0.00562088 0.0130206 
0.0045822 -0.304502 3.21666 
-4.39497e-05 0.00562333 0.0130203 
0.00458327 -0.304503 3.21665 
-4.3074e-05 0.00562205 0.0130204 
0.00458256 -0.304499 3.21666 
-4.40034e-05 0.00562201 0.0130191 
0.00458287 -0.3045 3.21665 
-4.50357e-05 0.00562279 0.0130193 
0.00458556 -0.3045 3.21666 
-4.23865e-05 0.00562231 0.0130202 
0.00458604 -0.304501 3.21665 
-4.22693e-05 0.00562186 0.0130196 
0.00458588 -0.304505 3.21666 
-4.4596e-05 0.00562342 0.013019 
0.00458587 -0.304506 3.21665 
-4.39601e-05 0.00562161 0.0130212 
0.00458556 -0.304503 3.21666 
-4.31969e-05 0.00562166 0.0130193 
0.00458584 -0.304504 3.21665 
-4.38071e-05 0.00562285 0.0130187 
0.00458608 -0.3045 3.21666 
-4.35099e-05 0.00562249 0.0130187 
0.00458607 -0.304501 3.21665 
-4.40101e-05 0.00562188 0.0130194 
0.0045861 -0.304498 3.21666 
-4.32313e-05 0.00562127 0.0130191 
0.00458643 -0.304499 3.21665 
-4.251e-05 0.00562172 0.01302 
0.00458626 -0.304502 3.21666 
-4.4008e-05 0.0056239 0.0130179 
0.00458635 -0.304503 3.21665 
-4.21268e-05 0.00562267 0.0130188 
0.00458613 -0.3045 3.21666 
-4.36214e-05 0.005622 0.0130192 
0.00458611 -0.304502 3.21665 
-4.29889e-05 0.00562267 0.0130197 
0.00458572 -0.304498 3.21666 
-4.18533e-05 0.00562194 0.0130197 
0.00458643 -0.304499 3.21665 
-4.42732e-05 0.00562071 0.0130205 
0.00458234 -0.304498 3.21667 
-4.36116e-05 0.00562278 0.0130184 
0.00458252 -0.3045 3.21666 
-4.27975e-05 0.0056208 0.01302 
0.00458204 -0.304502 3.21667 
-4.43218e-05 0.00562317 0.0130198 
0.00458265 -0.304503 3.21666 
-4.20261e-05 0.00561963 0.0130188 
0.00458216 -0.304501 3.21667 
-4.19085e-05 0.00562318 0.0130183 
0.00458249 -0.304502 3.21665 
-4.14832e-05 0.00562133 0.0130191 
0.00458185 -0.304497 3.21667 
-4.41868e-05 0.00562105 0.0130199 
0.00458218 -0.304499 3.21666 
-4.15842e-05 0.00562223 0.0130193 
