-3.1025695810e-02 3.5512013849e-01 -4.5014586883e-01
-3.1026099590e-02 3.5512014722e-01 -4.5014534891e-01
-3.1025763321e-02 3.5511848726e-01 -4.5014521443e-01
-3.1025955713e-02 3.5511829717e-01 -4.5014511767e-01
-3.1027254041e-02 3.5512017239e-01 -4.5014557656e-01
-3.1027552606e-02 3.5512015121e-01 -4.5014545688e-01
-3.1027222015e-02 3.5511853640e-01 -4.5014526284e-01
-3.1027462043e-02 3.5511843630e-01 -4.5014483957e-01
-2.5029287461e-01 -1.5141139980e-01 1.1365336360e-01
-2.5029211262e-01 -1.5141205970e-01 1.1365534480e-01
-2.5029262466e-01 -1.5141121370e-01 1.1365361693e-01
-2.5029191086e-01 -1.5141202628e-01 1.1365559991e-01
-2.5029424908e-01 -1.5141119260e-01 1.1365398795e-01
-2.5029353514e-01 -1.5141185938e-01 1.1365600159e-01
-2.5029405625e-01 -1.5141105058e-01 1.1365400833e-01
-2.5029326975e-01 -1.5141179491e-01 1.1365598381e-01
1.0218779226e+00 -1.0983765375e+00 -1.4483752759e+00
1.0218809131e+00 -1.0983781435e+00 -1.4483783395e+00
1.0218773103e+00 -1.0983769062e+00 -1.4483749671e+00
1.0218803008e+00 -1.0983785684e+00 -1.4483779963e+00
1.0218790295e+00 -1.0983770236e+00 -1.4483754433e+00
1.0218821737e+00 -1.0983786573e+00 -1.4483786238e+00
1.0218786995e+00 -1.0983775503e+00 -1.4483749257e+00
1.0218814768e+00 -1.0983791037e+00 -1.4483783273e+00
-2.8986407142e-01 -1.4518674171e-01 3.9908887519e-01
-2.8986447049e-01 -1.4518704197e-01 3.9908813823e-01
-2.8986516189e-01 -1.4518335821e-01 3.9908908258e-01
-2.8986585733e-01 -1.4518368326e-01 3.9908868293e-01
-2.8986292875e-01 -1.4518697390e-01 3.9908762406e-01
-2.8986344924e-01 -1.4518726134e-01 3.9908721535e-01
-2.8986420032e-01 -1.4518346601e-01 3.9908793588e-01
-2.8986476356e-01 -1.4518383535e-01 3.9908754157e-01
5.4315675331e-01 -1.9285420306e-01 -1.7129468766e+00
5.4315933294e-01 -1.9285475531e-01 -1.7129490955e+00
5.4315697837e-01 -1.9285510794e-01 -1.7129479226e+00
5.4315952361e-01 -1.9285555027e-01 -1.7129502702e+00
5.4315109443e-01 -1.9285095709e-01 -1.7129438654e+00
5.4315360319e-01 -1.9285149437e-01 -1.7129461839e+00
5.4315176673e-01 -1.9285169666e-01 -1.7129449213e+00
5.4315408176e-01 -1.9285224545e-01 -1.7129471694e+00
-1.0830986090e-02 -1.5200470800e-01 -2.7593988002e-02
-1.0831343157e-02 -1.5200469093e-01 -2.7595395474e-02
-1.0832081203e-02 -1.5200300563e-01 -2.7592528221e-02
-1.0832604785e-02 -1.5200307451e-01 -2.7594189772e-02
-1.0829339347e-02 -1.5200630517e-01 -2.7594521443e-02
-1.0829596685e-02 -1.5200626441e-01 -2.7595738878e-02
-1.0830464233e-02 -1.5200473356e-01 -2.7593307211e-02
-1.0830686061e-02 -1.5200473832e-01 -2.7594619647e-02
4.5140911619e-01 -7.7406638187e-02 -1.0663268881e+00
4.5140882619e-01 -7.7406599528e-02 -1.0663278572e+00
4.5140964091e-01 -7.7406830622e-02 -1.0663266355e+00
4.5140928034e-01 -7.7406701628e-02 -1.0663274014e+00
4.5140743906e-01 -7.7405281888e-02 -1.0663261572e+00
4.5140694189e-01 -7.7404952064e-02 -1.0663270187e+00
4.5140790026e-01 -7.7405598510e-02 -1.0663258516e+00
4.5140735196e-01 -7.7405223047e-02 -1.0663265924e+00
-2.5256381305e-01 5.5094470075e-02 2.2003637780e-01
-2.5256345608e-01 5.5094248461e-02 2.2003634345e-01
-2.5256345343e-01 5.5093506822e-02 2.2003718101e-01
-2.5256288061e-01 5.5093102210e-02 2.2003677049e-01
-2.5256437110e-01 5.5094569836e-02 2.2003606889e-01
-2.5256382536e-01 5.5094267001e-02 2.2003588252e-01
-2.5256392349e-01 5.5093530554e-02 2.2003691500e-01
-2.5256341914e-01 5.5093183761e-02 2.2003644583e-01
1.1760275797e-01 1.5832041350e-02 -4.2923787513e-01
1.1760310065e-01 1.5831593746e-02 -4.2923757554e-01
1.1760279831e-01 1.5829762183e-02 -4.2923647522e-01
1.1760310053e-01 1.5829602880e-02 -4.2923611261e-01
1.1760244378e-01 1.5831499076e-02 -4.2923871601e-01
1.1760264560e-01 1.5831272587e-02 -4.2923826450e-01
1.1760247931e-01 1.5829310064e-02 -4.2923707433e-01
1.1760285856e-01 1.5828952119e-02 -4.2923681466e-01
-1.6083316792e-02 5.5568515026e-01 -5.1037843950e-01
-1.6083291208e-02 5.5569034708e-01 -5.1038243226e-01
-1.6082885192e-02 5.5568355189e-01 -5.1037704977e-01
-1.6082829591e-02 5.5568878001e-01 -5.1038108393e-01
-1.6084732631e-02 5.5568576723e-01 -5.1037855558e-01
-1.6084640728e-02 5.5569103458e-01 -5.1038247550e-01
-1.6084249471e-02 5.5568430324e-01 -5.1037692193e-01
-1.6084199281e-02 5.5568944622e-01 -5.1038094206e-01
8.2538479607e-02 -7.9829560801e-01 7.2444675560e-01
8.2538696599e-02 -7.9829554795e-01 7.2444717292e-01
8.2538675058e-02 -7.9829594963e-01 7.2444706761e-01
8.2538629761e-02 -7.9829589135e-01 7.2444756064e-01
8.2536602761e-02 -7.9829550546e-01 7.2444853667e-01
8.2536780944e-02 -7.9829562060e-01 7.2444917395e-01
8.2536839035e-02 -7.9829574273e-01 7.2444892262e-01
8.2536852892e-02 -7.9829584369e-01 7.2444924611e-01
8.8747208720e-02 3.0228668372e-01 -3.4013345560e-01
8.8746991354e-02 3.0228672545e-01 -3.4013432463e-01
8.8747703332e-02 3.0228663249e-01 -3.4013366712e-01
8.8747662917e-02 3.0228667772e-01 -3.4013452915e-01
8.8748190354e-02 3.0228688709e-01 -3.4013402811e-01
8.8748244999e-02 3.0228685338e-01 -3.4013474500e-01
8.8748793185e-02 3.0228681119e-01 -3.4013432126e-01
8.8748678323e-02 3.0228663071e-01 -3.4013475017e-01
3.5798677731e-01 1.4279773297e-01 -1.6526538695e-01
3.5798715804e-01 1.4279691644e-01 -1.6526616006e-01
3.5798757092e-01 1.4279838535e-01 -1.6526419192e-01
3.5798788032e-01 1.4279763069e-01 -1.6526513722e-01
3.5798857915e-01 1.4279745593e-01 -1.6526465786e-01
3.5798889064e-01 1.4279664368e-01 -1.6526531351e-01
3.5798949251e-01 1.4279809769e-01 -1.6526319374e-01
3.5798965053e-01 1.4279746371e-01 -1.6526415767e-01
-6.7245896274e-01 -9.5351301857e-02 -1.2093661134e+00
-6.7245872713e-01 -9.5351841356e-02 -1.2093676757e+00
-6.7245908390e-01 -9.5351692276e-02 -1.2093664453e+00
-6.7245886607e-01 -9.5352065686e-02 -1.2093681748e+00
-6.7245767657e-01 -9.5351691138e-02 -1.2093661032e+00
-6.7245749318e-01 -9.5352096746e-02 -1.2093678296e+00
-6.7245779210e-01 -9.5352071758e-02 -1.2093663229e+00
-6.7245750879e-01 -9.5352504463e-02 -1.2093681356e+00
-3.3840724823e-01 5.2913977676e-01 2.8881634194e-01
-3.3840788841e-01 5.2913961249e-01 2.8881619841e-01
-3.3840713909e-01 5.2913999257e-01 2.8881656900e-01
-3.3840772022e-01 5.2913955186e-01 2.8881666213e-01
-3.3841013756e-01 5.2914153539e-01 2.8881858583e-01
-3.3841091674e-01 5.2914132764e-01 2.8881881901e-01
-3.3841001244e-01 5.2914176583e-01 2.8881903994e-01
-3.3841084690e-01 5.2914169826e-01 2.8881908378e-01
5.0954341671e-01 8.8889804844e-02 -1.0816131881e+00
5.0954274207e-01 8.8890409372e-02 -1.0816138781e+00
5.0954128114e-01 8.8891696510e-02 -1.0816116589e+00
5.0954027267e-01 8.8892273539e-02 -1.0816122304e+00
5.0954365814e-01 8.8890127063e-02 -1.0816127101e+00
5.0954272389e-01 8.8890580456e-02 -1.0816136039e+00
5.0954112939e-01 8.8891975308e-02 -1.0816110743e+00
5.0954043384e-01 8.8892617129e-02 -1.0816116491e+00
-4.7116391315e-01 -2.8899228538e-01 -6.0373726224e-01
-4.7116423365e-01 -2.8899196367e-01 -6.0373814041e-01
-4.7116341372e-01 -2.8899231729e-01 -6.0373677432e-01
-4.7116375900e-01 -2.8899208064e-01 -6.0373769203e-01
-4.7116777049e-01 -2.8899320469e-01 -6.0373943642e-01
-4.7116784226e-01 -2.8899307440e-01 -6.0374030946e-01
-4.7116725139e-01 -2.8899344578e-01 -6.0373910685e-01
-4.7116761257e-01 -2.8899298068e-01 -6.0373997737e-01
-1.8030233906e-02 2.6281368454e-01 1.7094524505e-01
-1.8028427651e-02 2.6281305933e-01 1.7094299550e-01
-1.8029741833e-02 2.6281288601e-01 1.7094413998e-01
-1.8028044591e-02 2.6281234232e-01 1.7094199823e-01
-1.8031018471e-02 2.6281318716e-01 1.7094491402e-01
-1.8029447801e-02 2.6281238972e-01 1.7094277685e-01
-1.8030750745e-02 2.6281244288e-01 1.7094405556e-01
-1.8029197722e-02 2.6281175256e-01 1.7094138122e-01
2.7432613198e-01 -1.7525275712e-01 -5.2583381577e-01
2.7432611817e-01 -1.7525325820e-01 -5.2583463876e-01
2.7432499224e-01 -1.7525074691e-01 -5.2583378620e-01
2.7432503506e-01 -1.7525128053e-01 -5.2583465940e-01
2.7432681606e-01 -1.7525326542e-01 -5.2583341126e-01
2.7432695332e-01 -1.7525382061e-01 -5.2583420070e-01
2.7432564961e-01 -1.7525127252e-01 -5.2583343732e-01
2.7432561813e-01 -1.7525164571e-01 -5.2583402292e-01
-3.0314261469e-01 -1.1769071274e-01 -5.5460862489e-02
-3.0314184732e-01 -1.1769065536e-01 -5.5461663734e-02
-3.0314197528e-01 -1.1769221190e-01 -5.5462134378e-02
-3.0314121060e-01 -1.1769193427e-01 -5.5462838644e-02
-3.0314136925e-01 -1.1769086861e-01 -5.5462177227e-02
-3.0314069971e-01 -1.1769076825e-01 -5.5462845695e-02
-3.0314088260e-01 -1.1769221480e-01 -5.5463259486e-02
-3.0313994464e-01 -1.1769199293e-01 -5.5464183231e-02
1.1980915294e-01 4.4479042634e-01 -2.3860449892e-01
1.1980878187e-01 4.4479008697e-01 -2.3860547876e-01
1.1980908832e-01 4.4479068641e-01 -2.3860459218e-01
1.1980859037e-01 4.4479054620e-01 -2.3860554284e-01
1.1980717807e-01 4.4479095077e-01 -2.3860483828e-01
1.1980679972e-01 4.4479076812e-01 -2.3860579768e-01
1.1980699031e-01 4.4479113558e-01 -2.3860507649e-01
1.1980677637e-01 4.4479106819e-01 -2.3860595944e-01
-5.2212801630e-01 -8.1878813192e-03 -6.4653705492e-01
-5.2212978394e-01 -8.1875010878e-03 -6.4653922964e-01
-5.2212830477e-01 -8.1891429010e-03 -6.4653744549e-01
-5.2212984383e-01 -8.1887941343e-03 -6.4653983558e-01
-5.2212674410e-01 -8.1867269915e-03 -6.4653533500e-01
-5.2212841314e-01 -8.1863778014e-03 -6.4653760089e-01
-5.2212701015e-01 -8.1878695678e-03 -6.4653600204e-01
-5.2212882065e-01 -8.1876912581e-03 -6.4653807763e-01
9.7589692426e-02 3.8692678038e-01 1.3823218990e-01
9.7589995404e-02 3.8692706187e-01 1.3822998881e-01
9.7589781203e-02 3.8692679836e-01 1.3823225839e-01
9.7590293170e-02 3.8692713854e-01 1.3823065728e-01
9.7589924210e-02 3.8692706237e-01 1.3823196013e-01
9.7590476843e-02 3.8692732788e-01 1.3823002924e-01
9.7590042464e-02 3.8692697637e-01 1.3823243245e-01
9.7590651156e-02 3.8692724147e-01 1.3823047974e-01
-3.3721212628e-01 1.1882114723e-01 8.6568505357e-01
-3.3721238555e-01 1.1882091776e-01 8.6568480714e-01
-3.3721244600e-01 1.1882051416e-01 8.6568502614e-01
-3.3721253438e-01 1.1882014329e-01 8.6568448632e-01
-3.3720865039e-01 1.1881990002e-01 8.6568345967e-01
-3.3720896883e-01 1.1881963763e-01 8.6568329098e-01
-3.3720906783e-01 1.1881900009e-01 8.6568324391e-01
-3.3720938708e-01 1.1881874443e-01 8.6568277623e-01
-1.1484072306e+00 9.8520038444e-02 8.7853098762e-01
-1.1484079854e+00 9.8518996574e-02 8.7853275654e-01
-1.1484072163e+00 9.8520080704e-02 8.7853005272e-01
-1.1484078486e+00 9.8518890324e-02 8.7853178919e-01
-1.1484070131e+00 9.8520791876e-02 8.7853053877e-01
-1.1484075880e+00 9.8519869059e-02 8.7853255850e-01
-1.1484068991e+00 9.8520872644e-02 8.7852943938e-01
-1.1484078518e+00 9.8519768606e-02 8.7853149887e-01
-5.0413070305e-01 2.8294411140e-01 9.2583834748e-02
-5.0413160440e-01 2.8294461163e-01 9.2582665594e-02
-5.0413067712e-01 2.8294388014e-01 9.2583182150e-02
-5.0413185683e-01 2.8294428658e-01 9.2582037278e-02
-5.0413131547e-01 2.8294405871e-01 9.2584562448e-02
-5.0413222245e-01 2.8294474461e-01 9.2583355887e-02
-5.0413133326e-01 2.8294375600e-01 9.2583904454e-02
-5.0413231941e-01 2.8294437684e-01 9.2582699878e-02
-5.1273661680e-02 -6.2929924520e-01 6.2167511018e-01
-5.1274156949e-02 -6.2929768337e-01 6.2167292601e-01
-5.1273584722e-02 -6.2930131777e-01 6.2167679402e-01
-5.1273739188e-02 -6.2929969844e-01 6.2167479150e-01
-5.1274206254e-02 -6.2929925724e-01 6.2167495789e-01
-5.1274668763e-02 -6.2929753869e-01 6.2167269648e-01
-5.1273677364e-02 -6.2930142819e-01 6.2167670244e-01
-5.1274352386e-02 -6.2929975601e-01 6.2167469877e-01
-6.8869305917e-02 3.1621202750e-01 1.4519650638e-01
-6.8868673159e-02 3.1621222728e-01 1.4519578146e-01
-6.8868210478e-02 3.1621418983e-01 1.4519789015e-01
-6.8867614234e-02 3.1621427275e-01 1.4519704700e-01
-6.8868682723e-02 3.1621250834e-01 1.4519585535e-01
-6.8868372611e-02 3.1621278411e-01 1.4519505167e-01
-6.8868026796e-02 3.1621461117e-01 1.4519719962e-01
-6.8867465053e-02 3.1621483471e-01 1.4519646760e-01
-4.6472973086e-01 -2.1049269645e-01 1.4213180319e-02
-4.6472916355e-01 -2.1049296834e-01 1.4211628919e-02
-4.6472935552e-01 -2.1049098737e-01 1.4213390371e-02
-4.6472905852e-01 -2.1049144505e-01 1.4211912867e-02
-4.6472937449e-01 -2.1049273785e-01 1.4212496744e-02
-4.6472874397e-01 -2.1049298664e-01 1.4210731174e-02
-4.6472920145e-01 -2.1049116741e-01 1.4212634409e-02
-4.6472884948e-01 -2.1049144753e-01 1.4211173456e-02
-4.3646773604e-01 4.3032476892e-01 -6.8664925110e-01
-4.3646752399e-01 4.3032446866e-01 -6.8664980390e-01
-4.3646717688e-01 4.3032534209e-01 -6.8664853753e-01
-4.3646690075e-01 4.3032495818e-01 -6.8664923497e-01
-4.3646778009e-01 4.3032481611e-01 -6.8664855220e-01
-4.3646777847e-01 4.3032419003e-01 -6.8664942244e-01
-4.3646748909e-01 4.3032550014e-01 -6.8664831154e-01
-4.3646731697e-01 4.3032497065e-01 -6.8664853688e-01
1.1594596715e+00 -1.0587633124e+00 -9.2208911693e-01
1.1594612092e+00 -1.0587647085e+00 -9.2209052225e-01
1.1594594001e+00 -1.0587642477e+00 -9.2208849658e-01
1.1594609376e+00 -1.0587655195e+00 -9.2208994393e-01
1.1594601598e+00 -1.0587634175e+00 -9.2208907029e-01
1.1594616499e+00 -1.0587646513e+00 -9.2209029078e-01
1.1594598010e+00 -1.0587640190e+00 -9.2208819063e-01
1.1594612147e+00 -1.0587652761e+00 -9.2208967562e-01
1.2054094546e-02 3.2969299035e-01 -5.0479991208e-01
1.2054187539e-02 3.2969429527e-01 -5.0480109956e-01
1.2053407505e-02 3.2969695021e-01 -5.0480090711e-01
1.2053603313e-02 3.2969828580e-01 -5.0480191459e-01
1.2054713641e-02 3.2969266905e-01 -5.0480069428e-01
1.2054738399e-02 3.2969402826e-01 -5.0480207755e-01
1.2054207819e-02 3.2969647166e-01 -5.0480171663e-01
1.2054432255e-02 3.2969801700e-01 -5.0480279604e-01
-7.5222343802e-01 -7.1475921319e-01 -1.2493658456e+00
-7.5222393730e-01 -7.1475896954e-01 -1.2493665674e+00
-7.5222326612e-01 -7.1475802199e-01 -1.2493647466e+00
-7.5222377746e-01 -7.1475773722e-01 -1.2493652822e+00
-7.5222349048e-01 -7.1475858814e-01 -1.2493662710e+00
-7.5222403464e-01 -7.1475837058e-01 -1.2493669025e+00
-7.5222359624e-01 -7.1475723450e-01 -1.2493653159e+00
-7.5222403434e-01 -7.1475709109e-01 -1.2493656510e+00
1.2842536933e+00 1.8254283928e-01 1.9881213996e-01
1.2842524179e+00 1.8253980191e-01 1.9880709357e-01
1.2842532899e+00 1.8254383300e-01 1.9881314483e-01
1.2842520678e+00 1.8254059998e-01 1.9880804636e-01
1.2842557215e+00 1.8254178657e-01 1.9880993323e-01
1.2842544123e+00 1.8253881219e-01 1.9880512482e-01
1.2842551955e+00 1.8254251848e-01 1.9881083314e-01
1.2842539116e+00 1.8253937785e-01 1.9880577333e-01
1.6992880047e-02 -4.7611235631e-01 2.9296211316e-01
1.6992130986e-02 -4.7611265494e-01 2.9296186827e-01
1.6992985366e-02 -4.7611207914e-01 2.9296227783e-01
1.6992489779e-02 -4.7611235524e-01 2.9296188411e-01
1.6992852619e-02 -4.7611279908e-01 2.9296282015e-01
1.6992505802e-02 -4.7611292544e-01 2.9296286943e-01
1.6993049809e-02 -4.7611242884e-01 2.9296304179e-01
1.6992545554e-02 -4.7611257380e-01 2.9296280539e-01
2.2676406259e-01 2.3578452542e-01 4.3925493706e-01
2.2676425146e-01 2.3578369452e-01 4.3925409773e-01
2.2676405744e-01 2.3578598350e-01 4.3925502730e-01
2.2676408140e-01 2.3578494254e-01 4.3925397622e-01
2.2676375192e-01 2.3578436679e-01 4.3925539625e-01
2.2676406423e-01 2.3578347319e-01 4.3925424593e-01
2.2676388978e-01 2.3578590545e-01 4.3925554367e-01
2.2676404283e-01 2.3578477002e-01 4.3925465744e-01
7.8573789458e-02 -1.8901492925e-01 3.8900155372e-01
7.8574180170e-02 -1.8901520593e-01 3.8900124672e-01
7.8573782732e-02 -1.8901549360e-01 3.8900125591e-01
7.8574343671e-02 -1.8901560205e-01 3.8900105713e-01
7.8572388694e-02 -1.8901537192e-01 3.8900153486e-01
7.8572801971e-02 -1.8901533092e-01 3.8900104011e-01
7.8572259466e-02 -1.8901565205e-01 3.8900146119e-01
7.8572678463e-02 -1.8901567111e-01 3.8900095297e-01
-9.2095146784e-01 -2.8660481752e-01 -1.7756434539e-01
-9.2095044657e-01 -2.8660468141e-01 -1.7756557025e-01
-9.2095149976e-01 -2.8660459310e-01 -1.7756431232e-01
-9.2095024974e-01 -2.8660437601e-01 -1.7756547692e-01
-9.2095040403e-01 -2.8660451149e-01 -1.7756385229e-01
-9.2094938090e-01 -2.8660419462e-01 -1.7756505992e-01
-9.2095045323e-01 -2.8660422590e-01 -1.7756370057e-01
-9.2094935531e-01 -2.8660379911e-01 -1.7756505810e-01
-4.9830736912e-01 1.1902724982e-01 4.7998082363e-01
-4.9830731531e-01 1.1902806950e-01 4.7998273470e-01
-4.9830748357e-01 1.1902920233e-01 4.7998032286e-01
-4.9830742494e-01 1.1902989702e-01 4.7998227696e-01
-4.9830428869e-01 1.1902746895e-01 4.7997917716e-01
-4.9830443133e-01 1.1902814829e-01 4.7998126907e-01
-4.9830468673e-01 1.1902920785e-01 4.7997864798e-01
-4.9830456130e-01 1.1903011398e-01 4.7998078634e-01
4.4649413670e-01 -4.9619367178e-01 5.6748633445e-01
4.4649326142e-01 -4.9619261305e-01 5.6748454999e-01
4.4649415254e-01 -4.9619318430e-01 5.6748684671e-01
4.4649308915e-01 -4.9619232461e-01 5.6748509099e-01
4.4649144480e-01 -4.9619178382e-01 5.6748730921e-01
4.4649046902e-01 -4.9619126641e-01 5.6748555365e-01
4.4649136090e-01 -4.9619137208e-01 5.6748796696e-01
4.4649054557e-01 -4.9619070105e-01 5.6748621598e-01
3.2990998105e-01 3.3328131599e-01 -1.9553011650e-01
3.2991182670e-01 3.3328144940e-01 -1.9552489986e-01
3.2990985441e-01 3.3328144415e-01 -1.9552958503e-01
3.2991183059e-01 3.3328143651e-01 -1.9552464340e-01
3.2990972795e-01 3.3328121830e-01 -1.9553004753e-01
3.2991176323e-01 3.3328152767e-01 -1.9552508035e-01
3.2990987422e-01 3.3328124230e-01 -1.9552958652e-01
3.2991166478e-01 3.3328141046e-01 -1.9552479971e-01
5.4206143608e-02 5.0322991389e-01 3.3531249251e-01
5.4205906069e-02 5.0323009747e-01 3.3531145181e-01
5.4205051785e-02 5.0322808635e-01 3.3531083916e-01
5.4204981177e-02 5.0322825321e-01 3.3530995571e-01
5.4204432125e-02 5.0322975677e-01 3.3531203621e-01
5.4204108717e-02 5.0322976722e-01 3.3531095967e-01
5.4203259546e-02 5.0322780642e-01 3.3531027498e-01
5.4203135155e-02 5.0322801909e-01 3.3530946082e-01
-5.9365564649e-01 -2.7139055125e-01 1.0322332232e+00
-5.9365708713e-01 -2.7139042631e-01 1.0322396159e+00
-5.9365709353e-01 -2.7138671657e-01 1.0322331726e+00
-5.9365883606e-01 -2.7138688869e-01 1.0322390168e+00
-5.9365535774e-01 -2.7139023148e-01 1.0322338539e+00
-5.9365685688e-01 -2.7139040103e-01 1.0322396810e+00
-5.9365693241e-01 -2.7138649287e-01 1.0322333079e+00
-5.9365845176e-01 -2.7138661515e-01 1.0322392470e+00
-1.2733913414e-01 1.5537611189e+00 -1.5277886900e+00
-1.2734033099e-01 1.5537605106e+00 -1.5277865908e+00
-1.2734111015e-01 1.5537548433e+00 -1.5277845517e+00
-1.2734239201e-01 1.5537545402e+00 -1.5277822367e+00
-1.2733920922e-01 1.5537611435e+00 -1.5277882546e+00
-1.2734057674e-01 1.5537608867e+00 -1.5277859843e+00
-1.2734137958e-01 1.5537553155e+00 -1.5277841767e+00
-1.2734271307e-01 1.5537548680e+00 -1.5277820925e+00
2.3679691145e-01 5.3763969462e-01 5.0961520399e-03
2.3679682820e-01 5.3763915812e-01 5.0960745852e-03
2.3679695071e-01 5.3763979825e-01 5.0964082790e-03
2.3679708226e-01 5.3763926661e-01 5.0964523261e-03
2.3679696889e-01 5.3763933860e-01 5.0959660986e-03
2.3679698013e-01 5.3763865110e-01 5.0958699155e-03
2.3679719158e-01 5.3763935786e-01 5.0965270017e-03
2.3679714176e-01 5.3763880373e-01 5.0963848437e-03
-2.4340086844e-01 -5.6400629844e-01 2.5726020242e-01
-2.4340240857e-01 -5.6400659785e-01 2.5725788937e-01
-2.4340106328e-01 -5.6400687071e-01 2.5725962381e-01
-2.4340247080e-01 -5.6400726964e-01 2.5725716435e-01
-2.4340028485e-01 -5.6400588936e-01 2.5726026968e-01
-2.4340190191e-01 -5.6400633493e-01 2.5725771651e-01
-2.4340053559e-01 -5.6400662877e-01 2.5725959130e-01
-2.4340201647e-01 -5.6400714891e-01 2.5725698622e-01
2.8790825339e-01 -3.7678437793e-01 9.3577625301e-01
2.8790793226e-01 -3.7678309912e-01 9.3577532798e-01
2.8790950551e-01 -3.7678008070e-01 9.3577615201e-01
2.8790910114e-01 -3.7677899791e-01 9.3577510249e-01
2.8790884023e-01 -3.7678377268e-01 9.3577581117e-01
2.8790853781e-01 -3.7678246482e-01 9.3577503851e-01
2.8791014697e-01 -3.7677950744e-01 9.3577564635e-01
2.8790973402e-01 -3.7677840474e-01 9.3577472643e-01
-4.1839461928e-02 3.3459274547e-01 3.9008076718e-01
-4.1839094044e-02 3.3459193003e-01 3.9007883834e-01
-4.1838665637e-02 3.3459112116e-01 3.9007991181e-01
-4.1838304362e-02 3.3459031702e-01 3.9007783134e-01
-4.1836889819e-02 3.3459260271e-01 3.9008022246e-01
-4.1836563990e-02 3.3459161613e-01 3.9007830056e-01
-4.1836201961e-02 3.3459103009e-01 3.9007936790e-01
-4.1835720424e-02 3.3459038895e-01 3.9007742444e-01
-4.3158291217e+00 1.9998197772e+00 2.1273770488e+00
-4.3158357935e+00 1.9998254811e+00 2.1273891245e+00
-4.3158300156e+00 1.9998206777e+00 2.1273770648e+00
-4.3158357056e+00 1.9998259735e+00 2.1273887476e+00
-4.3158226764e+00 1.9998174809e+00 2.1273759320e+00
-4.3158283904e+00 1.9998228882e+00 2.1273881774e+00
-4.3158230062e+00 1.9998179133e+00 2.1273755944e+00
-4.3158297007e+00 1.9998236246e+00 2.1273880910e+00
1.6428836799e+00 1.4497066788e+00 1.0966975563e+00
1.6428866606e+00 1.4497056544e+00 1.0967045163e+00
1.6428931440e+00 1.4497208558e+00 1.0967063628e+00
1.6428953279e+00 1.4497202517e+00 1.0967134083e+00
1.6428834303e+00 1.4497053824e+00 1.0966961915e+00
1.6428857115e+00 1.4497054581e+00 1.0967033414e+00
1.6428927255e+00 1.4497200459e+00 1.0967052087e+00
1.6428961610e+00 1.4497191974e+00 1.0967128733e+00
2.0084832501e+00 -9.8434457554e-01 -6.7370979986e-01
2.0084862572e+00 -9.8434596362e-01 -6.7371454760e-01
2.0084834123e+00 -9.8434451381e-01 -6.7371149487e-01
2.0084862153e+00 -9.8434697183e-01 -6.7371477641e-01
2.0084671177e+00 -9.8434241345e-01 -6.7370718656e-01
2.0084698122e+00 -9.8434438892e-01 -6.7371195673e-01
2.0084673091e+00 -9.8434301313e-01 -6.7370772783e-01
2.0084704700e+00 -9.8434514443e-01 -6.7371284006e-01
1.5588672433e+00 1.3180837540e+00 2.1612121143e+00
1.5588640963e+00 1.3180842660e+00 2.1612171729e+00
1.5588651042e+00 1.3180861866e+00 2.1612120457e+00
1.5588613277e+00 1.3180859915e+00 2.1612168057e+00
1.5588720088e+00 1.3180837767e+00 2.1612120091e+00
1.5588693272e+00 1.3180845178e+00 2.1612166854e+00
1.5588693684e+00 1.3180861802e+00 2.1612117266e+00
1.5588658634e+00 1.3180866338e+00 2.1612164882e+00
-1.8498240149e+00 1.6534652670e+00 1.3938733354e+00
-1.8498213059e+00 1.6534603164e+00 1.3938668506e+00
-1.8498243948e+00 1.6534637060e+00 1.3938720734e+00
-1.8498214705e+00 1.6534585227e+00 1.3938653551e+00
-1.8498137908e+00 1.6534674685e+00 1.3938733363e+00
-1.8498112887e+00 1.6534627555e+00 1.3938674572e+00
-1.8498150616e+00 1.6534659647e+00 1.3938715672e+00
-1.8498114244e+00 1.6534612345e+00 1.3938653116e+00
-4.3928859472e-01 -1.8233156527e+00 3.6615397143e-01
-4.3928840269e-01 -1.8233151956e+00 3.6615411389e-01
-4.3928887710e-01 -1.8233143869e+00 3.6615435151e-01
-4.3928793386e-01 -1.8233147108e+00 3.6615515044e-01
-4.3930800620e-01 -1.8233149243e+00 3.6615605933e-01
-4.3930792576e-01 -1.8233152637e+00 3.6615657266e-01
-4.3930796579e-01 -1.8233138812e+00 3.6615651966e-01
-4.3930824731e-01 -1.8233140541e+00 3.6615767090e-01
-1.7040590708e+00 6.6564165491e-01 6.0759895536e-01
-1.7040575902e+00 6.6563708350e-01 6.0759450736e-01
-1.7040576019e+00 6.6563972319e-01 6.0759790128e-01
-1.7040561396e+00 6.6563534610e-01 6.0759251957e-01
-1.7040499298e+00 6.6564086446e-01 6.0760281612e-01
-1.7040485676e+00 6.6563683515e-01 6.0759766546e-01
-1.7040489104e+00 6.6564102734e-01 6.0760105514e-01
-1.7040473218e+00 6.6563495373e-01 6.0759622607e-01
-3.1397597754e+00 -2.3328007494e+00 -2.1716856350e+00
-3.1397529480e+00 -2.3327969688e+00 -2.1716802675e+00
-3.1397612001e+00 -2.3328024929e+00 -2.1716864169e+00
-3.1397543527e+00 -2.3327983035e+00 -2.1716807398e+00
-3.1397551357e+00 -2.3327998434e+00 -2.1716850236e+00
-3.1397480524e+00 -2.3327956675e+00 -2.1716793859e+00
-3.1397576022e+00 -2.3328008949e+00 -2.1716866380e+00
-3.1397502611e+00 -2.3327967852e+00 -2.1716806307e+00
1.7133036204e+00 -1.2226914344e+00 1.4661349661e-01
1.7133030063e+00 -1.2226918165e+00 1.4661495477e-01
1.7133033546e+00 -1.2226916392e+00 1.4661235132e-01
1.7133033975e+00 -1.2226921709e+00 1.4661380014e-01
1.7132771748e+00 -1.2226937752e+00 1.4661039461e-01
1.7132774564e+00 -1.2226941924e+00 1.4661177171e-01
1.7132768264e+00 -1.2226941545e+00 1.4660889295e-01
1.7132768708e+00 -1.2226940973e+00 1.4660986247e-01
-1.2795117628e-01 1.4570531457e+00 3.0400732993e-01
-1.2794460128e-01 1.4570568069e+00 3.0402584451e-01
-1.2795058253e-01 1.4570511926e+00 3.0400716598e-01
-1.2794322311e-01 1.4570549148e+00 3.0402517163e-01
-1.2797361124e-01 1.4570444460e+00 3.0399982050e-01
-1.2796677129e-01 1.4570481827e+00 3.0401825840e-01
-1.2797285231e-01 1.4570429562e+00 3.0399932940e-01
-1.2796563133e-01 1.4570466512e+00 3.0401796950e-01
-8.5565346164e-01 -1.4476372904e+00 2.9371244897e-01
-8.5565498985e-01 -1.4476351483e+00 2.9371971977e-01
-8.5565360923e-01 -1.4476387281e+00 2.9371204310e-01
-8.5565594926e-01 -1.4476363668e+00 2.9371853138e-01
-8.5564995546e-01 -1.4476397199e+00 2.9371367206e-01
-8.5565167681e-01 -1.4476380905e+00 2.9372095187e-01
-8.5565003059e-01 -1.4476413558e+00 2.9371239255e-01
-8.5565260792e-01 -1.4476386107e+00 2.9371925409e-01
-8.0597566759e-01 -1.3158872164e-01 -1.7108517781e+00
-8.0597497458e-01 -1.3158891321e-01 -1.7108532230e+00
-8.0597552587e-01 -1.3158845762e-01 -1.7108510251e+00
-8.0597475406e-01 -1.3158764648e-01 -1.7108526726e+00
-8.0596705197e-01 -1.3158592025e-01 -1.7108513084e+00
-8.0596635063e-01 -1.3158511081e-01 -1.7108523826e+00
-8.0596697096e-01 -1.3158463438e-01 -1.7108504709e+00
-8.0596673635e-01 -1.3158406101e-01 -1.7108519770e+00
1.1751483181e-01 -8.3293608193e-02 7.1499572581e-01
1.1751593102e-01 -8.3292649377e-02 7.1499585827e-01
1.1751589359e-01 -8.3292993381e-02 7.1499527472e-01
1.1751620651e-01 -8.3292563088e-02 7.1499521076e-01
1.1752571025e-01 -8.3290754970e-02 7.1499870897e-01
1.1752623319e-01 -8.3290110609e-02 7.1499792512e-01
1.1752625558e-01 -8.3290619751e-02 7.1499782174e-01
1.1752729405e-01 -8.3289950678e-02 7.1499814494e-01
-2.8900501744e+00 -5.0213584586e-01 -7.9020915027e-01
-2.8900490981e+00 -5.0213750729e-01 -7.9021169241e-01
-2.8900474805e+00 -5.0212298001e-01 -7.9020471441e-01
-2.8900457317e+00 -5.0212453302e-01 -7.9020722730e-01
-2.8900656228e+00 -5.0214152205e-01 -7.9021286888e-01
-2.8900643714e+00 -5.0214298048e-01 -7.9021548048e-01
-2.8900629716e+00 -5.0212886573e-01 -7.9020808126e-01
-2.8900615655e+00 -5.0213051502e-01 -7.9021047784e-01
2.5162141239e+00 7.4277200302e-01 5.1487641121e-01
2.5162131012e+00 7.4277289079e-01 5.1487685078e-01
2.5162118085e+00 7.4277379905e-01 5.1487676409e-01
2.5162123440e+00 7.4277339006e-01 5.1487722226e-01
2.5162143264e+00 7.4276849371e-01 5.1487092686e-01
2.5162144854e+00 7.4276863323e-01 5.1487161442e-01
2.5162124332e+00 7.4276953244e-01 5.1487196248e-01
2.5162131258e+00 7.4276979185e-01 5.1487206611e-01
2.4436839423e+00 -1.5446599207e+00 -4.8527564845e-01
2.4436843299e+00 -1.5446591951e+00 -4.8527652883e-01
2.4436793110e+00 -1.5446631560e+00 -4.8527814735e-01
2.4436811771e+00 -1.5446626854e+00 -4.8527861512e-01
2.4436965067e+00 -1.5446585351e+00 -4.8527246227e-01
2.4436972773e+00 -1.5446574968e+00 -4.8527304058e-01
2.4436918073e+00 -1.5446608341e+00 -4.8527431531e-01
2.4436933307e+00 -1.5446602614e+00 -4.8527525089e-01
-1.0061870707e+00 -4.7504163073e-01 -7.4825168036e-01
-1.0061877131e+00 -4.7504352437e-01 -7.4825340272e-01
-1.0061915931e+00 -4.7504405180e-01 -7.4825493525e-01
-1.0061912199e+00 -4.7504514736e-01 -7.4825657966e-01
-1.0061769691e+00 -4.7503856932e-01 -7.4825070602e-01
-1.0061765969e+00 -4.7504044139e-01 -7.4825256882e-01
-1.0061812212e+00 -4.7504128527e-01 -7.4825375262e-01
-1.0061811478e+00 -4.7504233759e-01 -7.4825560291e-01
-3.2733216247e-01 9.0877816420e-01 6.1311879474e-01
-3.2733292153e-01 9.0877693501e-01 6.1311961865e-01
-3.2732975685e-01 9.0879149719e-01 6.1312628308e-01
-3.2732999682e-01 9.0879101372e-01 6.1312660145e-01
-3.2735763960e-01 9.0877641532e-01 6.1311756346e-01
-3.2735786762e-01 9.0877536898e-01 6.1311827280e-01
-3.2735460228e-01 9.0878987962e-01 6.1312416856e-01
-3.2735491719e-01 9.0878916980e-01 6.1312549292e-01
4.1103017161e+00 8.8077908828e-02 -4.9541968035e-01
4.1103005535e+00 8.8079982993e-02 -4.9542312582e-01
4.1103066872e+00 8.8074682745e-02 -4.9542344415e-01
4.1103049154e+00 8.8076958758e-02 -4.9542621733e-01
4.1103173623e+00 8.8075303076e-02 -4.9542010175e-01
4.1103165007e+00 8.8077186260e-02 -4.9542314138e-01
4.1103223993e+00 8.8072667048e-02 -4.9542348722e-01
4.1103206759e+00 8.8074867098e-02 -4.9542669149e-01
-3.1279525167e+00 -6.5565315319e-01 -8.9866771977e-01
-3.1279500347e+00 -6.5565528338e-01 -8.9867265303e-01
-3.1279524538e+00 -6.5565264031e-01 -8.9866633683e-01
-3.1279499351e+00 -6.5565472531e-01 -8.9867178150e-01
-3.1279496975e+00 -6.5565377393e-01 -8.9866690568e-01
-3.1279470172e+00 -6.5565605811e-01 -8.9867269294e-01
-3.1279492575e+00 -6.5565358201e-01 -8.9866624232e-01
-3.1279476687e+00 -6.5565558023e-01 -8.9867149998e-01
-1.5644739544e+00 1.3932972803e+00 -1.3655600511e+00
-1.5644668978e+00 1.3932972400e+00 -1.3655483480e+00
-1.5644753654e+00 1.3932960988e+00 -1.3655609091e+00
-1.5644679890e+00 1.3932955850e+00 -1.3655486909e+00
-1.5644701573e+00 1.3932973980e+00 -1.3655590043e+00
-1.5644634024e+00 1.3932976444e+00 -1.3655467500e+00
-1.5644718616e+00 1.3932961605e+00 -1.3655591277e+00
-1.5644644784e+00 1.3932959243e+00 -1.3655473298e+00
1.5242452303e+00 6.3563153300e-01 1.1245475569e+00
1.5242408479e+00 6.3563328694e-01 1.1245584441e+00
1.5242479726e+00 6.3562795533e-01 1.1245487327e+00
1.5242436987e+00 6.3563015972e-01 1.1245595414e+00
1.5242515663e+00 6.3563218744e-01 1.1245464221e+00
1.5242480475e+00 6.3563417978e-01 1.1245568557e+00
1.5242543550e+00 6.3562894872e-01 1.1245480220e+00
1.5242502870e+00 6.3563102016e-01 1.1245582520e+00
8.9140720213e-01 8.2737173964e-01 1.5891072858e+00
8.9140732579e-01 8.2737212452e-01 1.5891062847e+00
8.9140856840e-01 8.2736970646e-01 1.5891070219e+00
8.9140916576e-01 8.2737024160e-01 1.5891061959e+00
8.9140783868e-01 8.2737164451e-01 1.5891070571e+00
8.9140795887e-01 8.2737195148e-01 1.5891061519e+00
8.9140955646e-01 8.2736950463e-01 1.5891067513e+00
8.9140980357e-01 8.2736969682e-01 1.5891058626e+00
-9.6435233805e-01 1.3369896991e+00 3.6901687276e-01
-9.6435553581e-01 1.3370002421e+00 3.6903570045e-01
-9.6435588551e-01 1.3369843154e+00 3.6901615188e-01
-9.6435979420e-01 1.3369937192e+00 3.6903408535e-01
-9.6438801617e-01 1.3369934834e+00 3.6902581837e-01
-9.6439044747e-01 1.3370029627e+00 3.6904424344e-01
-9.6439171323e-01 1.3369874223e+00 3.6902506639e-01
-9.6439468505e-01 1.3369976804e+00 3.6904327979e-01
1.4735961700e+00 -1.1420085011e+00 -1.9413025080e+00
1.4735972423e+00 -1.1420087657e+00 -1.9413066547e+00
1.4735964379e+00 -1.1420155287e+00 -1.9413030532e+00
1.4735986881e+00 -1.1420157943e+00 -1.9413071401e+00
1.4735970039e+00 -1.1420105298e+00 -1.9413025708e+00
1.4735983995e+00 -1.1420111985e+00 -1.9413066150e+00
1.4735982314e+00 -1.1420170824e+00 -1.9413027486e+00
1.4735998895e+00 -1.1420176027e+00 -1.9413066801e+00
2.1344205047e+00 -6.4079047277e-01 -9.9149138631e-02
2.1344150331e+00 -6.4078693702e-01 -9.9142877905e-02
2.1344223434e+00 -6.4079602946e-01 -9.9156145550e-02
2.1344168180e+00 -6.4079175939e-01 -9.9149477183e-02
2.1344246827e+00 -6.4079064769e-01 -9.9150736565e-02
2.1344189601e+00 -6.4078675859e-01 -9.9144432337e-02
2.1344266144e+00 -6.4079593260e-01 -9.9157733356e-02
2.1344216196e+00 -6.4079207018e-01 -9.9151201137e-02
-3.7134866997e+00 -1.6101649589e+00 -1.0188188306e+00
-3.7134858933e+00 -1.6101656732e+00 -1.0188259814e+00
-3.7134915004e+00 -1.6101671928e+00 -1.0188221432e+00
-3.7134912626e+00 -1.6101680891e+00 -1.0188287843e+00
-3.7134773616e+00 -1.6101612056e+00 -1.0188122475e+00
-3.7134777202e+00 -1.6101624051e+00 -1.0188198296e+00
-3.7134821289e+00 -1.6101628226e+00 -1.0188152245e+00
-3.7134821530e+00 -1.6101639808e+00 -1.0188228453e+00
5.0250564289e-01 1.4988498139e+00 1.1058165845e+00
5.0250711741e-01 1.4988530485e+00 1.1058257642e+00
5.0250617084e-01 1.4988492762e+00 1.1058159909e+00
5.0250721877e-01 1.4988521202e+00 1.1058248011e+00
5.0251630632e-01 1.4988541935e+00 1.1058195757e+00
5.0251755968e-01 1.4988572002e+00 1.1058287577e+00
5.0251615739e-01 1.4988536659e+00 1.1058189655e+00
5.0251719963e-01 1.4988559681e+00 1.1058278469e+00
-9.6443943692e-01 2.4653451492e-01 5.7504409478e-01
-9.6444293980e-01 2.4653162587e-01 5.7504100159e-01
-9.6443799185e-01 2.4654860719e-01 5.7504815254e-01
-9.6444230338e-01 2.4654476053e-01 5.7504515316e-01
-9.6443444030e-01 2.4653685087e-01 5.7504358106e-01
-9.6443840558e-01 2.4653390195e-01 5.7504032813e-01
-9.6443303348e-01 2.4655025447e-01 5.7504743188e-01
-9.6443742647e-01 2.4654734996e-01 5.7504468806e-01
-3.1869157527e+00 1.0857131661e-01 1.0746361146e+00
-3.1869176393e+00 1.0856756966e-01 1.0746345028e+00
-3.1869105617e+00 1.0856598063e-01 1.0746308714e+00
-3.1869131293e+00 1.0856209130e-01 1.0746296595e+00
-3.1869114738e+00 1.0857202375e-01 1.0746362835e+00
-3.1869132986e+00 1.0856765624e-01 1.0746350517e+00
-3.1869061220e+00 1.0856699835e-01 1.0746316245e+00
-3.1869087247e+00 1.0856234487e-01 1.0746304331e+00
1.3920230634e+00 -1.0646097252e+00 -4.0920793515e-01
1.3920290357e+00 -1.0646138614e+00 -4.0921340845e-01
1.3920227978e+00 -1.0646120825e+00 -4.0921044250e-01
1.3920280287e+00 -1.0646159361e+00 -4.0921493663e-01
1.3920180504e+00 -1.0646024267e+00 -4.0920316482e-01
1.3920233923e+00 -1.0646059976e+00 -4.0920770993e-01
1.3920173908e+00 -1.0646049837e+00 -4.0920506717e-01
1.3920226054e+00 -1.0646092614e+00 -4.0920960784e-01
1.0130797055e+00 -8.8518377436e-01 7.9644928030e-02
1.0130838893e+00 -8.8518152567e-01 7.9652942895e-02
1.0130778569e+00 -8.8518675149e-01 7.9643379850e-02
1.0130824752e+00 -8.8518524062e-01 7.9651745612e-02
1.0130784995e+00 -8.8518555674e-01 7.9645694852e-02
1.0130823638e+00 -8.8518394034e-01 7.9653818790e-02
1.0130769071e+00 -8.8518823530e-01 7.9643666713e-02
1.0130813261e+00 -8.8518692309e-01 7.9651983290e-02
2.5765810346e+00 1.6373607406e+00 1.8175647769e-01
2.5765839787e+00 1.6373599442e+00 1.8177062741e-01
2.5765785582e+00 1.6373898977e+00 1.8175832594e-01
2.5765815077e+00 1.6373888383e+00 1.8177344436e-01
2.5765924113e+00 1.6373626473e+00 1.8175540565e-01
2.5765957427e+00 1.6373614155e+00 1.8177008555e-01
2.5765901859e+00 1.6373919061e+00 1.8175799690e-01
2.5765928037e+00 1.6373906267e+00 1.8177287544e-01
2.8123137574e+00 1.7991960350e+00 2.0559062122e+00
2.8123147931e+00 1.7991962602e+00 2.0559051187e+00
2.8123141591e+00 1.7991915281e+00 2.0559046225e+00
2.8123151196e+00 1.7991919633e+00 2.0559025109e+00
2.8123171867e+00 1.7991939655e+00 2.0559054420e+00
2.8123180826e+00 1.7991947601e+00 2.0559032349e+00
2.8123177614e+00 1.7991902784e+00 2.0559022628e+00
2.8123183630e+00 1.7991902236e+00 2.0559009298e+00
7.1380779890e-01 1.2229680823e+00 5.6421229620e-01
7.1380585976e-01 1.2229677549e+00 5.6421058910e-01
7.1380815266e-01 1.2229697698e+00 5.6421232420e-01
7.1380719395e-01 1.2229703399e+00 5.6421019152e-01
7.1380834354e-01 1.2229669501e+00 5.6421191570e-01
7.1380739773e-01 1.2229674275e+00 5.6421037085e-01
7.1380862889e-01 1.2229681229e+00 5.6421223413e-01
7.1380678686e-01 1.2229692424e+00 5.6420992391e-01
-1.0513328608e-01 9.4689233325e-01 -4.0278187309e-01
-1.0512974549e-01 9.4689378342e-01 -4.0278598779e-01
-1.0512739414e-01 9.4687814207e-01 -4.0278489840e-01
-1.0512544354e-01 9.4688021884e-01 -4.0278945474e-01
-1.0513295546e-01 9.4689364209e-01 -4.0278241456e-01
-1.0513000494e-01 9.4689510924e-01 -4.0278692762e-01
-1.0512765856e-01 9.4688038485e-01 -4.0278528091e-01
-1.0512525138e-01 9.4688173224e-01 -4.0279008167e-01
1.7361931602e+00 2.0952962880e+00 1.0390939907e+00
1.7361901460e+00 2.0952992520e+00 1.0390885087e+00
1.7361938782e+00 2.0952916405e+00 1.0390954882e+00
1.7361910199e+00 2.0952933966e+00 1.0390901579e+00
1.7361955170e+00 2.0952990262e+00 1.0390951316e+00
1.7361918498e+00 2.0953003334e+00 1.0390893905e+00
1.7361958120e+00 2.0952937871e+00 1.0390965056e+00
1.7361922682e+00 2.0952957463e+00 1.0390909102e+00
-1.7513965119e-01 -6.8967006877e-01 -1.5374357694e-01
-1.7514700996e-01 -6.8966464498e-01 -1.5373622306e-01
-1.7514082815e-01 -6.8967478693e-01 -1.5374371714e-01
-1.7514851765e-01 -6.8966967869e-01 -1.5373690132e-01
-1.7513297552e-01 -6.8967329596e-01 -1.5374699463e-01
-1.7514045204e-01 -6.8966797791e-01 -1.5374014121e-01
-1.7513544888e-01 -6.8967786186e-01 -1.5374722253e-01
-1.7514154528e-01 -6.8967234638e-01 -1.5373987749e-01
-1.3052966318e-01 -1.0118264096e+00 -8.5430542978e-01
-1.3053226813e-01 -1.0118279999e+00 -8.5431044569e-01
-1.3052939042e-01 -1.0118065121e+00 -8.5430776654e-01
-1.3053142071e-01 -1.0118090912e+00 -8.5431312132e-01
-1.3052123077e-01 -1.0118239533e+00 -8.5430092589e-01
-1.3052400676e-01 -1.0118264058e+00 -8.5430585530e-01
-1.3052113288e-01 -1.0118042600e+00 -8.5430343338e-01
-1.3052294602e-01 -1.0118062057e+00 -8.5430853309e-01
-3.8780801912e+00 1.1037497452e+00 -1.4498953867e-01
-3.8780776516e+00 1.1037478882e+00 -1.4499366172e-01
-3.8780793327e+00 1.1037502351e+00 -1.4498996442e-01
-3.8780764892e+00 1.1037474110e+00 -1.4499456154e-01
-3.8780682221e+00 1.1037548989e+00 -1.4498077909e-01
-3.8780659831e+00 1.1037526404e+00 -1.4498588872e-01
-3.8780672969e+00 1.1037543548e+00 -1.4498235666e-01
-3.8780644316e+00 1.1037525681e+00 -1.4498683236e-01
3.8212937947e-01 -5.2663627819e-01 7.5258276353e-01
3.8212832732e-01 -5.2663470935e-01 7.5257602729e-01
3.8212565378e-01 -5.2664537329e-01 7.5258606796e-01
3.8212458385e-01 -5.2664358322e-01 7.5257864957e-01
3.8212711137e-01 -5.2663621904e-01 7.5258457463e-01
3.8212567771e-01 -5.2663357777e-01 7.5257687110e-01
3.8212289934e-01 -5.2664492026e-01 7.5258729264e-01
3.8212207193e-01 -5.2664353359e-01 7.5257972354e-01
-5.2968030974e-01 1.8884705058e+00 1.8733248170e+00
-5.2968399707e-01 1.8884687297e+00 1.8733218835e+00
-5.2968173158e-01 1.8884918408e+00 1.8733350310e+00
-5.2968585536e-01 1.8884896295e+00 1.8733326053e+00
-5.2966745247e-01 1.8884760623e+00 1.8733313411e+00
-5.2967176750e-01 1.8884741988e+00 1.8733284381e+00
-5.2966830010e-01 1.8884967421e+00 1.8733411009e+00
-5.2967259967e-01 1.8884945778e+00 1.8733388965e+00
4.2852709958e-01 -1.8437831767e+00 -5.6424264612e-01
4.2852988614e-01 -1.8437813507e+00 -5.6424891721e-01
4.2853129456e-01 -1.8437727013e+00 -5.6424199514e-01
4.2853330362e-01 -1.8437711618e+00 -5.6424815317e-01
4.2853530385e-01 -1.8437805768e+00 -5.6423870396e-01
4.2853834960e-01 -1.8437780317e+00 -5.6424460432e-01
4.2853961960e-01 -1.8437692457e+00 -5.6423757923e-01
4.2854197231e-01 -1.8437678558e+00 -5.6424350938e-01
-1.6356158668e+00 -1.2420106939e+00 -2.3848637266e+00
-1.6356193566e+00 -1.2420146185e+00 -2.3848686624e+00
-1.6356144650e+00 -1.2420095571e+00 -2.3848625631e+00
-1.6356181253e+00 -1.2420137462e+00 -2.3848678778e+00
-1.6356315866e+00 -1.2420124534e+00 -2.3848665026e+00
-1.6356347488e+00 -1.2420164311e+00 -2.3848713157e+00
-1.6356306848e+00 -1.2420121006e+00 -2.3848657574e+00
-1.6356340622e+00 -1.2420163425e+00 -2.3848709048e+00
-1.0233363883e+00 -3.5614718114e-01 -1.7537848689e+00
-1.0233367559e+00 -3.5614594738e-01 -1.7537867352e+00
-1.0233371588e+00 -3.5615183103e-01 -1.7537863969e+00
-1.0233369330e+00 -3.5615060388e-01 -1.7537879855e+00
-1.0233462643e+00 -3.5614751094e-01 -1.7537853379e+00
-1.0233464390e+00 -3.5614597828e-01 -1.7537871020e+00
-1.0233461170e+00 -3.5615277314e-01 -1.7537869278e+00
-1.0233462647e+00 -3.5615113701e-01 -1.7537892262e+00
1.7975124033e+00 -3.2949176701e-01 -5.1892816188e-01
1.7975119857e+00 -3.2949717049e-01 -5.1893566274e-01
1.7975142925e+00 -3.2948998436e-01 -5.1892768173e-01
1.7975140957e+00 -3.2949583610e-01 -5.1893495956e-01
1.7974876305e+00 -3.2949296742e-01 -5.1893240258e-01
1.7974877206e+00 -3.2950008946e-01 -5.1894014975e-01
1.7974901794e+00 -3.2949191260e-01 -5.1893187994e-01
1.7974895416e+00 -3.2949809703e-01 -5.1893929542e-01
-9.9573840148e-01 -1.6612141929e+00 -1.4721261221e-01
-9.9573962428e-01 -1.6612153854e+00 -1.4721420251e-01
-9.9573685653e-01 -1.6612177081e+00 -1.4721429490e-01
-9.9573747965e-01 -1.6612180822e+00 -1.4721583690e-01
-9.9572736544e-01 -1.6612141028e+00 -1.4721500076e-01
-9.9572810318e-01 -1.6612144875e+00 -1.4721643274e-01
-9.9572533456e-01 -1.6612175375e+00 -1.4721596569e-01
-9.9572705181e-01 -1.6612179114e+00 -1.4721775425e-01
2.5271451737e-01 1.2502341500e+00 1.6099096305e+00
2.5271436051e-01 1.2502352898e+00 1.6099171705e+00
2.5271103969e-01 1.2502380170e+00 1.6099075722e+00
2.5271144324e-01 1.2502383828e+00 1.6099155266e+00
2.5271459598e-01 1.2502375667e+00 1.6099131057e+00
2.5271400676e-01 1.2502386819e+00 1.6099210985e+00
2.5271091332e-01 1.2502405861e+00 1.6099109795e+00
2.5271075720e-01 1.2502424051e+00 1.6099189984e+00
2.3822199486e-01 2.3964819174e-01 8.9049151786e-01
2.3822175469e-01 2.3964818035e-01 8.9049108635e-01
2.3822342488e-01 2.3964592259e-01 8.9048901694e-01
2.3822314592e-01 2.3964565945e-01 8.9048912297e-01
2.3822870751e-01 2.3964635367e-01 8.9048749842e-01
2.3822831486e-01 2.3964650925e-01 8.9048716852e-01
2.3823036472e-01 2.3964381141e-01 8.9048533448e-01
2.3823006662e-01 2.3964397755e-01 8.9048540809e-01
-6.9821870786e-01 -1.7602090673e+00 -7.3240063291e-01
-6.9821905544e-01 -1.7602092632e+00 -7.3240091242e-01
-6.9821815384e-01 -1.7602088041e+00 -7.3240148715e-01
-6.9821821416e-01 -1.7602091746e+00 -7.3240223212e-01
-6.9823012617e-01 -1.7602106590e+00 -7.3240192942e-01
-6.9823004761e-01 -1.7602102491e+00 -7.3240294358e-01
-6.9822915295e-01 -1.7602100642e+00 -7.3240298525e-01
-6.9822920442e-01 -1.7602102315e+00 -7.3240293634e-01
-1.2960779649e-01 -1.8146491811e-01 -1.0310086335e+00
-1.2961160448e-01 -1.8146539716e-01 -1.0310014905e+00
-1.2960739282e-01 -1.8146533652e-01 -1.0310080588e+00
-1.2961065789e-01 -1.8146594494e-01 -1.0310009227e+00
-1.2960737991e-01 -1.8146509980e-01 -1.0310079661e+00
-1.2961031625e-01 -1.8146563417e-01 -1.0310013598e+00
-1.2960641182e-01 -1.8146516918e-01 -1.0310074731e+00
-1.2960998300e-01 -1.8146565077e-01 -1.0310004603e+00
8.5180517159e-01 -5.6701896160e-01 1.0251729518e+00
8.5180446292e-01 -5.6702012321e-01 1.0251687819e+00
8.5180466553e-01 -5.6701888176e-01 1.0251734249e+00
8.5180397140e-01 -5.6701978898e-01 1.0251690124e+00
8.5179701379e-01 -5.6701948095e-01 1.0251728462e+00
8.5179599037e-01 -5.6702029521e-01 1.0251686567e+00
8.5179670328e-01 -5.6701918942e-01 1.0251731529e+00
8.5179582433e-01 -5.6701990668e-01 1.0251690352e+00
-3.3465293533e-01 -1.2975320729e+00 -8.6498550497e-01
-3.3465380890e-01 -1.2975339757e+00 -8.6499057203e-01
-3.3465346948e-01 -1.2975367109e+00 -8.6498307623e-01
-3.3465445337e-01 -1.2975389920e+00 -8.6498823322e-01
-3.3464798200e-01 -1.2975292849e+00 -8.6498131201e-01
-3.3464837457e-01 -1.2975316982e+00 -8.6498660206e-01
-3.3464795702e-01 -1.2975341425e+00 -8.6497893882e-01
-3.3464942397e-01 -1.2975363852e+00 -8.6498413927e-01
-9.3807445486e-01 -3.0933297069e-01 1.2991051481e+00
-9.3807447297e-01 -3.0933259527e-01 1.2991037920e+00
-9.3807244437e-01 -3.0933471509e-01 1.2991037942e+00
-9.3807293306e-01 -3.0933409573e-01 1.2991022699e+00
-9.3807403487e-01 -3.0933385002e-01 1.2991052241e+00
-9.3807442599e-01 -3.0933320612e-01 1.2991041417e+00
-9.3807274787e-01 -3.0933527124e-01 1.2991043441e+00
-9.3807279468e-01 -3.0933445967e-01 1.2991026859e+00
4.4586833141e-01 -1.5450776385e+00 -9.4617451900e-01
4.4587395821e-01 -1.5450793600e+00 -9.4617914249e-01
4.4586603663e-01 -1.5450799164e+00 -9.4617604313e-01
4.4587157088e-01 -1.5450810917e+00 -9.4618116417e-01
4.4585420937e-01 -1.5450710521e+00 -9.4616216526e-01
4.4585989268e-01 -1.5450728277e+00 -9.4616671262e-01
4.4585194811e-01 -1.5450731169e+00 -9.4616368028e-01
4.4585770847e-01 -1.5450748105e+00 -9.4616839125e-01
9.7335848299e-03 -1.3180303486e+00 -1.1289049309e+00
9.7338845986e-03 -1.3180286252e+00 -1.1289065321e+00
9.7340777530e-03 -1.3180310936e+00 -1.1289044954e+00
9.7345311172e-03 -1.3180290125e+00 -1.1289064364e+00
9.7341646378e-03 -1.3180303230e+00 -1.1289050943e+00
9.7343736525e-03 -1.3180279483e+00 -1.1289065797e+00
9.7352196755e-03 -1.3180303487e+00 -1.1289047612e+00
9.7350133218e-03 -1.3180286899e+00 -1.1289065861e+00
-1.2042326246e+00 -2.0125281466e+00 -1.3480131624e+00
-1.2042322657e+00 -2.0125290014e+00 -1.3480131708e+00
-1.2042325897e+00 -2.0125223861e+00 -1.3480117374e+00
-1.2042320129e+00 -2.0125228914e+00 -1.3480108745e+00
-1.2042324030e+00 -2.0125288995e+00 -1.3480131423e+00
-1.2042322757e+00 -2.0125291790e+00 -1.3480129966e+00
-1.2042319474e+00 -2.0125228485e+00 -1.3480106845e+00
-1.2042319410e+00 -2.0125232622e+00 -1.3480104622e+00
-1.4714747902e+00 -1.7733704599e+00 -3.6444316180e-01
-1.4714759024e+00 -1.7733715113e+00 -3.6443988468e-01
-1.4714741682e+00 -1.7733640298e+00 -3.6444369740e-01
-1.4714748879e+00 -1.7733651496e+00 -3.6444016511e-01
-1.4714731415e+00 -1.7733715267e+00 -3.6444356323e-01
-1.4714741306e+00 -1.7733732115e+00 -3.6444022298e-01
-1.4714725187e+00 -1.7733648506e+00 -3.6444383278e-01
-1.4714728424e+00 -1.7733659014e+00 -3.6444045871e-01
-3.9446400487e-01 4.4712998140e-01 1.2314954759e+00
-3.9446775480e-01 4.4713199325e-01 1.2315042877e+00
-3.9446447409e-01 4.4712964096e-01 1.2314957310e+00
-3.9446790493e-01 4.4713199115e-01 1.2315048738e+00
-3.9446422519e-01 4.4712984030e-01 1.2314950295e+00
-3.9446743227e-01 4.4713203923e-01 1.2315041906e+00
-3.9446434978e-01 4.4712955750e-01 1.2314952072e+00
-3.9446782606e-01 4.4713153670e-01 1.2315045458e+00
-8.3921752853e-01 -4.3515529735e-01 -7.1843859616e-01
-8.3921788613e-01 -4.3515792730e-01 -7.1843615161e-01
-8.3921738026e-01 -4.3515537669e-01 -7.1843866856e-01
-8.3921786437e-01 -4.3515758978e-01 -7.1843628199e-01
-8.3922805395e-01 -4.3515740569e-01 -7.1844110207e-01
-8.3922837246e-01 -4.3515934879e-01 -7.1843858407e-01
-8.3922802066e-01 -4.3515739961e-01 -7.1844115305e-01
-8.3922822666e-01 -4.3515948616e-01 -7.1843836195e-01
8.9905444372e-01 4.5061893855e-01 -2.2052317110e-01
8.9905149991e-01 4.5062262968e-01 -2.2051613455e-01
8.9905255201e-01 4.5061723026e-01 -2.2052469851e-01
8.9904940196e-01 4.5062099336e-01 -2.2051732546e-01
8.9905688784e-01 4.5061720727e-01 -2.2052528760e-01
8.9905411758e-01 4.5062124895e-01 -2.2051853903e-01
8.9905455691e-01 4.5061542546e-01 -2.2052707778e-01
8.9905183060e-01 4.5061866212e-01 -2.2051998196e-01
-4.3526999745e-01 -2.4352544907e-01 1.4885045806e-01
-4.3526795113e-01 -2.4352540809e-01 1.4884689721e-01
-4.3526972563e-01 -2.4352566033e-01 1.4885035380e-01
-4.3526775940e-01 -2.4352594037e-01 1.4884687654e-01
-4.3527784746e-01 -2.4352610642e-01 1.4885155021e-01
-4.3527612416e-01 -2.4352636379e-01 1.4884752020e-01
-4.3527801296e-01 -2.4352613817e-01 1.4885099498e-01
-4.3527657225e-01 -2.4352684346e-01 1.4884749319e-01
-1.7054699001e+00 -1.5165177925e-01 4.0996922493e-01
-1.7054697278e+00 -1.5165267471e-01 4.0996872793e-01
-1.7054683378e+00 -1.5165353536e-01 4.0996817118e-01
-1.7054685762e+00 -1.5165423844e-01 4.0996754751e-01
-1.7054686860e+00 -1.5165243425e-01 4.0996851635e-01
-1.7054687573e+00 -1.5165288492e-01 4.0996823982e-01
-1.7054672857e+00 -1.5165399948e-01 4.0996756981e-01
-1.7054675067e+00 -1.5165449560e-01 4.0996702041e-01
2.2895897885e+00 -4.0635595325e-01 -7.0027650751e-01
2.2895879967e+00 -4.0635519726e-01 -7.0027879657e-01
2.2895868039e+00 -4.0634793311e-01 -7.0027224570e-01
2.2895846663e+00 -4.0634758150e-01 -7.0027408499e-01
2.2895911889e+00 -4.0635517919e-01 -7.0027579917e-01
2.2895893022e+00 -4.0635491501e-01 -7.0027825925e-01
2.2895881426e+00 -4.0634729715e-01 -7.0027102622e-01
2.2895863209e+00 -4.0634705749e-01 -7.0027356135e-01
1.4101725900e-01 7.7696244592e-02 -1.9310431694e+00
1.4101744028e-01 7.7695874089e-02 -1.9310422986e+00
1.4101704325e-01 7.7696439678e-02 -1.9310422328e+00
1.4101742507e-01 7.7695875854e-02 -1.9310418368e+00
1.4100739159e-01 7.7697151939e-02 -1.9310427957e+00
1.4100784332e-01 7.7696416365e-02 -1.9310419679e+00
1.4100720952e-01 7.7696549507e-02 -1.9310417613e+00
1.4100753904e-01 7.7696378910e-02 -1.9310415598e+00
-2.1334258445e-01 -2.3088174024e+00 6.1912077754e-01
-2.1334372498e-01 -2.3088127696e+00 6.1911576725e-01
-2.1334078166e-01 -2.3088118819e+00 6.1911443516e-01
-2.1334190008e-01 -2.3088080344e+00 6.1910942278e-01
-2.1334193849e-01 -2.3088165671e+00 6.1912008318e-01
-2.1334282492e-01 -2.3088126682e+00 6.1911577929e-01
-2.1334049639e-01 -2.3088114154e+00 6.1911450285e-01
-2.1334127126e-01 -2.3088076879e+00 6.1910971827e-01
1.0795008180e+00 6.5510988266e-01 2.2380085717e-01
1.0795006800e+00 6.5511013913e-01 2.2381002815e-01
1.0795025781e+00 6.5511877969e-01 2.2379892509e-01
1.0795028714e+00 6.5511868147e-01 2.2380885111e-01
1.0795009131e+00 6.5510957790e-01 2.2380074683e-01
1.0795006929e+00 6.5511031877e-01 2.2381040836e-01
1.0795023950e+00 6.5511882133e-01 2.2379969978e-01
1.0795027814e+00 6.5511883516e-01 2.2380904081e-01
-4.2338280338e-02 4.5284538322e-01 1.2621798654e+00
-4.2338316595e-02 4.5284543330e-01 1.2621800122e+00
-4.2341460363e-02 4.5284337746e-01 1.2621778106e+00
-4.2341460316e-02 4.5284313026e-01 1.2621778568e+00
-4.2343473586e-02 4.5284283631e-01 1.2621766958e+00
-4.2343877408e-02 4.5284296935e-01 1.2621771592e+00
-4.2346529046e-02 4.5284050826e-01 1.2621745188e+00
-4.2346490349e-02 4.5284044633e-01 1.2621749738e+00
1.7036615025e+00 2.8079053901e-01 6.5370355966e-01
1.7036610986e+00 2.8079182801e-01 6.5370195522e-01
1.7036604595e+00 2.8079572282e-01 6.5370249784e-01
1.7036604519e+00 2.8079719258e-01 6.5370112866e-01
1.7036540430e+00 2.8078790430e-01 6.5370014611e-01
1.7036539896e+00 2.8078986248e-01 6.5369839942e-01
1.7036532528e+00 2.8079306357e-01 6.5369923533e-01
1.7036533235e+00 2.8079472849e-01 6.5369770914e-01
1.1261672750e+00 1.0461773989e+00 1.6490912196e+00
1.1261698462e+00 1.0461788925e+00 1.6490991104e+00
1.1261677915e+00 1.0461781322e+00 1.6490906785e+00
1.1261700536e+00 1.0461792045e+00 1.6490994052e+00
1.1261805050e+00 1.0461789594e+00 1.6490923086e+00
1.1261826573e+00 1.0461802462e+00 1.6491004400e+00
1.1261807984e+00 1.0461791493e+00 1.6490918377e+00
1.1261821692e+00 1.0461803875e+00 1.6491006420e+00
7.3119018152e-01 1.5482557264e+00 2.1158628475e-01
7.3119038380e-01 1.5482555640e+00 2.1158660278e-01
7.3119215994e-01 1.5482596385e+00 2.1158849723e-01
7.3119201054e-01 1.5482599376e+00 2.1158868750e-01
7.3118385065e-01 1.5482561774e+00 2.1159050978e-01
7.3118403955e-01 1.5482563794e+00 2.1159065579e-01
7.3118611643e-01 1.5482604827e+00 2.1159251250e-01
7.3118600614e-01 1.5482601775e+00 2.1159255467e-01
5.4244144538e-01 9.4124762217e-02 -4.9340492407e-01
5.4244273634e-01 9.4123959375e-02 -4.9340662116e-01
5.4244150211e-01 9.4127485810e-02 -4.9340727836e-01
5.4244249021e-01 9.4126250871e-02 -4.9340906197e-01
5.4244621328e-01 9.4126673779e-02 -4.9340225439e-01
5.4244723265e-01 9.4125984680e-02 -4.9340392240e-01
5.4244629221e-01 9.4129624055e-02 -4.9340441660e-01
5.4244772592e-01 9.4128188797e-02 -4.9340667670e-01
1.2678383104e+00 -1.7751677558e+00 -1.1840114623e+00
1.2678396944e+00 -1.7751715563e+00 -1.1840047938e+00
1.2678378811e+00 -1.7751689328e+00 -1.1840118271e+00
1.2678390861e+00 -1.7751728006e+00 -1.1840053218e+00
1.2678383273e+00 -1.7751676640e+00 -1.1840111866e+00
1.2678396224e+00 -1.7751713517e+00 -1.1840048569e+00
1.2678378975e+00 -1.7751691241e+00 -1.1840113118e+00
1.2678389817e+00 -1.7751728709e+00 -1.1840054146e+00
-8.5768805539e-02 -1.6297039416e+00 -5.4232708314e-01
-8.5769542620e-02 -1.6297035957e+00 -5.4232685743e-01
-8.5770869870e-02 -1.6296999160e+00 -5.4232573793e-01
-8.5771370475e-02 -1.6296993918e+00 -5.4232614656e-01
-8.5768322861e-02 -1.6297041064e+00 -5.4232631896e-01
-8.5769090207e-02 -1.6297038575e+00 -5.4232634940e-01
-8.5770613476e-02 -1.6297000271e+00 -5.4232516324e-01
-8.5771225323e-02 -1.6296998460e+00 -5.4232528031e-01
6.5386535920e-01 -5.7466237193e-01 -2.7105796929e-01
6.5386526635e-01 -5.7466229654e-01 -2.7105755042e-01
6.5386494445e-01 -5.7466415033e-01 -2.7105619275e-01
6.5386520121e-01 -5.7466407001e-01 -2.7105604542e-01
6.5386577977e-01 -5.7466184103e-01 -2.7105813732e-01
6.5386532080e-01 -5.7466211579e-01 -2.7105735229e-01
6.5386557202e-01 -5.7466389765e-01 -2.7105637225e-01
6.5386477265e-01 -5.7466381050e-01 -2.7105600792e-01
-9.7785511077e-01 -1.9288036336e+00 5.8140964038e-01
-9.7785236863e-01 -1.9288058019e+00 5.8140672316e-01
-9.7785510894e-01 -1.9288042558e+00 5.8140915256e-01
-9.7785268866e-01 -1.9288067126e+00 5.8140620793e-01
-9.7785539732e-01 -1.9288042865e+00 5.8141056245e-01
-9.7785223988e-01 -1.9288065892e+00 5.8140770267e-01
-9.7785554129e-01 -1.9288049998e+00 5.8140957650e-01
-9.7785275953e-01 -1.9288075003e+00 5.8140705293e-01
-8.9616906086e-02 8.1211117125e-01 4.3376043002e-01
-8.9617680173e-02 8.1211180863e-01 4.3376873298e-01
-8.9614604880e-02 8.1210942519e-01 4.3375953500e-01
-8.9615578863e-02 8.1210965422e-01 4.3376812221e-01
-8.9616040443e-02 8.1211196910e-01 4.3375980182e-01
-8.9616502539e-02 8.1211276367e-01 4.3376820219e-01
-8.9613962239e-02 8.1211030226e-01 4.3375863093e-01
-8.9614557666e-02 8.1211075534e-01 4.3376700322e-01
-5.0218138655e-01 1.1315755488e+00 3.9613565572e-01
-5.0218366601e-01 1.1315786169e+00 3.9614049708e-01
-5.0218184777e-01 1.1315750478e+00 3.9613624244e-01
-5.0218459880e-01 1.1315770729e+00 3.9614140056e-01
-5.0217990947e-01 1.1315755860e+00 3.9613606973e-01
-5.0218288241e-01 1.1315786861e+00 3.9614060478e-01
-5.0218087628e-01 1.1315746133e+00 3.9613685801e-01
-5.0218335414e-01 1.1315780064e+00 3.9614147581e-01
-1.2444700226e+00 1.9189277110e+00 8.4870426538e-01
-1.2444658749e+00 1.9189285674e+00 8.4870896160e-01
-1.2444697293e+00 1.9189244641e+00 8.4870139698e-01
-1.2444650257e+00 1.9189253835e+00 8.4870644027e-01
-1.2444846780e+00 1.9189274026e+00 8.4870586847e-01
-1.2444795585e+00 1.9189282094e+00 8.4871095304e-01
-1.2444837751e+00 1.9189243933e+00 8.4870319162e-01
-1.2444788666e+00 1.9189249520e+00 8.4870794602e-01
1.5941864622e+00 7.9495814756e-01 1.3235589736e-01
1.5941867762e+00 7.9495850648e-01 1.3235503588e-01
1.5941864479e+00 7.9495780493e-01 1.3235691770e-01
1.5941870649e+00 7.9495804869e-01 1.3235589943e-01
1.5941757381e+00 7.9495724511e-01 1.3235416891e-01
1.5941760844e+00 7.9495731693e-01 1.3235301428e-01
1.5941760532e+00 7.9495689983e-01 1.3235469025e-01
1.5941763728e+00 7.9495702951e-01 1.3235366185e-01
-5.3601854766e-01 -5.4123499709e-01 -1.0077861400e+00
-5.3601620645e-01 -5.4123574337e-01 -1.0077894878e+00
-5.3601713398e-01 -5.4123527898e-01 -1.0077884536e+00
-5.3601433020e-01 -5.4123544430e-01 -1.0077915799e+00
-5.3601878955e-01 -5.4123509107e-01 -1.0077858897e+00
-5.3601564481e-01 -5.4123573454e-01 -1.0077893856e+00
-5.3601704921e-01 -5.4123582884e-01 -1.0077873901e+00
-5.3601443541e-01 -5.4123593753e-01 -1.0077908903e+00
-2.1605404331e-01 2.5904838164e+00 2.1267245929e-01
-2.1605427114e-01 2.5904837497e+00 2.1267186220e-01
-2.1605353331e-01 2.5904934945e+00 2.1266984687e-01
-2.1605427788e-01 2.5904939476e+00 2.1266945724e-01
-2.1605348262e-01 2.5904832858e+00 2.1267281736e-01
-2.1605442157e-01 2.5904840722e+00 2.1267241883e-01
-2.1605395136e-01 2.5904934157e+00 2.1267021889e-01
-2.1605433240e-01 2.5904935454e+00 2.1266987759e-01
-1.3056305396e+00 1.6323142331e-01 -1.0615592405e+00
-1.3056311684e+00 1.6323176274e-01 -1.0615595575e+00
-1.3056308021e+00 1.6323177720e-01 -1.0615594580e+00
-1.3056312707e+00 1.6323167190e-01 -1.0615592646e+00
-1.3056294914e+00 1.6323145679e-01 -1.0615602538e+00
-1.3056298410e+00 1.6323181301e-01 -1.0615605519e+00
-1.3056297714e+00 1.6323110822e-01 -1.0615607959e+00
-1.3056300841e+00 1.6323177873e-01 -1.0615606565e+00
-3.4642178381e-01 5.0053036127e-02 1.1576431485e+00
-3.4642162025e-01 5.0051518349e-02 1.1576499859e+00
-3.4642034190e-01 5.0059678804e-02 1.1576434457e+00
-3.4642072909e-01 5.0059050752e-02 1.1576499919e+00
-3.4642106330e-01 5.0052672845e-02 1.1576440990e+00
-3.4642083127e-01 5.0051779172e-02 1.1576510839e+00
-3.4641919892e-01 5.0060094022e-02 1.1576439493e+00
-3.4641983451e-01 5.0058896798e-02 1.1576503869e+00
-6.7265834130e-01 -5.4056016661e-01 2.0424253034e+00
-6.7265773836e-01 -5.4056033186e-01 2.0424251398e+00
-6.7265853408e-01 -5.4056174232e-01 2.0424246883e+00
-6.7265819985e-01 -5.4056171959e-01 2.0424244461e+00
-6.7265502360e-01 -5.4056093030e-01 2.0424240446e+00
-6.7265453556e-01 -5.4056106133e-01 2.0424236277e+00
-6.7265536076e-01 -5.4056199850e-01 2.0424230449e+00
-6.7265495822e-01 -5.4056224421e-01 2.0424224884e+00
2.0687796734e-01 -8.6688785722e-01 -4.8887161874e-01
2.0688114465e-01 -8.6689064981e-01 -4.8887565046e-01
2.0687758157e-01 -8.6688857694e-01 -4.8887124437e-01
2.0688100584e-01 -8.6689162151e-01 -4.8887470339e-01
2.0686797278e-01 -8.6688772669e-01 -4.8887142374e-01
2.0687151904e-01 -8.6689074239e-01 -4.8887458571e-01
2.0686775372e-01 -8.6688828725e-01 -4.8887081727e-01
2.0687105159e-01 -8.6689180101e-01 -4.8887379818e-01
-3.0006314562e+00 -9.5871329380e-01 -8.1530263176e-01
-3.0006357968e+00 -9.5871570336e-01 -8.1530925240e-01
-3.0006348422e+00 -9.5871608448e-01 -8.1530628584e-01
-3.0006397602e+00 -9.5871858881e-01 -8.1531302762e-01
-3.0006397615e+00 -9.5871637592e-01 -8.1530519499e-01
-3.0006439791e+00 -9.5871875367e-01 -8.1531183061e-01
-3.0006435451e+00 -9.5871935459e-01 -8.1530921335e-01
-3.0006482697e+00 -9.5872188336e-01 -8.1531599230e-01
6.8040913633e-01 -2.1948689789e+00 -1.5360016637e+00
6.8040899506e-01 -2.1948694482e+00 -1.5360014250e+00
6.8040913420e-01 -2.1948699197e+00 -1.5360010326e+00
6.8040905900e-01 -2.1948701623e+00 -1.5360007797e+00
6.8040942658e-01 -2.1948693083e+00 -1.5360012718e+00
6.8040908155e-01 -2.1948694454e+00 -1.5360013731e+00
6.8040910749e-01 -2.1948699953e+00 -1.5360010330e+00
6.8040931720e-01 -2.1948702440e+00 -1.5360009934e+00
-1.2251096507e+00 6.2342622347e-01 -2.8539281732e-01
-1.2251090143e+00 6.2342863359e-01 -2.8539568026e-01
-1.2251093978e+00 6.2342206128e-01 -2.8539057287e-01
-1.2251090085e+00 6.2342466333e-01 -2.8539366913e-01
-1.2251097455e+00 6.2342593029e-01 -2.8539283045e-01
-1.2251090249e+00 6.2342837415e-01 -2.8539571499e-01
-1.2251097707e+00 6.2342211977e-01 -2.8539092016e-01
-1.2251090894e+00 6.2342423772e-01 -2.8539349975e-01
-1.2539253698e+00 -1.9578949736e+00 -1.1530613337e+00
-1.2539210246e+00 -1.9578936866e+00 -1.1530564406e+00
-1.2539286248e+00 -1.9578968326e+00 -1.1530633710e+00
-1.2539240127e+00 -1.9578955596e+00 -1.1530579564e+00
-1.2539380322e+00 -1.9578957198e+00 -1.1530622696e+00
-1.2539335784e+00 -1.9578940784e+00 -1.1530567535e+00
-1.2539417584e+00 -1.9578979424e+00 -1.1530640381e+00
-1.2539367904e+00 -1.9578965744e+00 -1.1530587663e+00
-1.0257404243e-01 -9.6625356763e-01 -4.6130434353e-01
-1.0257368693e-01 -9.6625279373e-01 -4.6130544671e-01
-1.0257706168e-01 -9.6625640736e-01 -4.6130675545e-01
-1.0257661200e-01 -9.6625695802e-01 -4.6130778756e-01
-1.0257411241e-01 -9.6625335996e-01 -4.6130444983e-01
-1.0257341849e-01 -9.6625298913e-01 -4.6130557067e-01
-1.0257684508e-01 -9.6625680035e-01 -4.6130694670e-01
-1.0257661137e-01 -9.6625670015e-01 -4.6130796552e-01
2.2211050674e+00 -1.5398141288e+00 -7.7245827207e-01
2.2211052864e+00 -1.5398141787e+00 -7.7245769281e-01
2.2211087407e+00 -1.5398179597e+00 -7.7246070337e-01
2.2211086682e+00 -1.5398179662e+00 -7.7246021004e-01
2.2211051080e+00 -1.5398147360e+00 -7.7245821781e-01
2.2211056648e+00 -1.5398150297e+00 -7.7245806829e-01
2.2211094794e+00 -1.5398187077e+00 -7.7246049988e-01
2.2211094787e+00 -1.5398190773e+00 -7.7246042942e-01
8.3221128318e-01 7.4505421360e-01 6.9886021510e-02
8.3220994698e-01 7.4505455906e-01 6.9884894923e-02
8.3221068562e-01 7.4506086070e-01 6.9883234737e-02
8.3220967763e-01 7.4506010057e-01 6.9882374890e-02
8.3221303126e-01 7.4505424142e-01 6.9886494734e-02
8.3221160644e-01 7.4505397888e-01 6.9885423906e-02
8.3221276522e-01 7.4506056933e-01 6.9883760527e-02
8.3221198091e-01 7.4506007747e-01 6.9883063937e-02
1.1390956299e-01 -9.5684619740e-01 -8.1482881428e-02
1.1391098750e-01 -9.5684518685e-01 -8.1475363283e-02
1.1390948955e-01 -9.5684640570e-01 -8.1482832969e-02
1.1391116492e-01 -9.5684548965e-01 -8.1475151408e-02
1.1391629659e-01 -9.5684487492e-01 -8.1480132083e-02
1.1391780480e-01 -9.5684407041e-01 -8.1472832640e-02
1.1391615914e-01 -9.5684514868e-01 -8.1479582049e-02
1.1391757732e-01 -9.5684426636e-01 -8.1472566722e-02
6.5341875287e-01 1.5049776269e+00 7.8373500509e-02
6.5341900511e-01 1.5049780542e+00 7.8373190184e-02
6.5341867268e-01 1.5049721407e+00 7.8376640843e-02
6.5341925601e-01 1.5049720785e+00 7.8375700400e-02
6.5341538507e-01 1.5049785053e+00 7.8374099029e-02
6.5341570423e-01 1.5049786394e+00 7.8373159569e-02
6.5341507545e-01 1.5049724348e+00 7.8376702198e-02
6.5341534304e-01 1.5049726177e+00 7.8376601430e-02
-6.9318141059e-01 -1.0960646381e+00 -3.5476065583e-01
-6.9318171479e-01 -1.0960640480e+00 -3.5475637881e-01
-6.9317906914e-01 -1.0960577479e+00 -3.5475838732e-01
-6.9317945485e-01 -1.0960575106e+00 -3.5475382149e-01
-6.9318057985e-01 -1.0960645137e+00 -3.5476126962e-01
-6.9318099468e-01 -1.0960644392e+00 -3.5475701488e-01
-6.9317814891e-01 -1.0960581922e+00 -3.5475914545e-01
-6.9317831101e-01 -1.0960579002e+00 -3.5475455491e-01
-4.9061730298e-01 1.2858514314e+00 2.3848018524e-01
-4.9061723527e-01 1.2858533418e+00 2.3849039689e-01
-4.9061459648e-01 1.2858598886e+00 2.3848397219e-01
-4.9061405355e-01 1.2858612706e+00 2.3849360556e-01
-4.9061619024e-01 1.2858508170e+00 2.3848022609e-01
-4.9061615641e-01 1.2858522340e+00 2.3849021736e-01
-4.9061341990e-01 1.2858587186e+00 2.3848387564e-01
-4.9061322380e-01 1.2858612035e+00 2.3849413944e-01
-3.4242091079e-01 -1.0138528683e+00 -5.0373508311e-01
-3.4242156367e-01 -1.0138541346e+00 -5.0372158571e-01
-3.4242080245e-01 -1.0138528987e+00 -5.0373543086e-01
-3.4242135274e-01 -1.0138541142e+00 -5.0372124460e-01
-3.4241497617e-01 -1.0138543893e+00 -5.0373817845e-01
-3.4241589383e-01 -1.0138555011e+00 -5.0372455261e-01
-3.4241499176e-01 -1.0138549402e+00 -5.0373798067e-01
-3.4241545681e-01 -1.0138558960e+00 -5.0372455011e-01
-2.4563683176e-01 5.8556734599e-01 -1.8319845890e-01
-2.4563696900e-01 5.8556718523e-01 -1.8319728299e-01
-2.4563898395e-01 5.8557131681e-01 -1.8319741827e-01
-2.4563875338e-01 5.8557211588e-01 -1.8319631160e-01
-2.4563181436e-01 5.8556554416e-01 -1.8320135575e-01
-2.4563170466e-01 5.8556604070e-01 -1.8320022292e-01
-2.4563355554e-01 5.8556998861e-01 -1.8320085200e-01
-2.4563296863e-01 5.8557057922e-01 -1.8319962110e-01
-7.6837868066e-01 -1.6996298030e-02 -1.2322508645e-01
-7.6837897145e-01 -1.6996030530e-02 -1.2322472761e-01
-7.6837881560e-01 -1.6996537971e-02 -1.2322515390e-01
-7.6837871303e-01 -1.6996190877e-02 -1.2322472926e-01
-7.6838232168e-01 -1.6995136468e-02 -1.2322317924e-01
-7.6838258848e-01 -1.6994506549e-02 -1.2322189428e-01
-7.6838272397e-01 -1.6995227731e-02 -1.2322347887e-01
-7.6838221713e-01 -1.6994754054e-02 -1.2322232606e-01
-1.4371490845e+00 1.3785511555e+00 1.1305003037e+00
-1.4371491207e+00 1.3785506393e+00 1.1305008604e+00
-1.4371489218e+00 1.3785510053e+00 1.1305002491e+00
-1.4371490387e+00 1.3785507332e+00 1.1305008866e+00
-1.4371450414e+00 1.3785515189e+00 1.1305028558e+00
-1.4371447484e+00 1.3785518530e+00 1.1305036978e+00
-1.4371449534e+00 1.3785521706e+00 1.1305032779e+00
-1.4371448948e+00 1.3785520631e+00 1.1305036388e+00
7.6687619355e-01 8.0348907822e-01 2.6679044926e-01
7.6687541980e-01 8.0348936214e-01 2.6679148652e-01
7.6687666784e-01 8.0348751700e-01 2.6678994256e-01
7.6687603880e-01 8.0348771933e-01 2.6679091216e-01
7.6686949814e-01 8.0348884136e-01 2.6678886755e-01
7.6686916692e-01 8.0348940021e-01 2.6679006365e-01
7.6687001497e-01 8.0348772337e-01 2.6678852154e-01
7.6686925974e-01 8.0348797816e-01 2.6678963055e-01
2.6147937484e+00 7.5599509598e-01 1.8799501519e+00
2.6147996284e+00 7.5599661137e-01 1.8799606027e+00
2.6147923659e+00 7.5599605301e-01 1.8799502497e+00
2.6147981257e+00 7.5599769752e-01 1.8799612144e+00
2.6147944547e+00 7.5599527567e-01 1.8799501605e+00
2.6147997724e+00 7.5599637864e-01 1.8799607512e+00
2.6147932058e+00 7.5599622340e-01 1.8799510572e+00
2.6147984899e+00 7.5599742319e-01 1.8799610922e+00
7.4131293324e-01 5.1692372702e-01 8.2383560958e-02
7.4131372724e-01 5.1692247205e-01 8.2384595297e-02
7.4131368325e-01 5.1692310171e-01 8.2382848403e-02
7.4131445388e-01 5.1692200362e-01 8.2384225491e-02
7.4130620120e-01 5.1692131278e-01 8.2380717656e-02
7.4130669894e-01 5.1691979174e-01 8.2382413977e-02
7.4130690273e-01 5.1692029955e-01 8.2380289360e-02
7.4130787505e-01 5.1691942721e-01 8.2381829441e-02
8.7574426153e-01 9.8207525446e-01 -6.9757317729e-01
8.7574461779e-01 9.8207455712e-01 -6.9757063530e-01
8.7574429243e-01 9.8207505321e-01 -6.9757320426e-01
8.7574489463e-01 9.8207410631e-01 -6.9757105182e-01
8.7574218839e-01 9.8207492994e-01 -6.9757243094e-01
8.7574249986e-01 9.8207418863e-01 -6.9757004931e-01
8.7574215669e-01 9.8207467746e-01 -6.9757206133e-01
8.7574277710e-01 9.8207411962e-01 -6.9756979518e-01
3.5289216323e-01 -2.7956819286e-01 1.7756422888e-01
3.5289365726e-01 -2.7956804116e-01 1.7757367535e-01
3.5289364763e-01 -2.7956285633e-01 1.7756596114e-01
3.5289543147e-01 -2.7956344081e-01 1.7757550471e-01
3.5288334563e-01 -2.7956900647e-01 1.7756280072e-01
3.5288509404e-01 -2.7956910917e-01 1.7757212282e-01
3.5288458737e-01 -2.7956436006e-01 1.7756457347e-01
3.5288621135e-01 -2.7956486920e-01 1.7757388611e-01
1.7386301722e+00 1.6900553636e+00 2.5420797394e-02
1.7386287008e+00 1.6900550636e+00 2.5423104491e-02
1.7386315951e+00 1.6900602339e+00 2.5422257393e-02
1.7386303650e+00 1.6900599554e+00 2.5424512393e-02
1.7386360936e+00 1.6900572023e+00 2.5424289297e-02
1.7386343805e+00 1.6900569425e+00 2.5426271678e-02
1.7386378678e+00 1.6900617766e+00 2.5425417725e-02
1.7386363148e+00 1.6900616690e+00 2.5427670498e-02
8.5057014011e-01 2.5169645042e-01 3.6408551579e-01
8.5057312259e-01 2.5169891610e-01 3.6408800864e-01
8.5056999126e-01 2.5169663131e-01 3.6408599921e-01
8.5057273758e-01 2.5169952902e-01 3.6408847044e-01
8.5057451055e-01 2.5169856730e-01 3.6408901447e-01
8.5057727239e-01 2.5170134741e-01 3.6409171758e-01
8.5057441603e-01 2.5169966591e-01 3.6408929978e-01
8.5057689862e-01 2.5170171199e-01 3.6409199394e-01
-7.9457295403e-01 -1.0310863725e-01 -1.6733135136e-01
-7.9457198625e-01 -1.0310891326e-01 -1.6732913057e-01
-7.9457345145e-01 -1.0310904080e-01 -1.6733142852e-01
-7.9457242879e-01 -1.0310907470e-01 -1.6732945567e-01
-7.9458058515e-01 -1.0310660751e-01 -1.6733102137e-01
-7.9457952974e-01 -1.0310717494e-01 -1.6732878202e-01
-7.9458098907e-01 -1.0310680195e-01 -1.6733127218e-01
-7.9458021076e-01 -1.0310733518e-01 -1.6732907700e-01
1.1458270645e+00 1.6575709617e-01 -3.4929793019e-02
1.1458269671e+00 1.6575733514e-01 -3.4929465745e-02
1.1458268501e+00 1.6575590368e-01 -3.4928158830e-02
1.1458267776e+00 1.6575582377e-01 -3.4928051484e-02
1.1458283846e+00 1.6575681198e-01 -3.4930362638e-02
1.1458283016e+00 1.6575697960e-01 -3.4930036464e-02
1.1458280611e+00 1.6575508893e-01 -3.4928821459e-02
1.1458283510e+00 1.6575527507e-01 -3.4928588676e-02
-7.2443477049e-01 1.8403653033e+00 1.3441268093e+00
-7.2443474088e-01 1.8403643792e+00 1.3441281498e+00
-7.2443486436e-01 1.8403653504e+00 1.3441267786e+00
-7.2443492909e-01 1.8403637001e+00 1.3441280322e+00
-7.2444737931e-01 1.8403654044e+00 1.3441278027e+00
-7.2444742565e-01 1.8403642489e+00 1.3441289318e+00
-7.2444685449e-01 1.8403653596e+00 1.3441276376e+00
-7.2444765812e-01 1.8403640249e+00 1.3441293595e+00
1.9060963940e-01 -1.0562079777e+00 9.5202169614e-01
1.9060966699e-01 -1.0562079239e+00 9.5202207527e-01
1.9060622971e-01 -1.0562113471e+00 9.5201831823e-01
1.9060654734e-01 -1.0562109937e+00 9.5201910299e-01
1.9061398200e-01 -1.0562039829e+00 9.5202566545e-01
1.9061391519e-01 -1.0562039791e+00 9.5202576541e-01
1.9061015523e-01 -1.0562074072e+00 9.5202201157e-01
1.9061068096e-01 -1.0562073151e+00 9.5202266514e-01
8.4954714929e-01 -1.0472727431e+00 -5.3847456335e-01
8.4954694345e-01 -1.0472733059e+00 -5.3847365509e-01
8.4954678403e-01 -1.0472727027e+00 -5.3847377092e-01
8.4954712795e-01 -1.0472735229e+00 -5.3847349909e-01
8.4954071466e-01 -1.0472755221e+00 -5.3847834198e-01
8.4954050856e-01 -1.0472757489e+00 -5.3847735384e-01
8.4954091550e-01 -1.0472758136e+00 -5.3847782922e-01
8.4954069505e-01 -1.0472762847e+00 -5.3847709057e-01
-2.3605554851e-01 -9.2050745892e-01 -1.0223339266e+00
-2.3605782510e-01 -9.2050929679e-01 -1.0223361339e+00
-2.3605474899e-01 -9.2050814100e-01 -1.0223348085e+00
-2.3605782286e-01 -9.2050988496e-01 -1.0223370899e+00
-2.3606215928e-01 -9.2051028161e-01 -1.0223385890e+00
-2.3606497304e-01 -9.2051209515e-01 -1.0223405127e+00
-2.3606177744e-01 -9.2051090197e-01 -1.0223394007e+00
-2.3606448139e-01 -9.2051272911e-01 -1.0223411553e+00
-1.5697165105e-01 1.1182635132e+00 7.1354403883e-01
-1.5697217829e-01 1.1182631023e+00 7.1354379083e-01
-1.5697103791e-01 1.1182628366e+00 7.1354356510e-01
-1.5697110295e-01 1.1182623310e+00 7.1354331224e-01
-1.5696749385e-01 1.1182639172e+00 7.1354498579e-01
-1.5696809963e-01 1.1182633373e+00 7.1354448821e-01
-1.5696646531e-01 1.1182634414e+00 7.1354431505e-01
-1.5696725809e-01 1.1182630192e+00 7.1354401695e-01
-3.3136170929e-01 -1.6002646762e-01 -2.9638884001e-01
-3.3136070787e-01 -1.6002825512e-01 -2.9639092673e-01
-3.3136160778e-01 -1.6002678425e-01 -2.9638834334e-01
-3.3136047201e-01 -1.6002891778e-01 -2.9639121751e-01
-3.3136459275e-01 -1.6002726435e-01 -2.9638917206e-01
-3.3136381494e-01 -1.6002920775e-01 -2.9639129577e-01
-3.3136477582e-01 -1.6002735107e-01 -2.9638897302e-01
-3.3136359360e-01 -1.6002916365e-01 -2.9639108553e-01
-1.3992392215e+00 5.5439300745e-01 -8.6394019369e-01
-1.3992385000e+00 5.5439279520e-01 -8.6394149980e-01
-1.3992395444e+00 5.5439280493e-01 -8.6393990099e-01
-1.3992385056e+00 5.5439231362e-01 -8.6394081647e-01
-1.3992391890e+00 5.5439321109e-01 -8.6394104031e-01
-1.3992382381e+00 5.5439335710e-01 -8.6394210975e-01
-1.3992398863e+00 5.5439340270e-01 -8.6394019879e-01
-1.3992385979e+00 5.5439311515e-01 -8.6394156230e-01
4.9201724681e-01 -7.9136466013e-02 1.0477029298e+00
4.9201714003e-01 -7.9136058771e-02 1.0477027787e+00
4.9201759781e-01 -7.9137281073e-02 1.0477025420e+00
4.9201736555e-01 -7.9136823010e-02 1.0477026174e+00
4.9201920125e-01 -7.9137238343e-02 1.0477023154e+00
4.9201897802e-01 -7.9137250585e-02 1.0477028917e+00
4.9201906698e-01 -7.9138055998e-02 1.0477023521e+00
4.9201904758e-01 -7.9137719134e-02 1.0477024366e+00
-8.0478150286e-01 -3.8577179553e-01 -2.0783015257e+00
-8.0478127241e-01 -3.8577144079e-01 -2.0783010969e+00
-8.0478139964e-01 -3.8577127431e-01 -2.0783011623e+00
-8.0478143464e-01 -3.8577180134e-01 -2.0783013164e+00
-8.0478152593e-01 -3.8577149377e-01 -2.0783009756e+00
-8.0478140241e-01 -3.8577135860e-01 -2.0783005333e+00
-8.0478171057e-01 -3.8577164795e-01 -2.0783008558e+00
-8.0478144467e-01 -3.8577144791e-01 -2.0783007366e+00
1.9699854761e-02 3.6270349194e-01 1.5888104816e+00
1.9701021685e-02 3.6270701583e-01 1.5888198355e+00
1.9701480989e-02 3.6269969845e-01 1.5888103779e+00
1.9702706023e-02 3.6270300375e-01 1.5888193205e+00
1.9693759776e-02 3.6270229733e-01 1.5888072492e+00
1.9694816642e-02 3.6270488596e-01 1.5888164830e+00
1.9695492533e-02 3.6269855002e-01 1.5888072854e+00
1.9696389429e-02 3.6270103551e-01 1.5888161087e+00
9.3376857981e-01 -1.8432544659e-01 -5.8861682569e-01
9.3377393190e-01 -1.8432891441e-01 -5.8862158532e-01
9.3376913293e-01 -1.8432569253e-01 -5.8861577079e-01
9.3377545019e-01 -1.8432920585e-01 -5.8862070489e-01
9.3377025951e-01 -1.8432338995e-01 -5.8861494742e-01
9.3377575585e-01 -1.8432666560e-01 -5.8861978515e-01
9.3377129766e-01 -1.8432342961e-01 -5.8861419259e-01
9.3377642781e-01 -1.8432725670e-01 -5.8861865147e-01
-1.2334861220e+00 -1.4362082729e+00 -5.1680454610e-01
-1.2334864531e+00 -1.4362086748e+00 -5.1680426247e-01
-1.2334850843e+00 -1.4362099230e+00 -5.1680480066e-01
-1.2334851724e+00 -1.4362105456e+00 -5.1680388100e-01
-1.2334853144e+00 -1.4362093140e+00 -5.1680472015e-01
-1.2334856892e+00 -1.4362095600e+00 -5.1680379557e-01
-1.2334844504e+00 -1.4362111009e+00 -5.1680459492e-01
-1.2334843685e+00 -1.4362113728e+00 -5.1680404948e-01
-9.2895267665e-01 -1.6899114056e-01 5.5093379260e-01
-9.2895026016e-01 -1.6898958056e-01 5.5093885473e-01
-9.2895270555e-01 -1.6899089166e-01 5.5093445991e-01
-9.2895057469e-01 -1.6898931125e-01 5.5093971056e-01
-9.2895181930e-01 -1.6899115993e-01 5.5093402215e-01
-9.2894940696e-01 -1.6898992811e-01 5.5093998985e-01
-9.2895238047e-01 -1.6899145766e-01 5.5093483116e-01
-9.2894962191e-01 -1.6898985926e-01 5.5094044934e-01
1.9513000167e+00 -8.7256355706e-01 2.3622448406e-01
1.9512997171e+00 -8.7256315636e-01 2.3622351455e-01
1.9512998224e+00 -8.7256324539e-01 2.3622408784e-01
1.9512997333e+00 -8.7256292653e-01 2.3622360557e-01
1.9513007234e+00 -8.7256344812e-01 2.3622453460e-01
1.9513001772e+00 -8.7256318639e-01 2.3622340893e-01
1.9513002542e+00 -8.7256335116e-01 2.3622405638e-01
1.9512999073e+00 -8.7256314070e-01 2.3622353196e-01
1.3094045034e+00 -9.4026952408e-01 -9.6443116799e-02
1.3094003558e+00 -9.4026549977e-01 -9.6434044537e-02
1.3094046671e+00 -9.4027018813e-01 -9.6443261241e-02
1.3094004789e+00 -9.4026601280e-01 -9.6433920969e-02
1.3094047764e+00 -9.4026944476e-01 -9.6443481769e-02
1.3094005367e+00 -9.4026546513e-01 -9.6434017536e-02
1.3094046606e+00 -9.4026998312e-01 -9.6444036499e-02
1.3094002919e+00 -9.4026583899e-01 -9.6434447595e-02
1.2312203675e-01 -4.6866539253e-01 6.5200861592e-01
1.2312205686e-01 -4.6866497276e-01 6.5200791296e-01
1.2312170945e-01 -4.6866749241e-01 6.5200883290e-01
1.2312187800e-01 -4.6866723908e-01 6.5200879925e-01
1.2312440285e-01 -4.6866677130e-01 6.5200788868e-01
1.2312412356e-01 -4.6866644770e-01 6.5200746368e-01
1.2312491946e-01 -4.6866838571e-01 6.5200844063e-01
1.2312483862e-01 -4.6866823312e-01 6.5200861716e-01
1.4197180536e+00 2.5368394873e-01 -6.9414173677e-01
1.4197151062e+00 2.5368439845e-01 -6.9413578370e-01
1.4197182549e+00 2.5368417634e-01 -6.9414153191e-01
1.4197154607e+00 2.5368450058e-01 -6.9413544948e-01
1.4197180918e+00 2.5368352048e-01 -6.9414235066e-01
1.4197152230e+00 2.5368401229e-01 -6.9413582422e-01
1.4197185367e+00 2.5368354006e-01 -6.9414220446e-01
1.4197152284e+00 2.5368391693e-01 -6.9413572766e-01
-1.4074378038e+00 -1.7699631185e+00 -1.4721074164e+00
-1.4074376530e+00 -1.7699628756e+00 -1.4721071687e+00
-1.4074413236e+00 -1.7699648831e+00 -1.4721100249e+00
-1.4074414253e+00 -1.7699649047e+00 -1.4721091997e+00
-1.4074378230e+00 -1.7699637173e+00 -1.4721067768e+00
-1.4074377144e+00 -1.7699636701e+00 -1.4721068574e+00
-1.4074414187e+00 -1.7699657237e+00 -1.4721091773e+00
-1.4074411815e+00 -1.7699657558e+00 -1.4721087244e+00
2.5778572753e-01 1.9221417317e+00 2.7337087425e+00
2.5778559779e-01 1.9221417570e+00 2.7337078960e+00
2.5778614037e-01 1.9221498857e+00 2.7337130802e+00
2.5778598327e-01 1.9221500904e+00 2.7337125011e+00
2.5777033322e-01 1.9221413317e+00 2.7337083392e+00
2.5777070514e-01 1.9221415401e+00 2.7337079615e+00
2.5777121251e-01 1.9221497332e+00 2.7337133768e+00
2.5777096334e-01 1.9221494747e+00 2.7337123153e+00
5.8488869383e-01 1.9949133652e-01 -1.6097784073e-01
5.8488939339e-01 1.9949245411e-01 -1.6098019349e-01
5.8488670866e-01 1.9948805098e-01 -1.6098030278e-01
5.8488739460e-01 1.9948907058e-01 -1.6098217815e-01
5.8489210135e-01 1.9949394372e-01 -1.6097555433e-01
5.8489330881e-01 1.9949546615e-01 -1.6097772727e-01
5.8489012818e-01 1.9949138276e-01 -1.6097760086e-01
5.8489130872e-01 1.9949244991e-01 -1.6097977942e-01
8.7498343757e-01 -1.4581442292e+00 -6.3441222938e-02
8.7498500012e-01 -1.4581443552e+00 -6.3445430256e-02
8.7498453967e-01 -1.4581453142e+00 -6.3442978569e-02
8.7498582410e-01 -1.4581452415e+00 -6.3446704343e-02
8.7498350242e-01 -1.4581438238e+00 -6.3442101056e-02
8.7498466441e-01 -1.4581443426e+00 -6.3445416428e-02
8.7498465011e-01 -1.4581452253e+00 -6.3443211982e-02
8.7498610213e-01 -1.4581455026e+00 -6.3446811587e-02
9.6238358686e-01 5.1560724024e-01 -4.1628146826e-01
9.6238579669e-01 5.1560722609e-01 -4.1628669877e-01
9.6238411624e-01 5.1560674007e-01 -4.1628113189e-01
9.6238604285e-01 5.1560671292e-01 -4.1628688084e-01
9.6238428763e-01 5.1560659334e-01 -4.1628141655e-01
9.6238691790e-01 5.1560670509e-01 -4.1628646781e-01
9.6238441048e-01 5.1560628174e-01 -4.1628139681e-01
9.6238647549e-01 5.1560629122e-01 -4.1628673076e-01
9.0573461740e-01 9.5901823487e-01 -1.0135549532e+00
9.0573084939e-01 9.5901656446e-01 -1.0135589101e+00
9.0573373515e-01 9.5901849430e-01 -1.0135561432e+00
9.0573023012e-01 9.5901741434e-01 -1.0135595101e+00
9.0573424966e-01 9.5901789300e-01 -1.0135549227e+00
9.0573061942e-01 9.5901624128e-01 -1.0135584177e+00
9.0573401471e-01 9.5901866841e-01 -1.0135561199e+00
9.0572960737e-01 9.5901664849e-01 -1.0135596215e+00
-1.7542435282e+00 1.0256549275e+00 -1.6849601651e-01
-1.7542397982e+00 1.0256533334e+00 -1.6850199133e-01
-1.7542437970e+00 1.0256537153e+00 -1.6849492645e-01
-1.7542403497e+00 1.0256522714e+00 -1.6850131589e-01
-1.7542469517e+00 1.0256535754e+00 -1.6849725039e-01
-1.7542441236e+00 1.0256520603e+00 -1.6850307247e-01
-1.7542478398e+00 1.0256520211e+00 -1.6849629863e-01
-1.7542448567e+00 1.0256509860e+00 -1.6850237425e-01
-1.6816461907e+00 2.5944865505e-01 -7.8692774153e-01
-1.6816471286e+00 2.5944737188e-01 -7.8692902018e-01
-1.6816464626e+00 2.5944749600e-01 -7.8692745318e-01
-1.6816472908e+00 2.5944703082e-01 -7.8692849208e-01
-1.6816458084e+00 2.5944875856e-01 -7.8692754160e-01
-1.6816468144e+00 2.5944786698e-01 -7.8692883114e-01
-1.6816456368e+00 2.5944823662e-01 -7.8692677486e-01
-1.6816469494e+00 2.5944710503e-01 -7.8692832559e-01
1.3310245912e+00 6.4000046809e-02 -5.1194022657e-01
1.3310221942e+00 6.3996567291e-02 -5.1194432092e-01
1.3310262474e+00 6.4003598265e-02 -5.1193642959e-01
1.3310244532e+00 6.4000313943e-02 -5.1194059408e-01
1.3310199348e+00 6.4000250355e-02 -5.1194102642e-01
1.3310178313e+00 6.3996520912e-02 -5.1194442364e-01
1.3310221984e+00 6.4003879497e-02 -5.1193688475e-01
1.3310199223e+00 6.4000556981e-02 -5.1194059865e-01
-3.6340580459e-01 2.4842252493e+00 1.8277590384e+00
-3.6340590749e-01 2.4842257904e+00 1.8277596260e+00
-3.6340538469e-01 2.4842219686e+00 1.8277598803e+00
-3.6340542523e-01 2.4842213779e+00 1.8277599449e+00
-3.6340513993e-01 2.4842263111e+00 1.8277600939e+00
-3.6340542951e-01 2.4842257626e+00 1.8277599943e+00
-3.6340494387e-01 2.4842220525e+00 1.8277604858e+00
-3.6340475557e-01 2.4842217551e+00 1.8277605195e+00
-1.7560765038e+00 1.9348844343e+00 1.9024747719e+00
-1.7560746891e+00 1.9348804533e+00 1.9024693321e+00
-1.7560796062e+00 1.9348895839e+00 1.9024776241e+00
-1.7560778814e+00 1.9348849653e+00 1.9024721852e+00
-1.7560764753e+00 1.9348846133e+00 1.9024750379e+00
-1.7560744509e+00 1.9348809558e+00 1.9024693434e+00
-1.7560795309e+00 1.9348897904e+00 1.9024775696e+00
-1.7560771451e+00 1.9348849282e+00 1.9024717545e+00
1.0417630435e+00 1.4108487583e+00 2.1208328458e-01
1.0417639632e+00 1.4108493180e+00 2.1208187581e-01
1.0417635287e+00 1.4108465773e+00 2.1208459645e-01
1.0417641007e+00 1.4108474356e+00 2.1208264740e-01
1.0417639496e+00 1.4108492384e+00 2.1208318089e-01
1.0417642358e+00 1.4108494420e+00 2.1208163387e-01
1.0417636136e+00 1.4108470682e+00 2.1208472668e-01
1.0417647616e+00 1.4108479128e+00 2.1208255517e-01
4.5826958774e-01 -9.1796339467e-01 -2.3899422826e-01
4.5826903073e-01 -9.1796610984e-01 -2.3899075115e-01
4.5826918539e-01 -9.1796285790e-01 -2.3899396403e-01
4.5826846943e-01 -9.1796613077e-01 -2.3899071885e-01
4.5827035732e-01 -9.1796364824e-01 -2.3899471924e-01
4.5826972945e-01 -9.1796631242e-01 -2.3899138225e-01
4.5826982567e-01 -9.1796376491e-01 -2.3899475864e-01
4.5826904194e-01 -9.1796620198e-01 -2.3899145655e-01
2.8838199194e+00 1.4076285541e+00 1.6207028795e+00
2.8838204879e+00 1.4076297316e+00 1.6207001797e+00
2.8838240509e+00 1.4076341805e+00 1.6207053083e+00
2.8838243613e+00 1.4076352655e+00 1.6207024692e+00
2.8838099298e+00 1.4076245972e+00 1.6206978654e+00
2.8838097820e+00 1.4076261246e+00 1.6206954207e+00
2.8838135885e+00 1.4076308685e+00 1.6207008555e+00
2.8838138126e+00 1.4076318673e+00 1.6206979870e+00
-4.4414962892e-02 5.2857221880e-01 -4.9408823291e-02
-4.4416858216e-02 5.2857375247e-01 -4.9412886743e-02
-4.4414945906e-02 5.2857224420e-01 -4.9408473064e-02
-4.4417285220e-02 5.2857379333e-01 -4.9412840378e-02
-4.4414905857e-02 5.2857206259e-01 -4.9408048749e-02
-4.4416964710e-02 5.2857366489e-01 -4.9412414381e-02
-4.4414753505e-02 5.2857201565e-01 -4.9408263142e-02
-4.4417069151e-02 5.2857337275e-01 -4.9412536651e-02
-1.0857991065e+00 2.5821964719e-01 7.3724263768e-02
-1.0858019927e+00 2.5822204134e-01 7.3731823855e-02
-1.0858000590e+00 2.5821705781e-01 7.3724369081e-02
-1.0858030285e+00 2.5821928870e-01 7.3731586157e-02
-1.0858090314e+00 2.5822180078e-01 7.3728377914e-02
-1.0858119455e+00 2.5822443226e-01 7.3735492275e-02
-1.0858101991e+00 2.5821900061e-01 7.3727643500e-02
-1.0858132416e+00 2.5822119364e-01 7.3735447204e-02
-3.1366370641e-02 -3.5630389076e-02 -2.3753329322e-01
-3.1361166938e-02 -3.5627468921e-02 -2.3752539972e-01
-3.1365718536e-02 -3.5630583078e-02 -2.3753352916e-01
-3.1361059060e-02 -3.5628117882e-02 -2.3752594798e-01
-3.1366431809e-02 -3.5629895453e-02 -2.3753327429e-01
-3.1361111711e-02 -3.5627709841e-02 -2.3752528779e-01
-3.1366107294e-02 -3.5631180424e-02 -2.3753384256e-01
-3.1360556398e-02 -3.5628812052e-02 -2.3752569030e-01
