9.9086210000e+01
9.7646900000e+00
4.6216400000e+01
1.3841200000e+00
-1.0352800000e+01
3.2328000000e+00
1.1210040000e+02
1.2274360000e+01
5.8052160000e+01
-1.9061800000e+00
-6.7162700000e+00
-5.7480800000e+00
1.1699399000e+02
1.8585780000e+01
6.1802370000e+01
-7.3809000000e-01
-1.2972500000e+01
-1.1231300000e+01
1.0747585000e+02
3.2623100000e+00
5.3586910000e+01
-9.0379400000e+00
-5.5314500000e+00
-3.4597000000e-01
1.1090150000e+02
8.2252600000e+00
6.2670200000e+01
1.0675700000e+00
-1.4492740000e+01
2.5330900000e+00
