5.4236872509e-01 2.2848292251e-01 4.2916736507e-02
5.4236874281e-01 2.2848535588e-01 4.2920991151e-02
5.4236901982e-01 2.2848247015e-01 4.2915545789e-02
5.4236914681e-01 2.2848457475e-01 4.2919936414e-02
5.4236867789e-01 2.2848319629e-01 4.2916094760e-02
5.4236856588e-01 2.2848559358e-01 4.2920680248e-02
5.4236891895e-01 2.2848269647e-01 4.2915026461e-02
5.4236893840e-01 2.2848498297e-01 4.2919825864e-02
3.2639270206e-02 -3.6235328314e-01 -5.0209907244e-01
3.2639058682e-02 -3.6235366749e-01 -5.0209845221e-01
3.2640291234e-02 -3.6234959266e-01 -5.0209842305e-01
3.2640005342e-02 -3.6234977557e-01 -5.0209770572e-01
3.2641201520e-02 -3.6235255006e-01 -5.0209721279e-01
3.2640856246e-02 -3.6235271720e-01 -5.0209676321e-01
3.2642085430e-02 -3.6234872520e-01 -5.0209681927e-01
3.2641811230e-02 -3.6234921593e-01 -5.0209626585e-01
3.0765923396e-02 2.5999143109e-01 1.4999148349e-01
3.0765932845e-02 2.5999165831e-01 1.4999204230e-01
3.0766198399e-02 2.5999173735e-01 1.4999148027e-01
3.0765850179e-02 2.5999180771e-01 1.4999208469e-01
3.0765957102e-02 2.5999131224e-01 1.4999163562e-01
3.0765717090e-02 2.5999132359e-01 1.4999231428e-01
3.0766144159e-02 2.5999163748e-01 1.4999144312e-01
3.0765993329e-02 2.5999156059e-01 1.4999164387e-01
-5.7395258666e-01 -5.3555592776e-01 -5.2748596225e-01
-5.7395251252e-01 -5.3555621785e-01 -5.2748619985e-01
-5.7395291435e-01 -5.3555368536e-01 -5.2748567324e-01
-5.7395269400e-01 -5.3555392777e-01 -5.2748590369e-01
-5.7395279102e-01 -5.3555592851e-01 -5.2748565854e-01
-5.7395295580e-01 -5.3555562980e-01 -5.2748594673e-01
-5.7395293617e-01 -5.3555354855e-01 -5.2748541492e-01
-5.7395324432e-01 -5.3555355691e-01 -5.2748563970e-01
-1.2489063881e+00 7.1236525041e-01 1.1285253990e+00
-1.2489114076e+00 7.1236681230e-01 1.1285338049e+00
-1.2489041163e+00 7.1236391548e-01 1.1285228359e+00
-1.2489091287e+00 7.1236561708e-01 1.1285311535e+00
-1.2489089327e+00 7.1236536041e-01 1.1285260978e+00
-1.2489140008e+00 7.1236750942e-01 1.1285344011e+00
-1.2489065681e+00 7.1236463934e-01 1.1285235383e+00
-1.2489116092e+00 7.1236650856e-01 1.1285321012e+00
-1.7316356423e-01 -4.7393206035e-01 6.2264019188e-01
-1.7316289988e-01 -4.7393158413e-01 6.2264197731e-01
-1.7316304398e-01 -4.7393479032e-01 6.2264307150e-01
-1.7316220399e-01 -4.7393431611e-01 6.2264525974e-01
-1.7316223292e-01 -4.7393223522e-01 6.2263998092e-01
-1.7316167062e-01 -4.7393173931e-01 6.2264185871e-01
-1.7316176251e-01 -4.7393493025e-01 6.2264296506e-01
-1.7316090296e-01 -4.7393446711e-01 6.2264465592e-01
-5.2737124103e-03 3.0119928776e-01 2.0073849043e-01
-5.2739038224e-03 3.0119878028e-01 2.0073811408e-01
-5.2738994665e-03 3.0119940066e-01 2.0073692830e-01
-5.2737935567e-03 3.0119900651e-01 2.0073712431e-01
-5.2743317767e-03 3.0119906108e-01 2.0073901977e-01
-5.2744155562e-03 3.0119878594e-01 2.0073895411e-01
-5.2745016764e-03 3.0119896469e-01 2.0073789286e-01
-5.2743426307e-03 3.0119875674e-01 2.0073755764e-01
-4.6009025138e-02 2.6518230942e-02 6.2714403458e-02
-4.6009248080e-02 2.6518358012e-02 6.2713280365e-02
-4.6009087692e-02 2.6518926709e-02 6.2714838985e-02
-4.6009262798e-02 2.6519167787e-02 6.2713373838e-02
-4.6008192309e-02 2.6518277966e-02 6.2714309197e-02
-4.6008291086e-02 2.6518186244e-02 6.2712794053e-02
-4.6008235431e-02 2.6518571725e-02 6.2714628900e-02
-4.6008428348e-02 2.6518964928e-02 6.2713313135e-02
3.9997851031e-01 2.4113198739e-01 -1.1613973580e-01
3.9997882945e-01 2.4113212515e-01 -1.1613998881e-01
3.9997791160e-01 2.4113018303e-01 -1.1614051133e-01
3.9997875379e-01 2.4113048447e-01 -1.1614077946e-01
3.9997869733e-01 2.4113127216e-01 -1.1613921328e-01
3.9997954001e-01 2.4113173573e-01 -1.1613948971e-01
3.9997858976e-01 2.4112971107e-01 -1.1614004821e-01
3.9997899766e-01 2.4112995665e-01 -1.1614031528e-01
4.0764416268e-02 1.0058767186e+00 -9.3421983359e-01
4.0765418750e-02 1.0058809713e+00 -9.3422389911e-01
4.0764241050e-02 1.0058762986e+00 -9.3421856779e-01
4.0765306660e-02 1.0058804579e+00 -9.3422281137e-01
4.0764723943e-02 1.0058767866e+00 -9.3421968232e-01
4.0765397189e-02 1.0058810907e+00 -9.3422374789e-01
4.0764409535e-02 1.0058765652e+00 -9.3421886843e-01
4.0765216105e-02 1.0058807877e+00 -9.3422280506e-01
-2.6220671629e-02 1.1081097912e-01 -2.5170900518e-01
-2.6221256787e-02 1.1081089087e-01 -2.5170627735e-01
-2.6220404838e-02 1.1081016063e-01 -2.5171022437e-01
-2.6220483818e-02 1.1080974246e-01 -2.5170717373e-01
-2.6221147594e-02 1.1081144855e-01 -2.5170937592e-01
-2.6221715193e-02 1.1081106522e-01 -2.5170623126e-01
-2.6220811413e-02 1.1081045736e-01 -2.5171030737e-01
-2.6221491257e-02 1.1080998060e-01 -2.5170748983e-01
4.9563680843e-02 -6.5650752416e-01 1.1798862140e+00
4.9564121472e-02 -6.5650707089e-01 1.1798869197e+00
4.9564026182e-02 -6.5650306822e-01 1.1798843905e+00
4.9564525928e-02 -6.5650255926e-01 1.1798847462e+00
4.9560469546e-02 -6.5650788643e-01 1.1798860444e+00
4.9561024922e-02 -6.5650729100e-01 1.1798866757e+00
4.9560728315e-02 -6.5650336763e-01 1.1798840995e+00
4.9561315336e-02 -6.5650280804e-01 1.1798845664e+00
-2.0219287592e-01 1.9214512484e-01 -5.6585516641e-02
-2.0219341685e-01 1.9214466441e-01 -5.6584880477e-02
-2.0219289390e-01 1.9214425861e-01 -5.6585227008e-02
-2.0219321698e-01 1.9214395824e-01 -5.6584975467e-02
-2.0219214145e-01 1.9214498566e-01 -5.6585643590e-02
-2.0219266579e-01 1.9214468236e-01 -5.6585248212e-02
-2.0219200833e-01 1.9214383474e-01 -5.6585532119e-02
-2.0219248783e-01 1.9214352010e-01 -5.6584837594e-02
3.7919925773e-01 -3.7689314022e-01 7.5108835275e-02
3.7919911696e-01 -3.7689331772e-01 7.5108441988e-02
3.7919876132e-01 -3.7689343196e-01 7.5108278240e-02
3.7919867006e-01 -3.7689338423e-01 7.5108081161e-02
3.7920016856e-01 -3.7689297702e-01 7.5108832698e-02
3.7919995894e-01 -3.7689299318e-01 7.5108812887e-02
3.7919958487e-01 -3.7689308868e-01 7.5108374766e-02
3.7919930252e-01 -3.7689317704e-01 7.5108246862e-02
1.3218934415e-01 5.6139399274e-01 -5.1190420817e-01
1.3218929251e-01 5.6139391056e-01 -5.1190425204e-01
1.3218839450e-01 5.6139349164e-01 -5.1190461557e-01
1.3218817963e-01 5.6139351459e-01 -5.1190427207e-01
1.3218903283e-01 5.6139403488e-01 -5.1190450783e-01
1.3218922092e-01 5.6139392504e-01 -5.1190475616e-01
1.3218817584e-01 5.6139340972e-01 -5.1190448006e-01
1.3218803016e-01 5.6139348196e-01 -5.1190471390e-01
-4.9742532557e-01 -3.6595396249e-01 3.2023071420e-01
-4.9742520005e-01 -3.6595406981e-01 3.2022992023e-01
-4.9742508275e-01 -3.6595332426e-01 3.2023029126e-01
-4.9742494672e-01 -3.6595328509e-01 3.2022954647e-01
-4.9742606360e-01 -3.6595440972e-01 3.2023087418e-01
-4.9742598422e-01 -3.6595455297e-01 3.2023022149e-01
-4.9742625288e-01 -3.6595407733e-01 3.2023045223e-01
-4.9742582083e-01 -3.6595398293e-01 3.2023001998e-01
-2.8949253135e-01 -1.3242132663e+00 2.3853363250e+00
-2.8949309355e-01 -1.3242129918e+00 2.3853347964e+00
-2.8949174700e-01 -1.3242175868e+00 2.3853421125e+00
-2.8949257283e-01 -1.3242175919e+00 2.3853407203e+00
-2.8949681230e-01 -1.3242101234e+00 2.3853367332e+00
-2.8949777599e-01 -1.3242100297e+00 2.3853351922e+00
-2.8949625829e-01 -1.3242147531e+00 2.3853427098e+00
-2.8949717222e-01 -1.3242147141e+00 2.3853408825e+00
-4.3538914611e-01 4.2639900885e-01 1.1933831488e+00
-4.3538964637e-01 4.2639884285e-01 1.1933826308e+00
-4.3538866378e-01 4.2639891417e-01 1.1933821695e+00
-4.3538909745e-01 4.2639840238e-01 1.1933820368e+00
-4.3538826293e-01 4.2639904963e-01 1.1933822415e+00
-4.3538905148e-01 4.2639880570e-01 1.1933816746e+00
-4.3538803077e-01 4.2639861952e-01 1.1933813858e+00
-4.3538860657e-01 4.2639864821e-01 1.1933808579e+00
-1.6237004328e-01 1.2501010513e-01 -8.2934926393e-02
-1.6237059494e-01 1.2501093645e-01 -8.2929878225e-02
-1.6236996753e-01 1.2501205604e-01 -8.2933689247e-02
-1.6237038440e-01 1.2501273837e-01 -8.2928471822e-02
-1.6236959911e-01 1.2501044885e-01 -8.2934890600e-02
-1.6236986521e-01 1.2501109128e-01 -8.2930085733e-02
-1.6236922817e-01 1.2501246599e-01 -8.2933834174e-02
-1.6236995484e-01 1.2501303996e-01 -8.2929074503e-02
-1.0109503725e+00 3.7252051249e-01 1.0941164181e+00
-1.0109503995e+00 3.7251981577e-01 1.0941162740e+00
-1.0109483561e+00 3.7251764391e-01 1.0941129701e+00
-1.0109483592e+00 3.7251630298e-01 1.0941126151e+00
-1.0109533766e+00 3.7252059230e-01 1.0941157508e+00
-1.0109533982e+00 3.7251981852e-01 1.0941156676e+00
-1.0109510783e+00 3.7251737077e-01 1.0941123545e+00
-1.0109510883e+00 3.7251673912e-01 1.0941123444e+00
3.6941823721e-01 3.7259281723e-02 3.3087170811e-01
3.6941907511e-01 3.7259249194e-02 3.3087148141e-01
3.6941932336e-01 3.7260556488e-02 3.3087299282e-01
3.6942022566e-01 3.7260255265e-02 3.3087305199e-01
3.6941839649e-01 3.7259638238e-02 3.3087168271e-01
3.6941946088e-01 3.7259414025e-02 3.3087114299e-01
3.6941963359e-01 3.7260755071e-02 3.3087302218e-01
3.6942042635e-01 3.7260723645e-02 3.3087274140e-01
-3.0492565378e-01 4.1959717690e-01 -5.2163133626e-01
-3.0492625948e-01 4.1959691961e-01 -5.2163306391e-01
-3.0492609865e-01 4.1959593230e-01 -5.2163198000e-01
-3.0492645925e-01 4.1959573421e-01 -5.2163381913e-01
-3.0492510209e-01 4.1959731304e-01 -5.2163263846e-01
-3.0492591025e-01 4.1959715737e-01 -5.2163461823e-01
-3.0492557259e-01 4.1959610857e-01 -5.2163324873e-01
-3.0492597208e-01 4.1959580609e-01 -5.2163543109e-01
3.2094426498e-01 6.0960094012e-04 3.1557251184e-02
3.2094383239e-01 6.1040873299e-04 3.1555899197e-02
3.2094463754e-01 6.0948603953e-04 3.1557554670e-02
3.2094408711e-01 6.1008224636e-04 3.1556240003e-02
3.2094337662e-01 6.0962091563e-04 3.1557920341e-02
3.2094296811e-01 6.1034968852e-04 3.1556578300e-02
3.2094367298e-01 6.0950215735e-04 3.1558217754e-02
3.2094339157e-01 6.1013209918e-04 3.1556901088e-02
-2.7187093275e-01 2.4853193986e-01 7.1982590640e-01
-2.7186905014e-01 2.4853139534e-01 7.1982394878e-01
-2.7187031586e-01 2.4853151808e-01 7.1982453371e-01
-2.7186880451e-01 2.4853126932e-01 7.1982241284e-01
-2.7187068493e-01 2.4853182103e-01 7.1982599152e-01
-2.7186916865e-01 2.4853140977e-01 7.1982357881e-01
-2.7187019583e-01 2.4853144944e-01 7.1982471462e-01
-2.7186891088e-01 2.4853105826e-01 7.1982244784e-01
-1.4374731966e-01 -2.8924623814e-01 3.4596857162e-02
-1.4374792613e-01 -2.8924643907e-01 3.4596044472e-02
-1.4374741768e-01 -2.8924608189e-01 3.4597013562e-02
-1.4374798484e-01 -2.8924603285e-01 3.4596266167e-02
-1.4374826097e-01 -2.8924624086e-01 3.4596659586e-02
-1.4374868581e-01 -2.8924632211e-01 3.4595649253e-02
-1.4374828240e-01 -2.8924610838e-01 3.4596741572e-02
-1.4374880398e-01 -2.8924618727e-01 3.4595970850e-02
-2.1448840580e-01 1.6016045207e-01 3.4639282821e-01
-2.1448698724e-01 1.6015968527e-01 3.4639120395e-01
-2.1448859706e-01 1.6016038124e-01 3.4639197522e-01
-2.1448680029e-01 1.6015937305e-01 3.4639003536e-01
-2.1449058759e-01 1.6016140857e-01 3.4639398150e-01
-2.1448880432e-01 1.6016039015e-01 3.4639185025e-01
-2.1449026223e-01 1.6016133764e-01 3.4639321569e-01
-2.1448903622e-01 1.6016039581e-01 3.4639095584e-01
5.6328790390e-01 -4.2076199302e-01 -5.1575894051e-02
5.6328776726e-01 -4.2076192133e-01 -5.1575425534e-02
5.6328870592e-01 -4.2076166525e-01 -5.1576084293e-02
5.6328887035e-01 -4.2076183994e-01 -5.1575588398e-02
5.6328820501e-01 -4.2076133226e-01 -5.1575752147e-02
5.6328811868e-01 -4.2076103199e-01 -5.1575416072e-02
5.6328893003e-01 -4.2076122854e-01 -5.1575684411e-02
5.6328897012e-01 -4.2076138969e-01 -5.1575307274e-02
5.6615987922e-01 -5.5946803820e-01 -6.5807116134e-01
5.6615594599e-01 -5.5946671638e-01 -6.5806523623e-01
5.6615897931e-01 -5.5946548251e-01 -6.5807108061e-01
5.6615467040e-01 -5.5946392687e-01 -6.5806502114e-01
5.6615564262e-01 -5.5946812661e-01 -6.5806785621e-01
5.6615131038e-01 -5.5946698909e-01 -6.5806193200e-01
5.6615446836e-01 -5.5946556363e-01 -6.5806786886e-01
5.6615038156e-01 -5.5946401613e-01 -6.5806203900e-01
-4.2413366054e-01 1.2171211504e+00 5.2537095749e-01
-4.2413128918e-01 1.2171210753e+00 5.2536918460e-01
-4.2413338972e-01 1.2171214555e+00 5.2536935943e-01
-4.2413078672e-01 1.2171215685e+00 5.2536759634e-01
-4.2413361212e-01 1.2171213111e+00 5.2536998215e-01
-4.2413105131e-01 1.2171213676e+00 5.2536837634e-01
-4.2413317690e-01 1.2171215195e+00 5.2536835000e-01
-4.2413077969e-01 1.2171215290e+00 5.2536674028e-01
7.2807382957e-01 -2.5818832157e-01 -1.9436800964e-01
7.2807364855e-01 -2.5818541992e-01 -1.9436248264e-01
7.2807387646e-01 -2.5818497478e-01 -1.9436540019e-01
7.2807316189e-01 -2.5818225136e-01 -1.9435938746e-01
7.2807430725e-01 -2.5818806586e-01 -1.9436865293e-01
7.2807403925e-01 -2.5818549400e-01 -1.9436319795e-01
7.2807428746e-01 -2.5818479571e-01 -1.9436589822e-01
7.2807358425e-01 -2.5818221694e-01 -1.9436059728e-01
-1.3563545772e+00 6.6527910150e-01 1.6319890682e+00
-1.3563533526e+00 6.6527862941e-01 1.6319869023e+00
-1.3563553803e+00 6.6527932218e-01 1.6319886975e+00
-1.3563541836e+00 6.6527910422e-01 1.6319864243e+00
-1.3563559786e+00 6.6527911808e-01 1.6319904752e+00
-1.3563545095e+00 6.6527870464e-01 1.6319884246e+00
-1.3563565952e+00 6.6527951199e-01 1.6319902366e+00
-1.3563553718e+00 6.6527924227e-01 1.6319880883e+00
2.7223104067e-01 7.4356223390e-01 -1.1120336254e+00
2.7223211519e-01 7.4356156404e-01 -1.1120323357e+00
2.7223004849e-01 7.4356736132e-01 -1.1120367256e+00
2.7223137528e-01 7.4356665318e-01 -1.1120354367e+00
2.7222891856e-01 7.4356279490e-01 -1.1120332334e+00
2.7223000406e-01 7.4356237696e-01 -1.1120320159e+00
2.7222816212e-01 7.4356835352e-01 -1.1120365626e+00
2.7222913497e-01 7.4356771466e-01 -1.1120351833e+00
-2.9553889604e-01 -1.0093770854e-01 -3.0946161251e-01
-2.9553871973e-01 -1.0093819954e-01 -3.0946392951e-01
-2.9553892980e-01 -1.0093703607e-01 -3.0946101364e-01
-2.9553868829e-01 -1.0093772341e-01 -3.0946313177e-01
-2.9553837475e-01 -1.0093724247e-01 -3.0946240403e-01
-2.9553839813e-01 -1.0093786457e-01 -3.0946437705e-01
-2.9553860562e-01 -1.0093658928e-01 -3.0946138345e-01
-2.9553839464e-01 -1.0093735677e-01 -3.0946356777e-01
6.3126907733e-03 -4.0938181545e-01 2.7102329890e-01
6.3127827794e-03 -4.0938259281e-01 2.7102018358e-01
6.3121854799e-03 -4.0938213355e-01 2.7102293330e-01
6.3128120191e-03 -4.0938294330e-01 2.7101976741e-01
6.3124238050e-03 -4.0938206950e-01 2.7102461855e-01
6.3126323461e-03 -4.0938305816e-01 2.7102108362e-01
6.3124362072e-03 -4.0938249463e-01 2.7102379815e-01
6.3129122185e-03 -4.0938328512e-01 2.7102072184e-01
1.1335173734e-01 -2.6623071292e-01 -1.8898503774e-01
1.1335128534e-01 -2.6623034880e-01 -1.8898324631e-01
1.1335129563e-01 -2.6622991382e-01 -1.8898402339e-01
1.1335105370e-01 -2.6622931553e-01 -1.8898209028e-01
1.1335209763e-01 -2.6623077649e-01 -1.8898551965e-01
1.1335171782e-01 -2.6623067192e-01 -1.8898357373e-01
1.1335188552e-01 -2.6623005558e-01 -1.8898414650e-01
1.1335142968e-01 -2.6622980683e-01 -1.8898247246e-01
-2.0106347115e-01 1.2162054960e+00 -7.3620000459e-01
-2.0106313633e-01 1.2162067018e+00 -7.3620187053e-01
-2.0106362764e-01 1.2162058507e+00 -7.3619869121e-01
-2.0106313194e-01 1.2162066877e+00 -7.3620088611e-01
-2.0106300701e-01 1.2162063014e+00 -7.3620075209e-01
-2.0106294528e-01 1.2162070682e+00 -7.3620268495e-01
-2.0106346171e-01 1.2162061276e+00 -7.3619967437e-01
-2.0106305203e-01 1.2162072040e+00 -7.3620134701e-01
3.6708944705e-01 -2.2733709005e-01 -2.4885800543e-01
3.6708961566e-01 -2.2733675052e-01 -2.4885866679e-01
3.6708933036e-01 -2.2733741572e-01 -2.4885754992e-01
3.6708968465e-01 -2.2733681377e-01 -2.4885867391e-01
3.6708931208e-01 -2.2733788028e-01 -2.4885651547e-01
3.6708949714e-01 -2.2733714516e-01 -2.4885761880e-01
3.6708921235e-01 -2.2733783939e-01 -2.4885633591e-01
3.6708946827e-01 -2.2733740057e-01 -2.4885726830e-01
9.3680968691e-02 2.9018074760e-01 -1.0072113346e-01
9.3680902324e-02 2.9018108334e-01 -1.0072117496e-01
9.3681443636e-02 2.9018140267e-01 -1.0072079065e-01
9.3681115406e-02 2.9018139987e-01 -1.0072071597e-01
9.3679692261e-02 2.9018082519e-01 -1.0072196727e-01
9.3679510420e-02 2.9018118564e-01 -1.0072186159e-01
9.3680116712e-02 2.9018091494e-01 -1.0072076708e-01
9.3679818841e-02 2.9018144327e-01 -1.0072104388e-01
-1.1462873196e+00 -4.1328277343e-01 -7.8562281530e-01
-1.1462878535e+00 -4.1328241480e-01 -7.8562518796e-01
-1.1462878310e+00 -4.1328321246e-01 -7.8562368198e-01
-1.1462883446e+00 -4.1328264666e-01 -7.8562603865e-01
-1.1462867076e+00 -4.1328212446e-01 -7.8562216064e-01
-1.1462872641e+00 -4.1328137411e-01 -7.8562450699e-01
-1.1462874074e+00 -4.1328263266e-01 -7.8562306508e-01
-1.1462878465e+00 -4.1328206633e-01 -7.8562535718e-01
-2.0520129497e-02 -6.1811327960e-01 -1.2105060027e+00
-2.0519963416e-02 -6.1811383910e-01 -1.2105061401e+00
-2.0520343491e-02 -6.1811329305e-01 -1.2105060122e+00
-2.0520206331e-02 -6.1811389663e-01 -1.2105057916e+00
-2.0526202462e-02 -6.1811313999e-01 -1.2105062806e+00
-2.0526270979e-02 -6.1811379722e-01 -1.2105067908e+00
-2.0526384100e-02 -6.1811308931e-01 -1.2105063512e+00
-2.0526473857e-02 -6.1811349959e-01 -1.2105060514e+00
1.8195619063e-01 3.7882319278e-02 1.4232363369e-02
1.8195585876e-01 3.7882301385e-02 1.4231099428e-02
1.8195640309e-01 3.7881476415e-02 1.4232001039e-02
1.8195633627e-01 3.7882105177e-02 1.4231217523e-02
1.8195665451e-01 3.7882503449e-02 1.4232918637e-02
1.8195651828e-01 3.7883141922e-02 1.4231759012e-02
1.8195723884e-01 3.7882289083e-02 1.4232649106e-02
1.8195676750e-01 3.7882592113e-02 1.4231413306e-02
-3.2719054216e-01 -1.5003854063e-01 -2.2599580476e-01
-3.2719038078e-01 -1.5003848146e-01 -2.2599876552e-01
-3.2719048959e-01 -1.5003820804e-01 -2.2599572718e-01
-3.2719037026e-01 -1.5003826195e-01 -2.2599822942e-01
-3.2719001535e-01 -1.5003768945e-01 -2.2599436414e-01
-3.2719007552e-01 -1.5003810780e-01 -2.2599724343e-01
-3.2719006840e-01 -1.5003739009e-01 -2.2599433582e-01
-3.2718990556e-01 -1.5003766459e-01 -2.2599703249e-01
-3.4151735869e-01 -3.3175468219e-01 -1.8018668223e-01
-3.4151761082e-01 -3.3175454064e-01 -1.8018689956e-01
-3.4151734278e-01 -3.3175416513e-01 -1.8018612729e-01
-3.4151722043e-01 -3.3175392828e-01 -1.8018637276e-01
-3.4151656425e-01 -3.3175488759e-01 -1.8018652993e-01
-3.4151672656e-01 -3.3175456211e-01 -1.8018726996e-01
-3.4151602028e-01 -3.3175433113e-01 -1.8018598420e-01
-3.4151644561e-01 -3.3175416591e-01 -1.8018665238e-01
1.5150809000e-01 2.9434868643e-02 -6.9505500040e-01
1.5150856893e-01 2.9434927691e-02 -6.9505496468e-01
1.5150799052e-01 2.9434124846e-02 -6.9505587698e-01
1.5150858779e-01 2.9434320940e-02 -6.9505599467e-01
1.5150901689e-01 2.9434072999e-02 -6.9505482850e-01
1.5150956376e-01 2.9434472978e-02 -6.9505471558e-01
1.5150906535e-01 2.9433204576e-02 -6.9505567656e-01
1.5150937140e-01 2.9433639886e-02 -6.9505570445e-01
-1.7422407599e-02 9.0707352274e-02 -3.2240056913e-01
-1.7422583620e-02 9.0706552068e-02 -3.2240097858e-01
-1.7422928490e-02 9.0707828386e-02 -3.2239987215e-01
-1.7423217542e-02 9.0707120487e-02 -3.2240068532e-01
-1.7422761314e-02 9.0706897198e-02 -3.2240010925e-01
-1.7422899814e-02 9.0706001944e-02 -3.2240070523e-01
-1.7422988061e-02 9.0707221888e-02 -3.2239967159e-01
-1.7423339955e-02 9.0707008938e-02 -3.2240024782e-01
1.0379079650e-01 -4.7218150946e-01 -5.0106625602e-01
1.0379128650e-01 -4.7218191430e-01 -5.0106667936e-01
1.0379081706e-01 -4.7217966883e-01 -5.0106595336e-01
1.0379085719e-01 -4.7218006829e-01 -5.0106670031e-01
1.0379085908e-01 -4.7218173618e-01 -5.0106617755e-01
1.0379134344e-01 -4.7218206719e-01 -5.0106701314e-01
1.0379092445e-01 -4.7217993871e-01 -5.0106604398e-01
1.0379095658e-01 -4.7218029950e-01 -5.0106705665e-01
3.0803788042e-01 -1.8156871622e-01 2.0767657798e-01
3.0803808613e-01 -1.8156919394e-01 2.0767420226e-01
3.0803816043e-01 -1.8156881440e-01 2.0767696835e-01
3.0803828295e-01 -1.8156941929e-01 2.0767441629e-01
3.0803777303e-01 -1.8156861479e-01 2.0767653720e-01
3.0803806920e-01 -1.8156916349e-01 2.0767449436e-01
3.0803815814e-01 -1.8156857836e-01 2.0767628079e-01
3.0803818724e-01 -1.8156916669e-01 2.0767455917e-01
7.1035066956e-01 1.1340980293e+00 -3.0866648012e-01
7.1035066570e-01 1.1340989959e+00 -3.0866794941e-01
7.1035017063e-01 1.1340986003e+00 -3.0866649728e-01
7.1035052261e-01 1.1340992134e+00 -3.0866795233e-01
7.1035099332e-01 1.1340977656e+00 -3.0866621971e-01
7.1035107569e-01 1.1340985353e+00 -3.0866786192e-01
7.1035065999e-01 1.1340983095e+00 -3.0866663253e-01
7.1035064451e-01 1.1340990642e+00 -3.0866814912e-01
-1.1497803225e+00 2.9134415561e-01 -4.0023347230e-01
-1.1497806604e+00 2.9134422088e-01 -4.0023405569e-01
-1.1497812172e+00 2.9134062282e-01 -4.0023182882e-01
-1.1497805250e+00 2.9134091764e-01 -4.0023226703e-01
-1.1497789654e+00 2.9134243868e-01 -4.0023347378e-01
-1.1497788884e+00 2.9134212376e-01 -4.0023434857e-01
-1.1497791242e+00 2.9133956065e-01 -4.0023211913e-01
-1.1497791309e+00 2.9133940060e-01 -4.0023296308e-01
-1.9396296646e+00 -5.1542543796e-01 -1.3203353470e+00
-1.9396266159e+00 -5.1542444209e-01 -1.3203320882e+00
-1.9396311461e+00 -5.1542517364e-01 -1.3203341292e+00
-1.9396282507e+00 -5.1542401499e-01 -1.3203304905e+00
-1.9396321655e+00 -5.1542082282e-01 -1.3203345316e+00
-1.9396294450e+00 -5.1541995010e-01 -1.3203319211e+00
-1.9396332895e+00 -5.1542058868e-01 -1.3203329847e+00
-1.9396306000e+00 -5.1542021122e-01 -1.3203308576e+00
-1.2151071325e+00 1.1344334624e+00 1.3259233995e+00
-1.2151045662e+00 1.1344344278e+00 1.3259269672e+00
-1.2151071133e+00 1.1344288571e+00 1.3259246889e+00
-1.2151023290e+00 1.1344301511e+00 1.3259284770e+00
-1.2151039936e+00 1.1344335524e+00 1.3259224852e+00
-1.2150994931e+00 1.1344345650e+00 1.3259265917e+00
-1.2151029430e+00 1.1344291753e+00 1.3259229542e+00
-1.2150993328e+00 1.1344311321e+00 1.3259283996e+00
-2.0545198995e+00 -1.0183490132e+00 -1.6623774674e+00
-2.0545194082e+00 -1.0183479530e+00 -1.6623774382e+00
-2.0545178897e+00 -1.0183487736e+00 -1.6623770777e+00
-2.0545185379e+00 -1.0183479744e+00 -1.6623778597e+00
-2.0545209317e+00 -1.0183494226e+00 -1.6623758314e+00
-2.0545203620e+00 -1.0183488922e+00 -1.6623763549e+00
-2.0545194232e+00 -1.0183488074e+00 -1.6623764035e+00
-2.0545190504e+00 -1.0183490447e+00 -1.6623767712e+00
-2.5336630189e+00 -6.9421636268e-01 9.9868967504e-01
-2.5336642587e+00 -6.9421623969e-01 9.9869376343e-01
-2.5336654345e+00 -6.9422392388e-01 9.9868680608e-01
-2.5336675193e+00 -6.9422417175e-01 9.9869001079e-01
-2.5336744531e+00 -6.9421575206e-01 9.9869236163e-01
-2.5336771461e+00 -6.9421568447e-01 9.9869640028e-01
-2.5336777904e+00 -6.9422346622e-01 9.9868958807e-01
-2.5336800662e+00 -6.9422359981e-01 9.9869268820e-01
-4.5626042588e-01 -7.7823794100e-01 -2.1062345603e+00
-4.5626071824e-01 -7.7823359643e-01 -2.1062381494e+00
-4.5626087636e-01 -7.7823764474e-01 -2.1062322608e+00
-4.5625993236e-01 -7.7823308903e-01 -2.1062364011e+00
-4.5626155367e-01 -7.7823633531e-01 -2.1062352934e+00
-4.5626117738e-01 -7.7823134323e-01 -2.1062377952e+00
-4.5625996002e-01 -7.7823628170e-01 -2.1062327908e+00
-4.5626066476e-01 -7.7823111723e-01 -2.1062363088e+00
-2.0649250914e+00 -6.5297842072e-01 -1.7377587159e-01
-2.0649149843e+00 -6.5296657138e-01 -1.7375354201e-01
-2.0649242495e+00 -6.5298171527e-01 -1.7377770329e-01
-2.0649159299e+00 -6.5296940273e-01 -1.7375639497e-01
-2.0649097524e+00 -6.5297594036e-01 -1.7377006744e-01
-2.0649010089e+00 -6.5296507561e-01 -1.7374866288e-01
-2.0649095646e+00 -6.5297972410e-01 -1.7377309078e-01
-2.0649009050e+00 -6.5296736338e-01 -1.7375124231e-01
2.0346693921e-01 -4.7393673536e-01 4.3231185928e-01
2.0346867474e-01 -4.7393824920e-01 4.3231367613e-01
2.0346341240e-01 -4.7394245039e-01 4.3230965057e-01
2.0346421236e-01 -4.7394335091e-01 4.3231208108e-01
2.0347591408e-01 -4.7392971934e-01 4.3231794789e-01
2.0347821053e-01 -4.7393069551e-01 4.3232063684e-01
2.0347130128e-01 -4.7393543622e-01 4.3231589943e-01
2.0347306552e-01 -4.7393584529e-01 4.3231862226e-01
4.0612658048e-02 4.2666881298e-01 -1.3177192738e-02
4.0612252531e-02 4.2666763481e-01 -1.3176547505e-02
4.0611682166e-02 4.2666441041e-01 -1.3179877483e-02
4.0612633233e-02 4.2666407069e-01 -1.3178088338e-02
4.0608399923e-02 4.2666861426e-01 -1.3177267915e-02
4.0608909416e-02 4.2666845784e-01 -1.3176140641e-02
4.0607859528e-02 4.2666477171e-01 -1.3179583260e-02
4.0608529194e-02 4.2666409966e-01 -1.3178117648e-02
1.7256611830e+00 -8.8619504792e-01 -6.0433157252e-01
1.7256609972e+00 -8.8619544672e-01 -6.0433158564e-01
1.7256604759e+00 -8.8619481856e-01 -6.0433106907e-01
1.7256603035e+00 -8.8619545328e-01 -6.0433080190e-01
1.7256713085e+00 -8.8619377277e-01 -6.0433085362e-01
1.7256719304e+00 -8.8619414406e-01 -6.0433065987e-01
1.7256712623e+00 -8.8619333488e-01 -6.0432993323e-01
1.7256707483e+00 -8.8619314382e-01 -6.0433107851e-01
2.7986046540e-02 2.3838936851e+00 3.1329883503e-01
2.7986210900e-02 2.3838932987e+00 3.1329932045e-01
2.7985924665e-02 2.3838942278e+00 3.1329834830e-01
2.7985037481e-02 2.3838948183e+00 3.1329914385e-01
2.7984190764e-02 2.3838935459e+00 3.1329702439e-01
2.7984765914e-02 2.3838950295e+00 3.1329819375e-01
2.7984762947e-02 2.3838957960e+00 3.1329752216e-01
2.7984423358e-02 2.3838951693e+00 3.1329792757e-01
-7.4502213641e-01 -1.8887977834e+00 6.7694265868e-01
-7.4502043514e-01 -1.8887949827e+00 6.7695509380e-01
-7.4502253115e-01 -1.8887974179e+00 6.7694291712e-01
-7.4502198901e-01 -1.8887943930e+00 6.7695552839e-01
-7.4502362292e-01 -1.8887995172e+00 6.7694369318e-01
-7.4502225182e-01 -1.8887969046e+00 6.7695583964e-01
-7.4502435079e-01 -1.8887985757e+00 6.7694397188e-01
-7.4502394533e-01 -1.8887971640e+00 6.7695617441e-01
1.1500706427e-01 8.5515222374e-01 1.2089666595e+00
1.1500750277e-01 8.5515179280e-01 1.2089688837e+00
1.1501106016e-01 8.5516439994e-01 1.2089661742e+00
1.1501063720e-01 8.5516396336e-01 1.2089681020e+00
1.1501278961e-01 8.5515114859e-01 1.2089670454e+00
1.1501247833e-01 8.5515000024e-01 1.2089688039e+00
1.1501541057e-01 8.5516283912e-01 1.2089674356e+00
1.1501640664e-01 8.5516214395e-01 1.2089693936e+00
2.1277719749e+00 8.4773636048e-01 1.8485512537e+00
2.1277716871e+00 8.4773702802e-01 1.8485556383e+00
2.1277788563e+00 8.4774909096e-01 1.8485547507e+00
2.1277792123e+00 8.4774890037e-01 1.8485598299e+00
2.1277757877e+00 8.4774021184e-01 1.8485495296e+00
2.1277751969e+00 8.4774024848e-01 1.8485540187e+00
2.1277828053e+00 8.4775220289e-01 1.8485534549e+00
2.1277809157e+00 8.4775301905e-01 1.8485579277e+00
9.0825807610e-01 3.0544164460e-01 -3.9019342942e-01
9.0825858123e-01 3.0544197141e-01 -3.9019579911e-01
9.0825867761e-01 3.0543667865e-01 -3.9019428040e-01
9.0826062087e-01 3.0543651579e-01 -3.9019612734e-01
9.0823926883e-01 3.0544378320e-01 -3.9019225392e-01
9.0824142408e-01 3.0544492927e-01 -3.9019371819e-01
9.0824171403e-01 3.0543840141e-01 -3.9019167468e-01
9.0824299771e-01 3.0543938194e-01 -3.9019340466e-01
9.2902572602e-02 -3.6223346956e-01 -3.0299976178e-03
9.2905713000e-02 -3.6223500700e-01 -3.0219895922e-03
9.2900716270e-02 -3.6223220198e-01 -3.0284418493e-03
9.2904210686e-02 -3.6223352265e-01 -3.0207490301e-03
9.2900264733e-02 -3.6223405489e-01 -3.0313325559e-03
9.2903935576e-02 -3.6223616766e-01 -3.0233567548e-03
9.2898651528e-02 -3.6223343281e-01 -3.0291879062e-03
9.2901701235e-02 -3.6223468310e-01 -3.0217931295e-03
3.6375006800e-01 4.8721404740e-01 -3.8473224475e-01
3.6374991949e-01 4.8721551369e-01 -3.8473465328e-01
3.6375044415e-01 4.8721420648e-01 -3.8473275539e-01
3.6375082517e-01 4.8721503126e-01 -3.8473396299e-01
3.6372221311e-01 4.8721301875e-01 -3.8473480295e-01
3.6372284036e-01 4.8721492727e-01 -3.8473699490e-01
3.6372221796e-01 4.8721340710e-01 -3.8473458882e-01
3.6372342104e-01 4.8721340853e-01 -3.8473684150e-01
1.7554566025e+00 1.0873371945e+00 2.9574856201e-02
1.7554558843e+00 1.0873361773e+00 2.9572478943e-02
1.7554567682e+00 1.0873496179e+00 2.9577566999e-02
1.7554574551e+00 1.0873496341e+00 2.9575519930e-02
1.7554601696e+00 1.0873348506e+00 2.9574747311e-02
1.7554592800e+00 1.0873343045e+00 2.9572534590e-02
1.7554601920e+00 1.0873479451e+00 2.9577027532e-02
1.7554600968e+00 1.0873477662e+00 2.9575901206e-02
-7.9079022803e-01 1.5931974013e+00 8.6421969309e-01
-7.9079063171e-01 1.5931968903e+00 8.6421761888e-01
-7.9078986279e-01 1.5931952802e+00 8.6421857192e-01
-7.9078978779e-01 1.5931959492e+00 8.6421699994e-01
-7.9078504239e-01 1.5931979677e+00 8.6422032396e-01
-7.9078598547e-01 1.5931985673e+00 8.6421867150e-01
-7.9078427768e-01 1.5931958127e+00 8.6421975298e-01
-7.9078481179e-01 1.5931965157e+00 8.6421760518e-01
-8.3571736938e-01 -7.6266431300e-01 -7.4270078605e-01
-8.3571534835e-01 -7.6266735135e-01 -7.4270609651e-01
-8.3571623953e-01 -7.6265149600e-01 -7.4269382100e-01
-8.3571351915e-01 -7.6265486436e-01 -7.4269984606e-01
-8.3573387097e-01 -7.6266630838e-01 -7.4270208038e-01
-8.3573161720e-01 -7.6266830637e-01 -7.4270688746e-01
-8.3573207261e-01 -7.6265296318e-01 -7.4269512439e-01
-8.3572991463e-01 -7.6265539338e-01 -7.4270070247e-01
-1.1050826760e+00 -3.6168493580e-01 -2.7142539723e-01
-1.1050873089e+00 -3.6168180268e-01 -2.7143177950e-01
-1.1050824869e+00 -3.6169446510e-01 -2.7142373054e-01
-1.1050865958e+00 -3.6169174932e-01 -2.7142973251e-01
-1.1050794812e+00 -3.6168581144e-01 -2.7142506165e-01
-1.1050841767e+00 -3.6168342408e-01 -2.7143126091e-01
-1.1050803462e+00 -3.6169481453e-01 -2.7142256193e-01
-1.1050841327e+00 -3.6169187607e-01 -2.7142837553e-01
1.0636972659e-01 1.3195817235e+00 2.8567422661e-01
1.0636805317e-01 1.3195765736e+00 2.8568688038e-01
1.0637084180e-01 1.3195796640e+00 2.8567730348e-01
1.0636993370e-01 1.3195738342e+00 2.8568939204e-01
1.0637885281e-01 1.3195813092e+00 2.8567104414e-01
1.0637758889e-01 1.3195753784e+00 2.8568437790e-01
1.0637950048e-01 1.3195787693e+00 2.8567374815e-01
1.0637777669e-01 1.3195724504e+00 2.8568686349e-01
-7.0489795107e-01 -4.0293835893e-02 -8.0925841503e-02
-7.0489642904e-01 -4.0295962463e-02 -8.0927690211e-02
-7.0490024913e-01 -4.0291597219e-02 -8.0925313523e-02
-7.0489855298e-01 -4.0293819142e-02 -8.0926113336e-02
-7.0492496779e-01 -4.0289445831e-02 -8.0923715953e-02
-7.0492354709e-01 -4.0291923502e-02 -8.0925879266e-02
-7.0492768113e-01 -4.0288453619e-02 -8.0923535698e-02
-7.0492557580e-01 -4.0289960048e-02 -8.0924671352e-02
-1.3811990840e+00 1.6579392132e+00 -7.6223402282e-01
-1.3812000829e+00 1.6579403863e+00 -7.6223274839e-01
-1.3811976266e+00 1.6579601608e+00 -7.6223536430e-01
-1.3811982835e+00 1.6579597594e+00 -7.6223412024e-01
-1.3811942561e+00 1.6579419044e+00 -7.6223053648e-01
-1.3811943166e+00 1.6579423485e+00 -7.6222870796e-01
-1.3811930668e+00 1.6579617769e+00 -7.6223216230e-01
-1.3811923434e+00 1.6579623532e+00 -7.6222988507e-01
1.7115134283e+00 -2.3419897003e+00 -1.4047143632e+00
1.7115086750e+00 -2.3419929817e+00 -1.4047211077e+00
1.7115117336e+00 -2.3420023696e+00 -1.4047149991e+00
1.7115069824e+00 -2.3420052421e+00 -1.4047214399e+00
1.7114920527e+00 -2.3419852272e+00 -1.4047103343e+00
1.7114869285e+00 -2.3419893519e+00 -1.4047170749e+00
1.7114898716e+00 -2.3419970869e+00 -1.4047102515e+00
1.7114853036e+00 -2.3420016384e+00 -1.4047179720e+00
-4.5913121443e-01 -3.4461165705e-01 -1.5145326264e+00
-4.5913188439e-01 -3.4460801059e-01 -1.5145386275e+00
-4.5913075749e-01 -3.4461473006e-01 -1.5145328905e+00
-4.5913206273e-01 -3.4461158786e-01 -1.5145390751e+00
-4.5913047476e-01 -3.4461342114e-01 -1.5145315438e+00
-4.5913126509e-01 -3.4461086684e-01 -1.5145374755e+00
-4.5913051879e-01 -3.4461718255e-01 -1.5145319672e+00
-4.5913097077e-01 -3.4461363903e-01 -1.5145380712e+00
-2.1446783433e-01 2.6191199030e-01 6.8034631855e-02
-2.1446614306e-01 2.6191121511e-01 6.8031738912e-02
-2.1446408510e-01 2.6190926995e-01 6.8032637270e-02
-2.1446292981e-01 2.6190888933e-01 6.8030114034e-02
-2.1447771397e-01 2.6191383626e-01 6.8038636851e-02
-2.1447695422e-01 2.6191280074e-01 6.8036175515e-02
-2.1447436243e-01 2.6191131355e-01 6.8036683666e-02
-2.1447274130e-01 2.6190995696e-01 6.8034463617e-02
1.3153589398e-01 -1.0892408717e+00 8.0901243934e-01
1.3153551663e-01 -1.0892417703e+00 8.0901186448e-01
1.3153562233e-01 -1.0892437297e+00 8.0901120472e-01
1.3153518124e-01 -1.0892436099e+00 8.0901057100e-01
1.3153947311e-01 -1.0892392359e+00 8.0901430921e-01
1.3153832343e-01 -1.0892389365e+00 8.0901352722e-01
1.3153849741e-01 -1.0892409475e+00 8.0901287517e-01
1.3153832409e-01 -1.0892418536e+00 8.0901286331e-01
-1.8398791510e+00 -3.2442909600e-01 5.0877332156e-01
-1.8398787097e+00 -3.2442772348e-01 5.0877191577e-01
-1.8398799869e+00 -3.2441119093e-01 5.0876812903e-01
-1.8398798983e+00 -3.2440767494e-01 5.0876743029e-01
-1.8398766872e+00 -3.2443232596e-01 5.0877413472e-01
-1.8398759763e+00 -3.2442940193e-01 5.0877302277e-01
-1.8398785442e+00 -3.2441277695e-01 5.0876844717e-01
-1.8398784704e+00 -3.2441073329e-01 5.0876776511e-01
6.8857767015e-01 7.4658452063e-01 1.5129180278e-01
6.8858053657e-01 7.4658270203e-01 1.5129063316e-01
6.8857682597e-01 7.4658163819e-01 1.5129079915e-01
6.8857835931e-01 7.4658028775e-01 1.5128986451e-01
6.8858161264e-01 7.4658354316e-01 1.5128892887e-01
6.8858400380e-01 7.4658152605e-01 1.5128875934e-01
6.8858025621e-01 7.4658097369e-01 1.5128751425e-01
6.8858249223e-01 7.4657817379e-01 1.5128719778e-01
-1.2488987611e+00 -1.3139746218e+00 -5.9910287678e-01
-1.2488921622e+00 -1.3139657485e+00 -5.9909138427e-01
-1.2488981163e+00 -1.3139805491e+00 -5.9910481555e-01
-1.2488921400e+00 -1.3139715785e+00 -5.9909337035e-01
-1.2488911090e+00 -1.3139778141e+00 -5.9910266946e-01
-1.2488856674e+00 -1.3139681709e+00 -5.9909019491e-01
-1.2488913286e+00 -1.3139837105e+00 -5.9910428838e-01
-1.2488855486e+00 -1.3139744024e+00 -5.9909224623e-01
-1.5806496190e+00 -4.8956657181e-02 -3.2220771389e-01
-1.5806522377e+00 -4.8955448057e-02 -3.2220115372e-01
-1.5806515355e+00 -4.8946220061e-02 -3.2220428787e-01
-1.5806544967e+00 -4.8945190220e-02 -3.2219814872e-01
-1.5806491465e+00 -4.8961277219e-02 -3.2220772693e-01
-1.5806525535e+00 -4.8960311633e-02 -3.2220095100e-01
-1.5806511501e+00 -4.8951013566e-02 -3.2220445670e-01
-1.5806540503e+00 -4.8949522334e-02 -3.2219769608e-01
3.8846587303e+00 1.2955760120e+00 1.2007315132e+00
3.8846683010e+00 1.2955843469e+00 1.2007485825e+00
3.8846557539e+00 1.2955717380e+00 1.2007290018e+00
3.8846656259e+00 1.2955796528e+00 1.2007463480e+00
3.8846630485e+00 1.2955755965e+00 1.2007292520e+00
3.8846724281e+00 1.2955842237e+00 1.2007460867e+00
3.8846600948e+00 1.2955708594e+00 1.2007265771e+00
3.8846703355e+00 1.2955796614e+00 1.2007446762e+00
1.8001834106e+00 -6.4589538312e-01 -1.0956694278e+00
1.8001752139e+00 -6.4588425354e-01 -1.0956541558e+00
1.8001805132e+00 -6.4588830312e-01 -1.0956625162e+00
1.8001727659e+00 -6.4587826607e-01 -1.0956466315e+00
1.8001608966e+00 -6.4588602113e-01 -1.0956612582e+00
1.8001517327e+00 -6.4587553542e-01 -1.0956457168e+00
1.8001566744e+00 -6.4587872245e-01 -1.0956539334e+00
1.8001484840e+00 -6.4586799422e-01 -1.0956385626e+00
1.8781190159e+00 -2.1740127528e-01 -1.6828417550e+00
1.8781188849e+00 -2.1740075691e-01 -1.6828419494e+00
1.8781244677e+00 -2.1738580437e-01 -1.6828374383e+00
1.8781238085e+00 -2.1738558245e-01 -1.6828368261e+00
1.8781210864e+00 -2.1739920605e-01 -1.6828437821e+00
1.8781199162e+00 -2.1739921929e-01 -1.6828434995e+00
1.8781253384e+00 -2.1738441759e-01 -1.6828386007e+00
1.8781259102e+00 -2.1738379900e-01 -1.6828380829e+00
8.5946103393e-01 6.0234011294e-01 3.2169766065e-02
8.5946380708e-01 6.0233554855e-01 3.2167744282e-02
8.5945963779e-01 6.0233726470e-01 3.2169631578e-02
8.5946246221e-01 6.0233381131e-01 3.2167530254e-02
8.5946040821e-01 6.0233809043e-01 3.2170720997e-02
8.5946263521e-01 6.0233437064e-01 3.2168483651e-02
8.5945885828e-01 6.0233552177e-01 3.2170547008e-02
8.5946098867e-01 6.0233198100e-01 3.2168692753e-02
2.7359101317e-01 -2.3916456574e-01 -1.0026132417e+00
2.7358923755e-01 -2.3916518424e-01 -1.0026152706e+00
2.7359426829e-01 -2.3914326990e-01 -1.0026090112e+00
2.7359250089e-01 -2.3914423909e-01 -1.0026113319e+00
2.7359056131e-01 -2.3916190364e-01 -1.0026137667e+00
2.7358925711e-01 -2.3916254368e-01 -1.0026151800e+00
2.7359481221e-01 -2.3914071620e-01 -1.0026094988e+00
2.7359227208e-01 -2.3914167551e-01 -1.0026110624e+00
8.5356927597e-02 5.6045089978e-02 4.7123221037e-01
8.5357539949e-02 5.6042878531e-02 4.7123185732e-01
8.5358863913e-02 5.6038098070e-02 4.7122525735e-01
8.5359749686e-02 5.6036108794e-02 4.7122380401e-01
8.5334897004e-02 5.6046760432e-02 4.7123402746e-01
8.5334814718e-02 5.6045785291e-02 4.7123336454e-01
8.5336189527e-02 5.6039773794e-02 4.7122621635e-01
8.5337572521e-02 5.6038599594e-02 4.7122614025e-01
-3.2960037068e+00 -5.6997878983e-01 1.6997608569e-01
-3.2960039824e+00 -5.6998021270e-01 1.6997619102e-01
-3.2960058414e+00 -5.6997962475e-01 1.6997733348e-01
-3.2960067794e+00 -5.6998066338e-01 1.6997684115e-01
-3.2959992112e+00 -5.6997499254e-01 1.6998178647e-01
-3.2960004316e+00 -5.6997558918e-01 1.6998127809e-01
-3.2960019794e+00 -5.6997587024e-01 1.6998311280e-01
-3.2960020214e+00 -5.6997688822e-01 1.6998276616e-01
-1.8354137924e+00 -1.0679484735e+00 -1.2691901286e+00
-1.8354128883e+00 -1.0679493914e+00 -1.2691897048e+00
-1.8354121832e+00 -1.0679424031e+00 -1.2691896913e+00
-1.8354112616e+00 -1.0679434366e+00 -1.2691886025e+00
-1.8354271894e+00 -1.0679483533e+00 -1.2691900912e+00
-1.8354263933e+00 -1.0679489773e+00 -1.2691891519e+00
-1.8354262883e+00 -1.0679428264e+00 -1.2691907666e+00
-1.8354250065e+00 -1.0679428902e+00 -1.2691891572e+00
-1.2653485503e+00 -1.2383822733e+00 -5.5780543709e-01
-1.2653476705e+00 -1.2383825383e+00 -5.5780339968e-01
-1.2653494269e+00 -1.2383713278e+00 -5.5780064212e-01
-1.2653472994e+00 -1.2383707379e+00 -5.5779871410e-01
-1.2653484631e+00 -1.2383822595e+00 -5.5780783684e-01
-1.2653472639e+00 -1.2383829702e+00 -5.5780633144e-01
-1.2653483750e+00 -1.2383711741e+00 -5.5780345201e-01
-1.2653484384e+00 -1.2383709273e+00 -5.5780135507e-01
6.1419081634e-01 -2.8903933585e-01 -3.3896219813e-01
6.1418619757e-01 -2.8903851726e-01 -3.3894828642e-01
6.1419160717e-01 -2.8903598520e-01 -3.3896101787e-01
6.1418624158e-01 -2.8903524225e-01 -3.3894679912e-01
6.1416804986e-01 -2.8904130646e-01 -3.3896332966e-01
6.1416257084e-01 -2.8904041304e-01 -3.3894911747e-01
6.1416888270e-01 -2.8903729315e-01 -3.3896242468e-01
6.1416359048e-01 -2.8903700291e-01 -3.3894723591e-01
-5.1149804297e-01 -1.1355701667e+00 -8.6227174888e-01
-5.1149894226e-01 -1.1355697576e+00 -8.6227203809e-01
-5.1149977089e-01 -1.1355751976e+00 -8.6227419531e-01
-5.1149998180e-01 -1.1355741778e+00 -8.6227297072e-01
-5.1148878222e-01 -1.1355662805e+00 -8.6226781052e-01
-5.1149012518e-01 -1.1355654278e+00 -8.6226682027e-01
-5.1149020268e-01 -1.1355709682e+00 -8.6226920215e-01
-5.1149086535e-01 -1.1355700961e+00 -8.6226843923e-01
-1.9149926628e+00 5.1031687070e-01 -4.1834792428e-01
-1.9149930512e+00 5.1031770632e-01 -4.1834987517e-01
-1.9149929237e+00 5.1033149477e-01 -4.1834586029e-01
-1.9149936068e+00 5.1033172595e-01 -4.1834773930e-01
-1.9149885164e+00 5.1031528083e-01 -4.1834878209e-01
-1.9149890158e+00 5.1031627532e-01 -4.1835047247e-01
-1.9149898132e+00 5.1032990376e-01 -4.1834701532e-01
-1.9149891617e+00 5.1033069032e-01 -4.1834817480e-01
-9.7690401967e-01 -2.5259019922e-01 1.6772130722e-01
-9.7689856177e-01 -2.5258743288e-01 1.6773436381e-01
-9.7690940061e-01 -2.5260234616e-01 1.6772328023e-01
-9.7690414107e-01 -2.5260019695e-01 1.6773658633e-01
-9.7692236991e-01 -2.5259421321e-01 1.6771585135e-01
-9.7691673682e-01 -2.5259293005e-01 1.6772968729e-01
-9.7692759872e-01 -2.5260650564e-01 1.6771746189e-01
-9.7692212270e-01 -2.5260546956e-01 1.6773173145e-01
1.7126151105e+00 5.8386653586e-01 -1.4647904035e-01
1.7126135310e+00 5.8386446664e-01 -1.4648232028e-01
1.7126181016e+00 5.8387483279e-01 -1.4647556103e-01
1.7126152121e+00 5.8387291970e-01 -1.4647862362e-01
1.7126157013e+00 5.8386553599e-01 -1.4647919693e-01
1.7126132951e+00 5.8386427058e-01 -1.4648291620e-01
1.7126184298e+00 5.8387387266e-01 -1.4647501279e-01
1.7126170435e+00 5.8387264341e-01 -1.4647848710e-01
3.7011737414e-01 9.8691569799e-01 -4.1968933169e-01
3.7011551051e-01 9.8692264688e-01 -4.1967132585e-01
3.7011747422e-01 9.8692857907e-01 -4.1968434956e-01
3.7011503118e-01 9.8693627932e-01 -4.1966554445e-01
3.7010089968e-01 9.8691640456e-01 -4.1969144279e-01
3.7009826000e-01 9.8692182204e-01 -4.1967332527e-01
3.7010102242e-01 9.8692935231e-01 -4.1968647049e-01
3.7009855648e-01 9.8693581165e-01 -4.1966769854e-01
-1.8094278849e+00 -5.5276872720e-01 8.0072515112e-01
-1.8094243769e+00 -5.5277237627e-01 8.0072338512e-01
-1.8094288956e+00 -5.5277150456e-01 8.0072471797e-01
-1.8094239470e+00 -5.5277488897e-01 8.0072265239e-01
-1.8094329295e+00 -5.5276896220e-01 8.0072506884e-01
-1.8094282901e+00 -5.5277243472e-01 8.0072281704e-01
-1.8094328788e+00 -5.5277068332e-01 8.0072465653e-01
-1.8094292676e+00 -5.5277442527e-01 8.0072235692e-01
-1.2010631151e+00 2.7281472500e-01 -5.5876634731e-01
-1.2010633563e+00 2.7281455792e-01 -5.5876713891e-01
-1.2010633882e+00 2.7282038499e-01 -5.5876918488e-01
-1.2010637893e+00 2.7282063966e-01 -5.5877063846e-01
-1.2010580152e+00 2.7281789149e-01 -5.5876384577e-01
-1.2010593107e+00 2.7281729497e-01 -5.5876458703e-01
-1.2010587515e+00 2.7282389016e-01 -5.5876735234e-01
-1.2010592020e+00 2.7282346487e-01 -5.5876820101e-01
-4.2321286285e-02 5.3414751241e-01 -1.8774183249e-01
-4.2321036277e-02 5.3414719166e-01 -1.8774170797e-01
-4.2320682480e-02 5.3414840467e-01 -1.8774060049e-01
-4.2320540753e-02 5.3414783762e-01 -1.8774099151e-01
-4.2318347835e-02 5.3414539529e-01 -1.8774355737e-01
-4.2317955462e-02 5.3414510790e-01 -1.8774345008e-01
-4.2318318592e-02 5.3414616851e-01 -1.8774304522e-01
-4.2317537355e-02 5.3414607901e-01 -1.8774325865e-01
-7.6414205236e-01 -5.6882946526e-01 7.7295485759e-01
-7.6414290898e-01 -5.6882763698e-01 7.7295811353e-01
-7.6414212489e-01 -5.6883283927e-01 7.7295374033e-01
-7.6414257589e-01 -5.6883113237e-01 7.7295783537e-01
-7.6413857013e-01 -5.6883085496e-01 7.7295227127e-01
-7.6413859684e-01 -5.6882891976e-01 7.7295654932e-01
-7.6413812533e-01 -5.6883438206e-01 7.7295260233e-01
-7.6413913110e-01 -5.6883183838e-01 7.7295555369e-01
4.8518907770e-01 -7.6382028399e-01 -1.4959626394e+00
4.8518832840e-01 -7.6382018125e-01 -1.4959634133e+00
4.8518914403e-01 -7.6382075277e-01 -1.4959623795e+00
4.8518852686e-01 -7.6382000294e-01 -1.4959628118e+00
4.8518960797e-01 -7.6381989312e-01 -1.4959630153e+00
4.8518836624e-01 -7.6382009434e-01 -1.4959635955e+00
4.8518909070e-01 -7.6382032399e-01 -1.4959629242e+00
4.8518854077e-01 -7.6382010819e-01 -1.4959637589e+00
1.7079891950e-01 -8.1846585481e-02 -9.2796674568e-01
1.7080104101e-01 -8.1847939938e-02 -9.2796892629e-01
1.7079815087e-01 -8.1855432311e-02 -9.2796484289e-01
1.7079991199e-01 -8.1856757643e-02 -9.2796670713e-01
1.7078959286e-01 -8.1845422781e-02 -9.2796826279e-01
1.7079151875e-01 -8.1847069737e-02 -9.2797001284e-01
1.7078836082e-01 -8.1855462421e-02 -9.2796661591e-01
1.7079020776e-01 -8.1856647395e-02 -9.2796859605e-01
5.2491887741e-02 1.3653471934e+00 8.0422236365e-01
5.2492995825e-02 1.3653471913e+00 8.0422021081e-01
5.2491048646e-02 1.3653462042e+00 8.0422175886e-01
5.2492077828e-02 1.3653465128e+00 8.0421952212e-01
5.2493397281e-02 1.3653462610e+00 8.0422244064e-01
5.2494663426e-02 1.3653465965e+00 8.0422032430e-01
5.2492470092e-02 1.3653455925e+00 8.0422149293e-01
5.2493957242e-02 1.3653462025e+00 8.0421964028e-01
8.5750557220e-01 -1.0082310011e+00 1.3451782656e+00
8.5750555838e-01 -1.0082313954e+00 1.3451774026e+00
8.5750652668e-01 -1.0082342491e+00 1.3451760423e+00
8.5750555672e-01 -1.0082352102e+00 1.3451749706e+00
8.5750680056e-01 -1.0082307546e+00 1.3451788014e+00
8.5750637611e-01 -1.0082326484e+00 1.3451782176e+00
8.5750741847e-01 -1.0082349294e+00 1.3451759394e+00
8.5750704455e-01 -1.0082365106e+00 1.3451749320e+00
4.2180505688e-02 -7.8077654615e-01 -7.9172529551e-01
4.2180047693e-02 -7.8077648359e-01 -7.9172655740e-01
4.2180114058e-02 -7.8076952534e-01 -7.9172345129e-01
4.2179907196e-02 -7.8076926641e-01 -7.9172467665e-01
4.2178686604e-02 -7.8077364950e-01 -7.9171876287e-01
4.2178557069e-02 -7.8077317386e-01 -7.9172048795e-01
4.2178832196e-02 -7.8076682967e-01 -7.9171713349e-01
4.2178798410e-02 -7.8076620857e-01 -7.9171876535e-01
-1.0446220046e+00 -3.4972905183e-02 -5.0475673492e-01
-1.0446197453e+00 -3.4974714423e-02 -5.0475987164e-01
-1.0446210676e+00 -3.4963983634e-02 -5.0475272743e-01
-1.0446189177e+00 -3.4965723962e-02 -5.0475624334e-01
-1.0446178363e+00 -3.4969436432e-02 -5.0475470293e-01
-1.0446151123e+00 -3.4971991231e-02 -5.0475810562e-01
-1.0446168389e+00 -3.4960509472e-02 -5.0475043393e-01
-1.0446142617e+00 -3.4963227106e-02 -5.0475441319e-01
-1.2975837496e-01 -1.4315485072e+00 8.5082083472e-01
-1.2975814333e-01 -1.4315516321e+00 8.5082783611e-01
-1.2975623601e-01 -1.4315519216e+00 8.5081923802e-01
-1.2975538783e-01 -1.4315549262e+00 8.5082620174e-01
-1.2975892281e-01 -1.4315490608e+00 8.5082092738e-01
-1.2975787254e-01 -1.4315523958e+00 8.5082787465e-01
-1.2975567607e-01 -1.4315519578e+00 8.5081883603e-01
-1.2975574290e-01 -1.4315553034e+00 8.5082619803e-01
2.5979778056e-01 1.6422764532e-01 5.3237084556e-01
2.5979811511e-01 1.6422812170e-01 5.3237001060e-01
2.5979740664e-01 1.6422817276e-01 5.3237133504e-01
2.5979787015e-01 1.6422802208e-01 5.3237106905e-01
2.5980177350e-01 1.6422660879e-01 5.3237008459e-01
2.5980162806e-01 1.6422620674e-01 5.3236937055e-01
2.5980198084e-01 1.6422696446e-01 5.3237070206e-01
2.5980175193e-01 1.6422683573e-01 5.3237059155e-01
8.9406409996e-01 2.3145325150e-01 1.1075705090e+00
8.9406488679e-01 2.3145366497e-01 1.1075698409e+00
8.9406321331e-01 2.3145030683e-01 1.1075707879e+00
8.9406390841e-01 2.3145036418e-01 1.1075694738e+00
8.9405832739e-01 2.3145040538e-01 1.1075681924e+00
8.9405897505e-01 2.3145160279e-01 1.1075681113e+00
8.9405795783e-01 2.3144782390e-01 1.1075688550e+00
8.9405825898e-01 2.3144805612e-01 1.1075684482e+00
6.6519811466e-01 6.3659329492e-01 -2.9363266746e-01
6.6519802236e-01 6.3659388485e-01 -2.9363334826e-01
6.6519584158e-01 6.3660384150e-01 -2.9363496184e-01
6.6519556540e-01 6.3660491428e-01 -2.9363521048e-01
6.6520216517e-01 6.3659203128e-01 -2.9363559992e-01
6.6520070648e-01 6.3659287691e-01 -2.9363565893e-01
6.6519917728e-01 6.3660273891e-01 -2.9363751565e-01
6.6519914181e-01 6.3660344047e-01 -2.9363763474e-01
-7.1435227151e-01 7.6135788395e-01 1.1758170243e-01
-7.1435070368e-01 7.6135891031e-01 1.1757931425e-01
-7.1434981543e-01 7.6136555074e-01 1.1758203166e-01
-7.1434907083e-01 7.6136635788e-01 1.1757939934e-01
-7.1435017494e-01 7.6135715447e-01 1.1758131869e-01
-7.1434933236e-01 7.6135826921e-01 1.1757905291e-01
-7.1434835233e-01 7.6136462597e-01 1.1758136295e-01
-7.1434790379e-01 7.6136599983e-01 1.1757906520e-01
-1.7147130983e-01 -1.2195098662e-02 5.9233587581e-02
-1.7147349520e-01 -1.2196147946e-02 5.9230989830e-02
-1.7147013174e-01 -1.2196986769e-02 5.9232249344e-02
-1.7147137148e-01 -1.2197076234e-02 5.9229816185e-02
-1.7147023499e-01 -1.2196290918e-02 5.9233231312e-02
-1.7147161814e-01 -1.2197278430e-02 5.9230338322e-02
-1.7146900885e-01 -1.2197368830e-02 5.9231881892e-02
-1.7147031974e-01 -1.2197976207e-02 5.9229216441e-02
8.7627006907e-01 1.8212416540e-01 -3.2666494670e-01
8.7626975353e-01 1.8212370506e-01 -3.2666613575e-01
8.7627011561e-01 1.8211891665e-01 -3.2666235728e-01
8.7626948188e-01 1.8211850246e-01 -3.2666430666e-01
8.7626226155e-01 1.8212717921e-01 -3.2666275197e-01
8.7626232387e-01 1.8212693573e-01 -3.2666388081e-01
8.7626258222e-01 1.8212207404e-01 -3.2666087888e-01
8.7626174894e-01 1.8212162348e-01 -3.2666166565e-01
-1.3106776960e-01 4.0387144430e-01 -3.3962589457e-01
-1.3106993683e-01 4.0386932335e-01 -3.3962898399e-01
-1.3106790727e-01 4.0386718408e-01 -3.3962837369e-01
-1.3107024052e-01 4.0386591542e-01 -3.3963181053e-01
-1.3106432576e-01 4.0387324069e-01 -3.3962320292e-01
-1.3106656663e-01 4.0387170945e-01 -3.3962703263e-01
-1.3106379203e-01 4.0386826192e-01 -3.3962597699e-01
-1.3106696529e-01 4.0386775235e-01 -3.3962890968e-01
-1.9144479084e+00 1.0385835852e+00 -2.6067305792e-01
-1.9144440747e+00 1.0385814526e+00 -2.6067828095e-01
-1.9144481803e+00 1.0385831111e+00 -2.6067227209e-01
-1.9144445990e+00 1.0385801396e+00 -2.6067813240e-01
-1.9144421417e+00 1.0385826862e+00 -2.6067651100e-01
-1.9144389259e+00 1.0385795021e+00 -2.6068181214e-01
-1.9144424407e+00 1.0385818880e+00 -2.6067590316e-01
-1.9144393030e+00 1.0385792145e+00 -2.6068182368e-01
5.1137253286e-01 7.3071229414e-01 -9.0405524901e-01
5.1137243280e-01 7.3071269088e-01 -9.0405519926e-01
5.1137002497e-01 7.3071055516e-01 -9.0405709506e-01
5.1137077900e-01 7.3071053553e-01 -9.0405708775e-01
5.1137298936e-01 7.3071153546e-01 -9.0405525974e-01
5.1137306422e-01 7.3071181612e-01 -9.0405553856e-01
5.1137021574e-01 7.3070948341e-01 -9.0405729496e-01
5.1137011215e-01 7.3070924480e-01 -9.0405715052e-01
8.5951026034e-01 -5.0968294246e-01 -5.2400306932e-01
8.5950775914e-01 -5.0968408350e-01 -5.2400730816e-01
8.5950991679e-01 -5.0968335560e-01 -5.2400431175e-01
8.5950763344e-01 -5.0968442674e-01 -5.2400836032e-01
8.5951472475e-01 -5.0968348015e-01 -5.2400244749e-01
8.5951283920e-01 -5.0968412864e-01 -5.2400721449e-01
8.5951509344e-01 -5.0968350300e-01 -5.2400327402e-01
8.5951257711e-01 -5.0968434442e-01 -5.2400762717e-01
1.9765904939e+00 4.0132106371e-01 -7.7092976760e-01
1.9765907929e+00 4.0132121232e-01 -7.7093180013e-01
1.9765902563e+00 4.0132699318e-01 -7.7092431143e-01
1.9765910117e+00 4.0132693294e-01 -7.7092604737e-01
1.9765845969e+00 4.0131809589e-01 -7.7093417710e-01
1.9765846376e+00 4.0131815553e-01 -7.7093559193e-01
1.9765843172e+00 4.0132396228e-01 -7.7092913317e-01
1.9765851602e+00 4.0132438301e-01 -7.7093043261e-01
3.4016466301e-01 -3.8327946781e-01 1.7375792213e-01
3.4016531554e-01 -3.8327980121e-01 1.7375742756e-01
3.4016576132e-01 -3.8327544399e-01 1.7375476125e-01
3.4016575978e-01 -3.8327589283e-01 1.7375439408e-01
3.4016516732e-01 -3.8327963708e-01 1.7375810495e-01
3.4016559433e-01 -3.8328007280e-01 1.7375714343e-01
3.4016582455e-01 -3.8327534180e-01 1.7375482389e-01
3.4016709752e-01 -3.8327594884e-01 1.7375491043e-01
7.1538115884e-01 6.4599969779e-01 1.1276837461e+00
7.1538024556e-01 6.4599683282e-01 1.1276796005e+00
7.1538509457e-01 6.4600321858e-01 1.1276856187e+00
7.1538368147e-01 6.4600077644e-01 1.1276816793e+00
7.1539111095e-01 6.4600053247e-01 1.1276843319e+00
7.1539058097e-01 6.4599695009e-01 1.1276804878e+00
7.1539513779e-01 6.4600289599e-01 1.1276862592e+00
7.1539389960e-01 6.4600037379e-01 1.1276826058e+00
1.0734660046e+00 7.8075635642e-01 -8.7416335496e-01
1.0734679223e+00 7.8075683248e-01 -8.7415579789e-01
1.0734637230e+00 7.8075395206e-01 -8.7416510341e-01
1.0734667376e+00 7.8075533347e-01 -8.7415729345e-01
1.0734671542e+00 7.8075578459e-01 -8.7416408790e-01
1.0734686123e+00 7.8075721272e-01 -8.7415640657e-01
1.0734648565e+00 7.8075424048e-01 -8.7416480950e-01
1.0734667310e+00 7.8075551572e-01 -8.7415764204e-01
-7.2497994760e-01 3.1623399344e+00 6.4583137385e-02
-7.2498338117e-01 3.1623377355e+00 6.4580389271e-02
-7.2497929338e-01 3.1623488186e+00 6.4579265859e-02
-7.2498244721e-01 3.1623464868e+00 6.4577072306e-02
-7.2498059493e-01 3.1623385728e+00 6.4583459649e-02
-7.2498430760e-01 3.1623370229e+00 6.4580745984e-02
-7.2498016599e-01 3.1623469137e+00 6.4579968306e-02
-7.2498340416e-01 3.1623453257e+00 6.4577303847e-02
-5.5232214924e-02 -1.3149969899e+00 -2.8556994143e-01
-5.5234344974e-02 -1.3149951215e+00 -2.8556603429e-01
-5.5232278452e-02 -1.3149981383e+00 -2.8557067873e-01
-5.5234842732e-02 -1.3149962409e+00 -2.8556621893e-01
-5.5231714432e-02 -1.3149972470e+00 -2.8557218905e-01
-5.5233996508e-02 -1.3149944523e+00 -2.8556841286e-01
-5.5231294700e-02 -1.3149981251e+00 -2.8557254963e-01
-5.5234365130e-02 -1.3149957976e+00 -2.8556848200e-01
7.0273376498e-01 -5.3479619586e-02 4.1366195944e-01
7.0273397947e-01 -5.3479567656e-02 4.1366166442e-01
7.0273145046e-01 -5.3483181342e-02 4.1365894651e-01
7.0273160607e-01 -5.3483291885e-02 4.1365892825e-01
7.0273341077e-01 -5.3480138780e-02 4.1366211099e-01
7.0273432788e-01 -5.3479825268e-02 4.1366252976e-01
7.0273169148e-01 -5.3483193498e-02 4.1365970115e-01
7.0273162772e-01 -5.3483912191e-02 4.1365969228e-01
-7.5112163016e-02 -4.2180992619e-03 4.6168194670e-01
-7.5114013901e-02 -4.2190143251e-03 4.6168087513e-01
-7.5113427383e-02 -4.2250725966e-03 4.6168430109e-01
-7.5114523063e-02 -4.2248161152e-03 4.6168268956e-01
-7.5106630375e-02 -4.2213172747e-03 4.6168036188e-01
-7.5107820861e-02 -4.2219543704e-03 4.6167938155e-01
-7.5107598641e-02 -4.2273642397e-03 4.6168288639e-01
-7.5109071786e-02 -4.2276329044e-03 4.6168198976e-01
5.4875332967e-01 -6.3721138388e-01 -1.7986284786e-01
5.4875292822e-01 -6.3721040527e-01 -1.7985730849e-01
5.4875309256e-01 -6.3721421261e-01 -1.7986507755e-01
5.4875295508e-01 -6.3721263420e-01 -1.7985872745e-01
5.4875532767e-01 -6.3721199800e-01 -1.7986293931e-01
5.4875520396e-01 -6.3721151727e-01 -1.7985713261e-01
5.4875464866e-01 -6.3721488860e-01 -1.7986502026e-01
5.4875438826e-01 -6.3721323962e-01 -1.7985877627e-01
1.2363619565e-01 9.4909291379e-02 -1.6377289030e-01
1.2363621673e-01 9.4909440005e-02 -1.6377317937e-01
1.2363854542e-01 9.4910775744e-02 -1.6377094435e-01
1.2363778477e-01 9.4910706750e-02 -1.6377085829e-01
1.2364439822e-01 9.4909376000e-02 -1.6377245976e-01
1.2364420008e-01 9.4909631079e-02 -1.6377249827e-01
1.2364625941e-01 9.4911018843e-02 -1.6377124195e-01
1.2364587830e-01 9.4911380073e-02 -1.6377067870e-01
1.4680324930e+00 -4.3350337947e-01 -1.0206580429e+00
1.4680346360e+00 -4.3350243366e-01 -1.0206626970e+00
1.4680327078e+00 -4.3350606090e-01 -1.0206561286e+00
1.4680342119e+00 -4.3350468359e-01 -1.0206606115e+00
1.4680248151e+00 -4.3350512611e-01 -1.0206611790e+00
1.4680262097e+00 -4.3350380976e-01 -1.0206661710e+00
1.4680251929e+00 -4.3350777353e-01 -1.0206591626e+00
1.4680264213e+00 -4.3350631287e-01 -1.0206644544e+00
-1.0808489616e+00 1.2540084037e+00 1.2551093602e+00
-1.0808429541e+00 1.2540049187e+00 1.2551034258e+00
-1.0808490723e+00 1.2540087939e+00 1.2551090841e+00
-1.0808429604e+00 1.2540053712e+00 1.2551036164e+00
-1.0808371387e+00 1.2540052900e+00 1.2551066991e+00
-1.0808311375e+00 1.2540014506e+00 1.2551012205e+00
-1.0808368592e+00 1.2540064787e+00 1.2551071402e+00
-1.0808307762e+00 1.2540026074e+00 1.2551012737e+00
-8.6503383735e-01 9.5419823211e-01 -1.0286858088e+00
-8.6503422009e-01 9.5420197191e-01 -1.0286894613e+00
-8.6503662134e-01 9.5419548899e-01 -1.0286892755e+00
-8.6503630756e-01 9.5419822626e-01 -1.0286929031e+00
-8.6503345854e-01 9.5419820338e-01 -1.0286863390e+00
-8.6503326116e-01 9.5420135769e-01 -1.0286899034e+00
-8.6503584680e-01 9.5419496922e-01 -1.0286894593e+00
-8.6503550159e-01 9.5419835304e-01 -1.0286929488e+00
2.4643616467e+00 2.0983966493e-01 2.3297120992e-01
2.4643664278e+00 2.0983608633e-01 2.3296649655e-01
2.4643666308e+00 2.0983428109e-01 2.3296959845e-01
2.4643699090e+00 2.0983089936e-01 2.3296463633e-01
2.4643585504e+00 2.0984227040e-01 2.3297498948e-01
2.4643622713e+00 2.0983951648e-01 2.3297026031e-01
2.4643623757e+00 2.0983700388e-01 2.3297281236e-01
2.4643653184e+00 2.0983349287e-01 2.3296852390e-01
-7.6065326931e-02 -1.3496381247e+00 -2.1098874253e-01
-7.6064955288e-02 -1.3496385399e+00 -2.1098830334e-01
-7.6067286838e-02 -1.3496417022e+00 -2.1099127381e-01
-7.6067233718e-02 -1.3496422324e+00 -2.1099143320e-01
-7.6065123503e-02 -1.3496381970e+00 -2.1098827146e-01
-7.6065224036e-02 -1.3496381019e+00 -2.1098853202e-01
-7.6066891300e-02 -1.3496415179e+00 -2.1099128981e-01
-7.6066862909e-02 -1.3496419934e+00 -2.1099087687e-01
-1.2718061866e+00 -6.1886735401e-02 -6.3100367897e-01
-1.2718059714e+00 -6.1885943525e-02 -6.3100470983e-01
-1.2718056541e+00 -6.1886923454e-02 -6.3100278979e-01
-1.2718056138e+00 -6.1886131694e-02 -6.3100394692e-01
-1.2718025272e+00 -6.1884332381e-02 -6.3100115046e-01
-1.2718024161e+00 -6.1883755551e-02 -6.3100155720e-01
-1.2718018475e+00 -6.1884360766e-02 -6.3100079729e-01
-1.2718014396e+00 -6.1883817093e-02 -6.3100103907e-01
-1.2645887460e+00 -6.2358331110e-01 7.4095122194e-01
-1.2645892607e+00 -6.2358228666e-01 7.4094985596e-01
-1.2645877274e+00 -6.2358447207e-01 7.4095112546e-01
-1.2645882411e+00 -6.2358403135e-01 7.4094948693e-01
-1.2645861509e+00 -6.2358452156e-01 7.4094911431e-01
-1.2645860865e+00 -6.2358393639e-01 7.4094813636e-01
-1.2645850393e+00 -6.2358606922e-01 7.4094886676e-01
-1.2645858801e+00 -6.2358576812e-01 7.4094733675e-01
1.4684670237e+00 4.2637241063e-01 -3.4115600335e-01
1.4684663310e+00 4.2637521974e-01 -3.4115854116e-01
1.4684644696e+00 4.2638178131e-01 -3.4115534887e-01
1.4684633264e+00 4.2638463056e-01 -3.4115820150e-01
1.4684735753e+00 4.2636767285e-01 -3.4116007232e-01
1.4684716329e+00 4.2637071279e-01 -3.4116336109e-01
1.4684699814e+00 4.2637740731e-01 -3.4115963735e-01
1.4684691923e+00 4.2638029732e-01 -3.4116250001e-01
-7.8063329226e-01 -1.4461779080e+00 -5.7073829004e-01
-7.8063927926e-01 -1.4461799989e+00 -5.7074446757e-01
-7.8063323741e-01 -1.4461773685e+00 -5.7073781016e-01
-7.8064003847e-01 -1.4461806157e+00 -5.7074490570e-01
-7.8063108355e-01 -1.4461765693e+00 -5.7073717387e-01
-7.8063780361e-01 -1.4461796533e+00 -5.7074340310e-01
-7.8063144852e-01 -1.4461761925e+00 -5.7073629630e-01
-7.8063739285e-01 -1.4461792872e+00 -5.7074345169e-01
4.8915516410e-01 -1.1269594908e-01 2.0026585803e+00
4.8915321001e-01 -1.1269749566e-01 2.0026547270e+00
4.8915410688e-01 -1.1269835757e-01 2.0026549842e+00
4.8915266456e-01 -1.1270085383e-01 2.0026509413e+00
4.8916132786e-01 -1.1269520501e-01 2.0026598826e+00
4.8915917976e-01 -1.1269758586e-01 2.0026552894e+00
4.8916049660e-01 -1.1269826469e-01 2.0026558909e+00
4.8915879814e-01 -1.1270088333e-01 2.0026509448e+00
1.0484445540e+00 -1.0545234838e-01 3.1574341401e-01
1.0484474264e+00 -1.0545477960e-01 3.1573659562e-01
1.0484477170e+00 -1.0545541046e-01 3.1574119577e-01
1.0484502669e+00 -1.0545757271e-01 3.1573421646e-01
1.0484416227e+00 -1.0545203295e-01 3.1574131668e-01
1.0484440386e+00 -1.0545514926e-01 3.1573608589e-01
1.0484443431e+00 -1.0545545923e-01 3.1574000493e-01
1.0484465638e+00 -1.0545790929e-01 3.1573350401e-01
-7.1915956813e-01 -1.3315001758e+00 2.2774107054e-01
-7.1916362559e-01 -1.3314989973e+00 2.2774514853e-01
-7.1915934499e-01 -1.3314992489e+00 2.2774079755e-01
-7.1916338290e-01 -1.3314975631e+00 2.2774570748e-01
-7.1915588828e-01 -1.3314990795e+00 2.2774376875e-01
-7.1916052105e-01 -1.3314970954e+00 2.2774892611e-01
-7.1915575311e-01 -1.3314978681e+00 2.2774423386e-01
-7.1916033039e-01 -1.3314962976e+00 2.2774898930e-01
1.1007442771e+00 1.7068855972e-01 2.7362850572e-01
1.1007435238e+00 1.7068810270e-01 2.7362759918e-01
1.1007457992e+00 1.7068403327e-01 2.7362578629e-01
1.1007457695e+00 1.7068386233e-01 2.7362515622e-01
1.1007361415e+00 1.7069041608e-01 2.7363107742e-01
1.1007355972e+00 1.7069049761e-01 2.7363100044e-01
1.1007372490e+00 1.7068655367e-01 2.7362817921e-01
1.1007375951e+00 1.7068605502e-01 2.7362840067e-01
4.8967731816e-01 -8.1077701115e-01 7.8460632098e-01
4.8967968597e-01 -8.1077754922e-01 7.8460362777e-01
4.8967750748e-01 -8.1077793358e-01 7.8460573418e-01
4.8968005732e-01 -8.1077888725e-01 7.8460272705e-01
4.8967260537e-01 -8.1077668023e-01 7.8460563771e-01
4.8967494877e-01 -8.1077793146e-01 7.8460294782e-01
4.8967239200e-01 -8.1077748046e-01 7.8460542075e-01
4.8967519507e-01 -8.1077848082e-01 7.8460264849e-01
-9.0474851537e-01 -7.3206520226e-01 4.6753813993e-01
-9.0475197332e-01 -7.3206593337e-01 4.6753458656e-01
-9.0474855719e-01 -7.3206811856e-01 4.6753857353e-01
-9.0475179034e-01 -7.3206917740e-01 4.6753484772e-01
-9.0474416534e-01 -7.3206357160e-01 4.6754165765e-01
-9.0474746424e-01 -7.3206490116e-01 4.6753739558e-01
-9.0474393577e-01 -7.3206681962e-01 4.6754222314e-01
-9.0474771026e-01 -7.3206747643e-01 4.6753775117e-01
-1.4791431968e+00 6.7764907601e-02 7.6307227468e-01
-1.4791435542e+00 6.7764549747e-02 7.6307218950e-01
-1.4791426096e+00 6.7765024178e-02 7.6307181692e-01
-1.4791433238e+00 6.7765024654e-02 7.6307126357e-01
-1.4791416939e+00 6.7765162653e-02 7.6307171028e-01
-1.4791418901e+00 6.7765246548e-02 7.6307171292e-01
-1.4791407682e+00 6.7764448681e-02 7.6307083945e-01
-1.4791412922e+00 6.7764326999e-02 7.6307089554e-01
3.0189060327e-01 1.8840381469e-01 3.2861323986e-02
3.0188948551e-01 1.8840175389e-01 3.2855100677e-02
3.0188993627e-01 1.8840067351e-01 3.2858553651e-02
3.0188893893e-01 1.8839858095e-01 3.2852909071e-02
3.0189759630e-01 1.8840297622e-01 3.2862713727e-02
3.0189691440e-01 1.8840069413e-01 3.2856912701e-02
3.0189660449e-01 1.8840049119e-01 3.2860183214e-02
3.0189667433e-01 1.8839865146e-01 3.2854310702e-02
1.8445058126e-01 3.2856580852e-02 1.6492952288e+00
1.8445054787e-01 3.2855290404e-02 1.6492948116e+00
1.8444917173e-01 3.2853649120e-02 1.6492973407e+00
1.8444931030e-01 3.2852106501e-02 1.6492962753e+00
1.8445257725e-01 3.2856569356e-02 1.6492956822e+00
1.8445252266e-01 3.2855017764e-02 1.6492949493e+00
1.8445107007e-01 3.2853959710e-02 1.6492973734e+00
1.8445128644e-01 3.2852056445e-02 1.6492965305e+00
9.7118867352e-01 6.8026734565e-01 3.7444363593e-01
9.7118815751e-01 6.8026738332e-01 3.7444284900e-01
9.7118896679e-01 6.8026809904e-01 3.7444404724e-01
9.7118901156e-01 6.8026674066e-01 3.7444323735e-01
9.7118846278e-01 6.8026708504e-01 3.7444379481e-01
9.7118761444e-01 6.8026748333e-01 3.7444291773e-01
9.7118889605e-01 6.8026736086e-01 3.7444429877e-01
9.7118850097e-01 6.8026670533e-01 3.7444287787e-01
-7.3226736924e-01 2.1344273799e-01 9.8770803685e-02
-7.3226673950e-01 2.1344247789e-01 9.8770923040e-02
-7.3226839537e-01 2.1344095200e-01 9.8771294659e-02
-7.3226832564e-01 2.1344078150e-01 9.8771181908e-02
-7.3226816633e-01 2.1344185717e-01 9.8771420055e-02
-7.3226717116e-01 2.1344172506e-01 9.8772037115e-02
-7.3226805440e-01 2.1344105810e-01 9.8772325483e-02
-7.3226824685e-01 2.1344091108e-01 9.8771740970e-02
7.3822352739e-01 1.3548344167e+00 1.2394169515e+00
7.3822329675e-01 1.3548347191e+00 1.2394172640e+00
7.3822316869e-01 1.3548367343e+00 1.2394153687e+00
7.3822358674e-01 1.3548375551e+00 1.2394159175e+00
7.3822322052e-01 1.3548345231e+00 1.2394168952e+00
7.3822335330e-01 1.3548344472e+00 1.2394174766e+00
7.3822374317e-01 1.3548373179e+00 1.2394154785e+00
7.3822406089e-01 1.3548372881e+00 1.2394153483e+00
1.4389776117e+00 8.9655158879e-01 3.6617886418e-01
1.4389791503e+00 8.9655381051e-01 3.6618672368e-01
1.4389777639e+00 8.9655178724e-01 3.6617952771e-01
1.4389800740e+00 8.9655405087e-01 3.6618827491e-01
1.4389815885e+00 8.9655023726e-01 3.6617734176e-01
1.4389828409e+00 8.9655324549e-01 3.6618564410e-01
1.4389818324e+00 8.9655113115e-01 3.6617837913e-01
1.4389843634e+00 8.9655333842e-01 3.6618662226e-01
1.1609632163e+00 1.0838382178e+00 1.0889558912e-01
1.1609628326e+00 1.0838374617e+00 1.0889591769e-01
1.1609626145e+00 1.0838374923e+00 1.0889676582e-01
1.1609624976e+00 1.0838374110e+00 1.0889649021e-01
1.1609640203e+00 1.0838375034e+00 1.0889559696e-01
1.1609641793e+00 1.0838377289e+00 1.0889588550e-01
1.1609634877e+00 1.0838371787e+00 1.0889672803e-01
1.1609624622e+00 1.0838371874e+00 1.0889660246e-01
7.1198904490e-01 1.1898432435e+00 9.1825422819e-02
7.1198745011e-01 1.1898427511e+00 9.1827432524e-02
7.1199019591e-01 1.1898476739e+00 9.1827928415e-02
7.1198866191e-01 1.1898474587e+00 9.1830265268e-02
7.1198350734e-01 1.1898435953e+00 9.1826873276e-02
7.1198336516e-01 1.1898439850e+00 9.1829246424e-02
7.1198545173e-01 1.1898486269e+00 9.1829754327e-02
7.1198417039e-01 1.1898483450e+00 9.1832416384e-02
1.4804180313e+00 1.0000562057e+00 2.7866296643e-02
1.4804215392e+00 1.0000550439e+00 2.7863376215e-02
1.4804172764e+00 1.0000635999e+00 2.7869096376e-02
1.4804205306e+00 1.0000625492e+00 2.7865977401e-02
1.4804093908e+00 1.0000549222e+00 2.7864024524e-02
1.4804133256e+00 1.0000539108e+00 2.7861576312e-02
1.4804082091e+00 1.0000624013e+00 2.7866845971e-02
1.4804119287e+00 1.0000610490e+00 2.7864170900e-02
1.7154584523e+00 1.1250028013e+00 7.1465661448e-01
1.7154684165e+00 1.1250086956e+00 7.1466974875e-01
1.7154588485e+00 1.1250006677e+00 7.1465715150e-01
1.7154693787e+00 1.1250080074e+00 7.1466993023e-01
1.7154503010e+00 1.1249981665e+00 7.1465347477e-01
1.7154602164e+00 1.1250046446e+00 7.1466579510e-01
1.7154508532e+00 1.1249964482e+00 7.1465359266e-01
1.7154607661e+00 1.1250034109e+00 7.1466642445e-01
-4.8247078091e-01 -8.9623559327e-01 -3.2059548939e-01
-4.8247036158e-01 -8.9623605596e-01 -3.2059514943e-01
-4.8247054238e-01 -8.9622798141e-01 -3.2059544553e-01
-4.8247090671e-01 -8.9622750918e-01 -3.2059504630e-01
-4.8247145063e-01 -8.9623495691e-01 -3.2059527722e-01
-4.8247171653e-01 -8.9623505401e-01 -3.2059524356e-01
-4.8247166119e-01 -8.9622663552e-01 -3.2059611596e-01
-4.8247224765e-01 -8.9622690568e-01 -3.2059515079e-01
-1.6157868422e-01 7.2609453403e-01 8.8626041355e-02
-1.6157987781e-01 7.2609346574e-01 8.8625498402e-02
-1.6157903436e-01 7.2609416610e-01 8.8626762539e-02
-1.6158071990e-01 7.2609339860e-01 8.8625207977e-02
-1.6158942258e-01 7.2609527115e-01 8.8627650683e-02
-1.6159013426e-01 7.2609443497e-01 8.8627406904e-02
-1.6158929200e-01 7.2609544696e-01 8.8627753499e-02
-1.6159076067e-01 7.2609467702e-01 8.8626412805e-02
-4.4562725011e-01 -3.1233031691e-01 7.1736076161e-01
-4.4562718402e-01 -3.1233045772e-01 7.1736128066e-01
-4.4562772063e-01 -3.1233013542e-01 7.1736076678e-01
-4.4562762826e-01 -3.1233023810e-01 7.1736160534e-01
-4.4562742943e-01 -3.1233066344e-01 7.1736069672e-01
-4.4562709769e-01 -3.1233096292e-01 7.1736135390e-01
-4.4562763093e-01 -3.1233059620e-01 7.1736095798e-01
-4.4562731084e-01 -3.1233123791e-01 7.1736182960e-01
1.1229490890e+00 1.5347916612e+00 -5.9005790571e-01
1.1229482548e+00 1.5347916437e+00 -5.9005640834e-01
1.1229483381e+00 1.5347889890e+00 -5.9005878150e-01
1.1229476283e+00 1.5347895737e+00 -5.9005674584e-01
1.1229506541e+00 1.5347925835e+00 -5.9005761374e-01
1.1229496039e+00 1.5347923442e+00 -5.9005538339e-01
1.1229494808e+00 1.5347899493e+00 -5.9005815567e-01
1.1229492925e+00 1.5347904649e+00 -5.9005703848e-01
-4.2809061568e-02 -1.9269003696e+00 -1.0369148586e+00
-4.2808938363e-02 -1.9269008702e+00 -1.0369150840e+00
-4.2810208504e-02 -1.9269008188e+00 -1.0369149645e+00
-4.2810385124e-02 -1.9269007480e+00 -1.0369145766e+00
-4.2807510963e-02 -1.9268991654e+00 -1.0369166194e+00
-4.2806759155e-02 -1.9268994392e+00 -1.0369162524e+00
-4.2808542945e-02 -1.9269003712e+00 -1.0369157876e+00
-4.2807725663e-02 -1.9269004936e+00 -1.0369160408e+00
-3.3230495214e-01 -2.3669659044e+00 3.6551340165e-01
-3.3230469211e-01 -2.3669678132e+00 3.6552256410e-01
-3.3230458322e-01 -2.3669670143e+00 3.6551214856e-01
-3.3230353689e-01 -2.3669692158e+00 3.6552121760e-01
-3.3230381925e-01 -2.3669662924e+00 3.6551168978e-01
-3.3230282322e-01 -2.3669679324e+00 3.6552132972e-01
-3.3230233974e-01 -2.3669677379e+00 3.6551050333e-01
-3.3230228745e-01 -2.3669698804e+00 3.6552041170e-01
-2.2799760064e-02 -1.0604647885e-01 -4.6666039524e-01
-2.2799099022e-02 -1.0604590586e-01 -4.6665950439e-01
-2.2799783092e-02 -1.0604312130e-01 -4.6665845078e-01
-2.2800330214e-02 -1.0604198467e-01 -4.6665730524e-01
-2.2795646650e-02 -1.0604892469e-01 -4.6666280005e-01
-2.2795273750e-02 -1.0604765645e-01 -4.6666160764e-01
-2.2796142226e-02 -1.0604543803e-01 -4.6666064483e-01
-2.2796259694e-02 -1.0604453244e-01 -4.6665947628e-01
9.3667678293e-01 -5.9204551286e-01 -1.5154401415e+00
9.3667550377e-01 -5.9204604410e-01 -1.5154330575e+00
9.3667768418e-01 -5.9203878203e-01 -1.5154433484e+00
9.3667719605e-01 -5.9203962466e-01 -1.5154359743e+00
9.3667650793e-01 -5.9204537917e-01 -1.5154395479e+00
9.3667545725e-01 -5.9204688856e-01 -1.5154327886e+00
9.3667803722e-01 -5.9203847315e-01 -1.5154420208e+00
9.3667720212e-01 -5.9203964081e-01 -1.5154354370e+00
-1.0124404453e-01 2.3294163440e-01 1.2247205944e+00
-1.0124429855e-01 2.3294085423e-01 1.2247202863e+00
-1.0124279066e-01 2.3294608723e-01 1.2247221534e+00
-1.0124346970e-01 2.3294600844e-01 1.2247220587e+00
-1.0124605907e-01 2.3294059272e-01 1.2247225679e+00
-1.0124600675e-01 2.3294060457e-01 1.2247230152e+00
-1.0124489006e-01 2.3294673022e-01 1.2247238671e+00
-1.0124487398e-01 2.3294589254e-01 1.2247244061e+00
-1.6363183363e+00 -1.3475969277e-02 -6.2339479913e-01
-1.6363185856e+00 -1.3475825981e-02 -6.2339335256e-01
-1.6363179088e+00 -1.3476516612e-02 -6.2339398450e-01
-1.6363190961e+00 -1.3476763114e-02 -6.2339322578e-01
-1.6363270658e+00 -1.3479414529e-02 -6.2339635870e-01
-1.6363276808e+00 -1.3479103718e-02 -6.2339498772e-01
-1.6363270451e+00 -1.3479237060e-02 -6.2339601065e-01
-1.6363274220e+00 -1.3479582440e-02 -6.2339471611e-01
1.4964832133e-02 -8.6545655739e-01 1.5758846395e-01
1.4965246173e-02 -8.6545740909e-01 1.5758672220e-01
1.4965024521e-02 -8.6545723347e-01 1.5758800147e-01
1.4965096832e-02 -8.6545703541e-01 1.5758673291e-01
1.4965277729e-02 -8.6545724210e-01 1.5758803829e-01
1.4965816768e-02 -8.6545799518e-01 1.5758731084e-01
1.4965213249e-02 -8.6545749372e-01 1.5758818198e-01
1.4965784357e-02 -8.6545805229e-01 1.5758694684e-01
-3.3271193790e-01 1.1659693583e+00 -2.0388242156e-01
-3.3271251980e-01 1.1659678883e+00 -2.0388476069e-01
-3.3271104713e-01 1.1659775103e+00 -2.0388377183e-01
-3.3271128516e-01 1.1659751649e+00 -2.0388556132e-01
-3.3271090801e-01 1.1659699081e+00 -2.0388290493e-01
-3.3271089120e-01 1.1659681979e+00 -2.0388466682e-01
-3.3271017321e-01 1.1659773775e+00 -2.0388361297e-01
-3.3271029357e-01 1.1659756372e+00 -2.0388545267e-01
8.5449072608e-01 -1.1767477524e+00 -5.5760495099e-01
8.5449078289e-01 -1.1767475410e+00 -5.5760550977e-01
8.5448893474e-01 -1.1767486184e+00 -5.5760640596e-01
8.5448919607e-01 -1.1767485658e+00 -5.5760714674e-01
8.5449078325e-01 -1.1767472924e+00 -5.5760483136e-01
8.5449170858e-01 -1.1767473679e+00 -5.5760541439e-01
8.5448905474e-01 -1.1767487523e+00 -5.5760593692e-01
8.5448948108e-01 -1.1767483823e+00 -5.5760661948e-01
-8.5247067993e-01 3.1965005526e-01 -7.9436266051e-01
-8.5247002785e-01 3.1964981463e-01 -7.9436374286e-01
-8.5247409476e-01 3.1964641737e-01 -7.9436593402e-01
-8.5247381078e-01 3.1964606257e-01 -7.9436666381e-01
-8.5246908128e-01 3.1964908392e-01 -7.9436150501e-01
-8.5246911203e-01 3.1964875239e-01 -7.9436275229e-01
-8.5247285152e-01 3.1964513488e-01 -7.9436432508e-01
-8.5247293754e-01 3.1964547561e-01 -7.9436518937e-01
-5.5669460441e-01 8.8012750148e-01 3.6377955932e-01
-5.5669573667e-01 8.8012742405e-01 3.6377837008e-01
-5.5669397737e-01 8.8012621807e-01 3.6377853592e-01
-5.5669516187e-01 8.8012616774e-01 3.6377668579e-01
-5.5669223949e-01 8.8012790546e-01 3.6378084890e-01
-5.5669282478e-01 8.8012774629e-01 3.6378050469e-01
-5.5669137691e-01 8.8012636872e-01 3.6378038817e-01
-5.5669126481e-01 8.8012621483e-01 3.6377922115e-01
4.7273177962e-02 1.1588712959e-01 1.2774554249e+00
4.7274305318e-02 1.1588930289e-01 1.2774547221e+00
4.7273954213e-02 1.1588182509e-01 1.2774578988e+00
4.7274244980e-02 1.1588343641e-01 1.2774573094e+00
4.7273773645e-02 1.1588612347e-01 1.2774552637e+00
4.7274283692e-02 1.1588887141e-01 1.2774547289e+00
4.7273983063e-02 1.1588127222e-01 1.2774579763e+00
4.7274270304e-02 1.1588249589e-01 1.2774569550e+00
-5.7273618901e-01 -6.4079386603e-01 3.8039666927e-01
-5.7273621694e-01 -6.4079330916e-01 3.8039621871e-01
-5.7273735827e-01 -6.4079496725e-01 3.8039728702e-01
-5.7273665082e-01 -6.4079445676e-01 3.8039732659e-01
-5.7273650885e-01 -6.4079408318e-01 3.8039701079e-01
-5.7273646064e-01 -6.4079368114e-01 3.8039690422e-01
-5.7273741049e-01 -6.4079530603e-01 3.8039732862e-01
-5.7273700894e-01 -6.4079428010e-01 3.8039720508e-01
-8.4533807336e-02 9.6935712381e-01 1.0739068116e+00
-8.4530954676e-02 9.6935560462e-01 1.0739040067e+00
-8.4533299720e-02 9.6935694690e-01 1.0739064846e+00
-8.4530459338e-02 9.6935611791e-01 1.0739032940e+00
-8.4531232309e-02 9.6935688191e-01 1.0739045359e+00
-8.4529000174e-02 9.6935594911e-01 1.0739011481e+00
-8.4530279200e-02 9.6935608434e-01 1.0739035408e+00
-8.4528461449e-02 9.6935540403e-01 1.0739004841e+00
2.3165387661e+00 -1.3195269189e+00 -7.3069071864e-01
2.3165386942e+00 -1.3195255357e+00 -7.3069110558e-01
2.3165382883e+00 -1.3195275284e+00 -7.3069053161e-01
2.3165390657e+00 -1.3195268473e+00 -7.3069076303e-01
2.3165392779e+00 -1.3195271481e+00 -7.3069023922e-01
2.3165399585e+00 -1.3195264961e+00 -7.3069033524e-01
2.3165387323e+00 -1.3195284217e+00 -7.3069047106e-01
2.3165392969e+00 -1.3195272415e+00 -7.3069045496e-01
-5.3060631640e-01 3.6614456544e-01 7.9439036186e-02
-5.3060366610e-01 3.6614569601e-01 7.9435270948e-02
-5.3060587307e-01 3.6614309485e-01 7.9438461725e-02
-5.3060327321e-01 3.6614380365e-01 7.9434366309e-02
-5.3060488006e-01 3.6614502459e-01 7.9439250163e-02
-5.3060252272e-01 3.6614560395e-01 7.9435032472e-02
-5.3060510524e-01 3.6614382593e-01 7.9438450775e-02
-5.3060243732e-01 3.6614410736e-01 7.9434083911e-02
1.1391264626e+00 -1.2109114936e+00 -4.2745285736e-01
1.1391255307e+00 -1.2109123459e+00 -4.2745486360e-01
1.1391266940e+00 -1.2109146062e+00 -4.2745093885e-01
1.1391256484e+00 -1.2109153722e+00 -4.2745353012e-01
1.1391214906e+00 -1.2109129146e+00 -4.2745389101e-01
1.1391200634e+00 -1.2109134109e+00 -4.2745568302e-01
1.1391216544e+00 -1.2109157021e+00 -4.2745244573e-01
1.1391207300e+00 -1.2109163545e+00 -4.2745435919e-01
-1.9970194515e+00 6.2933595341e-01 -4.6350862611e-01
-1.9970192298e+00 6.2933518352e-01 -4.6350768810e-01
-1.9970149547e+00 6.2933940704e-01 -4.6350519160e-01
-1.9970135161e+00 6.2933823769e-01 -4.6350418504e-01
-1.9970257032e+00 6.2933041577e-01 -4.6351167842e-01
-1.9970246055e+00 6.2933010704e-01 -4.6351065525e-01
-1.9970207158e+00 6.2933419494e-01 -4.6350851839e-01
-1.9970203304e+00 6.2933368499e-01 -4.6350721407e-01
2.3673054150e-02 -7.6834608821e-01 -1.0067265545e+00
2.3676203208e-02 -7.6834687955e-01 -1.0067290184e+00
2.3673770036e-02 -7.6834653561e-01 -1.0067257430e+00
2.3676628679e-02 -7.6834825225e-01 -1.0067276627e+00
2.3674469315e-02 -7.6834604834e-01 -1.0067275281e+00
2.3677435750e-02 -7.6834780132e-01 -1.0067294952e+00
2.3675129915e-02 -7.6834684842e-01 -1.0067262044e+00
2.3677956156e-02 -7.6834821727e-01 -1.0067282473e+00
-4.9720854122e-01 -8.5351555048e-01 -5.7802254435e-01
-4.9720849115e-01 -8.5351745178e-01 -5.7801293010e-01
-4.9720757219e-01 -8.5351426402e-01 -5.7802112097e-01
-4.9720744157e-01 -8.5351646389e-01 -5.7801142960e-01
-4.9720806132e-01 -8.5351564309e-01 -5.7802331883e-01
-4.9720861527e-01 -8.5351665958e-01 -5.7801312619e-01
-4.9720774243e-01 -8.5351465596e-01 -5.7802210340e-01
-4.9720777893e-01 -8.5351528762e-01 -5.7801208369e-01
2.6534794664e-01 -5.1175016174e-01 -1.9527925895e-01
2.6534769388e-01 -5.1175008593e-01 -1.9527884710e-01
2.6534947535e-01 -5.1174279284e-01 -1.9527588851e-01
2.6534984156e-01 -5.1174265661e-01 -1.9527529826e-01
2.6535421160e-01 -5.1174750324e-01 -1.9527711594e-01
2.6535388711e-01 -5.1174712213e-01 -1.9527695338e-01
2.6535537074e-01 -5.1174039221e-01 -1.9527371502e-01
2.6535522894e-01 -5.1174035797e-01 -1.9527342473e-01
-6.7731582155e-01 -1.4933899551e+00 1.0347819957e+00
-6.7731811238e-01 -1.4933925761e+00 1.0347882221e+00
-6.7731478106e-01 -1.4933927230e+00 1.0347791893e+00
-6.7731688258e-01 -1.4933950540e+00 1.0347857872e+00
-6.7731158985e-01 -1.4933911151e+00 1.0347808569e+00
-6.7731419302e-01 -1.4933932488e+00 1.0347861286e+00
-6.7731081126e-01 -1.4933939197e+00 1.0347772148e+00
-6.7731285553e-01 -1.4933961801e+00 1.0347834457e+00
1.6038920979e+00 1.1503579868e+00 5.9943662792e-03
1.6038927668e+00 1.1503574200e+00 5.9951905072e-03
1.6038918735e+00 1.1503586998e+00 5.9948083831e-03
1.6038921114e+00 1.1503580610e+00 5.9956398659e-03
1.6038932589e+00 1.1503571628e+00 5.9938776863e-03
1.6038942408e+00 1.1503575148e+00 5.9939438742e-03
1.6038935607e+00 1.1503581445e+00 5.9939750134e-03
1.6038932491e+00 1.1503574720e+00 5.9946488031e-03
7.9658848173e-01 1.2979358247e+00 2.5687746162e-01
7.9658980125e-01 1.2979348170e+00 2.5687592663e-01
7.9658528487e-01 1.2979340179e+00 2.5687562153e-01
7.9658654170e-01 1.2979331991e+00 2.5687337993e-01
7.9658440213e-01 1.2979377653e+00 2.5688035552e-01
7.9658662900e-01 1.2979366414e+00 2.5687841169e-01
7.9658161057e-01 1.2979352182e+00 2.5687794320e-01
7.9658305079e-01 1.2979347847e+00 2.5687590885e-01
8.2747691943e-01 4.2800456428e-01 1.0081772074e+00
8.2747933666e-01 4.2800616745e-01 1.0081841930e+00
8.2747702437e-01 4.2800122328e-01 1.0081800034e+00
8.2747963201e-01 4.2800240648e-01 1.0081874173e+00
8.2748003660e-01 4.2800341783e-01 1.0081749760e+00
8.2748222473e-01 4.2800497402e-01 1.0081828114e+00
8.2748030032e-01 4.2799985397e-01 1.0081776432e+00
8.2748229697e-01 4.2800079561e-01 1.0081849068e+00
-8.7760106222e-02 -9.9655415371e-01 -1.0577435050e+00
-8.7760588565e-02 -9.9655542159e-01 -1.0577459754e+00
-8.7759534341e-02 -9.9655600097e-01 -1.0577430372e+00
-8.7760913084e-02 -9.9655632330e-01 -1.0577451617e+00
-8.7758562598e-02 -9.9655418168e-01 -1.0577445459e+00
-8.7760135056e-02 -9.9655530920e-01 -1.0577460711e+00
-8.7758546641e-02 -9.9655650465e-01 -1.0577438528e+00
-8.7759121412e-02 -9.9655674894e-01 -1.0577461338e+00
-1.1618935442e+00 1.5215755138e+00 -5.8798248924e-02
-1.1618934950e+00 1.5215745885e+00 -5.8799110502e-02
-1.1618935432e+00 1.5215762090e+00 -5.8797412384e-02
-1.1618937032e+00 1.5215754617e+00 -5.8798460099e-02
-1.1619011042e+00 1.5215720593e+00 -5.8803102769e-02
-1.1619016011e+00 1.5215721034e+00 -5.8803458010e-02
-1.1619014907e+00 1.5215731144e+00 -5.8801783387e-02
-1.1619014626e+00 1.5215724889e+00 -5.8802505127e-02
1.0515134504e+00 -1.9016158120e-01 -1.3836358040e-01
1.0515142145e+00 -1.9016072558e-01 -1.3836544097e-01
1.0515120448e+00 -1.9016835884e-01 -1.3836570297e-01
1.0515128675e+00 -1.9016711195e-01 -1.3836763048e-01
1.0515140110e+00 -1.9016188812e-01 -1.3836257886e-01
1.0515147251e+00 -1.9016072602e-01 -1.3836469244e-01
1.0515119987e+00 -1.9016933964e-01 -1.3836569656e-01
1.0515130790e+00 -1.9016779212e-01 -1.3836680237e-01
-1.4013345573e+00 2.3172909129e+00 1.6816836949e+00
-1.4013395359e+00 2.3172887249e+00 1.6816798366e+00
-1.4013339834e+00 2.3172890315e+00 1.6816832110e+00
-1.4013397612e+00 2.3172865802e+00 1.6816808706e+00
-1.4013275675e+00 2.3172880003e+00 1.6816776372e+00
-1.4013324828e+00 2.3172855683e+00 1.6816745123e+00
-1.4013275832e+00 2.3172857600e+00 1.6816781815e+00
-1.4013331793e+00 2.3172833218e+00 1.6816749000e+00
7.4971127309e-01 -5.3530010524e-01 -5.7632825686e-01
7.4970951424e-01 -5.3530216388e-01 -5.7632122844e-01
7.4971036452e-01 -5.3530149784e-01 -5.7632946861e-01
7.4970900909e-01 -5.3530321456e-01 -5.7632262291e-01
7.4971227500e-01 -5.3530068875e-01 -5.7632836493e-01
7.4971102405e-01 -5.3530243909e-01 -5.7632109379e-01
7.4971122554e-01 -5.3530269237e-01 -5.7632950133e-01
7.4970945376e-01 -5.3530406136e-01 -5.7632243733e-01
2.3592736940e+00 6.6086507451e-01 4.3679597915e-01
2.3592775730e+00 6.6086833693e-01 4.3680443645e-01
2.3592728685e+00 6.6086476083e-01 4.3679539642e-01
2.3592770004e+00 6.6086867335e-01 4.3680362711e-01
2.3592716144e+00 6.6086616626e-01 4.3679528944e-01
2.3592759948e+00 6.6086864457e-01 4.3680429696e-01
2.3592714810e+00 6.6086597586e-01 4.3679551386e-01
2.3592753117e+00 6.6086909232e-01 4.3680391741e-01
1.8459747930e+00 1.2760029012e+00 1.1525295622e-01
1.8459743322e+00 1.2760024053e+00 1.1525296220e-01
1.8459737441e+00 1.2760034852e+00 1.1525245566e-01
1.8459741820e+00 1.2760036275e+00 1.1525337706e-01
1.8459748880e+00 1.2760036606e+00 1.1525265098e-01
1.8459752344e+00 1.2760028688e+00 1.1525286662e-01
1.8459751835e+00 1.2760034368e+00 1.1525256182e-01
1.8459751028e+00 1.2760035833e+00 1.1525321199e-01
-4.2999059045e-01 -2.7795377518e+00 2.8133705894e-01
-4.2999207432e-01 -2.7795314670e+00 2.8133158006e-01
-4.2999169802e-01 -2.7795389941e+00 2.8133641489e-01
-4.2999332421e-01 -2.7795324534e+00 2.8133067516e-01
-4.2998873875e-01 -2.7795384072e+00 2.8133493390e-01
-4.2999033472e-01 -2.7795325634e+00 2.8132956290e-01
-4.2999037446e-01 -2.7795393615e+00 2.8133460283e-01
-4.2999111645e-01 -2.7795341423e+00 2.8132991854e-01
-8.1487516821e-01 -1.7169024383e+00 1.0518480314e+00
-8.1487599485e-01 -1.7169052753e+00 1.0518548059e+00
-8.1487553287e-01 -1.7169041744e+00 1.0518472808e+00
-8.1487610240e-01 -1.7169065231e+00 1.0518540114e+00
-8.1487485928e-01 -1.7169024929e+00 1.0518475979e+00
-8.1487588467e-01 -1.7169054416e+00 1.0518546562e+00
-8.1487533015e-01 -1.7169039832e+00 1.0518466842e+00
-8.1487667145e-01 -1.7169073944e+00 1.0518536999e+00
3.2503219189e-01 -1.1870500044e+00 -1.4826744288e-01
3.2503229944e-01 -1.1870508772e+00 -1.4826937885e-01
3.2503207993e-01 -1.1870575718e+00 -1.4826477142e-01
3.2503267197e-01 -1.1870585450e+00 -1.4826671296e-01
3.2503262526e-01 -1.1870509428e+00 -1.4826747513e-01
3.2503282101e-01 -1.1870517081e+00 -1.4826852168e-01
3.2503184868e-01 -1.1870583625e+00 -1.4826436167e-01
3.2503267561e-01 -1.1870589203e+00 -1.4826568118e-01
4.2198483839e-01 -1.8224398388e-01 4.3392758517e-01
4.2198643786e-01 -1.8224461323e-01 4.3392607564e-01
4.2198650476e-01 -1.8224551469e-01 4.3392638004e-01
4.2198760491e-01 -1.8224652948e-01 4.3392496214e-01
4.2198587878e-01 -1.8224242411e-01 4.3392740508e-01
4.2198775955e-01 -1.8224342222e-01 4.3392571399e-01
4.2198737439e-01 -1.8224436739e-01 4.3392680293e-01
4.2198857174e-01 -1.8224558124e-01 4.3392488642e-01
