-2.6757265585e-01 -5.5712020683e-01 -2.1321045029e-01
-2.6757281559e-01 -5.5712080964e-01 -2.1321149423e-01
-2.6757253048e-01 -5.5712082484e-01 -2.1321018677e-01
-2.6757275768e-01 -5.5712127622e-01 -2.1321128133e-01
-2.6757142815e-01 -5.5712033517e-01 -2.1320993881e-01
-2.6757170312e-01 -5.5712097397e-01 -2.1321112192e-01
-2.6757161290e-01 -5.5712078038e-01 -2.1320986723e-01
-2.6757160983e-01 -5.5712138938e-01 -2.1321075525e-01
-6.0488156352e-03 -1.4844441210e+00 1.8044386907e+00
-6.0477980517e-03 -1.4844471689e+00 1.8044447879e+00
-6.0473709106e-03 -1.4844526885e+00 1.8044440728e+00
-6.0463657171e-03 -1.4844553303e+00 1.8044500381e+00
-6.0476861022e-03 -1.4844451189e+00 1.8044404294e+00
-6.0468025969e-03 -1.4844483157e+00 1.8044463124e+00
-6.0463278184e-03 -1.4844537262e+00 1.8044455313e+00
-6.0453262978e-03 -1.4844564829e+00 1.8044513863e+00
5.5981783525e-01 -5.9178769829e-01 -5.2216821802e-01
5.5981801976e-01 -5.9178764045e-01 -5.2216903165e-01
5.5981854343e-01 -5.9178832504e-01 -5.2216945446e-01
5.5981843484e-01 -5.9178831124e-01 -5.2217017226e-01
5.5981934070e-01 -5.9178742173e-01 -5.2216928568e-01
5.5981918488e-01 -5.9178757615e-01 -5.2216995007e-01
5.5981983133e-01 -5.9178812735e-01 -5.2217043238e-01
5.5981991126e-01 -5.9178818188e-01 -5.2217089307e-01
-1.0731193069e+00 4.2086592565e-01 1.2195951028e+00
-1.0731202428e+00 4.2086552280e-01 1.2195968409e+00
-1.0731191852e+00 4.2086583949e-01 1.2195952060e+00
-1.0731203950e+00 4.2086537935e-01 1.2195972473e+00
-1.0731237941e+00 4.2086920320e-01 1.2195993006e+00
-1.0731250954e+00 4.2086885087e-01 1.2196012397e+00
-1.0731239811e+00 4.2086917046e-01 1.2195994929e+00
-1.0731249675e+00 4.2086883965e-01 1.2196012739e+00
5.3806402108e-01 -5.0722517769e-01 -5.9037700497e-01
5.3806098468e-01 -5.0722281087e-01 -5.9037215344e-01
5.3806447443e-01 -5.0722498945e-01 -5.9037663894e-01
5.3806130128e-01 -5.0722244606e-01 -5.9037151254e-01
5.3806551154e-01 -5.0722647049e-01 -5.9037863291e-01
5.3806253346e-01 -5.0722396619e-01 -5.9037360320e-01
5.3806566569e-01 -5.0722605657e-01 -5.9037842945e-01
5.3806286157e-01 -5.0722367660e-01 -5.9037323435e-01
-1.0447176120e+00 2.5903835445e-02 2.3866045307e-01
-1.0447173014e+00 2.5903563202e-02 2.3866108982e-01
-1.0447182042e+00 2.5906385838e-02 2.3866343926e-01
-1.0447178941e+00 2.5906446316e-02 2.3866436791e-01
-1.0447162197e+00 2.5902187530e-02 2.3865919640e-01
-1.0447159874e+00 2.5902061415e-02 2.3865987745e-01
-1.0447170764e+00 2.5904885757e-02 2.3866213496e-01
-1.0447168641e+00 2.5904809622e-02 2.3866300657e-01
-1.0834138468e-01 1.0446778589e-01 6.7141777815e-01
-1.0834026557e-01 1.0446705542e-01 6.7141698572e-01
-1.0834184879e-01 1.0446875692e-01 6.7141800734e-01
-1.0834070530e-01 1.0446797404e-01 6.7141717366e-01
-1.0834160963e-01 1.0446692613e-01 6.7141771941e-01
-1.0834017079e-01 1.0446620498e-01 6.7141693869e-01
-1.0834182590e-01 1.0446788381e-01 6.7141795658e-01
-1.0834067136e-01 1.0446713084e-01 6.7141721875e-01
1.9503572746e-01 -5.4199626835e-01 -3.2370435249e-02
1.9503695302e-01 -5.4199710886e-01 -3.2363399970e-02
1.9503676119e-01 -5.4199271602e-01 -3.2370789765e-02
1.9503811873e-01 -5.4199367874e-01 -3.2363855414e-02
1.9503162116e-01 -5.4199679120e-01 -3.2372014368e-02
1.9503279058e-01 -5.4199779551e-01 -3.2365064922e-02
1.9503274121e-01 -5.4199322018e-01 -3.2372454014e-02
1.9503394772e-01 -5.4199418124e-01 -3.2365576128e-02
-4.1018698758e-01 -3.1682547436e-01 -1.3519942634e-01
-4.1018660616e-01 -3.1682591668e-01 -1.3520057753e-01
-4.1018631989e-01 -3.1682651829e-01 -1.3520087637e-01
-4.1018585711e-01 -3.1682663303e-01 -1.3520221128e-01
-4.1018481668e-01 -3.1682517197e-01 -1.3519794147e-01
-4.1018460268e-01 -3.1682511554e-01 -1.3519899750e-01
-4.1018418193e-01 -3.1682599982e-01 -1.3519947800e-01
-4.1018366781e-01 -3.1682622116e-01 -1.3520057406e-01
-2.6253042973e-01 -7.4843744068e-03 8.0556058919e-02
-2.6253025801e-01 -7.4840471627e-03 8.0556430822e-02
-2.6253142132e-01 -7.4826403766e-03 8.0556094195e-02
-2.6253140592e-01 -7.4824993554e-03 8.0556256465e-02
-2.6253031565e-01 -7.4844455760e-03 8.0555851663e-02
-2.6253015386e-01 -7.4840332764e-03 8.0556105203e-02
-2.6253107640e-01 -7.4825796490e-03 8.0555754665e-02
-2.6253081951e-01 -7.4825512370e-03 8.0556163852e-02
-5.4526695650e-01 5.4681027234e-02 -5.6583601360e-02
-5.4526653927e-01 5.4681151447e-02 -5.6583985686e-02
-5.4526752269e-01 5.4681472620e-02 -5.6583319677e-02
-5.4526716541e-01 5.4681499467e-02 -5.6583462865e-02
-5.4526571220e-01 5.4681732555e-02 -5.6583498796e-02
-5.4526554342e-01 5.4681810894e-02 -5.6583717125e-02
-5.4526613825e-01 5.4682190013e-02 -5.6582818241e-02
-5.4526595762e-01 5.4682280159e-02 -5.6583060859e-02
7.6305988437e-04 6.6999483971e-01 3.0030838770e-02
7.6268530013e-04 6.6999486811e-01 3.0031595327e-02
7.6233603220e-04 6.6999332956e-01 3.0032186324e-02
7.6227271563e-04 6.6999354449e-01 3.0032919822e-02
7.6570387464e-04 6.6999507116e-01 3.0031930421e-02
7.6553341806e-04 6.6999510271e-01 3.0032308127e-02
7.6529233638e-04 6.6999371751e-01 3.0033278129e-02
7.6494959429e-04 6.6999378339e-01 3.0034051182e-02
-6.4489468024e-02 -1.7072511267e-01 -2.4062279544e-02
-6.4489415255e-02 -1.7072480160e-01 -2.4062232602e-02
-6.4489871257e-02 -1.7072461055e-01 -2.4061907319e-02
-6.4489972812e-02 -1.7072459021e-01 -2.4061612304e-02
-6.4488499822e-02 -1.7072578163e-01 -2.4062798328e-02
-6.4488498288e-02 -1.7072550684e-01 -2.4062646940e-02
-6.4489066149e-02 -1.7072548490e-01 -2.4062438879e-02
-6.4488978837e-02 -1.7072546632e-01 -2.4062205475e-02
4.4366515890e-01 -2.5705765993e-02 -2.6156429403e-01
4.4366535905e-01 -2.5705827987e-02 -2.6156427976e-01
4.4366514487e-01 -2.5703993212e-02 -2.6156554498e-01
4.4366505616e-01 -2.5703829841e-02 -2.6156529568e-01
4.4366308963e-01 -2.5705092309e-02 -2.6156349875e-01
4.4366333300e-01 -2.5705005322e-02 -2.6156341118e-01
4.4366308436e-01 -2.5703169770e-02 -2.6156467058e-01
4.4366326284e-01 -2.5703213845e-02 -2.6156447722e-01
1.6975850153e-02 -1.8223707202e-02 -3.9088887048e-01
1.6975137900e-02 -1.8224172672e-02 -3.9088934085e-01
1.6975473541e-02 -1.8224291834e-02 -3.9088936026e-01
1.6974499653e-02 -1.8225022646e-02 -3.9088987439e-01
1.6976067387e-02 -1.8223815040e-02 -3.9088901750e-01
1.6975339161e-02 -1.8224267442e-02 -3.9088929638e-01
1.6975886504e-02 -1.8224785924e-02 -3.9088934297e-01
1.6974922424e-02 -1.8225241419e-02 -3.9089010443e-01
1.1749379694e+00 -6.6938488378e-01 -1.0565526564e+00
1.1749337327e+00 -6.6938359040e-01 -1.0565472436e+00
1.1749352912e+00 -6.6938247159e-01 -1.0565493720e+00
1.1749307247e+00 -6.6938102066e-01 -1.0565437373e+00
1.1749407774e+00 -6.6938667492e-01 -1.0565559414e+00
1.1749364855e+00 -6.6938515396e-01 -1.0565502924e+00
1.1749382079e+00 -6.6938392145e-01 -1.0565525369e+00
1.1749336217e+00 -6.6938269874e-01 -1.0565467395e+00
3.1829278202e-01 7.7807990711e-03 2.1370666299e-01
3.1829280998e-01 7.7806878833e-03 2.1370659341e-01
3.1829307944e-01 7.7812723283e-03 2.1370673116e-01
3.1829309081e-01 7.7811644324e-03 2.1370679211e-01
3.1829219151e-01 7.7812704935e-03 2.1370551520e-01
3.1829224348e-01 7.7811731016e-03 2.1370559109e-01
3.1829221177e-01 7.7817554102e-03 2.1370547264e-01
3.1829233952e-01 7.7816209153e-03 2.1370539133e-01
7.4805361001e-01 8.3849059646e-01 5.8903815900e-01
7.4805280776e-01 8.3849053658e-01 5.8903719717e-01
7.4805305999e-01 8.3849075829e-01 5.8903788094e-01
7.4805234506e-01 8.3849060255e-01 5.8903681603e-01
7.4805376970e-01 8.3849085711e-01 5.8903802642e-01
7.4805309354e-01 8.3849055414e-01 5.8903673305e-01
7.4805303471e-01 8.3849097078e-01 5.8903770816e-01
7.4805246747e-01 8.3849089676e-01 5.8903655755e-01
-4.6111158239e-01 4.7096536302e-01 -5.8829535971e-01
-4.6111087137e-01 4.7096531569e-01 -5.8829611597e-01
-4.6111175876e-01 4.7096627865e-01 -5.8829522701e-01
-4.6111107272e-01 4.7096629696e-01 -5.8829590061e-01
-4.6111021858e-01 4.7096565081e-01 -5.8829476024e-01
-4.6110962798e-01 4.7096581755e-01 -5.8829546735e-01
-4.6111034748e-01 4.7096677079e-01 -5.8829472348e-01
-4.6110962853e-01 4.7096676514e-01 -5.8829559566e-01
-1.1051124635e-01 2.1968382901e-01 -4.0550247578e-01
-1.1051075835e-01 2.1968317371e-01 -4.0550320761e-01
-1.1051166037e-01 2.1968394206e-01 -4.0550239300e-01
-1.1051108968e-01 2.1968319165e-01 -4.0550315337e-01
-1.1051476682e-01 2.1968354555e-01 -4.0550302931e-01
-1.1051438129e-01 2.1968292624e-01 -4.0550368143e-01
-1.1051532965e-01 2.1968363924e-01 -4.0550296126e-01
-1.1051481276e-01 2.1968284568e-01 -4.0550354828e-01
2.2773810535e-01 -6.1341015886e-01 1.2881127954e-01
2.2773648511e-01 -6.1340968516e-01 1.2881425854e-01
2.2773810089e-01 -6.1341030029e-01 1.2881151368e-01
2.2773642171e-01 -6.1340991524e-01 1.2881447891e-01
2.2773910024e-01 -6.1341069883e-01 1.2880997288e-01
2.2773739869e-01 -6.1341034595e-01 1.2881293347e-01
2.2773917077e-01 -6.1341097557e-01 1.2881010776e-01
2.2773775465e-01 -6.1341038064e-01 1.2881348536e-01
1.0628841046e+00 1.4765385962e-02 -5.1678316178e-01
1.0628833858e+00 1.4764126211e-02 -5.1678522041e-01
1.0628840634e+00 1.4768078386e-02 -5.1678177888e-01
1.0628834763e+00 1.4766502682e-02 -5.1678354310e-01
1.0628849164e+00 1.4765763359e-02 -5.1678333062e-01
1.0628841301e+00 1.4764408889e-02 -5.1678557374e-01
1.0628849804e+00 1.4768262604e-02 -5.1678178088e-01
1.0628841710e+00 1.4767044060e-02 -5.1678380013e-01
-1.9460086708e-01 -4.7503116474e-02 2.7790576994e-01
-1.9460147537e-01 -4.7502579762e-02 2.7790520998e-01
-1.9460118681e-01 -4.7500001587e-02 2.7790596952e-01
-1.9460185739e-01 -4.7499739131e-02 2.7790555376e-01
-1.9460282838e-01 -4.7502325935e-02 2.7790562896e-01
-1.9460335765e-01 -4.7501892718e-02 2.7790560047e-01
-1.9460335021e-01 -4.7499514110e-02 2.7790598863e-01
-1.9460401405e-01 -4.7498925302e-02 2.7790564105e-01
-5.6408129427e-01 7.2877147775e-01 6.7224078597e-01
-5.6408057025e-01 7.2877155829e-01 6.7224008840e-01
-5.6408044829e-01 7.2877108590e-01 6.7224052824e-01
-5.6407987414e-01 7.2877134320e-01 6.7224019029e-01
-5.6408103948e-01 7.2877130472e-01 6.7224090928e-01
-5.6408051061e-01 7.2877141542e-01 6.7224032293e-01
-5.6408031783e-01 7.2877106291e-01 6.7224085276e-01
-5.6407965945e-01 7.2877105200e-01 6.7224027081e-01
3.6858673759e-01 -6.7893294763e-01 -6.6245829000e-01
3.6858469098e-01 -6.7893102675e-01 -6.6245362294e-01
3.6858676805e-01 -6.7893140773e-01 -6.6245790659e-01
3.6858487280e-01 -6.7892987256e-01 -6.6245311895e-01
3.6858555197e-01 -6.7893310494e-01 -6.6245833919e-01
3.6858331021e-01 -6.7893120594e-01 -6.6245375727e-01
3.6858539758e-01 -6.7893182815e-01 -6.6245816218e-01
3.6858342399e-01 -6.7893006642e-01 -6.6245332354e-01
4.1053492467e-01 -5.7989927754e-01 1.5736469958e-01
4.1053492646e-01 -5.7989966743e-01 1.5736394200e-01
4.1053537516e-01 -5.7989841422e-01 1.5736415815e-01
4.1053512748e-01 -5.7989882608e-01 1.5736357765e-01
4.1053573081e-01 -5.7989952912e-01 1.5736369136e-01
4.1053551365e-01 -5.7989995275e-01 1.5736297995e-01
4.1053596469e-01 -5.7989902946e-01 1.5736307236e-01
4.1053592828e-01 -5.7989935210e-01 1.5736258407e-01
3.2301191453e-01 -5.7330201592e-01 -3.0646491296e-02
3.2301259334e-01 -5.7330174989e-01 -3.0647281167e-02
3.2301161978e-01 -5.7330214609e-01 -3.0646555461e-02
3.2301234468e-01 -5.7330178350e-01 -3.0647403126e-02
3.2301258017e-01 -5.7330223746e-01 -3.0647720487e-02
3.2301339894e-01 -5.7330182363e-01 -3.0648513672e-02
3.2301229749e-01 -5.7330228333e-01 -3.0647573128e-02
3.2301308462e-01 -5.7330206044e-01 -3.0648473892e-02
-1.2543060351e-01 4.1247771171e-01 -2.3675415668e-01
-1.2543086521e-01 4.1247826662e-01 -2.3675459174e-01
-1.2543125190e-01 4.1247735028e-01 -2.3675472600e-01
-1.2543153700e-01 4.1247790384e-01 -2.3675542889e-01
-1.2543015778e-01 4.1247787333e-01 -2.3675434958e-01
-1.2543041727e-01 4.1247830597e-01 -2.3675505182e-01
-1.2543096242e-01 4.1247742470e-01 -2.3675512538e-01
-1.2543092189e-01 4.1247782362e-01 -2.3675584222e-01
-2.2447503788e-01 -2.8113752126e-01 4.1188308635e-01
-2.2447483395e-01 -2.8113845239e-01 4.1188198743e-01
-2.2447530931e-01 -2.8113754973e-01 4.1188319155e-01
-2.2447518078e-01 -2.8113838356e-01 4.1188231311e-01
-2.2447720042e-01 -2.8113741245e-01 4.1188351917e-01
-2.2447716267e-01 -2.8113856582e-01 4.1188242571e-01
-2.2447757878e-01 -2.8113756841e-01 4.1188339195e-01
-2.2447751770e-01 -2.8113854693e-01 4.1188256714e-01
5.1337241149e-01 -3.7944573251e-01 7.6797070275e-02
5.1337202947e-01 -3.7944417157e-01 7.6795130567e-02
5.1337170852e-01 -3.7944183766e-01 7.6794510497e-02
5.1337154913e-01 -3.7944026801e-01 7.6792344239e-02
5.1337316796e-01 -3.7944570794e-01 7.6795545525e-02
5.1337286019e-01 -3.7944405591e-01 7.6793485987e-02
5.1337258375e-01 -3.7944167594e-01 7.6793159927e-02
5.1337231300e-01 -3.7944013530e-01 7.6791213851e-02
3.0403153689e-01 -4.0044043176e-01 4.6263213367e-01
3.0403148513e-01 -4.0044118277e-01 4.6263148389e-01
3.0403272406e-01 -4.0043744516e-01 4.6263128765e-01
3.0403250495e-01 -4.0043809894e-01 4.6263076407e-01
3.0403241767e-01 -4.0044053132e-01 4.6263216678e-01
3.0403208808e-01 -4.0044119920e-01 4.6263156536e-01
3.0403338907e-01 -4.0043739662e-01 4.6263136300e-01
3.0403315369e-01 -4.0043823601e-01 4.6263072592e-01
-2.8712505624e-01 -3.2067798775e-01 -3.6848667748e-03
-2.8712460406e-01 -3.2067786845e-01 -3.6854526236e-03
-2.8712446774e-01 -3.2067772831e-01 -3.6853815188e-03
-2.8712395491e-01 -3.2067744315e-01 -3.6860439611e-03
-2.8712474788e-01 -3.2067788238e-01 -3.6841368848e-03
-2.8712415157e-01 -3.2067780912e-01 -3.6851130229e-03
-2.8712399003e-01 -3.2067779407e-01 -3.6850311587e-03
-2.8712361910e-01 -3.2067718388e-01 -3.6856923242e-03
1.7935253801e-01 -1.2800596152e-01 -3.7439087282e-01
1.7935263785e-01 -1.2800693623e-01 -3.7438749217e-01
1.7935260177e-01 -1.2800605014e-01 -3.7439057985e-01
1.7935281741e-01 -1.2800724628e-01 -3.7438718709e-01
1.7935215367e-01 -1.2800558258e-01 -3.7439069713e-01
1.7935227695e-01 -1.2800659125e-01 -3.7438738714e-01
1.7935209430e-01 -1.2800583745e-01 -3.7439060432e-01
1.7935235620e-01 -1.2800698872e-01 -3.7438708405e-01
5.5741597116e-01 3.6993123716e-01 3.0387419382e-01
5.5741612170e-01 3.6993126092e-01 3.0387454517e-01
5.5741548464e-01 3.6993007302e-01 3.0387267849e-01
5.5741556177e-01 3.6993017602e-01 3.0387275614e-01
5.5741775162e-01 3.6993209096e-01 3.0387600611e-01
5.5741780612e-01 3.6993224285e-01 3.0387605927e-01
5.5741723408e-01 3.6993062963e-01 3.0387416090e-01
5.5741721344e-01 3.6993059381e-01 3.0387437181e-01
-3.8635182428e-01 1.2505097496e+00 -2.5151859421e+00
-3.8635136821e-01 1.2505044585e+00 -2.5151776968e+00
-3.8635216673e-01 1.2505081743e+00 -2.5151873484e+00
-3.8635176803e-01 1.2505031279e+00 -2.5151793515e+00
-3.8635295708e-01 1.2505078601e+00 -2.5151853525e+00
-3.8635239514e-01 1.2505029554e+00 -2.5151772495e+00
-3.8635344660e-01 1.2505065941e+00 -2.5151871243e+00
-3.8635277859e-01 1.2505015438e+00 -2.5151791157e+00
-5.2355184008e-02 6.1598981669e-01 -6.5855885433e-01
-5.2354742724e-02 6.1598763106e-01 -6.5855289201e-01
-5.2355573936e-02 6.1598717503e-01 -6.5855695733e-01
-5.2355028069e-02 6.1598488910e-01 -6.5855101789e-01
-5.2354642079e-02 6.1599011367e-01 -6.5855876402e-01
-5.2354055882e-02 6.1598785889e-01 -6.5855287620e-01
-5.2354993779e-02 6.1598720856e-01 -6.5855696270e-01
-5.2354555878e-02 6.1598508555e-01 -6.5855094831e-01
3.9615492113e-01 1.4397772581e-01 -2.0553266494e-01
3.9615472725e-01 1.4397784659e-01 -2.0553213383e-01
3.9615431021e-01 1.4397673904e-01 -2.0553395206e-01
3.9615425906e-01 1.4397665932e-01 -2.0553349285e-01
3.9615596374e-01 1.4397767783e-01 -2.0553288064e-01
3.9615564259e-01 1.4397786674e-01 -2.0553193921e-01
3.9615548428e-01 1.4397668244e-01 -2.0553392512e-01
3.9615515238e-01 1.4397674176e-01 -2.0553331763e-01
-9.0638591983e-02 -7.8200296472e-01 1.0521446568e+00
-9.0638194058e-02 -7.8200295286e-01 1.0521432093e+00
-9.0639448686e-02 -7.8199677945e-01 1.0521412326e+00
-9.0639066649e-02 -7.8199665987e-01 1.0521400248e+00
-9.0637771132e-02 -7.8200287207e-01 1.0521456355e+00
-9.0637177100e-02 -7.8200311271e-01 1.0521442340e+00
-9.0638346783e-02 -7.8199665615e-01 1.0521424358e+00
-9.0637931068e-02 -7.8199651327e-01 1.0521412817e+00
9.4122497655e-02 -4.1583049076e-01 -4.7018609589e-01
9.4121220041e-02 -4.1582894690e-01 -4.7018211820e-01
9.4123602017e-02 -4.1583155850e-01 -4.7018801701e-01
9.4122370317e-02 -4.1583006011e-01 -4.7018402695e-01
9.4122623617e-02 -4.1583079308e-01 -4.7018588264e-01
9.4121310568e-02 -4.1582918375e-01 -4.7018209222e-01
9.4123811604e-02 -4.1583205272e-01 -4.7018762734e-01
9.4122419214e-02 -4.1583025938e-01 -4.7018390735e-01
2.1198271207e-01 4.0611647840e-02 4.3163799600e-01
2.1198175635e-01 4.0611516728e-02 4.3163703420e-01
2.1198313287e-01 4.0612378660e-02 4.3163717002e-01
2.1198225495e-01 4.0612542408e-02 4.3163590565e-01
2.1198040434e-01 4.0611197990e-02 4.3163596310e-01
2.1197959328e-01 4.0610962250e-02 4.3163491882e-01
2.1198092752e-01 4.0612025937e-02 4.3163481861e-01
2.1198015428e-01 4.0612000079e-02 4.3163376434e-01
4.0555131220e-01 -6.9318668118e-02 1.5071464092e-01
4.0555169154e-01 -6.9318212783e-02 1.5071449775e-01
4.0555077043e-01 -6.9318163679e-02 1.5071492904e-01
4.0555085759e-01 -6.9317702295e-02 1.5071489004e-01
4.0555091435e-01 -6.9318416110e-02 1.5071514862e-01
4.0555125932e-01 -6.9318073638e-02 1.5071482355e-01
4.0555036767e-01 -6.9318078077e-02 1.5071556616e-01
4.0555064194e-01 -6.9317506311e-02 1.5071563884e-01
2.1109788142e-01 1.0685691142e-02 1.9876949909e-01
2.1109870854e-01 1.0685163800e-02 1.9877282617e-01
2.1109839356e-01 1.0688753602e-02 1.9876836273e-01
2.1109934659e-01 1.0688252350e-02 1.9877148735e-01
2.1109851547e-01 1.0685468238e-02 1.9876927155e-01
2.1109940270e-01 1.0684852367e-02 1.9877253257e-01
2.1109912316e-01 1.0688537309e-02 1.9876828093e-01
2.1110005812e-01 1.0687940180e-02 1.9877139344e-01
1.3287096386e-01 5.2318189981e-02 -8.0507452263e-02
1.3286899238e-01 5.2317753863e-02 -8.0509046321e-02
1.3287173797e-01 5.2321735750e-02 -8.0506375009e-02
1.3286961217e-01 5.2321522567e-02 -8.0508003071e-02
1.3287214217e-01 5.2318985655e-02 -8.0505739537e-02
1.3287011611e-01 5.2318699154e-02 -8.0507600436e-02
1.3287302442e-01 5.2322485426e-02 -8.0504926885e-02
1.3287101613e-01 5.2322419303e-02 -8.0506831444e-02
-7.7060467120e-02 -1.4233968675e-01 1.2175295908e-01
-7.7060375521e-02 -1.4233900876e-01 1.2175322487e-01
-7.7060391016e-02 -1.4233758917e-01 1.2175280864e-01
-7.7060347832e-02 -1.4233670475e-01 1.2175309381e-01
-7.7061810568e-02 -1.4233984386e-01 1.2175200012e-01
-7.7061666439e-02 -1.4233909823e-01 1.2175231974e-01
-7.7061781030e-02 -1.4233788060e-01 1.2175174962e-01
-7.7061602419e-02 -1.4233705140e-01 1.2175221093e-01
1.3699058653e-01 1.3170309101e-01 -6.0441464312e-01
1.3699047535e-01 1.3170324270e-01 -6.0441385477e-01
1.3699080760e-01 1.3170210176e-01 -6.0441319752e-01
1.3699067840e-01 1.3170220436e-01 -6.0441295325e-01
1.3699113288e-01 1.3170271991e-01 -6.0441441523e-01
1.3699115223e-01 1.3170282415e-01 -6.0441353107e-01
1.3699135804e-01 1.3170182723e-01 -6.0441306962e-01
1.3699110955e-01 1.3170187881e-01 -6.0441260672e-01
-3.5805930807e-01 -4.7078022256e-01 1.2403479063e-01
-3.5805991796e-01 -4.7078114649e-01 1.2403374760e-01
-3.5805940969e-01 -4.7078013580e-01 1.2403421977e-01
-3.5805970339e-01 -4.7078106245e-01 1.2403299173e-01
-3.5805932271e-01 -4.7077979708e-01 1.2403481829e-01
-3.5805989282e-01 -4.7078080887e-01 1.2403360929e-01
-3.5805920326e-01 -4.7077982406e-01 1.2403427255e-01
-3.5805981406e-01 -4.7078060037e-01 1.2403311061e-01
-1.5641785250e-02 5.2633732591e-01 -1.3211453951e+00
-1.5640933505e-02 5.2633758431e-01 -1.3211460892e+00
-1.5640532187e-02 5.2633617791e-01 -1.3211457993e+00
-1.5639893150e-02 5.2633657357e-01 -1.3211467676e+00
-1.5645466774e-02 5.2633727293e-01 -1.3211437705e+00
-1.5644448063e-02 5.2633778594e-01 -1.3211446303e+00
-1.5644154466e-02 5.2633625615e-01 -1.3211443191e+00
-1.5643271792e-02 5.2633647406e-01 -1.3211451438e+00
-2.1828547712e-01 1.3118966706e+00 -8.0967368328e-01
-2.1828537059e-01 1.3118971755e+00 -8.0967568665e-01
-2.1828558429e-01 1.3118974012e+00 -8.0967344112e-01
-2.1828553662e-01 1.3118978998e+00 -8.0967523431e-01
-2.1828532450e-01 1.3118967886e+00 -8.0967373046e-01
-2.1828519847e-01 1.3118972228e+00 -8.0967552799e-01
-2.1828531703e-01 1.3118975170e+00 -8.0967341609e-01
-2.1828530663e-01 1.3118978273e+00 -8.0967519156e-01
-1.4288886742e+00 7.8997939673e-01 8.7999981937e-01
-1.4288934073e+00 7.8998208652e-01 8.8000440437e-01
-1.4288896888e+00 7.8997406614e-01 8.7999632867e-01
-1.4288940432e+00 7.8997743619e-01 8.8000073872e-01
-1.4288869488e+00 7.8997978860e-01 8.7999799781e-01
-1.4288915288e+00 7.8998302762e-01 8.8000318676e-01
-1.4288878704e+00 7.8997515530e-01 8.7999429540e-01
-1.4288921496e+00 7.8997831465e-01 8.7999918532e-01
3.2607549423e-04 -3.1762985274e+00 -1.7121365871e+00
3.2112381343e-04 -3.1763008114e+00 -1.7121390158e+00
3.2245732850e-04 -3.1763027175e+00 -1.7121389747e+00
3.1746385715e-04 -3.1763047303e+00 -1.7121415818e+00
3.2251365362e-04 -3.1762995009e+00 -1.7121402199e+00
3.1739739104e-04 -3.1763020654e+00 -1.7121421976e+00
3.1850784529e-04 -3.1763038201e+00 -1.7121425985e+00
3.1354067714e-04 -3.1763068645e+00 -1.7121452472e+00
9.6314771144e-01 -4.3742188574e-01 -4.5316635465e-01
9.6314626939e-01 -4.3742374412e-01 -4.5317199174e-01
9.6314997212e-01 -4.3742618136e-01 -4.5316496615e-01
9.6314771753e-01 -4.3742822914e-01 -4.5316995707e-01
9.6315945921e-01 -4.3742041330e-01 -4.5316439339e-01
9.6315727046e-01 -4.3742349065e-01 -4.5317036636e-01
9.6316097013e-01 -4.3742532157e-01 -4.5316301332e-01
9.6315905326e-01 -4.3742785431e-01 -4.5316870191e-01
1.6861722763e+00 2.2653714994e+00 -8.2497770273e-01
1.6861769654e+00 2.2653754228e+00 -8.2497750902e-01
1.6861733506e+00 2.2653909690e+00 -8.2497834699e-01
1.6861786828e+00 2.2653940534e+00 -8.2497743773e-01
1.6861775721e+00 2.2653718201e+00 -8.2497842024e-01
1.6861827015e+00 2.2653744940e+00 -8.2497745205e-01
1.6861797906e+00 2.2653908632e+00 -8.2497835620e-01
1.6861844411e+00 2.2653941609e+00 -8.2497802888e-01
4.6409231845e-01 -3.0828287142e-02 1.1339494084e+00
4.6408948743e-01 -3.0830290426e-02 1.1339480296e+00
4.6409195252e-01 -3.0826031245e-02 1.1339479028e+00
4.6408954716e-01 -3.0828272386e-02 1.1339466240e+00
4.6409675704e-01 -3.0826007350e-02 1.1339513368e+00
4.6409407755e-01 -3.0828135956e-02 1.1339503160e+00
4.6409644617e-01 -3.0823221060e-02 1.1339501737e+00
4.6409382207e-01 -3.0825602895e-02 1.1339492676e+00
8.6803698008e-02 -1.2026606443e+00 -6.3940026074e-01
8.6802833817e-02 -1.2026605209e+00 -6.3939983352e-01
8.6806050555e-02 -1.2026570468e+00 -6.3939841356e-01
8.6805814024e-02 -1.2026568981e+00 -6.3939775343e-01
8.6812443733e-02 -1.2026585867e+00 -6.3939918455e-01
8.6811334124e-02 -1.2026588925e+00 -6.3939902196e-01
8.6815228213e-02 -1.2026555748e+00 -6.3939675069e-01
8.6814071462e-02 -1.2026557663e+00 -6.3939690351e-01
7.8650764121e-01 -1.9181463674e+00 -4.4630015951e-01
7.8650745513e-01 -1.9181465677e+00 -4.4629990139e-01
7.8650610632e-01 -1.9181510154e+00 -4.4630028470e-01
7.8650552838e-01 -1.9181508328e+00 -4.4630041031e-01
7.8651211585e-01 -1.9181468286e+00 -4.4629824333e-01
7.8651174825e-01 -1.9181467447e+00 -4.4629884662e-01
7.8651010132e-01 -1.9181514864e+00 -4.4629914848e-01
7.8651017121e-01 -1.9181520965e+00 -4.4629911340e-01
-2.8859722846e-01 -1.9998088253e-01 -1.8705056094e-01
-2.8859618486e-01 -1.9998158685e-01 -1.8705129482e-01
-2.8859219765e-01 -1.9994932341e-01 -1.8705728415e-01
-2.8859207848e-01 -1.9994970338e-01 -1.8705838336e-01
-2.8859475298e-01 -1.9998112468e-01 -1.8705367582e-01
-2.8859396043e-01 -1.9998111254e-01 -1.8705398467e-01
-2.8858988798e-01 -1.9995049260e-01 -1.8705993685e-01
-2.8858889991e-01 -1.9995065742e-01 -1.8706043720e-01
4.6184150435e-01 3.6935268483e-01 -1.2207575877e-01
4.6184286058e-01 3.6935398132e-01 -1.2207627939e-01
4.6184030731e-01 3.6935606542e-01 -1.2207566585e-01
4.6184146689e-01 3.6935623554e-01 -1.2207573209e-01
4.6184209862e-01 3.6935266595e-01 -1.2207773153e-01
4.6184321687e-01 3.6935281273e-01 -1.2207747625e-01
4.6184057283e-01 3.6935553039e-01 -1.2207761004e-01
4.6184191150e-01 3.6935649460e-01 -1.2207744179e-01
-1.4602536405e+00 7.0596981709e-01 -1.8346829538e-01
-1.4602555074e+00 7.0597002519e-01 -1.8346692167e-01
-1.4602540926e+00 7.0598177877e-01 -1.8346972164e-01
-1.4602560869e+00 7.0598187001e-01 -1.8346757659e-01
-1.4602696415e+00 7.0596730640e-01 -1.8347274921e-01
-1.4602707203e+00 7.0596791788e-01 -1.8347037178e-01
-1.4602692430e+00 7.0597900302e-01 -1.8347356262e-01
-1.4602716074e+00 7.0597990748e-01 -1.8347155736e-01
-3.0880291921e+00 -1.1492698254e+00 -2.0676398213e+00
-3.0880295238e+00 -1.1492701383e+00 -2.0676386935e+00
-3.0880274627e+00 -1.1492688327e+00 -2.0676409706e+00
-3.0880276859e+00 -1.1492689590e+00 -2.0676394606e+00
-3.0880240556e+00 -1.1492696775e+00 -2.0676411357e+00
-3.0880242433e+00 -1.1492701905e+00 -2.0676394500e+00
-3.0880229487e+00 -1.1492680006e+00 -2.0676418144e+00
-3.0880222471e+00 -1.1492682390e+00 -2.0676401887e+00
-2.2734080746e+00 2.4179377751e+00 3.1051623467e+00
-2.2734102690e+00 2.4179357441e+00 3.1051609617e+00
-2.2734071511e+00 2.4179377067e+00 3.1051621513e+00
-2.2734086126e+00 2.4179358764e+00 3.1051606532e+00
-2.2734046067e+00 2.4179382828e+00 3.1051634137e+00
-2.2734065972e+00 2.4179363114e+00 3.1051615911e+00
-2.2734029393e+00 2.4179384571e+00 3.1051625543e+00
-2.2734051558e+00 2.4179364477e+00 3.1051613180e+00
-5.2225044994e-01 -6.6973699156e-01 -8.6537527081e-02
-5.2224983010e-01 -6.6973809616e-01 -8.6538140312e-02
-5.2224938379e-01 -6.6973560690e-01 -8.6539585294e-02
-5.2224900941e-01 -6.6973683262e-01 -8.6540021938e-02
-5.2224669729e-01 -6.6973528014e-01 -8.6535677967e-02
-5.2224602869e-01 -6.6973662736e-01 -8.6536226562e-02
-5.2224553189e-01 -6.6973524202e-01 -8.6537985382e-02
-5.2224464995e-01 -6.6973613089e-01 -8.6538100769e-02
-1.9225606723e+00 -1.2034362163e+00 -1.6673330770e+00
-1.9225595738e+00 -1.2034353488e+00 -1.6673112360e+00
-1.9225616908e+00 -1.2034417488e+00 -1.6673335746e+00
-1.9225612496e+00 -1.2034416779e+00 -1.6673110133e+00
-1.9225540602e+00 -1.2034315142e+00 -1.6673284085e+00
-1.9225527671e+00 -1.2034310436e+00 -1.6673063169e+00
-1.9225550629e+00 -1.2034379934e+00 -1.6673284103e+00
-1.9225541089e+00 -1.2034370080e+00 -1.6673066532e+00
1.9969293659e+00 -5.9289171450e-01 -7.5427894896e-01
1.9969302206e+00 -5.9289168793e-01 -7.5427884358e-01
1.9969297389e+00 -5.9289108316e-01 -7.5427983462e-01
1.9969300923e+00 -5.9289148168e-01 -7.5428009397e-01
1.9969343818e+00 -5.9289611895e-01 -7.5428327876e-01
1.9969351540e+00 -5.9289596448e-01 -7.5428297668e-01
1.9969350280e+00 -5.9289570638e-01 -7.5428472659e-01
1.9969354610e+00 -5.9289548516e-01 -7.5428380476e-01
5.4622347384e-01 1.1592830248e+00 -1.4023964961e+00
5.4622374071e-01 1.1592831187e+00 -1.4023977905e+00
5.4621991523e-01 1.1593033453e+00 -1.4023927030e+00
5.4622070556e-01 1.1593033305e+00 -1.4023938153e+00
5.4622746133e-01 1.1592788768e+00 -1.4023997595e+00
5.4622773071e-01 1.1592790904e+00 -1.4024005827e+00
5.4622480413e-01 1.1592995372e+00 -1.4023963519e+00
5.4622378294e-01 1.1592992992e+00 -1.4023970879e+00
-1.1516850020e-01 2.7084694528e+00 -6.1356472136e-01
-1.1516844504e-01 2.7084697386e+00 -6.1356626736e-01
-1.1516989972e-01 2.7084722033e+00 -6.1356296112e-01
-1.1517065394e-01 2.7084717934e+00 -6.1356438997e-01
-1.1516697701e-01 2.7084710841e+00 -6.1356420363e-01
-1.1516775872e-01 2.7084712736e+00 -6.1356637627e-01
-1.1516850214e-01 2.7084738247e+00 -6.1356263753e-01
-1.1516933172e-01 2.7084731473e+00 -6.1356495719e-01
-1.6008289294e+00 -8.8458020103e-01 -3.5919844361e-02
-1.6008287063e+00 -8.8458269981e-01 -3.5924108491e-02
-1.6008292721e+00 -8.8457270828e-01 -3.5916048787e-02
-1.6008288179e+00 -8.8457466868e-01 -3.5920860901e-02
-1.6008193770e+00 -8.8458094950e-01 -3.5919972353e-02
-1.6008189998e+00 -8.8458364366e-01 -3.5924389817e-02
-1.6008196239e+00 -8.8457398420e-01 -3.5915980343e-02
-1.6008181208e+00 -8.8457640329e-01 -3.5921329860e-02
-8.2563761975e-01 -1.0156527443e+00 1.2259763540e+00
-8.2563458274e-01 -1.0156513252e+00 1.2259717205e+00
-8.2563497935e-01 -1.0156534394e+00 1.2259757133e+00
-8.2563246774e-01 -1.0156518176e+00 1.2259708358e+00
-8.2566180038e-01 -1.0156537642e+00 1.2259743847e+00
-8.2565821549e-01 -1.0156532144e+00 1.2259695875e+00
-8.2565898316e-01 -1.0156541725e+00 1.2259737245e+00
-8.2565616088e-01 -1.0156531449e+00 1.2259686766e+00
-1.9533453353e+00 -1.2729385588e+00 -8.9037302035e-01
-1.9533504736e+00 -1.2729411488e+00 -8.9037692570e-01
-1.9533430189e+00 -1.2729454104e+00 -8.9037414501e-01
-1.9533475416e+00 -1.2729472407e+00 -8.9037825585e-01
-1.9533401205e+00 -1.2729381155e+00 -8.9037489336e-01
-1.9533442590e+00 -1.2729403548e+00 -8.9037855731e-01
-1.9533363219e+00 -1.2729447936e+00 -8.9037594881e-01
-1.9533408408e+00 -1.2729477852e+00 -8.9038009394e-01
-1.9778240167e+00 -2.2604577729e-01 8.4794379324e-01
-1.9778297278e+00 -2.2604018830e-01 8.4795484493e-01
-1.9778235971e+00 -2.2604829971e-01 8.4794161952e-01
-1.9778277250e+00 -2.2604255024e-01 8.4795288182e-01
-1.9778070938e+00 -2.2604909064e-01 8.4794258500e-01
-1.9778124494e+00 -2.2604331889e-01 8.4795381359e-01
-1.9778064977e+00 -2.2605121438e-01 8.4794115090e-01
-1.9778113365e+00 -2.2604598423e-01 8.4795171806e-01
3.2854756830e-01 9.0301020969e-01 2.2177233484e+00
3.2854660754e-01 9.0300900621e-01 2.2177187165e+00
3.2854501279e-01 9.0300812666e-01 2.2177230745e+00
3.2854431866e-01 9.0300769633e-01 2.2177183971e+00
3.2854806017e-01 9.0300978323e-01 2.2177239323e+00
3.2854702043e-01 9.0300905666e-01 2.2177196122e+00
3.2854571676e-01 9.0300744805e-01 2.2177239875e+00
3.2854487302e-01 9.0300667732e-01 2.2177196761e+00
2.5880480225e+00 -3.0216201315e-01 -9.5020359096e-01
2.5880479756e+00 -3.0216353970e-01 -9.5020488530e-01
2.5880447218e+00 -3.0214848489e-01 -9.5019512208e-01
2.5880436240e+00 -3.0214910862e-01 -9.5019641200e-01
2.5880259696e+00 -3.0215824828e-01 -9.5020143708e-01
2.5880258898e+00 -3.0215887266e-01 -9.5020340748e-01
2.5880213105e+00 -3.0214386275e-01 -9.5019258249e-01
2.5880222930e+00 -3.0214562789e-01 -9.5019443990e-01
-1.5810754666e-01 4.4064484483e-01 -8.4252848949e-01
-1.5811113034e-01 4.4064553752e-01 -8.4253750990e-01
-1.5811145341e-01 4.4064314368e-01 -8.4252759285e-01
-1.5811524593e-01 4.4064457347e-01 -8.4253655025e-01
-1.5810797538e-01 4.4064360736e-01 -8.4252798083e-01
-1.5811107597e-01 4.4064533849e-01 -8.4253708583e-01
-1.5811103525e-01 4.4064242653e-01 -8.4252773031e-01
-1.5811430882e-01 4.4064307244e-01 -8.4253654727e-01
-7.4951698874e-01 7.0464167670e-02 3.6243558016e-01
-7.4951190704e-01 7.0472199154e-02 3.6244640510e-01
-7.4951060067e-01 7.0477798124e-02 3.6244146920e-01
-7.4950595904e-01 7.0485294107e-02 3.6245279031e-01
-7.4953920923e-01 7.0456950891e-02 3.6243106797e-01
-7.4953426298e-01 7.0465281252e-02 3.6244197559e-01
-7.4953258771e-01 7.0470703863e-02 3.6243835924e-01
-7.4952784431e-01 7.0479114795e-02 3.6244821758e-01
3.2648219127e-01 -1.4430312262e+00 -6.2146804486e-02
3.2648070185e-01 -1.4430327516e+00 -6.2151235516e-02
3.2648075216e-01 -1.4430473635e+00 -6.2141483396e-02
3.2647923506e-01 -1.4430482797e+00 -6.2146656693e-02
3.2648396382e-01 -1.4430296778e+00 -6.2145709144e-02
3.2648185287e-01 -1.4430313637e+00 -6.2150387173e-02
3.2648242542e-01 -1.4430464500e+00 -6.2141202408e-02
3.2648034661e-01 -1.4430473009e+00 -6.2145437730e-02
-8.4969334568e-01 -1.2416713976e+00 1.8426465244e+00
-8.4969264596e-01 -1.2416715754e+00 1.8426462227e+00
-8.4969895384e-01 -1.2416575593e+00 1.8426490180e+00
-8.4969858895e-01 -1.2416578825e+00 1.8426486108e+00
-8.4968585632e-01 -1.2416728498e+00 1.8426432386e+00
-8.4968466008e-01 -1.2416734900e+00 1.8426433382e+00
-8.4969157160e-01 -1.2416591461e+00 1.8426464720e+00
-8.4969169124e-01 -1.2416599436e+00 1.8426457891e+00
-2.1507491988e+00 1.8905682391e+00 2.6883817239e+00
-2.1507477459e+00 1.8905705726e+00 2.6883789820e+00
-2.1507508421e+00 1.8905664443e+00 2.6883808497e+00
-2.1507494426e+00 1.8905683774e+00 2.6883787404e+00
-2.1507490283e+00 1.8905672645e+00 2.6883804254e+00
-2.1507469023e+00 1.8905687757e+00 2.6883781504e+00
-2.1507509306e+00 1.8905650837e+00 2.6883797057e+00
-2.1507494483e+00 1.8905669061e+00 2.6883770995e+00
-3.0483135488e-01 -6.5946432501e-01 4.9641330085e-01
-3.0483541751e-01 -6.5946820241e-01 4.9640819310e-01
-3.0482955083e-01 -6.5946449781e-01 4.9641148358e-01
-3.0483355067e-01 -6.5946813839e-01 4.9640670804e-01
-3.0482166564e-01 -6.5946696704e-01 4.9641438469e-01
-3.0482525736e-01 -6.5947086336e-01 4.9640945098e-01
-3.0481944385e-01 -6.5946698241e-01 4.9641281382e-01
-3.0482299746e-01 -6.5947069760e-01 4.9640797164e-01
3.6394386685e-01 1.6005189578e-01 7.6821832620e-01
3.6394460544e-01 1.6005260078e-01 7.6821565618e-01
3.6394612684e-01 1.6005333400e-01 7.6821808592e-01
3.6394683043e-01 1.6005352423e-01 7.6821570082e-01
3.6394697849e-01 1.6005533275e-01 7.6822041825e-01
3.6394715223e-01 1.6005586546e-01 7.6821770110e-01
3.6394868878e-01 1.6005606093e-01 7.6822061339e-01
3.6394934084e-01 1.6005590159e-01 7.6821737738e-01
7.9948398123e-01 -1.6740518865e+00 -9.2781023561e-01
7.9948736521e-01 -1.6740512686e+00 -9.2781647694e-01
7.9948015556e-01 -1.6740593155e+00 -9.2780679124e-01
7.9948348691e-01 -1.6740581187e+00 -9.2781332017e-01
7.9948546891e-01 -1.6740547031e+00 -9.2781088808e-01
7.9948955411e-01 -1.6740534096e+00 -9.2781703957e-01
7.9948139833e-01 -1.6740617465e+00 -9.2780809968e-01
7.9948505162e-01 -1.6740606558e+00 -9.2781411108e-01
-7.5120549217e-01 7.2132878613e-01 -1.5245408794e-01
-7.5120523937e-01 7.2133050726e-01 -1.5245918636e-01
-7.5120906146e-01 7.2134711339e-01 -1.5245150106e-01
-7.5120965968e-01 7.2134849805e-01 -1.5245632517e-01
-7.5121192348e-01 7.2133327945e-01 -1.5244976063e-01
-7.5121282000e-01 7.2133521355e-01 -1.5245415902e-01
-7.5121606149e-01 7.2135124509e-01 -1.5244718613e-01
-7.5121617583e-01 7.2135359537e-01 -1.5245185628e-01
9.6585177363e-01 -3.0507809994e-01 5.2775437668e-01
9.6585229778e-01 -3.0507997197e-01 5.2775276189e-01
9.6585534341e-01 -3.0506446989e-01 5.2776133485e-01
9.6585566988e-01 -3.0506636405e-01 5.2775963907e-01
9.6582571854e-01 -3.0507963822e-01 5.2775369594e-01
9.6582678547e-01 -3.0508236075e-01 5.2775197598e-01
9.6582957282e-01 -3.0506555440e-01 5.2776046054e-01
9.6582961747e-01 -3.0506764887e-01 5.2775875892e-01
-9.9991539632e-01 1.2211205268e+00 1.4440513879e+00
-9.9992006321e-01 1.2211237542e+00 1.4440640745e+00
-9.9991482438e-01 1.2211217196e+00 1.4440519620e+00
-9.9991929726e-01 1.2211250394e+00 1.4440648188e+00
-9.9991582026e-01 1.2211201543e+00 1.4440518104e+00
-9.9992064374e-01 1.2211235278e+00 1.4440637673e+00
-9.9991485572e-01 1.2211217236e+00 1.4440524102e+00
-9.9991952626e-01 1.2211242947e+00 1.4440653848e+00
1.5093479124e+00 1.4591223881e+00 1.5192226569e+00
1.5093453434e+00 1.4591180167e+00 1.5192198750e+00
1.5093468404e+00 1.4591222276e+00 1.5192236222e+00
1.5093439558e+00 1.4591176883e+00 1.5192209759e+00
1.5093287148e+00 1.4591171870e+00 1.5192185495e+00
1.5093253676e+00 1.4591132112e+00 1.5192159826e+00
1.5093269492e+00 1.4591169293e+00 1.5192196527e+00
1.5093234959e+00 1.4591126227e+00 1.5192169621e+00
9.5425337229e-01 1.6735514224e+00 1.5944149945e+00
9.5425032634e-01 1.6735479480e+00 1.5944119068e+00
9.5425576976e-01 1.6735676086e+00 1.5944201307e+00
9.5425339752e-01 1.6735646547e+00 1.5944171880e+00
9.5425691628e-01 1.6735497367e+00 1.5944118233e+00
9.5425548006e-01 1.6735469443e+00 1.5944092059e+00
9.5425927555e-01 1.6735659496e+00 1.5944184119e+00
9.5425737963e-01 1.6735628167e+00 1.5944152207e+00
-1.5716572599e+00 -2.4331745119e+00 -8.2239547909e-01
-1.5716565738e+00 -2.4331698478e+00 -8.2238470078e-01
-1.5716580841e+00 -2.4331749270e+00 -8.2239590866e-01
-1.5716572818e+00 -2.4331706370e+00 -8.2238460895e-01
-1.5716515534e+00 -2.4331781335e+00 -8.2239825523e-01
-1.5716518169e+00 -2.4331735661e+00 -8.2238746755e-01
-1.5716521438e+00 -2.4331783793e+00 -8.2239846610e-01
-1.5716520315e+00 -2.4331741288e+00 -8.2238760974e-01
7.4992879933e-01 -7.0132014033e-01 1.1669513023e+00
7.4992948679e-01 -7.0132031919e-01 1.1669472213e+00
7.4992791645e-01 -7.0130202157e-01 1.1669481664e+00
7.4992827652e-01 -7.0130157306e-01 1.1669440703e+00
7.4993538125e-01 -7.0131586377e-01 1.1669557261e+00
7.4993630904e-01 -7.0131550731e-01 1.1669515730e+00
7.4993561810e-01 -7.0129784824e-01 1.1669527188e+00
7.4993638788e-01 -7.0129685663e-01 1.1669479164e+00
-1.5684756699e+00 -4.7699628991e-01 6.9891646935e-02
-1.5684723370e+00 -4.7699282494e-01 6.9905544755e-02
-1.5684755128e+00 -4.7700160575e-01 6.9892208895e-02
-1.5684726782e+00 -4.7699838584e-01 6.9906631835e-02
-1.5684602117e+00 -4.7699477492e-01 6.9892353908e-02
-1.5684574052e+00 -4.7699118754e-01 6.9906604415e-02
-1.5684607964e+00 -4.7699952763e-01 6.9892883724e-02
-1.5684578893e+00 -4.7699554984e-01 6.9907448789e-02
3.3869910558e-01 1.8924142189e+00 2.0151256980e+00
3.3870001180e-01 1.8924163739e+00 2.0151231960e+00
3.3869511895e-01 1.8924351110e+00 2.0151289466e+00
3.3869558781e-01 1.8924358065e+00 2.0151261276e+00
3.3870359760e-01 1.8924109240e+00 2.0151232518e+00
3.3870474307e-01 1.8924126520e+00 2.0151203850e+00
3.3869984277e-01 1.8924313126e+00 2.0151263468e+00
3.3870043850e-01 1.8924324409e+00 2.0151234618e+00
-1.0359361473e+00 -4.4744316627e-01 2.0435943737e+00
-1.0359354773e+00 -4.4744216335e-01 2.0435924837e+00
-1.0359402142e+00 -4.4744758338e-01 2.0435941288e+00
-1.0359397299e+00 -4.4744548550e-01 2.0435917434e+00
-1.0359365476e+00 -4.4744596635e-01 2.0435936198e+00
-1.0359355185e+00 -4.4744508340e-01 2.0435916097e+00
-1.0359404287e+00 -4.4744990307e-01 2.0435928333e+00
-1.0359388657e+00 -4.4744839219e-01 2.0435910669e+00
-2.3859047526e+00 -2.0031409564e+00 9.6550086480e-02
-2.3859047249e+00 -2.0031374910e+00 9.6545271231e-02
-2.3859061918e+00 -2.0031450005e+00 9.6543254811e-02
-2.3859044548e+00 -2.0031410417e+00 9.6539463328e-02
-2.3859015208e+00 -2.0031352173e+00 9.6552154362e-02
-2.3859004670e+00 -2.0031316697e+00 9.6547625186e-02
-2.3859029672e+00 -2.0031391571e+00 9.6545410081e-02
-2.3859012019e+00 -2.0031360446e+00 9.6541338761e-02
-3.8842495061e+00 4.8646755611e-01 1.0512759540e+00
-3.8842519196e+00 4.8646692247e-01 1.0512724458e+00
-3.8842494331e+00 4.8646434315e-01 1.0512735368e+00
-3.8842520309e+00 4.8646312188e-01 1.0512695539e+00
-3.8842491112e+00 4.8646831188e-01 1.0512769398e+00
-3.8842512952e+00 4.8646801713e-01 1.0512728259e+00
-3.8842488740e+00 4.8646509691e-01 1.0512750182e+00
-3.8842511040e+00 4.8646482732e-01 1.0512710104e+00
-9.2320525768e-01 9.1111800236e-01 8.7892902327e-01
-9.2320726087e-01 9.1112024507e-01 8.7892220322e-01
-9.2320672658e-01 9.1110545027e-01 8.7893156686e-01
-9.2320886996e-01 9.1110641600e-01 8.7892490711e-01
-9.2320042089e-01 9.1111771931e-01 8.7892951345e-01
-9.2320216594e-01 9.1111887894e-01 8.7892252743e-01
-9.2320158915e-01 9.1110385233e-01 8.7893175528e-01
-9.2320416440e-01 9.1110557218e-01 8.7892497326e-01
2.6144270606e+00 -1.6833202226e+00 -2.5250720772e+00
2.6144311312e+00 -1.6833245850e+00 -2.5250759106e+00
2.6144252348e+00 -1.6833240449e+00 -2.5250736016e+00
2.6144293392e+00 -1.6833280093e+00 -2.5250769045e+00
2.6144288074e+00 -1.6833201693e+00 -2.5250728891e+00
2.6144314230e+00 -1.6833238682e+00 -2.5250769567e+00
2.6144270522e+00 -1.6833234641e+00 -2.5250748153e+00
2.6144304581e+00 -1.6833278562e+00 -2.5250779166e+00
5.2295305259e-01 3.6993200582e-02 1.0781002023e+00
5.2295220728e-01 3.6990376977e-02 1.0780986060e+00
5.2295472431e-01 3.6994312740e-02 1.0781040012e+00
5.2295357344e-01 3.6992766650e-02 1.0781022210e+00
5.2294097789e-01 3.6989709075e-02 1.0780967285e+00
5.2294056326e-01 3.6987866678e-02 1.0780946798e+00
5.2294338250e-01 3.6992034596e-02 1.0781002475e+00
5.2294193489e-01 3.6990578153e-02 1.0780986453e+00
-6.8163283627e-01 -4.6954916178e-01 -1.4530594602e+00
-6.8163391640e-01 -4.6954925377e-01 -1.4530606837e+00
-6.8163110827e-01 -4.6955481864e-01 -1.4530616995e+00
-6.8163221845e-01 -4.6955524231e-01 -1.4530632435e+00
-6.8163279507e-01 -4.6954993235e-01 -1.4530594531e+00
-6.8163449422e-01 -4.6955074542e-01 -1.4530606654e+00
-6.8163131938e-01 -4.6955624075e-01 -1.4530612992e+00
-6.8163261316e-01 -4.6955732174e-01 -1.4530631928e+00
1.0511470464e+00 -5.4769155520e-01 -4.1596321554e-01
1.0511466965e+00 -5.4769348976e-01 -4.1596465660e-01
1.0511483864e+00 -5.4769144374e-01 -4.1596173924e-01
1.0511477990e+00 -5.4769293781e-01 -4.1596352565e-01
1.0511479235e+00 -5.4769048609e-01 -4.1596174000e-01
1.0511477913e+00 -5.4769211254e-01 -4.1596312551e-01
1.0511495303e+00 -5.4769022834e-01 -4.1596091582e-01
1.0511489900e+00 -5.4769165993e-01 -4.1596208820e-01
2.6519103374e+00 -5.5691713095e-01 6.5310990108e-01
2.6519104812e+00 -5.5691795533e-01 6.5311044573e-01
2.6519128577e+00 -5.5691883856e-01 6.5310529026e-01
2.6519129631e+00 -5.5691992278e-01 6.5310563402e-01
2.6519009049e+00 -5.5691623328e-01 6.5311131527e-01
2.6519008466e+00 -5.5691752586e-01 6.5311180186e-01
2.6519029900e+00 -5.5691761346e-01 6.5310644267e-01
2.6519034352e+00 -5.5691915129e-01 6.5310689504e-01
-2.1541557282e-01 -5.8374907819e-01 -9.5423229541e-01
-2.1541622882e-01 -5.8374887766e-01 -9.5423349601e-01
-2.1541500066e-01 -5.8373834378e-01 -9.5423285472e-01
-2.1541546898e-01 -5.8373877721e-01 -9.5423380390e-01
-2.1541216564e-01 -5.8374700893e-01 -9.5422964229e-01
-2.1541282549e-01 -5.8374669612e-01 -9.5423092730e-01
-2.1541133965e-01 -5.8373640799e-01 -9.5423012232e-01
-2.1541193428e-01 -5.8373638713e-01 -9.5423172693e-01
7.7875155963e-01 -8.5668302482e-01 -3.6270129057e-02
7.7875166044e-01 -8.5668406098e-01 -3.6270536979e-02
7.7875225742e-01 -8.5668702973e-01 -3.6267874552e-02
7.7875279526e-01 -8.5668837558e-01 -3.6268517192e-02
7.7875167564e-01 -8.5668328517e-01 -3.6270208964e-02
7.7875181764e-01 -8.5668384351e-01 -3.6271194608e-02
7.7875264976e-01 -8.5668760022e-01 -3.6267770920e-02
7.7875258210e-01 -8.5668827912e-01 -3.6268575851e-02
1.3328144201e+00 4.1310060217e-01 -7.5666015202e-01
1.3328157705e+00 4.1310210490e-01 -7.5666099628e-01
1.3328140136e+00 4.1310042028e-01 -7.5666058297e-01
1.3328150240e+00 4.1310163609e-01 -7.5666121430e-01
1.3328197636e+00 4.1309785706e-01 -7.5666428594e-01
1.3328207723e+00 4.1309938677e-01 -7.5666527451e-01
1.3328196856e+00 4.1309763439e-01 -7.5666424257e-01
1.3328208462e+00 4.1309876878e-01 -7.5666524592e-01
-3.1239022843e-01 1.4862011214e-01 4.1594046008e-01
-3.1239065366e-01 1.4861963774e-01 4.1593926037e-01
-3.1238980704e-01 1.4861989828e-01 4.1594008833e-01
-3.1239044646e-01 1.4861925231e-01 4.1593937064e-01
-3.1239023929e-01 1.4862041387e-01 4.1594025006e-01
-3.1239069096e-01 1.4862021501e-01 4.1593944957e-01
-3.1238991180e-01 1.4862022427e-01 4.1594014519e-01
-3.1239067854e-01 1.4861969570e-01 4.1593926537e-01
-4.6804071481e-01 1.4630402798e-02 1.3832251317e+00
-4.6803510105e-01 1.4626916732e-02 1.3832202501e+00
-4.6803691731e-01 1.4631624603e-02 1.3832250759e+00
-4.6803165782e-01 1.4627966523e-02 1.3832207320e+00
-4.6804850641e-01 1.4633660205e-02 1.3832304324e+00
-4.6804280942e-01 1.4629801612e-02 1.3832257614e+00
-4.6804463481e-01 1.4635192896e-02 1.3832309596e+00
-4.6803880760e-01 1.4631155289e-02 1.3832263569e+00
-1.2564492283e+00 2.1876208144e+00 5.2860867406e-01
-1.2564483730e+00 2.1876184829e+00 5.2861632080e-01
-1.2564483165e+00 2.1876280021e+00 5.2860534888e-01
-1.2564473065e+00 2.1876252962e+00 5.2861288715e-01
-1.2564482530e+00 2.1876205674e+00 5.2860845957e-01
-1.2564474216e+00 2.1876185995e+00 5.2861594106e-01
-1.2564475548e+00 2.1876278246e+00 5.2860495994e-01
-1.2564466074e+00 2.1876251259e+00 5.2861241780e-01
-8.2014294596e-02 -9.8001339757e-01 -1.1178512392e+00
-8.2013877395e-02 -9.8001332303e-01 -1.1178511959e+00
-8.2017667848e-02 -9.8001482928e-01 -1.1178474373e+00
-8.2017424233e-02 -9.8001462985e-01 -1.1178472028e+00
-8.2020162365e-02 -9.8001081699e-01 -1.1178480667e+00
-8.2019684224e-02 -9.8001051380e-01 -1.1178477973e+00
-8.2023576448e-02 -9.8001211829e-01 -1.1178442638e+00
-8.2023217687e-02 -9.8001205560e-01 -1.1178439848e+00
-6.2482364481e-01 2.5495283983e-01 1.1337634353e+00
-6.2482649524e-01 2.5495161222e-01 1.1337607979e+00
-6.2482550934e-01 2.5495045418e-01 1.1337622724e+00
-6.2482840635e-01 2.5494906056e-01 1.1337591665e+00
-6.2481951134e-01 2.5495539950e-01 1.1337669519e+00
-6.2482227534e-01 2.5495390133e-01 1.1337640176e+00
-6.2482134667e-01 2.5495298248e-01 1.1337654322e+00
-6.2482402320e-01 2.5495126693e-01 1.1337623557e+00
1.4010396249e+00 -5.7667638168e-01 -6.0780464174e-01
1.4010391802e+00 -5.7667693560e-01 -6.0780553067e-01
1.4010422879e+00 -5.7668115048e-01 -6.0780595257e-01
1.4010415386e+00 -5.7668165554e-01 -6.0780724203e-01
1.4010409816e+00 -5.7667586962e-01 -6.0780261732e-01
1.4010399021e+00 -5.7667607418e-01 -6.0780409748e-01
1.4010435187e+00 -5.7668070113e-01 -6.0780472171e-01
1.4010427948e+00 -5.7668119818e-01 -6.0780547401e-01
7.2704788419e-01 3.2935350027e+00 1.1848133897e-01
7.2704954744e-01 3.2935332796e+00 1.1847887998e-01
7.2704964026e-01 3.2935328741e+00 1.1847976491e-01
7.2705121629e-01 3.2935315863e+00 1.1847724491e-01
7.2705050153e-01 3.2935332830e+00 1.1848090045e-01
7.2705197197e-01 3.2935317840e+00 1.1847866194e-01
7.2705248251e-01 3.2935313159e+00 1.1847911642e-01
7.2705376650e-01 3.2935299966e+00 1.1847696767e-01
7.2066728735e-01 -2.1793801989e-02 1.0513911671e+00
7.2066654701e-01 -2.1794078820e-02 1.0513901894e+00
7.2066763666e-01 -2.1785536495e-02 1.0513902579e+00
7.2066699436e-01 -2.1786173011e-02 1.0513890005e+00
7.2066786195e-01 -2.1793163888e-02 1.0513905510e+00
7.2066697238e-01 -2.1793540135e-02 1.0513896599e+00
7.2066799473e-01 -2.1784925550e-02 1.0513895596e+00
7.2066737719e-01 -2.1785657325e-02 1.0513884451e+00
-5.8754322052e-01 -6.8924141907e-01 5.4431656075e-01
-5.8754179421e-01 -6.8924265572e-01 5.4431422203e-01
-5.8754049515e-01 -6.8924395552e-01 5.4431498638e-01
-5.8753932432e-01 -6.8924496270e-01 5.4431314916e-01
-5.8755420327e-01 -6.8924064443e-01 5.4431684183e-01
-5.8755277503e-01 -6.8924215754e-01 5.4431508405e-01
-5.8755168719e-01 -6.8924295830e-01 5.4431568874e-01
-5.8754992010e-01 -6.8924440057e-01 5.4431365869e-01
2.1838687538e+00 -2.7696779194e+00 -9.1542894734e-01
2.1838681483e+00 -2.7696768253e+00 -9.1543004179e-01
2.1838688945e+00 -2.7696777823e+00 -9.1542887331e-01
2.1838683988e+00 -2.7696768422e+00 -9.1542990255e-01
2.1838679959e+00 -2.7696779042e+00 -9.1542866276e-01
2.1838679211e+00 -2.7696773924e+00 -9.1542977911e-01
2.1838682015e+00 -2.7696776179e+00 -9.1542851783e-01
2.1838678900e+00 -2.7696769470e+00 -9.1542986117e-01
-8.1770558175e-01 -1.2846368987e-01 -2.7739802771e-02
-8.1770564191e-01 -1.2846413978e-01 -2.7739944305e-02
-8.1770622627e-01 -1.2846497658e-01 -2.7739096781e-02
-8.1770612630e-01 -1.2846532383e-01 -2.7739268118e-02
-8.1771372139e-01 -1.2846152454e-01 -2.7739174623e-02
-8.1771404117e-01 -1.2846181767e-01 -2.7739364757e-02
-8.1771439372e-01 -1.2846292230e-01 -2.7738315507e-02
-8.1771445349e-01 -1.2846315202e-01 -2.7738425037e-02
7.3521600238e-01 4.7558172823e-01 8.4905581005e-01
7.3521702512e-01 4.7558170873e-01 8.4905447529e-01
7.3521511964e-01 4.7557891874e-01 8.4905359637e-01
7.3521600686e-01 4.7557916490e-01 8.4905250313e-01
7.3521462245e-01 4.7558238023e-01 8.4905648490e-01
7.3521548756e-01 4.7558256700e-01 8.4905497818e-01
7.3521404395e-01 4.7557942571e-01 8.4905455931e-01
7.3521476493e-01 4.7558005138e-01 8.4905347134e-01
1.2764604982e+00 3.2097254719e-02 -5.3609103907e-01
1.2764613004e+00 3.2097831429e-02 -5.3609152161e-01
1.2764607822e+00 3.2096931300e-02 -5.3609064972e-01
1.2764611015e+00 3.2097915911e-02 -5.3609173299e-01
1.2764610059e+00 3.2096695376e-02 -5.3609113795e-01
1.2764612376e+00 3.2097387241e-02 -5.3609199834e-01
1.2764612117e+00 3.2096870729e-02 -5.3609066801e-01
1.2764612580e+00 3.2097355289e-02 -5.3609190836e-01
-4.5625127396e-01 3.0154288711e-01 -2.9527320976e-01
-4.5625082534e-01 3.0154391248e-01 -2.9527396189e-01
-4.5625124888e-01 3.0154314939e-01 -2.9527307220e-01
-4.5625113823e-01 3.0154399792e-01 -2.9527358690e-01
-4.5624892490e-01 3.0154281675e-01 -2.9527289227e-01
-4.5624887378e-01 3.0154311342e-01 -2.9527341447e-01
-4.5624941259e-01 3.0154342934e-01 -2.9527263359e-01
-4.5624913927e-01 3.0154402335e-01 -2.9527312815e-01
-1.6460778738e-01 -1.7458159935e-01 -1.1098419818e+00
-1.6460756876e-01 -1.7458176816e-01 -1.1098418043e+00
-1.6460746319e-01 -1.7458356076e-01 -1.1098409997e+00
-1.6460758825e-01 -1.7458342052e-01 -1.1098410592e+00
-1.6460620851e-01 -1.7458045697e-01 -1.1098412089e+00
-1.6460612026e-01 -1.7458050804e-01 -1.1098410791e+00
-1.6460601571e-01 -1.7458285592e-01 -1.1098404068e+00
-1.6460601441e-01 -1.7458275471e-01 -1.1098400281e+00
1.5276399134e+00 1.8049245488e+00 3.1120886863e-01
1.5276399395e+00 1.8049246608e+00 3.1120853836e-01
1.5276426840e+00 1.8049281452e+00 3.1121121171e-01
1.5276424647e+00 1.8049286347e+00 3.1121080088e-01
1.5276410390e+00 1.8049240937e+00 3.1120850760e-01
1.5276405398e+00 1.8049244668e+00 3.1120789568e-01
1.5276431207e+00 1.8049275886e+00 3.1121100159e-01
1.5276431585e+00 1.8049282799e+00 3.1121070896e-01
-1.5578748921e+00 -4.1472276239e-01 8.1435495917e-02
-1.5578760287e+00 -4.1471920436e-01 8.1444316707e-02
-1.5578755603e+00 -4.1472512092e-01 8.1436927552e-02
-1.5578762154e+00 -4.1472123459e-01 8.1445581558e-02
-1.5578736492e+00 -4.1472292247e-01 8.1435284908e-02
-1.5578750807e+00 -4.1471920261e-01 8.1444160132e-02
-1.5578742053e+00 -4.1472541661e-01 8.1436697689e-02
-1.5578756849e+00 -4.1472123405e-01 8.1445377619e-02
1.9178571912e+00 -8.9702758379e-02 -9.9944747278e-01
1.9178597706e+00 -8.9703555079e-02 -9.9944151746e-01
1.9178566848e+00 -8.9705850127e-02 -9.9944595433e-01
1.9178594396e+00 -8.9706535567e-02 -9.9943966670e-01
1.9178572120e+00 -8.9702350497e-02 -9.9944635196e-01
1.9178599026e+00 -8.9702645912e-02 -9.9944017158e-01
1.9178570431e+00 -8.9705130733e-02 -9.9944450634e-01
1.9178594351e+00 -8.9705270008e-02 -9.9943821430e-01
4.3860444740e-01 2.4115712822e-01 1.8993634353e-01
4.3860417164e-01 2.4115697691e-01 1.8993624608e-01
4.3860475574e-01 2.4115210213e-01 1.8993923627e-01
4.3860443871e-01 2.4115214752e-01 1.8993955973e-01
4.3860438280e-01 2.4115706130e-01 1.8993624544e-01
4.3860432410e-01 2.4115698536e-01 1.8993601485e-01
4.3860447527e-01 2.4115184636e-01 1.8993941189e-01
4.3860477586e-01 2.4115174076e-01 1.8993949624e-01
-7.1221898615e-01 5.7284770789e-01 -8.0364459550e-01
-7.1222011571e-01 5.7284797098e-01 -8.0364732456e-01
-7.1222003608e-01 5.7284690542e-01 -8.0364553527e-01
-7.1222113289e-01 5.7284714544e-01 -8.0364802053e-01
-7.1221795118e-01 5.7284768203e-01 -8.0364383202e-01
-7.1221844446e-01 5.7284834066e-01 -8.0364615276e-01
-7.1221878786e-01 5.7284661705e-01 -8.0364518984e-01
-7.1221983759e-01 5.7284692569e-01 -8.0364743269e-01
6.1505870398e-01 -6.0379374979e-01 -5.5099524847e-01
6.1505889136e-01 -6.0379490969e-01 -5.5099558328e-01
6.1505655450e-01 -6.0379640572e-01 -5.5099673840e-01
6.1505659851e-01 -6.0379711398e-01 -5.5099741873e-01
6.1505468219e-01 -6.0379525830e-01 -5.5099679750e-01
6.1505502083e-01 -6.0379567769e-01 -5.5099692950e-01
6.1505267623e-01 -6.0379738150e-01 -5.5099861198e-01
6.1505323684e-01 -6.0379823321e-01 -5.5099897572e-01
-5.6343281580e-01 -6.0412314489e-01 -9.2104726460e-01
-5.6343344797e-01 -6.0412320051e-01 -9.2104949830e-01
-5.6343255394e-01 -6.0412647306e-01 -9.2104821124e-01
-5.6343279850e-01 -6.0412651398e-01 -9.2105023319e-01
-5.6343256953e-01 -6.0412349872e-01 -9.2104672379e-01
-5.6343350921e-01 -6.0412341463e-01 -9.2104892158e-01
-5.6343269272e-01 -6.0412647332e-01 -9.2104721612e-01
-5.6343257651e-01 -6.0412688348e-01 -9.2104946114e-01
-7.1983401468e-01 9.9856364580e-01 -4.4118978960e-01
-7.1983130243e-01 9.9856211230e-01 -4.4119291144e-01
-7.1983412784e-01 9.9856379690e-01 -4.4118994318e-01
-7.1983116788e-01 9.9856210094e-01 -4.4119273208e-01
-7.1983402900e-01 9.9856361401e-01 -4.4118918983e-01
-7.1983107092e-01 9.9856227856e-01 -4.4119227621e-01
-7.1983345390e-01 9.9856419928e-01 -4.4118911422e-01
-7.1983069581e-01 9.9856238133e-01 -4.4119213664e-01
5.5836657844e-01 -7.0107869790e-01 8.6774863029e-01
5.5836682930e-01 -7.0107902067e-01 8.6775721139e-01
5.5836719927e-01 -7.0107271954e-01 8.6774578123e-01
5.5836735516e-01 -7.0107252619e-01 8.6775378129e-01
5.5836675701e-01 -7.0107896378e-01 8.6774882942e-01
5.5836719184e-01 -7.0107963860e-01 8.6775695290e-01
5.5836730735e-01 -7.0107243665e-01 8.6774607792e-01
5.5836736941e-01 -7.0107308045e-01 8.6775390838e-01
7.2620338545e-01 6.1846335682e-01 3.6809710997e-01
7.2619973561e-01 6.1846134730e-01 3.6809203339e-01
7.2620323454e-01 6.1846233319e-01 3.6809624221e-01
7.2619919328e-01 6.1846057976e-01 3.6809136671e-01
7.2620383085e-01 6.1846314073e-01 3.6809634633e-01
7.2619988268e-01 6.1846106205e-01 3.6809147729e-01
7.2620319064e-01 6.1846251780e-01 3.6809572905e-01
7.2619944634e-01 6.1846029463e-01 3.6809093231e-01
-2.0206804761e+00 1.2818300361e+00 -4.7560048074e-01
-2.0206794587e+00 1.2818312376e+00 -4.7560138442e-01
-2.0206788637e+00 1.2818248209e+00 -4.7560317044e-01
-2.0206777359e+00 1.2818255603e+00 -4.7560391486e-01
-2.0206886544e+00 1.2818313209e+00 -4.7559876885e-01
-2.0206879097e+00 1.2818321523e+00 -4.7559942632e-01
-2.0206865815e+00 1.2818260746e+00 -4.7560103790e-01
-2.0206859751e+00 1.2818270852e+00 -4.7560174140e-01
1.0439662812e+00 1.3625514798e+00 -9.7489387828e-01
1.0439622610e+00 1.3625491055e+00 -9.7489875285e-01
1.0439671586e+00 1.3625485334e+00 -9.7489334350e-01
1.0439630118e+00 1.3625458116e+00 -9.7489807278e-01
1.0439685282e+00 1.3625508868e+00 -9.7489568474e-01
1.0439646203e+00 1.3625483144e+00 -9.7490050283e-01
1.0439695549e+00 1.3625478420e+00 -9.7489481772e-01
1.0439654614e+00 1.3625454777e+00 -9.7489958431e-01
8.7182227116e-01 6.7171677780e-01 -9.7761976066e-01
8.7182369983e-01 6.7171664760e-01 -9.7762254750e-01
8.7182124815e-01 6.7171481904e-01 -9.7762123839e-01
8.7182197966e-01 6.7171428954e-01 -9.7762374131e-01
8.7182272709e-01 6.7171665285e-01 -9.7761961384e-01
8.7182405065e-01 6.7171650753e-01 -9.7762236577e-01
8.7182131437e-01 6.7171474152e-01 -9.7762071549e-01
8.7182243656e-01 6.7171417143e-01 -9.7762332463e-01
-3.4128649552e-01 1.1291656056e+00 -2.7888320570e-01
-3.4128470951e-01 1.1291648173e+00 -2.7887441757e-01
-3.4128577870e-01 1.1291645731e+00 -2.7888491746e-01
-3.4128369535e-01 1.1291642438e+00 -2.7887668734e-01
-3.4128278726e-01 1.1291703783e+00 -2.7887840622e-01
-3.4128119244e-01 1.1291699306e+00 -2.7886993945e-01
-3.4128168415e-01 1.1291696133e+00 -2.7888034668e-01
-3.4128012767e-01 1.1291686774e+00 -2.7887152601e-01
-5.3894444758e-01 -9.6739712747e-01 -1.3544744624e+00
-5.3894130066e-01 -9.6739897391e-01 -1.3544774135e+00
-5.3894833108e-01 -9.6739966369e-01 -1.3544770776e+00
-5.3894468269e-01 -9.6740098123e-01 -1.3544797011e+00
-5.3894421213e-01 -9.6739713306e-01 -1.3544745866e+00
-5.3894070649e-01 -9.6739906419e-01 -1.3544773259e+00
-5.3894816595e-01 -9.6739936816e-01 -1.3544770565e+00
-5.3894438560e-01 -9.6740113329e-01 -1.3544797279e+00
-3.3621852795e-01 5.6386597389e-01 -8.1767637914e-02
-3.3621971949e-01 5.6386588311e-01 -8.1769788934e-02
-3.3621836969e-01 5.6386582091e-01 -8.1768038131e-02
-3.3621913188e-01 5.6386615010e-01 -8.1770190712e-02
-3.3622166039e-01 5.6386537881e-01 -8.1769731138e-02
-3.3622262513e-01 5.6386573109e-01 -8.1771377643e-02
-3.3622126757e-01 5.6386505694e-01 -8.1770106492e-02
-3.3622181073e-01 5.6386585662e-01 -8.1771266445e-02
1.0098033329e+00 -8.4371263019e-01 4.6506020450e-01
1.0098017674e+00 -8.4371358701e-01 4.6505812691e-01
1.0098041749e+00 -8.4371705687e-01 4.6505815922e-01
1.0098024034e+00 -8.4371853618e-01 4.6505594791e-01
1.0097936614e+00 -8.4371229855e-01 4.6506151530e-01
1.0097924453e+00 -8.4371359874e-01 4.6505946391e-01
1.0097942714e+00 -8.4371705185e-01 4.6505948218e-01
1.0097929012e+00 -8.4371836367e-01 4.6505728962e-01
-9.2069777658e-01 -1.5291910719e+00 6.3703025757e-01
-9.2069760564e-01 -1.5291909153e+00 6.3703237533e-01
-9.2069762895e-01 -1.5291865718e+00 6.3703180939e-01
-9.2069728723e-01 -1.5291861925e+00 6.3703365418e-01
-9.2070641972e-01 -1.5291918435e+00 6.3702916497e-01
-9.2070652573e-01 -1.5291907320e+00 6.3703124240e-01
-9.2070619703e-01 -1.5291863576e+00 6.3703069907e-01
-9.2070604146e-01 -1.5291863306e+00 6.3703286087e-01
-1.8909067229e+00 -9.4207635527e-01 4.5443120721e-01
-1.8909055748e+00 -9.4207681904e-01 4.5442970046e-01
-1.8909079752e+00 -9.4207445409e-01 4.5443263079e-01
-1.8909061486e+00 -9.4207515340e-01 4.5443117022e-01
-1.8909067525e+00 -9.4207592647e-01 4.5443131779e-01
-1.8909050822e+00 -9.4207626935e-01 4.5442984700e-01
-1.8909075003e+00 -9.4207457043e-01 4.5443275037e-01
-1.8909061112e+00 -9.4207476201e-01 4.5443115197e-01
-8.9383794776e-01 -9.4372362950e-01 4.6044006052e-01
-8.9383526174e-01 -9.4372537400e-01 4.6043780035e-01
-8.9384083565e-01 -9.4372626188e-01 4.6043756002e-01
-8.9383832233e-01 -9.4372826001e-01 4.6043513416e-01
-8.9384385215e-01 -9.4372136504e-01 4.6044347853e-01
-8.9384132427e-01 -9.4372312463e-01 4.6044103452e-01
-8.9384689286e-01 -9.4372417880e-01 4.6044087721e-01
-8.9384432409e-01 -9.4372584680e-01 4.6043847142e-01
1.1195497334e+00 -9.2049953060e-01 2.6518578313e-01
1.1195487840e+00 -9.2050027564e-01 2.6518372413e-01
1.1195527105e+00 -9.2050195031e-01 2.6518309294e-01
1.1195517752e+00 -9.2050308190e-01 2.6518132392e-01
1.1195493988e+00 -9.2049982937e-01 2.6518608745e-01
1.1195490731e+00 -9.2050019433e-01 2.6518419119e-01
1.1195525100e+00 -9.2050221319e-01 2.6518328500e-01
1.1195516927e+00 -9.2050329649e-01 2.6518135213e-01
-4.9954703896e-01 -4.3010463605e-01 1.1963623837e+00
-4.9954676480e-01 -4.3010426966e-01 1.1963620837e+00
-4.9954681949e-01 -4.3010620545e-01 1.1963630149e+00
-4.9954680798e-01 -4.3010569298e-01 1.1963621294e+00
-4.9954919397e-01 -4.3010560828e-01 1.1963620811e+00
-4.9954889297e-01 -4.3010534742e-01 1.1963615220e+00
-4.9954898944e-01 -4.3010677809e-01 1.1963627626e+00
-4.9954861651e-01 -4.3010605298e-01 1.1963619801e+00
-1.2525873072e+00 -3.8682413810e-01 5.4506930175e-02
-1.2525869471e+00 -3.8682303304e-01 5.4504927709e-02
-1.2525869913e+00 -3.8682480888e-01 5.4507123063e-02
-1.2525867690e+00 -3.8682322173e-01 5.4505374860e-02
-1.2525956566e+00 -3.8682470261e-01 5.4506493949e-02
-1.2525954745e+00 -3.8682344755e-01 5.4504652271e-02
-1.2525959993e+00 -3.8682519933e-01 5.4506897990e-02
-1.2525956656e+00 -3.8682361911e-01 5.4504784196e-02
1.7952046180e+00 -2.9935174326e+00 8.0521704052e-01
1.7952053393e+00 -2.9935122960e+00 8.0521352157e-01
1.7952047581e+00 -2.9935175139e+00 8.0521702912e-01
1.7952056787e+00 -2.9935120175e+00 8.0521350796e-01
1.7952046480e+00 -2.9935160230e+00 8.0521658653e-01
1.7952054556e+00 -2.9935101975e+00 8.0521274489e-01
1.7952048617e+00 -2.9935159612e+00 8.0521599950e-01
1.7952056012e+00 -2.9935104018e+00 8.0521263039e-01
1.0333268636e+00 -1.1119004087e+00 -5.1678159656e-01
1.0333264775e+00 -1.1118975781e+00 -5.1678435555e-01
1.0333259897e+00 -1.1118937813e+00 -5.1678036705e-01
1.0333259994e+00 -1.1118909549e+00 -5.1678241007e-01
1.0333275666e+00 -1.1119000610e+00 -5.1678156280e-01
1.0333270717e+00 -1.1118978819e+00 -5.1678409871e-01
1.0333266268e+00 -1.1118934511e+00 -5.1678011333e-01
1.0333265774e+00 -1.1118911521e+00 -5.1678250069e-01
9.2588590848e-01 -1.1468274999e-01 -5.9702339314e-01
9.2588577784e-01 -1.1468062360e-01 -5.9702557818e-01
9.2588563619e-01 -1.1468344454e-01 -5.9702278320e-01
9.2588506902e-01 -1.1468144073e-01 -5.9702508579e-01
9.2588584605e-01 -1.1468283703e-01 -5.9702313047e-01
9.2588571937e-01 -1.1468081311e-01 -5.9702547180e-01
9.2588582657e-01 -1.1468344277e-01 -5.9702273898e-01
9.2588535959e-01 -1.1468165394e-01 -5.9702480331e-01
1.7939946186e+00 6.5881223313e-01 -1.2274054827e-01
1.7939950877e+00 6.5881191643e-01 -1.2274161589e-01
1.7939938139e+00 6.5880455241e-01 -1.2273717928e-01
1.7939939030e+00 6.5880457133e-01 -1.2273855240e-01
1.7939976183e+00 6.5881333356e-01 -1.2273760700e-01
1.7939984233e+00 6.5881318755e-01 -1.2273912992e-01
1.7939969234e+00 6.5880594702e-01 -1.2273471622e-01
1.7939974961e+00 6.5880585720e-01 -1.2273591024e-01
-6.2492612529e-01 1.0829412572e-01 3.0660249031e-01
-6.2492652322e-01 1.0829631034e-01 3.0659991295e-01
-6.2492488527e-01 1.0830210330e-01 3.0660286449e-01
-6.2492469620e-01 1.0830481701e-01 3.0660026749e-01
-6.2492483792e-01 1.0829375015e-01 3.0660146537e-01
-6.2492543618e-01 1.0829586324e-01 3.0659892167e-01
-6.2492435929e-01 1.0830214549e-01 3.0660174790e-01
-6.2492395522e-01 1.0830447103e-01 3.0659943222e-01
2.7802911135e-01 1.6698589717e+00 3.4962641436e-01
2.7802950553e-01 1.6698582429e+00 3.4963374495e-01
2.7802874728e-01 1.6698538783e+00 3.4962745845e-01
2.7802960323e-01 1.6698530894e+00 3.4963506743e-01
2.7802987039e-01 1.6698588288e+00 3.4962540075e-01
2.7803087756e-01 1.6698582570e+00 3.4963274729e-01
2.7802954522e-01 1.6698541642e+00 3.4962665346e-01
2.7803063404e-01 1.6698533559e+00 3.4963441787e-01
2.2489812790e+00 7.3811251625e-01 7.5736966460e-01
2.2489826756e+00 7.3811512023e-01 7.5737911024e-01
2.2489796465e+00 7.3811469021e-01 7.5736998005e-01
2.2489808489e+00 7.3811716380e-01 7.5737943825e-01
2.2489694935e+00 7.3811011180e-01 7.5736845001e-01
2.2489708374e+00 7.3811294723e-01 7.5737761416e-01
2.2489676680e+00 7.3811223535e-01 7.5736868726e-01
2.2489690331e+00 7.3811498291e-01 7.5737857660e-01
-6.4337832140e-01 1.0203254098e+00 1.9562301086e-01
-6.4337894287e-01 1.0203252943e+00 1.9562376183e-01
-6.4337854559e-01 1.0203220772e+00 1.9562469022e-01
-6.4337870602e-01 1.0203224221e+00 1.9562512453e-01
-6.4337790938e-01 1.0203249767e+00 1.9562391643e-01
-6.4337813120e-01 1.0203252409e+00 1.9562410721e-01
-6.4337818364e-01 1.0203217400e+00 1.9562476941e-01
-6.4337860199e-01 1.0203221843e+00 1.9562533676e-01
-2.5514465529e-01 -2.0379378055e-01 -5.2281496718e-01
-2.5514463173e-01 -2.0379369705e-01 -5.2281539489e-01
-2.5514403942e-01 -2.0379271945e-01 -5.2281469140e-01
-2.5514393472e-01 -2.0379259342e-01 -5.2281518690e-01
-2.5515294386e-01 -2.0379323194e-01 -5.2281469142e-01
-2.5515284681e-01 -2.0379345850e-01 -5.2281492853e-01
-2.5515239525e-01 -2.0379156163e-01 -5.2281438458e-01
-2.5515213084e-01 -2.0379152233e-01 -5.2281451010e-01
2.6375591555e+00 1.3106695491e+00 -6.6850747597e-01
2.6375605291e+00 1.3106687467e+00 -6.6850766211e-01
2.6375590648e+00 1.3106690322e+00 -6.6850696056e-01
2.6375603524e+00 1.3106680726e+00 -6.6850716216e-01
2.6375591605e+00 1.3106698712e+00 -6.6850776536e-01
2.6375603095e+00 1.3106694326e+00 -6.6850764079e-01
2.6375587788e+00 1.3106691784e+00 -6.6850762724e-01
2.6375601237e+00 1.3106683974e+00 -6.6850718484e-01
1.8009986102e+00 8.9211895386e-01 -4.9873214478e-02
1.8009986229e+00 8.9211913386e-01 -4.9873599119e-02
1.8009980748e+00 8.9212727405e-01 -4.9870336762e-02
1.8009986195e+00 8.9212701233e-01 -4.9870152676e-02
1.8009989766e+00 8.9211821397e-01 -4.9872509164e-02
1.8009991089e+00 8.9211810445e-01 -4.9873332147e-02
1.8009987725e+00 8.9212624901e-01 -4.9869764099e-02
1.8009989250e+00 8.9212665777e-01 -4.9869691244e-02
7.4643569007e-03 -1.8866250742e+00 -1.0707572405e+00
7.4647300122e-03 -1.8866280169e+00 -1.0707548778e+00
7.4649347179e-03 -1.8866254082e+00 -1.0707567187e+00
7.4654466813e-03 -1.8866284808e+00 -1.0707543390e+00
7.4672425023e-03 -1.8866265368e+00 -1.0707597715e+00
7.4670510560e-03 -1.8866297055e+00 -1.0707568320e+00
7.4677075933e-03 -1.8866269930e+00 -1.0707591248e+00
7.4680205746e-03 -1.8866302256e+00 -1.0707565970e+00
-2.3589789103e-01 5.8118053946e-01 7.8495121326e-01
-2.3589796379e-01 5.8118036350e-01 7.8494979401e-01
-2.3589632040e-01 5.8118285575e-01 7.8495264131e-01
-2.3589579157e-01 5.8118323222e-01 7.8495139184e-01
-2.3589858106e-01 5.8117989702e-01 7.8495118275e-01
-2.3589832403e-01 5.8117974507e-01 7.8494995792e-01
-2.3589673866e-01 5.8118255329e-01 7.8495239852e-01
-2.3589619028e-01 5.8118261940e-01 7.8495179916e-01
-1.0789368329e+00 -6.8864008416e-01 7.6634717663e-02
-1.0789367379e+00 -6.8864021502e-01 7.6634279211e-02
-1.0789354475e+00 -6.8864785334e-01 7.6635850247e-02
-1.0789356293e+00 -6.8864774385e-01 7.6635712713e-02
-1.0789454334e+00 -6.8863794308e-01 7.6635786159e-02
-1.0789454644e+00 -6.8863783980e-01 7.6635276652e-02
-1.0789442773e+00 -6.8864505741e-01 7.6637265902e-02
-1.0789446671e+00 -6.8864543429e-01 7.6636681304e-02
-1.6616068751e+00 1.3870017601e+00 -1.1041905369e-03
-1.6616078715e+00 1.3870013217e+00 -1.1043327725e-03
-1.6616065679e+00 1.3870020898e+00 -1.1039363234e-03
-1.6616075777e+00 1.3870009736e+00 -1.1042236167e-03
-1.6616063597e+00 1.3870018497e+00 -1.1044236523e-03
-1.6616073093e+00 1.3870012464e+00 -1.1044747557e-03
-1.6616058206e+00 1.3870019519e+00 -1.1037967959e-03
-1.6616070594e+00 1.3870017163e+00 -1.1037527463e-03
-2.1943695794e-01 8.0548083053e-01 -3.4305274025e-01
-2.1943819817e-01 8.0548286684e-01 -3.4305357154e-01
-2.1943884185e-01 8.0547549558e-01 -3.4305295593e-01
-2.1943917910e-01 8.0547690322e-01 -3.4305382603e-01
-2.1943706223e-01 8.0548203049e-01 -3.4305339452e-01
-2.1943738499e-01 8.0548315202e-01 -3.4305443471e-01
-2.1943848858e-01 8.0547606670e-01 -3.4305327979e-01
-2.1943876902e-01 8.0547716342e-01 -3.4305425215e-01
-2.9184664832e-01 -4.9726243626e-01 -7.9188695874e-01
-2.9184671508e-01 -4.9726299212e-01 -7.9188607140e-01
-2.9184793750e-01 -4.9725443912e-01 -7.9188793695e-01
-2.9184801589e-01 -4.9725473528e-01 -7.9188694504e-01
-2.9185273454e-01 -4.9726107458e-01 -7.9188602738e-01
-2.9185304618e-01 -4.9726178268e-01 -7.9188505163e-01
-2.9185369243e-01 -4.9725341996e-01 -7.9188723812e-01
-2.9185382032e-01 -4.9725353717e-01 -7.9188612196e-01
-5.3012196362e-01 -2.0650057632e+00 -4.8345634669e-01
-5.3012146971e-01 -2.0650030275e+00 -4.8345655766e-01
-5.3012119216e-01 -2.0650008665e+00 -4.8345907225e-01
-5.3012100079e-01 -2.0649984544e+00 -4.8345911072e-01
-5.3012527011e-01 -2.0650045453e+00 -4.8345960575e-01
-5.3012469217e-01 -2.0650025339e+00 -4.8345965730e-01
-5.3012460679e-01 -2.0650000846e+00 -4.8346214396e-01
-5.3012425521e-01 -2.0649971271e+00 -4.8346201833e-01
1.9936507789e+00 1.7679311207e+00 6.6354934299e-01
1.9936513316e+00 1.7679305602e+00 6.6354967407e-01
1.9936508747e+00 1.7679305447e+00 6.6354927043e-01
1.9936509860e+00 1.7679305294e+00 6.6354975729e-01
1.9936510014e+00 1.7679310152e+00 6.6354969358e-01
1.9936513151e+00 1.7679304992e+00 6.6354987908e-01
1.9936511056e+00 1.7679305285e+00 6.6354957003e-01
1.9936516741e+00 1.7679296935e+00 6.6354994217e-01
-1.0975004085e+00 1.8985886449e-01 7.7805866631e-01
-1.0975037853e+00 1.8986005061e-01 7.7806104014e-01
-1.0975001930e+00 1.8985847252e-01 7.7805803007e-01
-1.0975034834e+00 1.8986046485e-01 7.7806035777e-01
-1.0974995030e+00 1.8985783013e-01 7.7805918342e-01
-1.0975031867e+00 1.8985933370e-01 7.7806167004e-01
-1.0974990900e+00 1.8985807923e-01 7.7805904566e-01
-1.0975027677e+00 1.8985962915e-01 7.7806103903e-01
-2.2226306551e+00 9.1439169863e-01 4.2101627104e-01
-2.2226310132e+00 9.1439129928e-01 4.2101572512e-01
-2.2226314649e+00 9.1439089480e-01 4.2101657064e-01
-2.2226311898e+00 9.1439027878e-01 4.2101598682e-01
-2.2226408588e+00 9.1439506926e-01 4.2101881949e-01
-2.2226409805e+00 9.1439452163e-01 4.2101847781e-01
-2.2226413290e+00 9.1439377328e-01 4.2101897473e-01
-2.2226415786e+00 9.1439403197e-01 4.2101863308e-01
1.4390236620e+00 1.0768701988e+00 3.2437586262e+00
1.4390298944e+00 1.0768733922e+00 3.2437622944e+00
1.4390266660e+00 1.0768621627e+00 3.2437612440e+00
1.4390331082e+00 1.0768657658e+00 3.2437649550e+00
1.4390099993e+00 1.0768684528e+00 3.2437552524e+00
1.4390163306e+00 1.0768726017e+00 3.2437591536e+00
1.4390130314e+00 1.0768615662e+00 3.2437577045e+00
1.4390192512e+00 1.0768650853e+00 3.2437616028e+00
3.2512365872e-01 9.0851053319e-01 -7.1063825252e-01
3.2512434767e-01 9.0851023923e-01 -7.1063758612e-01
3.2512354525e-01 9.0851054381e-01 -7.1063858064e-01
3.2512420158e-01 9.0850980441e-01 -7.1063736731e-01
3.2512376337e-01 9.0851133089e-01 -7.1063894675e-01
3.2512439787e-01 9.0851084556e-01 -7.1063782928e-01
3.2512379551e-01 9.0851050203e-01 -7.1063884656e-01
3.2512438154e-01 9.0851032445e-01 -7.1063798917e-01
1.3965821730e+00 -1.8278255447e+00 -1.3358495665e+00
1.3965819112e+00 -1.8278254670e+00 -1.3358492703e+00
1.3965830299e+00 -1.8278306553e+00 -1.3358518095e+00
1.3965831774e+00 -1.8278304949e+00 -1.3358513209e+00
1.3965772662e+00 -1.8278271860e+00 -1.3358528196e+00
1.3965778890e+00 -1.8278273612e+00 -1.3358527124e+00
1.3965780616e+00 -1.8278320462e+00 -1.3358552773e+00
1.3965782916e+00 -1.8278318674e+00 -1.3358550185e+00
9.7158954385e-01 -5.2080766583e-01 -7.6624357752e-01
9.7158897387e-01 -5.2080831935e-01 -7.6624310871e-01
9.7158899935e-01 -5.2080514459e-01 -7.6624626839e-01
9.7158881479e-01 -5.2080552163e-01 -7.6624544999e-01
9.7159005037e-01 -5.2080829183e-01 -7.6624284054e-01
9.7158991490e-01 -5.2080860386e-01 -7.6624242881e-01
9.7159035199e-01 -5.2080550563e-01 -7.6624540951e-01
9.7158993945e-01 -5.2080573111e-01 -7.6624457804e-01
6.9557579752e-01 3.7855342905e-01 1.3366204260e+00
6.9557694267e-01 3.7855409958e-01 1.3366284402e+00
6.9557623141e-01 3.7855171095e-01 1.3366195932e+00
6.9557733496e-01 3.7855250159e-01 1.3366277557e+00
6.9557691035e-01 3.7855330832e-01 1.3366195774e+00
6.9557828420e-01 3.7855354277e-01 1.3366274081e+00
6.9557718668e-01 3.7855107117e-01 1.3366190138e+00
6.9557874601e-01 3.7855192153e-01 1.3366267830e+00
-3.9787252925e-01 1.6362621499e+00 1.3493260991e+00
-3.9787154504e-01 1.6362618297e+00 1.3493253397e+00
-3.9787246378e-01 1.6362623649e+00 1.3493261097e+00
-3.9787125855e-01 1.6362619746e+00 1.3493254518e+00
-3.9787869248e-01 1.6362614822e+00 1.3493266247e+00
-3.9787772161e-01 1.6362611162e+00 1.3493257799e+00
-3.9787834487e-01 1.6362619078e+00 1.3493271908e+00
-3.9787725431e-01 1.6362613247e+00 1.3493261988e+00
1.0214814428e+00 -2.7989121644e+00 1.6188215645e-01
1.0214791868e+00 -2.7989117773e+00 1.6187933291e-01
1.0214807572e+00 -2.7989105197e+00 1.6188467425e-01
1.0214790098e+00 -2.7989101211e+00 1.6188232925e-01
1.0214814324e+00 -2.7989122164e+00 1.6188224294e-01
1.0214796918e+00 -2.7989119634e+00 1.6187981980e-01
1.0214813572e+00 -2.7989105249e+00 1.6188487358e-01
1.0214787742e+00 -2.7989100674e+00 1.6188242628e-01
-5.0664856382e-02 2.0397538142e+00 -1.7100174844e-01
-5.0664899048e-02 2.0397538243e+00 -1.7100180501e-01
-5.0665332493e-02 2.0397704156e+00 -1.7100641937e-01
-5.0665276065e-02 2.0397703612e+00 -1.7100598189e-01
-5.0664324830e-02 2.0397540195e+00 -1.7100150228e-01
-5.0663844108e-02 2.0397538057e+00 -1.7100146899e-01
-5.0664633172e-02 2.0397704949e+00 -1.7100648970e-01
-5.0664238478e-02 2.0397705957e+00 -1.7100614217e-01
6.9294033737e-01 -9.9298774410e-01 -5.7843003272e-01
6.9294380926e-01 -9.9298992246e-01 -5.7843326179e-01
6.9293982102e-01 -9.9298897629e-01 -5.7843090025e-01
6.9294308078e-01 -9.9299107198e-01 -5.7843365765e-01
6.9294049543e-01 -9.9298781316e-01 -5.7842994832e-01
6.9294369767e-01 -9.9298967356e-01 -5.7843255396e-01
6.9293999149e-01 -9.9298918299e-01 -5.7843068556e-01
6.9294319631e-01 -9.9299128530e-01 -5.7843350083e-01
1.0419158546e-01 -1.0323676659e+00 -1.2100099404e+00
1.0419074589e-01 -1.0323643511e+00 -1.2100010148e+00
1.0419113003e-01 -1.0323680871e+00 -1.2100097082e+00
1.0419042329e-01 -1.0323647516e+00 -1.2100008040e+00
1.0417870038e-01 -1.0323686675e+00 -1.2100085907e+00
1.0417801315e-01 -1.0323653441e+00 -1.2099999383e+00
1.0417845285e-01 -1.0323682761e+00 -1.2100086001e+00
1.0417779748e-01 -1.0323653575e+00 -1.2099998456e+00
-7.1208781804e-01 -2.4411699914e-01 -6.3618702727e-01
-7.1208462973e-01 -2.4411558007e-01 -6.3617848580e-01
-7.1209034567e-01 -2.4412329034e-01 -6.3618727774e-01
-7.1208741536e-01 -2.4412138682e-01 -6.3617899323e-01
-7.1208674843e-01 -2.4411836216e-01 -6.3618639672e-01
-7.1208363061e-01 -2.4411702278e-01 -6.3617791176e-01
-7.1208942087e-01 -2.4412419403e-01 -6.3618697524e-01
-7.1208633641e-01 -2.4412216622e-01 -6.3617811993e-01
3.5544664358e-01 2.3769738311e-02 -6.4445835960e-01
3.5544647467e-01 2.3772314830e-02 -6.4445151028e-01
3.5544666627e-01 2.3769579149e-02 -6.4445794423e-01
3.5544653627e-01 2.3771625205e-02 -6.4445112673e-01
3.5543753486e-01 2.3769103252e-02 -6.4445881306e-01
3.5543724652e-01 2.3771376284e-02 -6.4445205182e-01
3.5543704821e-01 2.3768650481e-02 -6.4445872253e-01
3.5543754447e-01 2.3771030895e-02 -6.4445150377e-01
-1.0461462403e+00 -8.5055225371e-01 -1.8910260525e-02
-1.0461462272e+00 -8.5055218422e-01 -1.8910023526e-02
-1.0461453846e+00 -8.5055358731e-01 -1.8910597400e-02
-1.0461448973e+00 -8.5055351241e-01 -1.8910609166e-02
-1.0461541556e+00 -8.5055356897e-01 -1.8912247308e-02
-1.0461540443e+00 -8.5055328715e-01 -1.8912198738e-02
-1.0461532831e+00 -8.5055487052e-01 -1.8912659324e-02
-1.0461535045e+00 -8.5055463951e-01 -1.8912750127e-02
-2.4929589260e-01 -4.6194097758e-01 8.9422227423e-01
-2.4929610378e-01 -4.6194085275e-01 8.9422191589e-01
-2.4929548094e-01 -4.6194181994e-01 8.9422227458e-01
-2.4929540740e-01 -4.6194125678e-01 8.9422159681e-01
-2.4929546621e-01 -4.6194122240e-01 8.9422252344e-01
-2.4929542677e-01 -4.6194056350e-01 8.9422220266e-01
-2.4929463663e-01 -4.6194184352e-01 8.9422210744e-01
-2.4929467647e-01 -4.6194186405e-01 8.9422211258e-01
2.5395672444e-01 2.1949020706e+00 -3.4337303687e-01
2.5395626290e-01 2.1949071555e+00 -3.4337668521e-01
2.5395537293e-01 2.1949007870e+00 -3.4337428380e-01
2.5395519595e-01 2.1949054660e+00 -3.4337786171e-01
2.5395759064e-01 2.1949021044e+00 -3.4337289488e-01
2.5395750881e-01 2.1949066449e+00 -3.4337643490e-01
2.5395638823e-01 2.1949004147e+00 -3.4337391819e-01
2.5395617684e-01 2.1949051908e+00 -3.4337772653e-01
-4.4717102438e-01 6.5755808137e-01 4.3919747273e-01
-4.4716926551e-01 6.5755652497e-01 4.3919602304e-01
-4.4717023781e-01 6.5756304798e-01 4.3919798810e-01
-4.4716816180e-01 6.5756178114e-01 4.3919669978e-01
-4.4717129064e-01 6.5755836027e-01 4.3919679715e-01
-4.4716956263e-01 6.5755705827e-01 4.3919569316e-01
-4.4717046222e-01 6.5756411159e-01 4.3919754818e-01
-4.4716855449e-01 6.5756252966e-01 4.3919585667e-01
-1.6499336595e-01 7.3452605739e-01 -3.4754643876e-01
-1.6499271848e-01 7.3452605194e-01 -3.4754614172e-01
-1.6499152212e-01 7.3453069406e-01 -3.4754395189e-01
-1.6499147091e-01 7.3453074286e-01 -3.4754369586e-01
-1.6500197367e-01 7.3452603787e-01 -3.4754689226e-01
-1.6500187935e-01 7.3452612324e-01 -3.4754658481e-01
-1.6500032358e-01 7.3452985789e-01 -3.4754424906e-01
-1.6500040938e-01 7.3453010504e-01 -3.4754420005e-01
-1.0912563284e+00 -1.2804700434e-01 -5.5280063395e-01
-1.0912562546e+00 -1.2804528205e-01 -5.5279355444e-01
-1.0912566234e+00 -1.2804874094e-01 -5.5279991438e-01
-1.0912572620e+00 -1.2804639582e-01 -5.5279292182e-01
-1.0912597222e+00 -1.2804843914e-01 -5.5280196213e-01
-1.0912602863e+00 -1.2804638256e-01 -5.5279536501e-01
-1.0912601979e+00 -1.2804957550e-01 -5.5280107577e-01
-1.0912608408e+00 -1.2804767258e-01 -5.5279467044e-01
4.9364670003e-01 -2.1166174865e-01 1.0763516555e+00
4.9364649658e-01 -2.1166197182e-01 1.0763515530e+00
4.9364394273e-01 -2.1165512210e-01 1.0763510708e+00
4.9364370483e-01 -2.1165522584e-01 1.0763511273e+00
4.9363659284e-01 -2.1166265488e-01 1.0763515069e+00
4.9363626794e-01 -2.1166258800e-01 1.0763520860e+00
4.9363335127e-01 -2.1165589665e-01 1.0763510074e+00
4.9363368253e-01 -2.1165609837e-01 1.0763510077e+00
6.8983213291e-01 1.1845290007e+00 -9.0561413696e-01
6.8983453946e-01 1.1845275936e+00 -9.0561685878e-01
6.8983238482e-01 1.1845335739e+00 -9.0561788810e-01
6.8983511693e-01 1.1845325285e+00 -9.0562050977e-01
6.8983776643e-01 1.1845312639e+00 -9.0561176817e-01
6.8983989508e-01 1.1845302390e+00 -9.0561430742e-01
6.8983786657e-01 1.1845365708e+00 -9.0561511755e-01
6.8984007740e-01 1.1845350616e+00 -9.0561755518e-01
7.3693865295e-01 8.2366731769e-01 -9.6350275009e-02
7.3694140729e-01 8.2366721391e-01 -9.6342143476e-02
7.3693861277e-01 8.2366697250e-01 -9.6349998430e-02
7.3694145895e-01 8.2366704365e-01 -9.6341747418e-02
7.3693895578e-01 8.2366724799e-01 -9.6350692311e-02
7.3694203169e-01 8.2366752986e-01 -9.6342381641e-02
7.3693897985e-01 8.2366684762e-01 -9.6350586099e-02
7.3694186990e-01 8.2366687823e-01 -9.6341964349e-02
-2.2716969179e+00 9.1198348987e-01 -9.5382088925e-02
-2.2716990662e+00 9.1198317578e-01 -9.5384619834e-02
-2.2716951084e+00 9.1198710879e-01 -9.5381641809e-02
-2.2716971607e+00 9.1198671432e-01 -9.5384115084e-02
-2.2717017271e+00 9.1198166523e-01 -9.5384982436e-02
-2.2717039735e+00 9.1198190228e-01 -9.5387421017e-02
-2.2716998604e+00 9.1198540999e-01 -9.5384135295e-02
-2.2717017095e+00 9.1198496499e-01 -9.5386983181e-02
5.4632827251e-01 -1.9454841180e-02 -1.3555543476e+00
5.4632817537e-01 -1.9454070406e-02 -1.3555465008e+00
5.4632833017e-01 -1.9455745237e-02 -1.3555541088e+00
5.4632816780e-01 -1.9455140377e-02 -1.3555461826e+00
5.4632830891e-01 -1.9454135337e-02 -1.3555542455e+00
5.4632824254e-01 -1.9453468377e-02 -1.3555462394e+00
5.4632836154e-01 -1.9455826981e-02 -1.3555542442e+00
5.4632821548e-01 -1.9454770425e-02 -1.3555460738e+00
3.8601165673e-01 5.8992020326e-01 4.5231459905e-01
3.8601174546e-01 5.8992070530e-01 4.5231463004e-01
3.8601054605e-01 5.8991858003e-01 4.5231322469e-01
3.8601077128e-01 5.8991902250e-01 4.5231331676e-01
3.8601525758e-01 5.8992089188e-01 4.5231684651e-01
3.8601548949e-01 5.8992166922e-01 4.5231655290e-01
3.8601426901e-01 5.8991984527e-01 4.5231562498e-01
3.8601405639e-01 5.8991980630e-01 4.5231561133e-01
1.1971713862e+00 9.5862102425e-03 -1.7886313348e-01
1.1971719891e+00 9.5862880967e-03 -1.7885500191e-01
1.1971720703e+00 9.5808733846e-03 -1.7886289099e-01
1.1971722865e+00 9.5812939491e-03 -1.7885439502e-01
1.1971710487e+00 9.5861020392e-03 -1.7886326476e-01
1.1971719428e+00 9.5861976689e-03 -1.7885456414e-01
1.1971717440e+00 9.5807957831e-03 -1.7886275577e-01
1.1971722797e+00 9.5811714216e-03 -1.7885404142e-01
1.0096176392e+00 4.0424556870e-01 -4.4041232016e-02
1.0096167081e+00 4.0424678284e-01 -4.4042777496e-02
1.0096179353e+00 4.0424512910e-01 -4.4041846740e-02
1.0096176084e+00 4.0424629051e-01 -4.4043473654e-02
1.0096188377e+00 4.0424523329e-01 -4.4041911986e-02
1.0096182201e+00 4.0424679066e-01 -4.4043894417e-02
1.0096190166e+00 4.0424544354e-01 -4.4042883887e-02
1.0096186807e+00 4.0424615528e-01 -4.4044390640e-02
-9.4741151277e-01 -5.8930710559e-01 6.6595054809e-01
-9.4741153021e-01 -5.8930649903e-01 6.6594987865e-01
-9.4741221499e-01 -5.8930891353e-01 6.6595045635e-01
-9.4741222373e-01 -5.8930871491e-01 6.6594950692e-01
-9.4741157245e-01 -5.8930719606e-01 6.6595013593e-01
-9.4741142402e-01 -5.8930707576e-01 6.6594934924e-01
-9.4741225979e-01 -5.8930894258e-01 6.6595030655e-01
-9.4741258667e-01 -5.8930857131e-01 6.6594945532e-01
7.6519299934e-01 9.1554750760e-01 -6.5941311232e-01
7.6519012668e-01 9.1554654051e-01 -6.5941561486e-01
7.6519092222e-01 9.1554433277e-01 -6.5941476029e-01
7.6518828662e-01 9.1554232400e-01 -6.5941733541e-01
7.6519800095e-01 9.1555055749e-01 -6.5940950771e-01
7.6519482378e-01 9.1554864925e-01 -6.5941234370e-01
7.6519575804e-01 9.1554635265e-01 -6.5941151445e-01
7.6519301791e-01 9.1554478793e-01 -6.5941413029e-01
1.3210725919e-01 -9.6216482874e-01 -5.7390110122e-01
1.3210872605e-01 -9.6216637069e-01 -5.7389340970e-01
1.3210841925e-01 -9.6215955987e-01 -5.7390168922e-01
1.3211010551e-01 -9.6216081617e-01 -5.7389437173e-01
1.3210810508e-01 -9.6216478338e-01 -5.7390177678e-01
1.3211001136e-01 -9.6216580450e-01 -5.7389392722e-01
1.3210922419e-01 -9.6215926035e-01 -5.7390245167e-01
1.3211108627e-01 -9.6216053821e-01 -5.7389502240e-01
-1.5100319035e+00 6.1306293879e-01 -9.2062322848e-01
-1.5100325401e+00 6.1306193550e-01 -9.2062324781e-01
-1.5100324978e+00 6.1306060606e-01 -9.2062310715e-01
-1.5100330080e+00 6.1305997565e-01 -9.2062358000e-01
-1.5100323762e+00 6.1306296011e-01 -9.2062335892e-01
-1.5100321866e+00 6.1306198767e-01 -9.2062336788e-01
-1.5100325360e+00 6.1306039640e-01 -9.2062340080e-01
-1.5100329179e+00 6.1305999236e-01 -9.2062352097e-01
3.9319487268e-01 1.2674981407e-02 -1.1342478043e+00
3.9319469359e-01 1.2673922426e-02 -1.1342486593e+00
3.9319631865e-01 1.2674477432e-02 -1.1342483337e+00
3.9319598378e-01 1.2673790197e-02 -1.1342492776e+00
3.9319634697e-01 1.2675610792e-02 -1.1342473653e+00
3.9319627710e-01 1.2674575487e-02 -1.1342480290e+00
3.9319775503e-01 1.2675425261e-02 -1.1342473756e+00
3.9319744373e-01 1.2674749052e-02 -1.1342485647e+00
-2.1551176689e-01 1.1916620903e+00 8.9853943335e-01
-2.1551010500e-01 1.1916635541e+00 8.9854838260e-01
-2.1551165219e-01 1.1916621071e+00 8.9853934171e-01
-2.1551067899e-01 1.1916637889e+00 8.9854826095e-01
-2.1551173853e-01 1.1916622398e+00 8.9853952152e-01
-2.1551064582e-01 1.1916634484e+00 8.9854809932e-01
-2.1551211444e-01 1.1916620789e+00 8.9853955939e-01
-2.1551072256e-01 1.1916636173e+00 8.9854843313e-01
-1.7758812503e+00 6.3239620779e-01 -4.8953936401e-01
-1.7758809632e+00 6.3239602801e-01 -4.8953874123e-01
-1.7758801025e+00 6.3240029036e-01 -4.8953812684e-01
-1.7758797104e+00 6.3240043778e-01 -4.8953800603e-01
-1.7758910062e+00 6.3239704442e-01 -4.8953727577e-01
-1.7758904720e+00 6.3239658214e-01 -4.8953712945e-01
-1.7758893692e+00 6.3240123533e-01 -4.8953626758e-01
-1.7758890833e+00 6.3240020595e-01 -4.8953624650e-01
