1.7272041590e+01
1.3619717420e+01
1.7412532520e+01
7.2559405000e-01
-6.7327154000e-01
2.1893932800e+00
2.0750738400e+01
2.2062506540e+01
1.9402325660e+01
-5.4815861000e-01
-7.2375105000e-01
-1.5826861900e+00
1.4766415880e+01
1.5686603860e+01
1.8316766860e+01
-1.5500680000e-02
3.0091007400e+00
2.2219982100e+00
1.7120887970e+01
1.7025088300e+01
1.6355203100e+01
-2.2096080000e-01
1.2465367700e+00
7.5202210000e-01
1.0312767590e+01
1.8136870690e+01
1.7046549090e+01
2.4653818100e+00
3.5305941000e-01
-1.4840205800e+00
1.2229458660e+01
1.9355712250e+01
2.2433413340e+01
-1.7361346700e+00
-1.3285235200e+00
8.8189179000e-01
2.2124370280e+01
1.5764532890e+01
1.6686716270e+01
2.1740417600e+00
1.6140414000e-01
2.5871221500e+00
