1.7677101230e+01
1.4453606778e+01
1.7338077870e+01
8.3571782204e-01
-2.4666161173e-01
1.8427700437e+00
2.1862558701e+01
2.2704085774e+01
1.9816165356e+01
-3.2340193520e-01
1.3231445060e-01
-1.1553914503e+00
1.4010900397e+01
1.5293383871e+01
1.8027519989e+01
2.6940884011e-01
3.1613096822e+00
2.1999051908e+00
1.6422849334e+01
1.6062193012e+01
1.5960895951e+01
-2.3009965663e-01
1.0053818744e+00
4.9349832325e-01
9.7568864781e+00
1.8973586165e+01
1.6496699237e+01
2.1044872691e+00
5.0539720821e-01
-1.5089343995e+00
1.1196974737e+01
2.0990822712e+01
2.2339692617e+01
-9.9127748291e-01
-1.8630387871e+00
3.1242214984e-01
2.1749418232e+01
1.5297457208e+01
1.6243133725e+01
2.4647278083e+00
-1.4706044669e-01
2.1944772456e+00
