1.0384615249e+02
1.2287684358e+01
5.1899398569e+01
3.2666413592e+00
-2.9122194268e+00
5.3653835698e+00
1.1228442722e+02
1.2569931760e+01
5.9400569597e+01
4.4223048788e-01
-4.0347276989e+00
3.5483861720e-01
1.1526941978e+02
1.8727189353e+01
5.3540031887e+01
-7.8345631916e-01
-7.7930927483e+00
-1.4125275409e+01
1.0704619832e+02
5.7535545469e+00
5.6228858568e+01
-3.4158936154e-01
-1.1963204202e+00
1.1729206336e+01
1.0824594015e+02
4.1446277727e+00
5.8713424769e+01
-7.7247830777e-01
-1.8842218372e+01
-2.9942674004e-02
