8.7444908915e-01 -3.1536028390e-01 -1.1529298799e+00
-4.9233924505e-01 -8.7356098078e-01 1.6378068395e-01
-1.0070497742e+00 6.9764956616e-01 -9.3268225142e-01
4.9236638444e-01 7.0177951996e-01 1.8145089386e+00
-2.5896832074e-01 8.7128712149e-01 8.9869353660e-01
-5.3032854219e-01 2.3229024077e-01 5.4779178068e-01
-3.5048426861e-01 -9.4501311816e-01 1.4152067456e+00
-4.4457827786e-01 -8.3131401666e-01 2.5430364775e+00
-1.4527762562e+00 1.4359316938e+00 2.9268411835e+00
2.1724674261e-01 3.9792495833e-01 1.4093542270e+00
-6.2818398059e-01 3.9368356602e-02 -9.3862782020e-01
-7.4491101558e-01 -2.5740019264e-01 4.5960870360e-01
2.3354350019e-01 -5.5792520101e-01 9.2524089170e-01
1.2828255826e-01 -2.6759884549e-01 5.6346780472e-02
5.3215492663e-01 6.4252780197e-01 1.8059698800e+00
-3.2871550263e-01 -3.1727058729e-01 9.7754438696e-01
2.5174605651e-01 -3.3014317115e-01 3.0792221599e-01
-1.4998547357e-01 3.8363715976e-01 3.9945100676e-01
7.6596558336e-02 1.7840555659e-01 5.8264653860e-01
1.5375780305e-02 1.8105739491e+00 -2.1432468611e+00
-3.4075867397e-02 6.4755717853e-01 -4.2378530520e-01
4.0585545097e-01 6.7707319839e-01 -5.6307114319e-01
-4.7757549993e-01 -1.7682426677e-01 -6.8851053465e-01
5.1803476859e-01 -3.4804536576e-01 -7.6092438203e-01
-3.0112337921e-02 -5.4521382333e-01 -7.9950178701e-01
-2.4964831732e-01 -1.0166480850e+00 -3.5351093725e-01
2.3157561357e-01 6.9562857929e-01 -1.6401763614e+00
-1.3131953754e+00 1.4993265073e+00 1.2861061966e+00
-1.2390883430e-01 -1.0809538612e+00 -9.5105262509e-01
-8.1427130604e-01 -1.5626689461e-01 4.1312907060e-01
-5.6039783788e-01 -1.0394047539e-01 -4.3100384560e-01
-7.4420610068e-01 -2.6943259469e-01 -1.2744983636e+00
4.0661567750e-01 7.6648593337e-02 1.1372563619e+00
-8.6262457178e-02 2.3569611735e+00 -1.0677411870e+00
-1.1999691269e-01 -7.6802255417e-01 -2.1077971355e+00
-6.6624461933e-01 -1.0200800039e+00 1.7450790384e-01
3.3430917911e-01 -3.4915220191e-01 8.8711402037e-02
-7.6212042724e-01 -7.2367524687e-01 -4.3309292852e-01
-9.3646053912e-02 7.7568374799e-01 5.0280837939e-01
2.5649032267e-01 -1.9538671818e-01 -6.2329572444e-01
4.9175003029e-01 4.0725749791e-01 3.5025703896e-01
-3.6739648500e-01 -5.8573396426e-01 5.3314546620e-02
-5.2983151969e-01 -1.8840611461e-01 -8.2517431231e-01
-2.8333768497e-01 -9.4299431246e-02 1.9177849250e-01
8.1151032254e-01 2.6241231664e-01 -4.8871018635e-02
6.2984945866e-01 -1.1898310378e+00 1.2890511214e+00
6.8210706673e-02 2.5066783133e+00 -4.0441273461e-01
-1.1550442572e+00 5.6989637080e-01 -1.8861000028e-01
-1.5268651521e+00 3.7191869272e+00 -1.0972835809e+00
1.0303496086e+00 1.4615461773e+00 -1.8812101028e+00
3.3482702607e-01 1.1024510501e+00 2.1781910024e+00
1.6425994119e+00 -1.5101707416e-01 1.0591637767e-01
1.1034049833e+00 -1.1093352279e-01 3.1890537111e+00
-7.9511714851e-01 -5.7506808716e-02 -3.2681852720e+00
-7.8040413976e-01 3.6967277145e-01 8.5763095174e-01
-1.5778716047e+00 2.2148790986e+00 7.4310471980e-01
1.2081228373e-01 -4.3098368611e-01 -9.4582363775e-01
-1.2664195299e+00 -2.8302337453e+00 -2.1565199150e-01
1.8354710691e+00 -3.9392503914e+00 -1.3814686882e+00
1.5655586818e-01 4.1627815264e-01 -2.6618772558e-02
-5.9963818178e-01 -2.2956937783e+00 1.6285527347e+00
-1.0269619832e-01 4.3876136799e-01 5.3890559822e-01
-1.1732329330e+00 -1.9260405854e+00 -2.5532045228e-01
-1.1975549026e-01 2.4414648086e-02 -1.5618167078e+00
-2.3325015440e+00 1.5166092407e+00 -3.2301791287e-02
2.2743229998e+00 -2.2883841405e-01 -4.1898030170e-02
4.6453382940e-01 1.3627548857e+00 4.6205045607e-01
-5.4162893695e-01 -1.2512935557e+00 -7.5181123426e-01
2.1938159395e+00 2.3953294084e+00 -7.0578908180e-01
4.7285938550e-01 1.0809088591e+00 1.2746163920e+00
1.8258617958e+00 6.5093886546e-01 -2.7053279521e+00
-1.1438444040e+00 3.3625895707e-01 -2.2696435013e-01
-1.7835055807e-01 1.4536788764e+00 1.8601778860e+00
3.9569634016e-01 1.7089041289e-01 2.1587591259e-01
-9.6307767724e-01 1.5939471963e+00 4.9003713217e-01
7.0123133493e-01 -1.0308879732e+00 1.3213888974e+00
6.4196012850e-01 -7.1732863604e-01 -1.8866742386e-01
5.3833931699e-01 -9.3068015825e-01 1.4416101309e+00
-4.4693904755e-01 2.4691797200e-01 9.8589558031e-01
2.9018018728e-01 -1.9898431757e+00 -1.7961572167e+00
-2.4019747509e-01 1.6578540689e+00 -6.2917201267e-01
7.6384004716e-02 1.0979563182e-01 7.0970148085e-01
-1.9045943287e+00 1.0895984597e+00 -1.8541088538e+00
-5.1004198316e-02 -6.5123371787e-01 1.0507327827e+00
-4.7067307281e-01 -1.0288686839e+00 -1.2135006109e+00
1.7598879101e+00 2.5573327655e-01 -1.7488038058e+00
2.8686723368e+00 3.6715593691e-01 -2.7582427018e-01
-4.6262916053e-01 -1.0713704339e+00 -2.2468055526e+00
-9.1520052752e-02 -1.4137893033e+00 -6.0490833116e-01
-1.6102479880e+00 -1.0172435693e+00 1.0766717263e+00
5.1783350692e-01 5.6134132618e-01 1.2327110195e+00
4.0270775658e-01 -3.6779683190e-02 3.9078750340e-02
3.4450589829e-01 1.3283687263e+00 -8.5752589673e-02
1.5179545970e+00 -1.6807017678e+00 -2.2687139205e+00
9.3030618950e-02 -1.8847456698e-01 -1.5414812925e-01
-1.2212698838e+00 -5.5990585631e-01 -4.7780929352e-01
-1.6759126368e+00 1.5638190910e+00 2.8840639754e+00
1.2955182542e+00 5.5365326053e-01 4.5449750196e+00
6.8798592531e-01 2.1290687885e+00 3.9595076295e+00
-1.5277142810e-01 7.5589094395e-02 5.3985921830e+00
5.5430829059e-01 -1.3891001564e+00 3.2977907332e+00
-1.4939701861e+00 -1.4965850254e+00 4.1198889389e+00
-4.3366436107e-01 1.9894515807e+00 3.1362813421e+00
-6.6897971752e-01 -7.9037612991e-02 3.6288690511e+00
-1.3261362900e-01 -1.3167925494e+00 3.8247554287e+00
-1.0710738671e+00 1.6589464963e+00 3.9926169143e+00
-1.0714087081e-01 -3.7010347610e+00 3.5722586265e+00
2.7096793597e+00 3.6743207836e+00 2.3335503478e+00
-5.3782237957e-01 -6.5885696925e-01 5.1119299147e+00
-3.0894166018e-01 1.6888820287e+00 3.5725958221e+00
4.0533779769e-01 1.7933958890e+00 2.1575582911e+00
-1.3678933972e+00 1.5563725367e+00 2.8053418621e+00
-2.2802587450e+00 -1.1922600735e+00 -2.9921205392e+00
-7.7980832944e-01 1.2954357086e+00 -3.3401863596e+00
4.6907302156e-01 7.9292482185e-01 -3.6700845160e+00
1.4756144744e+00 -1.3120873457e+00 -5.7701836989e+00
-3.2442699142e-01 -5.9879527849e-01 -3.6607889948e+00
-1.4767881085e-01 1.6962621737e+00 -5.6689372631e+00
1.7301300989e+00 -1.5062232659e+00 -1.4307610894e+00
-1.3463540175e-01 5.0240779279e-01 -2.2708993439e+00
-4.1970051891e-01 -7.6571770612e-01 -3.4466583967e+00
1.3354488464e+00 -1.5600921233e+00 -3.2753151261e+00
7.9554489460e-01 -7.4683321802e-01 -5.7520453788e+00
2.9398334296e-01 -1.8787703646e+00 -4.3730577214e+00
-2.0736948978e+00 -2.1797165884e-01 -4.9404487411e+00
3.0650005075e-01 -2.0811739963e+00 -2.1770920350e+00
7.0817788703e-01 -3.4871173713e-01 -1.7768162396e+00
9.4872618588e-01 -1.1056571277e+00 -3.4705622482e+00
-1.8608463131e+00 -2.4849910007e-01 5.5793132250e+00
2.5749671219e-01 1.5817774723e+00 2.3223718777e+00
3.1855890968e+00 2.2020973265e+00 6.4844330600e+00
-6.7974191870e-01 2.4695209115e-01 4.5205526692e+00
-1.0818476355e+00 2.1419013948e+00 5.8487757856e+00
-1.7852742700e+00 1.3365577466e+00 3.2517035612e+00
-2.3072943068e-01 -2.2790028969e+00 5.6405442555e+00
5.8275507408e-01 -9.1326074066e-02 5.3449053158e+00
-2.9794564978e-01 -3.6972356394e-01 3.8031444110e+00
7.6177460083e-01 -3.5962671968e-01 5.0696303311e+00
2.6737182054e+00 1.7753715701e+00 4.2396255151e+00
-3.5744525732e+00 2.4023256231e+00 4.3324581344e+00
8.6787842651e-01 -1.0260260540e+00 4.9465101043e+00
2.8941009395e-01 1.0655287238e+00 2.5899049290e+00
-1.5649605387e+00 -7.8517835281e-01 3.7037000532e+00
1.9219554411e+00 1.2996362309e+00 2.6733532190e+00
3.6423165630e-01 -8.6966052092e-01 -5.8879780810e+00
5.3613160022e-01 -1.1226948973e+00 -4.0890938960e+00
-1.4059404072e+00 -4.8247200039e-01 -2.9160661144e+00
-9.5369488218e-01 -8.1658387064e-03 -6.9808255572e+00
2.4095896980e-02 1.8575552364e+00 -4.6231830132e+00
1.5034372878e+00 -1.2980377022e+00 -5.7520026265e+00
1.0738882256e+00 -3.5002491939e+00 -5.1793465390e+00
-1.4576186029e+00 -3.5476247163e+00 -2.4938884560e+00
1.0085179270e+00 -5.2217567417e-02 -7.0117656479e+00
-6.6556680106e-01 4.6304237129e+00 -5.5038443680e+00
2.1477111059e+00 -2.8755222986e+00 -8.1909472841e+00
1.0921478827e+00 -6.9541062449e-01 -4.0887568921e+00
3.3251997984e-01 1.4232617444e+00 -7.1496093492e+00
1.1008997335e+00 -1.6684171600e+00 -3.5860374022e+00
-9.3276971655e-01 -2.8045784449e-01 -6.5960969532e+00
1.7718432541e+00 8.7290228346e-01 -4.3674647261e+00
-6.4647813740e-01 8.6674370757e-01 3.8139818952e+00
1.0172032797e+00 3.2413695193e-01 1.2315558045e+00
-1.2960772168e+00 5.7705396044e-01 6.4836607280e+00
1.5230702859e+00 -4.2040189504e-01 4.8678915593e+00
1.7696604714e+00 -1.3971778990e-01 2.8737842116e+00
-1.5363042463e-01 1.7434616326e+00 4.2238109522e+00
1.9004920267e+00 -2.6559381438e-02 2.4665686249e+00
-1.9438614356e-01 5.5438119233e-01 4.1479170459e+00
6.9691358972e-01 7.2783408606e-01 6.0164920782e+00
-2.4575196275e+00 2.1208321671e-01 5.0668750413e+00
-1.5891480093e+00 5.8210255740e-01 8.3515393127e+00
1.0037633947e+00 8.6873412928e-01 4.8323389497e+00
1.8981883424e-01 1.7084335354e+00 5.2996426933e+00
2.8045445604e-01 -1.1584899839e+00 4.8253014356e+00
-4.2284053254e-02 -8.3861217877e-01 5.8211495902e+00
3.2894578125e-02 5.6051341917e-01 6.2598423955e+00
3.4254516496e-01 1.4542622674e-01 -5.6481064511e+00
-2.7954267496e+00 -2.6472430381e-01 -6.6968477653e-01
1.4796575747e-02 -2.1726942058e+00 -4.6636947895e+00
1.4956917209e+00 5.9932412071e-01 -4.1934791417e+00
-3.1535499985e+00 -3.0327049615e+00 -2.9260630209e+00
-3.1824530101e-01 -9.7761764480e-01 -3.5734858595e+00
5.2964795252e-01 -2.2234520345e+00 -3.6799987079e+00
1.6627918839e+00 -1.2141301847e+00 -4.1309225557e+00
-2.1572356234e-01 7.1192002737e-01 -2.8828311417e+00
2.4776116315e-01 -6.5426366363e-01 -3.3147672208e+00
-3.6578569915e-01 -6.2833316838e-01 -1.5318948445e+00
-1.3906902683e-01 -1.2807219548e+00 -5.0247005921e+00
8.7432334204e-01 -1.3452540989e+00 -3.5874509285e+00
-8.5922720174e-01 1.8201151210e+00 -5.5842535471e+00
-4.7163151408e-01 -4.1806975210e-01 -4.3745554134e+00
3.2939219934e-01 -2.4413561420e-01 -3.7841151185e+00
-2.0959916821e-01 -4.4272510571e-01 -2.2829264191e-01
7.7776601043e-01 3.7015012615e-02 2.3534811246e-01
-1.6339448354e-02 -5.4719258701e-01 1.0000107039e-01
-4.6922380921e-01 2.4848203615e-01 -4.5100457205e-01
-2.0756671439e-01 4.0847076181e-01 1.1162098123e+00
2.4158381604e-01 1.1846674528e+00 -2.2405970137e+00
1.7739632549e-01 5.5789256226e-01 -4.9730251041e-02
7.7879383972e-01 1.8397020765e-01 -4.4829374165e-01
6.0622474067e-01 -1.0934754945e+00 -9.5369995396e-01
1.0401072894e-01 -1.7482168450e+00 -3.1210495075e-01
6.5290566608e-01 5.4413988408e-01 -2.4812500673e-01
-6.8725863162e-01 7.1297588653e-01 -4.7416698850e-01
1.4435421511e+00 -1.0979180676e+00 -1.9675293574e+00
1.4450297451e+00 -3.2233879213e-01 1.6234865619e+00
-6.1574036400e-01 4.0576733936e-02 7.8979605788e-01
-4.3328678696e+00 -2.1324730370e+00 -3.4809101870e+00
2.3723953731e-01 4.7896285062e-01 -4.6194098976e-01
-6.2728025106e-01 7.6491228649e-01 -6.3204470190e-01
-9.8778170349e-01 -7.3975614393e-01 8.7778402811e-01
3.1678155372e-01 6.1391552515e-01 -8.7538183861e-01
-1.8642897947e-01 1.3501654445e+00 -4.4787828251e-01
1.2300011554e-01 1.5032706503e+00 -1.4292257884e+00
7.9030169532e-01 1.5135702204e+00 -6.2589114485e-01
7.4062518424e-01 -3.2412639877e-01 1.4163300697e+00
-4.0255647493e-01 -3.1376638076e-01 9.4919850389e-02
1.1208796059e-01 3.5926280249e-01 -1.9188538314e+00
-8.9111016336e-01 -1.2604003694e-02 -1.3614249575e+00
-2.5051115160e-01 -2.6104141808e-01 4.8123601895e-01
-4.9846172930e-01 1.5496475252e+00 -9.1320293999e-01
-5.0246588119e-01 -3.5881889516e-01 1.2450286110e+00
5.3941086613e-01 7.3306450338e-01 -1.0790834054e+00
5.8305484864e-01 -1.1366060941e+00 1.7377672859e+00
2.3743386127e-01 9.1376243669e-01 1.4262657933e-01
-1.1213089823e+00 -2.7387385314e-01 -7.1772097724e-01
-2.6425628593e-01 8.2094186112e-01 1.2526526211e+00
-1.8380268871e+00 -7.7326419446e-01 -1.4232089038e+00
2.7271354238e-01 -2.5389411803e-01 -1.5091977768e+00
-4.3157857891e-01 -2.3177135539e-01 -3.6772654325e-01
-1.1032410976e-01 1.0239150330e+00 -1.3487843958e-01
4.9488041871e-01 -1.9229033060e+00 1.8300879967e+00
-7.8786434734e-01 6.1429712638e-01 6.4982200002e-01
1.1694489857e-02 -4.4015750108e+00 4.6397855035e+00
5.2730621476e-01 1.0198077082e+00 4.3123832275e-01
-5.8365065562e-01 1.1212278673e+00 -7.9472219992e-01
-3.6844662438e-02 -6.2527405263e-01 -1.4995635112e+00
1.4292177979e+00 -2.8659197391e-01 -1.3392416769e-01
1.1646932274e-01 -3.1697347056e+00 2.7248931535e+00
1.2596952266e+00 6.5202484749e-01 1.2580402587e-01
3.7882946695e-01 -4.9694559587e-01 -9.5327720998e-01
-5.7818260337e-01 1.8367944786e-01 -1.5261245150e+00
-3.2878090086e-01 1.4348992450e+00 9.2638972166e-01
3.7448377357e-01 1.1299750578e+00 -7.3039099575e-01
3.2223681613e-01 8.5920027211e-01 1.5743854079e+00
3.8035049109e-01 2.7024206204e-01 -4.7836048690e-01
-1.0736003783e+00 9.2127550216e-01 7.1535642016e-02
-5.8341931091e-02 -2.8875776647e-01 4.0477988312e-01
-1.0897028229e+00 -1.3685992685e+00 -5.0365919880e-01
6.2357694352e-01 -1.7104082686e+00 -1.1959290957e+00
-4.2022246930e-01 -1.3593167108e+00 1.4688671358e+00
-1.5047055866e+00 5.9015802003e-02 3.8956027244e-01
9.0199399512e-01 -1.2988143376e+00 1.6756104692e+00
7.5093025544e-01 2.3480110943e-01 4.7491868104e-03
1.2877954018e+00 -9.0359599443e-01 7.4876180206e-01
1.5728488192e-01 8.6474591830e-03 3.3971025901e+00
1.1018353622e+00 2.6159372870e+00 1.1533986802e+00
-2.5774263679e+00 4.4545721337e-01 9.7500747330e-01
-9.0635483781e-01 1.3355438239e+00 -1.3105311827e+00
7.4132689013e-01 -7.5571305455e-01 4.3607463949e-02
-1.2779610634e+00 2.5516088622e+00 -1.8014930568e+00
-1.1458893193e+00 -9.7674485622e-01 1.1033875470e-01
-4.3557490763e-01 -6.8725870465e-01 3.8925229645e-01
9.5632336229e-01 1.3333770723e+00 3.2062142313e-01
-1.1408090558e+00 -1.8175244620e+00 4.1891705695e-01
-1.3486006846e+00 -7.4026776760e-01 -1.1294596246e+00
9.2354836129e-01 8.6833431991e-02 1.8999547899e-01
5.5164670723e-01 -6.5172146400e-01 1.4932612069e-01
-8.5403360445e-01 -1.7818507589e+00 -1.9841300314e+00
3.8114406936e-01 1.2325218994e-01 -2.9059020366e-01
2.5391282424e+00 1.3914738258e+00 -3.1099165083e-01
-2.2159232434e+00 -7.3275092879e-01 1.0747713523e-01
2.7564140321e+00 -6.3830995468e-01 1.8100340656e+00
-7.7589320505e-01 -7.3134846611e-01 -7.0435933322e-01
-7.9377078140e-01 4.7703150160e-01 2.7661943364e-01
-2.0720497628e-01 -8.3444102328e-01 6.1361520377e-01
8.7010478335e-01 2.6085778043e-01 6.8141602399e-01
-3.3084004364e+00 3.9727273518e-01 -2.0066030000e-01
7.6084863429e-01 1.1700185542e+00 5.3851121695e-01
1.5523638897e+00 -9.4238387821e-01 -1.5680915119e+00
2.3921915497e-01 3.4283339198e-01 5.1011961603e-01
1.5718303760e+00 -2.7045871216e-01 -1.8767422127e+00
-2.6940228856e+00 1.5813449709e+00 2.7679297170e-03
-3.1887618611e+00 -2.8584777797e-01 1.3899016682e+00
2.9884602195e-01 -4.8745992201e-01 1.7123235287e+00
1.2337574696e+00 -1.4273457255e+00 1.0038309905e+00
8.5371691453e-01 5.9735154385e-01 6.5623231132e-01
1.6497159682e-01 9.9888136701e-01 2.0382664887e-01
-1.9703061905e+00 9.8168557764e-01 5.1988903718e+00
-2.9951373524e-02 -1.0814149751e+00 5.6046296200e+00
-2.6142375544e+00 -6.9584937853e-01 4.9616181776e+00
-8.1760633110e-01 -2.0712209765e+00 4.2502009138e+00
5.5128370194e-01 3.3021839336e-01 5.6140679462e+00
-3.7707658461e-01 -2.8424418958e-01 5.2360981626e+00
-2.2872714333e-01 2.2695815717e+00 1.9019217282e+00
6.1306497999e+00 1.4596464096e+00 8.1627438633e+00
8.7071929615e-01 1.5273274692e+00 1.7222534094e+00
1.0247462817e+00 1.4406298693e+00 4.8248811883e+00
5.1353454994e-01 2.3784630102e+00 5.0358150938e+00
5.0691140058e-01 1.3357166428e+00 5.5674465163e+00
-4.8996681748e-01 9.5340352903e-01 2.3939034224e+00
-7.8398505249e-01 2.6764110762e+00 5.4031253836e+00
3.8477796921e-01 2.0675094276e+00 4.7590991160e+00
6.4089117396e-02 -3.6144822125e-01 3.5056028778e+00
-6.2588115685e-01 -1.4755619768e+00 -4.7600595028e+00
-1.0692560662e+00 -1.5827266978e+00 -3.8053965239e+00
1.0255340802e+00 -2.5825762837e+00 -2.4138911805e+00
1.5761527899e+00 2.4282984633e-01 -4.6627236864e+00
1.1303423419e-03 -1.6960766566e+00 -4.6607434998e+00
3.6576136221e-01 -6.1061872738e-01 -4.5376343156e+00
-1.7721262611e+00 9.6143919556e-01 -3.5372895817e+00
1.0005241718e+00 -8.7483764030e-01 -4.6085492926e+00
1.4617358891e+00 -1.1236191234e+00 -2.8630885296e+00
-4.3127342896e-01 1.6268826347e-01 -4.4501569551e+00
1.3621816818e+00 5.8704115701e-01 -5.0350495118e+00
-1.7744480409e+00 7.0424286092e-01 -3.6143828871e+00
3.5253532846e-01 -1.7468723431e+00 -3.4888011771e+00
1.9085388464e+00 5.1046092675e-01 -4.1529794056e+00
-3.2946524130e+00 -1.7532123707e+00 -6.0479882021e+00
-1.0748493937e+00 1.2840056154e+00 -3.2916498953e+00
1.3077904293e-01 1.1223572849e+00 4.2550151440e+00
-1.8833481880e+00 7.0137785513e-01 2.8760354679e+00
3.2665842844e+00 2.0679174623e+00 6.5076416783e+00
9.7173982110e-01 2.0533187111e-01 4.8567443620e+00
-9.4557601672e-01 6.3823284736e-01 3.6487683900e+00
-2.2830624577e+00 -5.4252533077e-01 5.0994614645e+00
1.4523824349e-02 1.7453061628e+00 5.5033078069e+00
1.7017615967e+00 -6.2575314364e-02 2.8601801816e+00
-1.1244201875e+00 1.2891962056e+00 3.0800779095e+00
9.7787574877e-01 -1.0119509155e+00 4.9685348525e+00
7.1105502918e-01 6.1170505234e-02 2.8468267913e+00
-4.6935075498e-01 -8.5690233507e-01 4.0873880130e+00
-3.9339952297e-01 -1.3536751784e+00 3.9714884523e+00
7.9534317985e-01 3.2830867958e+00 4.1715470484e+00
2.3292236227e+00 -7.0131606518e-01 4.4237252428e+00
-1.7532202608e+00 2.2746012630e+00 4.8482167854e+00
-1.4239912475e+00 -1.6300204046e-01 -4.5916110579e+00
-1.1669310788e+00 -1.3890824293e+00 -3.0078008531e+00
2.3134964183e+00 8.8671891297e-02 -2.6341943061e+00
7.7788956351e-01 -1.4637072590e+00 -4.0277549021e+00
8.9647969062e-02 6.3907318056e-01 -4.5569924144e+00
-3.7512014012e-01 -1.1311512752e+00 -4.6020826754e+00
1.2324608337e+00 -1.2550319056e+00 -5.0141536327e+00
-3.8269869949e-01 -3.3432238094e+00 -4.5199750885e+00
1.0604704878e+00 1.4590983619e+00 -3.6242812105e+00
2.8349837270e+00 2.1265652499e+00 -4.5652661836e+00
-2.2938231046e+00 2.3805466029e-01 -4.5680455239e+00
2.7682146587e-01 4.1767024418e-01 -3.4926655106e+00
2.0312541088e+00 -2.4619386610e-01 -5.0429563583e+00
-2.6391106983e-01 -1.6700470567e+00 -4.6678090445e+00
-1.8325569327e+00 4.5791301074e-01 -4.3886695527e+00
-2.1011254553e+00 1.2548463587e+00 -3.5634934370e+00
7.2229454649e-01 -8.0152734139e-01 2.4514703327e+00
-4.4646053305e-01 -1.7801064152e+00 3.8768823082e+00
-3.2163045244e-02 3.8606879001e-01 2.3614978665e+00
8.2237520184e-01 1.8804472590e-01 2.4536985835e+00
2.7866532044e-01 -7.6326205015e-01 4.4445561161e+00
-6.7752175146e-01 1.4981799923e+00 4.4238960945e+00
-2.2640087510e+00 -1.3096773479e+00 2.5233151807e+00
-3.8883010737e-01 1.4812315752e+00 3.4257496684e+00
1.6742680875e-01 1.6369937597e+00 4.9673885180e+00
8.9344788996e-01 1.0277292807e+00 5.3257033407e+00
-3.9574712721e-01 -9.4266266106e-01 4.5991111920e+00
2.0246402890e+00 2.4476423453e-01 3.6308165627e+00
2.7886086819e-01 -3.1849522409e+00 6.3345738315e+00
-1.0938787398e+00 5.4994041994e-01 3.4451270689e+00
9.6022977913e-01 1.7676035673e+00 4.6786539057e+00
4.5449928429e-01 1.0412296870e+00 2.7593884127e+00
1.7551058608e+00 -2.5685826855e+00 -3.4723492066e+00
1.1151730931e+00 5.8340082373e-02 -6.2124825608e+00
-1.1744210769e+00 -6.7784427953e-01 -2.3441900915e+00
4.3703822965e-01 -6.5990687745e-01 -4.4495217002e+00
7.3036353879e-01 2.5792901900e+00 -4.1632025438e+00
-2.8749729146e+00 -3.0360528163e+00 -5.0812300080e+00
2.5116166769e-01 -1.7215123023e-01 -4.0386364748e+00
-6.6536538012e-01 -1.2242684108e+00 -3.1629791250e+00
-1.1387377704e-01 -1.6426612003e+00 -3.6231393185e+00
1.5084642768e+00 3.8488557629e+00 -9.5690140400e+00
1.5270645967e+00 -1.7902200927e+00 -4.7439256612e+00
1.0835538922e+00 -7.0850969805e-01 -5.9800992612e+00
8.9234437569e-01 4.7230483991e-01 -3.4401531171e+00
-3.0476393743e-01 -2.5819278626e+00 -3.5989055954e+00
-2.1437310117e+00 -1.3761837689e-02 -5.3907740374e+00
-6.0747657324e-01 2.1603932212e+00 -3.4689049678e+00
2.9201434284e+00 -1.6887423307e+00 -2.4574217170e+00
-1.0030536331e+00 -9.0843959220e-01 1.5510226399e-01
7.2174398704e-02 3.5755700085e-01 1.4379306817e+00
4.5457663683e-01 4.9523956421e-01 7.3874622689e-01
-6.8499771686e-02 -4.4762131365e+00 2.9531396509e+00
3.7713776717e-01 7.2557069647e-01 3.3088918060e-01
-6.5859612052e-02 -1.0326393083e+00 7.7376276554e-01
-5.0532014048e-02 1.4980273585e+00 -1.8117792791e+00
1.0050266060e+00 2.7796514377e+00 -1.4416885867e+00
4.2782012612e-01 -7.5496299998e-01 4.0933784422e-01
-1.1357511169e+00 4.2253099667e-01 -4.7011425026e-01
1.4562578430e+00 -9.5905704590e-01 -1.9412788155e+00
2.8027913370e-02 1.7741039020e+00 -5.4027849902e-01
-4.6082874882e-02 -4.3221241344e-01 -4.3939345985e-01
3.1988280766e-01 5.7054600508e-01 -2.4662738304e-01
-1.4821360960e+00 -1.3047286022e+00 -1.8034473736e-01
-2.8282877362e-01 1.9142576247e-01 -4.8625593954e-01
-7.9886099803e-01 1.1463838347e+00 2.3582351697e+00
1.3863982798e-01 3.5610900644e-01 1.7201637097e-02
3.1478253128e-01 2.1771097981e-01 -1.1531941046e+00
-3.1519776496e-01 1.0739868933e-01 -8.2349549207e-01
-8.3279333896e-01 9.3812038179e-01 -5.8618649887e-01
2.2948649991e-01 6.3401901710e-03 6.4979964662e-01
1.3609367293e-01 2.6522643472e-01 1.1021341155e+00
-1.3762243550e+00 -7.5080168449e-01 -2.5696704961e+00
-6.8820843497e-01 1.1434167971e+00 2.1910438288e+00
-6.3386717275e-01 1.2157246315e+00 -1.1765916668e+00
1.5233644829e+00 4.6715954147e-02 -7.4397900890e-01
-3.2565739467e-01 -3.1354606164e-01 2.0529818321e-01
4.2354097817e-01 -7.0113568378e-02 -8.1604876936e-01
-4.7122858933e-02 -1.1812585385e+00 1.5821997831e+00
3.1733897996e-01 1.1465801188e+00 -5.2797661611e-01
9.8702198432e-01 3.9816164586e-01 8.5649730147e-01
-6.1266340986e-01 9.7136418401e-01 3.7971436927e-02
-2.8827381599e-01 5.3691856106e-01 9.5901859813e-01
3.9729401938e-01 2.0140509179e-01 6.9019588057e-01
-9.4431639534e-01 1.7025926035e+00 3.2499562946e-01
-6.8599910998e-01 -2.9243447098e-01 1.6193029766e+00
-4.9925336689e-01 5.0696659213e-01 -5.5992426650e-01
2.6787945016e-01 9.1240888769e-01 -2.1423398975e+00
5.7099293255e-01 7.6779347181e-01 1.2475755516e+00
1.0355318758e+00 1.2133330720e+00 8.1781555904e-01
-9.2092284048e-02 3.6645805987e-01 -3.5345930355e-01
3.4555288030e-01 -9.4343806485e-01 1.3120456707e+00
2.9523329938e-01 -8.5079438176e-01 -7.2533958542e-02
3.8030492855e-02 9.7000792224e-01 5.9055330526e-01
3.8321054898e-02 -3.5514650905e+00 3.7555218172e+00
7.1852004292e-01 -2.0205211888e-01 -1.7696409929e+00
-1.4126131125e+00 1.5437452457e-01 1.5792597111e+00
-2.0569309540e+00 9.3204439440e-01 -2.7042542505e-01
-8.5945788846e-01 -4.5295462356e-01 1.6473692684e+00
5.3248590996e-01 -1.6745474834e-01 1.8760829284e-01
-2.8257104677e+00 -1.8651152667e-01 -4.8699285914e-01
2.4849287670e+00 4.8878264440e-01 5.9669636297e-01
1.4487907246e+00 -9.9516470060e-01 -1.7218452472e-01
8.6868286491e-01 -7.6446421618e-01 2.3275816327e-01
-8.2416232470e-02 2.1543612447e+00 -5.2313544902e-01
-2.8708667013e+00 -1.0346846193e+00 1.0566038446e+00
-6.4778543669e-02 -1.4603935383e+00 -1.7216073450e-01
1.6481298663e+00 -7.4039700726e-01 -1.3017167395e+00
3.4398459417e-02 -2.7965355810e+00 -4.5460986983e-01
-3.6618450606e-01 3.9232875779e+00 4.3559509550e-01
8.3982415430e-01 1.7785654520e-01 -7.9010088588e-01
1.1279238766e+00 1.5544252098e+00 2.4014522223e-01
4.5325921031e-01 -1.1372950486e+00 1.5697860227e+00
-1.6089531448e+00 6.8339236788e-01 -1.5012366305e+00
-1.4490613425e+00 1.0795153360e-01 -2.2342628693e+00
3.2360208258e+00 -2.7123951374e-01 -6.9930428819e-01
-1.5070378683e+00 -2.4554235254e+00 -1.9848648152e+00
-6.8768388510e-01 1.1028745248e+00 6.0048636806e-01
8.9410500765e-01 -2.4574080181e+00 3.0478841190e-01
4.7403863157e-01 8.0081864613e-01 1.9105525737e+00
-9.7094753774e-01 2.7422634874e-01 4.5387546619e-02
-3.2682036401e-01 3.3617536014e-02 6.3969816077e-01
-1.4675909071e+00 -7.4473617198e-01 6.9313915864e-01
1.7467523488e+00 -8.0199149461e-01 3.1803919296e-01
1.1141767405e-01 2.3529499634e+00 9.6326236547e-01
9.9972701600e-01 -8.3961553461e-01 1.6125079399e+00
2.1338755177e+00 -6.8387484297e-02 8.9838374461e-01
-1.1953047641e+00 1.0702374356e+00 -1.7381993920e-01
-4.9778923258e-01 -7.2267297014e-01 1.3835992647e+00
2.9088373629e-01 -1.0900228779e+00 -7.3715152245e-01
7.8973178611e-01 7.1057217641e-01 1.2974073761e-01
2.2506713010e+00 -1.2923341279e+00 -5.2189852531e-01
-7.8732915858e-01 -2.0254793007e+00 2.3952633011e-01
-3.5219626750e+00 -1.0826655305e+00 -8.0220303866e-01
8.1996649065e-01 -3.4452443656e-01 -1.6325691732e+00
-1.2496764887e+00 5.3593998333e-01 1.6260697200e+00
-1.0214114304e+00 1.1797784723e+00 -2.2230043411e+00
-8.0677604785e-01 -1.1738353644e+00 -1.0145244130e-01
-1.4115311155e-01 2.3202248575e+00 -1.2003259023e+00
3.7572034308e-01 1.9938238649e-01 -3.7854737291e-01
-5.6401742785e-01 3.7242167100e+00 -8.2593557706e-01
9.4957716233e-01 -6.0049820158e-01 1.4166600696e-01
1.7271094532e+00 -1.8420735109e+00 -1.9988335626e+00
5.3561849279e-01 1.4704342980e+00 -1.0030164013e+00
7.6742645109e-01 1.3091185760e+00 6.3049196779e+00
-9.3324718521e-01 1.5077985057e+00 4.2240857554e+00
-1.3576868865e+00 -1.6219147564e+00 1.3082828027e+00
1.2644354908e+00 1.4644435949e+00 3.7391492535e+00
-1.6838957400e+00 -1.5311154413e+00 1.8142914415e+00
-1.2079793289e+00 5.9849342700e+00 3.9805058014e+00
-5.6510045090e-01 -6.9057814555e-01 5.5721303674e+00
3.0539593149e+00 1.1852909437e+00 4.1927686498e+00
-2.3709567696e+00 -1.4832372340e+00 7.6746784076e+00
7.3578001471e-01 1.8291617376e+00 4.3390102289e+00
-6.5509355011e-01 2.4708453025e+00 3.0282539301e+00
-2.9503800262e-01 2.9052418245e-01 4.5390381376e+00
2.8861278335e+00 -2.2131954011e+00 5.8398614704e+00
-1.1048227590e+00 1.9279548549e+00 1.1707165607e+00
-2.2944849440e+00 -1.9496599876e-02 5.0173264008e+00
1.2920255597e+00 -1.2419532071e+00 2.5571881268e+00
-3.0202456047e+00 -5.9908027611e-02 -4.0781944817e+00
-2.0475805958e-01 6.1402094869e-01 -4.1541397331e+00
3.0640230206e+00 -8.3894658289e-01 -3.0650611777e+00
-2.2431832683e-01 9.2644492807e-01 -5.2221634490e+00
-2.7960787976e-01 -4.2404061988e+00 -1.2510444676e+00
5.8294387449e-02 -7.8776058660e-01 -3.9010870994e+00
1.0684338352e+00 -9.0985116675e-01 -4.4772707448e+00
-6.9910655766e-01 -9.9961217568e-01 -3.6505953476e+00
1.9288231388e+00 -1.1616553673e+00 -4.8347322106e+00
8.1193520240e-01 -2.0125453109e+00 -4.2692713450e+00
9.8533753853e-01 1.0491966251e+00 -4.0363966933e+00
1.9594379632e-01 5.1467222815e-01 -2.1137072724e+00
-1.2209906455e+00 6.0521477695e-01 -5.2671161090e+00
1.1671370233e+00 -1.9577925371e+00 -4.4757626655e+00
-9.5847512428e-01 1.1192159582e+00 -4.1186012867e+00
-5.5987148822e-01 -2.4968691835e+00 -4.8710496648e+00
9.4199827204e-01 3.8274502874e-01 4.6054007013e+00
-2.2836670383e+00 1.2492653488e+00 2.2135541852e+00
-1.2951204414e+00 -9.1604804380e-01 3.1153445955e+00
-1.9931830220e-01 -6.1925772037e-01 1.2830679726e+00
-7.2688438842e-01 2.3918191516e+00 4.8799812905e+00
2.3665703180e+00 2.0014980657e+00 3.6795368343e+00
6.0728296913e-02 1.4257689082e+00 3.7556009891e+00
8.7749934048e-01 2.4960049762e+00 5.2078698724e+00
5.6186357988e-01 -8.3014300782e-01 4.0050753910e+00
-2.2277724658e+00 -1.5221596388e+00 5.4631475761e+00
1.0647726803e+00 -3.1021440169e-01 4.0991581595e+00
-1.3203166983e+00 2.1646031071e+00 3.3658502451e+00
2.6063515146e-01 -2.0904354264e+00 6.9447234343e+00
-7.5247915884e-01 1.4235718713e+00 4.4016842732e+00
9.0563389475e-01 -7.1664294970e-01 4.6084006247e+00
-1.9198757132e-03 -1.4017280598e+00 6.7109097251e+00
9.9715752242e-01 -1.1619985681e+00 -3.5560209877e+00
6.0874462633e-01 1.2339858952e+00 -4.7023258482e+00
-2.4087834966e+00 -1.4049210104e+00 -4.2027121996e+00
2.9258768105e-01 9.8495507485e-01 -4.0959785135e+00
2.2407493677e+00 -2.5123370852e-02 -3.4042572848e+00
1.2888693054e+00 -1.4339213161e+00 -6.6414393379e+00
5.3612023187e-01 -1.2043916967e-01 -3.2446441487e+00
-1.3770265646e+00 -1.2226462413e+00 -3.9834081472e+00
-1.0914361491e+00 -1.9212427858e+00 -3.6447922714e+00
3.8111712065e-01 1.6745678450e+00 -3.9701525929e+00
-2.0395616726e-01 -2.3085103421e+00 -4.6226906441e+00
-9.7951314324e-02 -2.9338641866e-01 -5.3972915757e+00
1.2621415222e+00 -1.1138208079e+00 -5.3273808645e+00
-5.2311132010e-01 -1.8907728554e+00 -4.2307314282e+00
-1.9168390233e+00 3.6695424503e+00 -7.1903943321e+00
4.2122034877e-01 -1.9308780325e+00 -4.1146334705e+00
-1.2986817361e+00 5.0270953714e-01 4.9764098886e+00
1.1976371913e+00 -5.3994295855e-01 1.9657939000e+00
-1.2373905040e+00 -5.2898028344e-01 4.9319007646e+00
-4.9340232092e-01 -2.3735642568e-01 6.3051060057e+00
-9.1790980352e-02 6.9929336830e-01 2.7425793040e+00
5.7727615200e-01 3.7742361313e-01 4.1021537178e+00
1.5169482120e+00 2.4326726872e+00 3.8279541776e+00
-6.6068997946e-01 -2.4760402873e+00 6.2613115247e+00
4.1992921401e+00 9.1640548808e-01 4.7882702220e+00
-8.6519694180e-01 6.0763835194e-01 6.2368655166e+00
-2.6263757221e-01 5.5486181753e-01 3.2559210978e+00
2.9525532240e-01 1.0106034275e+00 5.7809365304e+00
1.0623624177e+00 2.2118311349e+00 6.7473435996e+00
-3.0356388329e+00 1.5292694249e+00 3.4403180212e+00
-1.5374332572e+00 -7.8781735398e-01 1.9588714556e+00
1.4458389486e+00 1.1753424001e+00 3.1115705202e+00
-4.7784163629e-01 -6.3650185559e-01 -2.6966283227e+00
1.4577500090e+00 -2.1912523126e+00 -5.8989616319e+00
9.3786740233e-01 -1.0897148480e-01 -2.4188830886e+00
-1.7962974159e+00 -7.1174962075e-01 -1.8460597191e+00
1.3755933154e+00 3.8302874843e-01 -7.3626990460e+00
8.5921681287e-01 -2.6153950892e+00 -2.1529056323e+00
-9.4445444767e-01 1.1685653560e-03 -5.6160712221e+00
-2.6834690179e+00 -1.4758622922e+00 -5.1043723464e+00
1.2626975543e-01 -1.1203107652e+00 -4.7107552961e+00
-1.3992059940e+00 -1.3925181620e+00 -4.8393124568e+00
-8.9607083463e-01 7.6109920381e-02 -4.8599585961e+00
-1.7736041170e-01 7.2227767307e-01 -4.5025113433e+00
2.8294383200e+00 -1.5844021266e-01 -5.2313003622e+00
-1.3462531677e+00 1.1437909709e-02 -3.6646999334e+00
-4.9274029792e-02 7.4457285610e-01 -6.2791687168e+00
2.0925969955e+00 1.9849722931e+00 -1.4450122984e+00
