2.1354024095e+02
9.3824497383e+01
-1.0632925206e+02
1.0353982866e+01
-5.9144597257e+01
3.7362350682e+00
2.5657250492e+02
2.1022665221e+01
-7.1993731339e+01
-6.1544149202e-01
-5.1479401047e+01
-1.8993628456e+00
2.6377465483e+02
-2.7958842598e+01
-6.6750662889e+01
-8.2593270223e-02
-5.5594866851e+01
3.4655338391e+00
2.4203172492e+02
1.5795209363e+01
-7.6437133854e+01
5.4211472475e+00
-6.1646938107e+01
1.8912276675e+00
2.3525440350e+02
3.2510526178e+01
-8.9369452195e+01
-1.3524103827e+01
-6.0773597310e+01
-1.3944928563e+01
