1.7518059076e+00 -1.0010743051e+00 -1.4500849394e+00
1.7518095164e+00 -1.0010772042e+00 -1.4500891874e+00
1.7518081735e+00 -1.0010754542e+00 -1.4500867402e+00
1.7518114684e+00 -1.0010783269e+00 -1.4500910235e+00
1.7518056925e+00 -1.0010748814e+00 -1.4500840580e+00
1.7518093019e+00 -1.0010778280e+00 -1.4500884900e+00
1.7518076394e+00 -1.0010760616e+00 -1.4500858670e+00
1.7518114043e+00 -1.0010789278e+00 -1.4500902129e+00
-5.3002205735e-01 -4.4460070237e-01 -5.8908798471e-03
-5.3002242994e-01 -4.4460091158e-01 -5.8916331328e-03
-5.3002183860e-01 -4.4460076442e-01 -5.8905125904e-03
-5.3002218465e-01 -4.4460089257e-01 -5.8913779872e-03
-5.3002430241e-01 -4.4460096718e-01 -5.8924031601e-03
-5.3002472062e-01 -4.4460111664e-01 -5.8933910566e-03
-5.3002414744e-01 -4.4460114340e-01 -5.8922803313e-03
-5.3002449526e-01 -4.4460120183e-01 -5.8931932967e-03
-4.2026239559e-02 9.1163760011e-02 5.3341113894e-01
-4.2028179066e-02 9.1161844753e-02 5.3340896857e-01
-4.2027372333e-02 9.1162411202e-02 5.3341004218e-01
-4.2029373502e-02 9.1160749874e-02 5.3340776532e-01
-4.2022759923e-02 9.1164118336e-02 5.3341215362e-01
-4.2024540054e-02 9.1162651449e-02 5.3340986472e-01
-4.2023923141e-02 9.1163047821e-02 5.3341093962e-01
-4.2025824026e-02 9.1161432988e-02 5.3340861374e-01
3.4835076939e-01 2.8200629133e-01 3.4168605050e-01
3.4835143091e-01 2.8200607328e-01 3.4168373665e-01
3.4834986567e-01 2.8200872900e-01 3.4168798757e-01
3.4835040216e-01 2.8200836624e-01 3.4168567391e-01
3.4835370756e-01 2.8200606983e-01 3.4168706332e-01
3.4835396236e-01 2.8200585214e-01 3.4168479256e-01
3.4835275828e-01 2.8200843039e-01 3.4168869706e-01
3.4835320611e-01 2.8200789480e-01 3.4168652088e-01
5.7822176613e-02 -2.2084053716e+00 1.3080769754e+00
5.7822093778e-02 -2.2084131474e+00 1.3080854864e+00
5.7822653042e-02 -2.2083980128e+00 1.3080701262e+00
5.7822394362e-02 -2.2084055544e+00 1.3080783818e+00
5.7822715155e-02 -2.2084053743e+00 1.3080770365e+00
5.7822406803e-02 -2.2084130900e+00 1.3080855511e+00
5.7822867213e-02 -2.2083978303e+00 1.3080700851e+00
5.7822966675e-02 -2.2084055471e+00 1.3080784965e+00
1.5792896388e-01 2.3504446167e-01 -5.6735647050e-02
1.5792838639e-01 2.3504410940e-01 -5.6736699661e-02
1.5792841368e-01 2.3504393976e-01 -5.6735984951e-02
1.5792820788e-01 2.3504387402e-01 -5.6736402430e-02
1.5792897327e-01 2.3504474134e-01 -5.6735133750e-02
1.5792902295e-01 2.3504442434e-01 -5.6735890448e-02
1.5792892811e-01 2.3504438458e-01 -5.6735103271e-02
1.5792888363e-01 2.3504423521e-01 -5.6735919788e-02
-1.5720222533e-01 -9.8305804727e-01 5.0292229005e-01
-1.5720221544e-01 -9.8305886737e-01 5.0292263561e-01
-1.5720227818e-01 -9.8305787476e-01 5.0292258974e-01
-1.5720233352e-01 -9.8305874846e-01 5.0292278884e-01
-1.5720199965e-01 -9.8305837546e-01 5.0292307820e-01
-1.5720208898e-01 -9.8305909930e-01 5.0292324142e-01
-1.5720210461e-01 -9.8305809089e-01 5.0292329612e-01
-1.5720215855e-01 -9.8305912423e-01 5.0292368779e-01
-1.0206424450e-01 9.0772558875e-01 -9.8821981411e-01
-1.0206307784e-01 9.0772271807e-01 -9.8821417728e-01
-1.0206405579e-01 9.0772473298e-01 -9.8821956830e-01
-1.0206295513e-01 9.0772215664e-01 -9.8821365633e-01
-1.0206447311e-01 9.0772485136e-01 -9.8821999839e-01
-1.0206314885e-01 9.0772206247e-01 -9.8821414754e-01
-1.0206436232e-01 9.0772419005e-01 -9.8821967835e-01
-1.0206306563e-01 9.0772128192e-01 -9.8821375825e-01
6.7682753081e-01 1.3268417276e+00 -5.8461254666e-01
6.7682615875e-01 1.3268458803e+00 -5.8461480294e-01
6.7682819047e-01 1.3268379242e+00 -5.8460923676e-01
6.7682693133e-01 1.3268419347e+00 -5.8461174294e-01
6.7682469755e-01 1.3268432255e+00 -5.8461453963e-01
6.7682350137e-01 1.3268470548e+00 -5.8461685190e-01
6.7682532325e-01 1.3268390581e+00 -5.8461118416e-01
6.7682415349e-01 1.3268432556e+00 -5.8461383648e-01
3.6311795487e-01 -3.9311726148e-01 1.1977346644e-01
3.6311730890e-01 -3.9311750142e-01 1.1977608219e-01
3.6311812179e-01 -3.9311682103e-01 1.1977297422e-01
3.6311762749e-01 -3.9311682051e-01 1.1977561992e-01
3.6311697063e-01 -3.9311717180e-01 1.1977209754e-01
3.6311620436e-01 -3.9311737278e-01 1.1977505598e-01
3.6311706796e-01 -3.9311649059e-01 1.1977173778e-01
3.6311646859e-01 -3.9311683413e-01 1.1977457974e-01
-6.9425817762e-01 2.5597269468e-01 -3.6666929851e-01
-6.9425705872e-01 2.5597325275e-01 -3.6667352343e-01
-6.9425800946e-01 2.5597183528e-01 -3.6666977543e-01
-6.9425694756e-01 2.5597223271e-01 -3.6667429311e-01
-6.9425727791e-01 2.5597214887e-01 -3.6667030212e-01
-6.9425638959e-01 2.5597286229e-01 -3.6667448654e-01
-6.9425719257e-01 2.5597110025e-01 -3.6667098504e-01
-6.9425626826e-01 2.5597178655e-01 -3.6667512684e-01
7.9778560870e-01 -5.2816383305e-01 -1.2213720318e+00
7.9778529858e-01 -5.2816410535e-01 -1.2213728612e+00
7.9778404515e-01 -5.2816218595e-01 -1.2213688969e+00
7.9778352580e-01 -5.2816209121e-01 -1.2213701416e+00
7.9778550077e-01 -5.2816423925e-01 -1.2213717395e+00
7.9778492570e-01 -5.2816427213e-01 -1.2213726101e+00
7.9778387733e-01 -5.2816241168e-01 -1.2213690003e+00
7.9778336861e-01 -5.2816231476e-01 -1.2213700900e+00
6.7309237328e-02 9.8986129093e-01 -3.2754229309e-01
6.7308839932e-02 9.8986179279e-01 -3.2754335325e-01
6.7309345746e-02 9.8985702605e-01 -3.2753986502e-01
6.7309341949e-02 9.8985760564e-01 -3.2754130246e-01
6.7309999857e-02 9.8986180053e-01 -3.2754228668e-01
6.7309910380e-02 9.8986217271e-01 -3.2754354801e-01
6.7310275510e-02 9.8985744346e-01 -3.2753995981e-01
6.7310013607e-02 9.8985812409e-01 -3.2754102860e-01
2.8624933436e-02 -1.8499218400e-01 -4.1583651569e-01
2.8624722736e-02 -1.8499302574e-01 -4.1583769253e-01
2.8625126704e-02 -1.8499224495e-01 -4.1583734425e-01
2.8624702729e-02 -1.8499318540e-01 -4.1583853301e-01
2.8625709523e-02 -1.8499204698e-01 -4.1583637099e-01
2.8625627195e-02 -1.8499298366e-01 -4.1583761287e-01
2.8625808022e-02 -1.8499223234e-01 -4.1583691708e-01
2.8625519925e-02 -1.8499307291e-01 -4.1583829306e-01
-7.8588806030e-02 4.3309165234e-01 -8.8438908937e-02
-7.8588624426e-02 4.3309216997e-01 -8.8438474419e-02
-7.8589167827e-02 4.3308994137e-01 -8.8438675767e-02
-7.8588756851e-02 4.3309047709e-01 -8.8438312256e-02
-7.8589214932e-02 4.3309153667e-01 -8.8438602519e-02
-7.8588943437e-02 4.3309189741e-01 -8.8438516445e-02
-7.8589331925e-02 4.3308981852e-01 -8.8438485007e-02
-7.8589375876e-02 4.3309014472e-01 -8.8438476341e-02
-9.0202350522e-01 -6.5108825777e-01 -2.0860033765e-01
-9.0202380443e-01 -6.5108741072e-01 -2.0860122905e-01
-9.0202316394e-01 -6.5108488446e-01 -2.0860064527e-01
-9.0202353157e-01 -6.5108393074e-01 -2.0860180490e-01
-9.0202669914e-01 -6.5108849839e-01 -2.0860320665e-01
-9.0202713152e-01 -6.5108726298e-01 -2.0860378416e-01
-9.0202651150e-01 -6.5108526390e-01 -2.0860313774e-01
-9.0202701360e-01 -6.5108389779e-01 -2.0860415053e-01
-2.0130317611e-01 1.5782553013e-01 -2.4079377604e-01
-2.0130341769e-01 1.5782375089e-01 -2.4079016465e-01
-2.0130227753e-01 1.5782920032e-01 -2.4079484317e-01
-2.0130227785e-01 1.5782716937e-01 -2.4079150275e-01
-2.0130390461e-01 1.5782564911e-01 -2.4079387352e-01
-2.0130428508e-01 1.5782385632e-01 -2.4079058239e-01
-2.0130316644e-01 1.5782879813e-01 -2.4079476657e-01
-2.0130313241e-01 1.5782717464e-01 -2.4079117747e-01
-3.7983962566e-01 5.6946070623e-01 1.4327545362e+00
-3.7983858362e-01 5.6946178679e-01 1.4327599964e+00
-3.7983985729e-01 5.6946123026e-01 1.4327553860e+00
-3.7983871179e-01 5.6946210996e-01 1.4327605132e+00
-3.7983560721e-01 5.6945972158e-01 1.4327500410e+00
-3.7983454795e-01 5.6946084372e-01 1.4327554278e+00
-3.7983593753e-01 5.6946015240e-01 1.4327506612e+00
-3.7983475790e-01 5.6946120142e-01 1.4327560360e+00
9.6781848073e-02 1.9810051604e-01 -1.3450240629e-01
9.6781898762e-02 1.9810071201e-01 -1.3450228834e-01
9.6782095617e-02 1.9810357866e-01 -1.3450322909e-01
9.6782207755e-02 1.9810399351e-01 -1.3450321808e-01
9.6783196531e-02 1.9809970642e-01 -1.3450310107e-01
9.6783264162e-02 1.9810015068e-01 -1.3450305630e-01
9.6783265720e-02 1.9810302387e-01 -1.3450382532e-01
9.6783088994e-02 1.9810363268e-01 -1.3450372907e-01
1.9761598410e-01 7.6679642570e-02 -6.0952748719e-01
1.9761581282e-01 7.6679458489e-02 -6.0952724710e-01
1.9761541533e-01 7.6682358766e-02 -6.0952652378e-01
1.9761530764e-01 7.6682361133e-02 -6.0952619858e-01
1.9761277219e-01 7.6679987437e-02 -6.0952627746e-01
1.9761258010e-01 7.6679924374e-02 -6.0952597434e-01
1.9761228450e-01 7.6682755584e-02 -6.0952533598e-01
1.9761219665e-01 7.6682751053e-02 -6.0952524473e-01
-2.2569939906e-01 1.7425889610e-01 -4.9527186229e-01
-2.2569949009e-01 1.7425832583e-01 -4.9527195095e-01
-2.2569939065e-01 1.7425865090e-01 -4.9527189867e-01
-2.2569961522e-01 1.7425792913e-01 -4.9527179247e-01
-2.2569879252e-01 1.7425908036e-01 -4.9527185139e-01
-2.2569884955e-01 1.7425851951e-01 -4.9527169518e-01
-2.2569878048e-01 1.7425892419e-01 -4.9527157102e-01
-2.2569894498e-01 1.7425810395e-01 -4.9527163600e-01
-4.4456468742e-01 4.1460827931e-01 -3.7946768071e-01
-4.4456415686e-01 4.1460836933e-01 -3.7946836372e-01
-4.4456472461e-01 4.1460794457e-01 -3.7946787866e-01
-4.4456394656e-01 4.1460821823e-01 -3.7946855635e-01
-4.4456415905e-01 4.1460794174e-01 -3.7946653293e-01
-4.4456363160e-01 4.1460805893e-01 -3.7946719328e-01
-4.4456396047e-01 4.1460794555e-01 -3.7946684687e-01
-4.4456339229e-01 4.1460793085e-01 -3.7946785265e-01
1.4410660484e-01 1.9479562132e-02 2.4253811165e-01
1.4410694262e-01 1.9479295214e-02 2.4254111079e-01
1.4410675238e-01 1.9480991409e-02 2.4253854396e-01
1.4410692875e-01 1.9480330121e-02 2.4254158594e-01
1.4410620958e-01 1.9479419871e-02 2.4253787874e-01
1.4410685445e-01 1.9479347984e-02 2.4254119236e-01
1.4410639793e-01 1.9480784226e-02 2.4253821698e-01
1.4410667422e-01 1.9480697352e-02 2.4254162883e-01
1.0964146033e-02 5.0319586964e-02 6.2004461542e-01
1.0963642112e-02 5.0319994604e-02 6.2004428056e-01
1.0963860948e-02 5.0319721279e-02 6.2004489823e-01
1.0963260124e-02 5.0320262157e-02 6.2004478626e-01
1.0963978721e-02 5.0319718569e-02 6.2004447324e-01
1.0963523036e-02 5.0320038281e-02 6.2004416937e-01
1.0963709014e-02 5.0319789538e-02 6.2004477548e-01
1.0963018436e-02 5.0320200534e-02 6.2004464276e-01
-6.4793501758e-01 -2.3781102003e-01 -1.3832499104e+00
-6.4793441869e-01 -2.3781046882e-01 -1.3832502050e+00
-6.4793485754e-01 -2.3781226932e-01 -1.3832493877e+00
-6.4793420324e-01 -2.3781178936e-01 -1.3832495364e+00
-6.4793285039e-01 -2.3780905165e-01 -1.3832460399e+00
-6.4793204572e-01 -2.3780839451e-01 -1.3832462940e+00
-6.4793272209e-01 -2.3781001954e-01 -1.3832457132e+00
-6.4793187038e-01 -2.3780946737e-01 -1.3832457471e+00
-4.2356681499e-01 6.1434940429e-01 1.1925687402e+00
-4.2356697626e-01 6.1434917950e-01 1.1925693622e+00
-4.2356668497e-01 6.1434971111e-01 1.1925679446e+00
-4.2356699502e-01 6.1434940704e-01 1.1925684458e+00
-4.2356631711e-01 6.1434909299e-01 1.1925688149e+00
-4.2356656191e-01 6.1434903611e-01 1.1925696235e+00
-4.2356636869e-01 6.1434977072e-01 1.1925679089e+00
-4.2356674286e-01 6.1434947541e-01 1.1925685795e+00
-3.8070727546e-01 7.4581849495e-01 -6.0219821541e-01
-3.8070891273e-01 7.4581611334e-01 -6.0218891860e-01
-3.8070667381e-01 7.4581708553e-01 -6.0219894074e-01
-3.8070856533e-01 7.4581488074e-01 -6.0218955061e-01
-3.8071066757e-01 7.4581810581e-01 -6.0219702197e-01
-3.8071260406e-01 7.4581588994e-01 -6.0218782863e-01
-3.8071031482e-01 7.4581671897e-01 -6.0219790119e-01
-3.8071198615e-01 7.4581448306e-01 -6.0218854789e-01
9.3323475657e-01 7.8437518056e-02 -2.8721856600e-01
9.3323430829e-01 7.8439387213e-02 -2.8721167905e-01
9.3323456604e-01 7.8438541492e-02 -2.8721839331e-01
9.3323415549e-01 7.8440344969e-02 -2.8721138773e-01
9.3323411560e-01 7.8437115222e-02 -2.8721919255e-01
9.3323378291e-01 7.8439001710e-02 -2.8721229532e-01
9.3323366679e-01 7.8438100803e-02 -2.8721913278e-01
9.3323353216e-01 7.8439913303e-02 -2.8721210523e-01
-2.0442524502e-01 -1.3649017854e-01 1.5417446879e-01
-2.0442489116e-01 -1.3649057425e-01 1.5417441438e-01
-2.0442525835e-01 -1.3648949584e-01 1.5417530605e-01
-2.0442499117e-01 -1.3648962694e-01 1.5417516527e-01
-2.0442413848e-01 -1.3649049271e-01 1.5417450268e-01
-2.0442396574e-01 -1.3649059967e-01 1.5417438101e-01
-2.0442415900e-01 -1.3648926094e-01 1.5417534004e-01
-2.0442389431e-01 -1.3648964572e-01 1.5417526931e-01
2.4690663133e-01 -1.1180694596e-01 -5.3116761689e-01
2.4690684964e-01 -1.1180576222e-01 -5.3116542878e-01
2.4690700394e-01 -1.1180612711e-01 -5.3116744633e-01
2.4690712218e-01 -1.1180518250e-01 -5.3116512344e-01
2.4690750586e-01 -1.1180636038e-01 -5.3116813860e-01
2.4690756573e-01 -1.1180567483e-01 -5.3116561917e-01
2.4690761214e-01 -1.1180597303e-01 -5.3116824399e-01
2.4690781456e-01 -1.1180503650e-01 -5.3116566834e-01
-1.7831873281e-01 -7.9061910163e-01 1.1690850209e+00
-1.7831942027e-01 -7.9061859365e-01 1.1690849906e+00
-1.7832041983e-01 -7.9061462113e-01 1.1690830163e+00
-1.7832066914e-01 -7.9061415467e-01 1.1690828922e+00
-1.7831896501e-01 -7.9061899265e-01 1.1690848065e+00
-1.7831961778e-01 -7.9061866944e-01 1.1690848191e+00
-1.7832059280e-01 -7.9061443954e-01 1.1690829095e+00
-1.7832103189e-01 -7.9061436047e-01 1.1690827292e+00
5.4182607518e-02 5.2086897545e-01 -1.7159506139e-01
5.4181457590e-02 5.2086850743e-01 -1.7159649338e-01
5.4182420218e-02 5.2086951572e-01 -1.7159530093e-01
5.4181150491e-02 5.2086887754e-01 -1.7159695358e-01
5.4182648978e-02 5.2086875859e-01 -1.7159544291e-01
5.4181502720e-02 5.2086843692e-01 -1.7159654606e-01
5.4182380269e-02 5.2086946020e-01 -1.7159533638e-01
5.4181133163e-02 5.2086879453e-01 -1.7159694937e-01
5.4176876805e-01 2.3063411156e-01 4.0554591160e-01
5.4176705996e-01 2.3063336838e-01 4.0554482879e-01
5.4176907372e-01 2.3063275796e-01 4.0554551353e-01
5.4176740075e-01 2.3063184131e-01 4.0554431933e-01
5.4176448251e-01 2.3063314290e-01 4.0554454470e-01
5.4176294235e-01 2.3063245404e-01 4.0554281251e-01
5.4176489217e-01 2.3063182502e-01 4.0554368497e-01
5.4176340280e-01 2.3063093106e-01 4.0554246462e-01
-4.5295174560e-01 3.3993011473e-01 1.5916988119e-01
-4.5295151215e-01 3.3992994392e-01 1.5917036017e-01
-4.5295205376e-01 3.3993431536e-01 1.5916858685e-01
-4.5295215803e-01 3.3993438893e-01 1.5916858431e-01
-4.5295138231e-01 3.3993015454e-01 1.5916978299e-01
-4.5295132293e-01 3.3993005904e-01 1.5917036384e-01
-4.5295191499e-01 3.3993444585e-01 1.5916839670e-01
-4.5295190114e-01 3.3993439585e-01 1.5916849574e-01
-9.6373145751e-02 2.7018056197e-01 4.8441238461e-01
-9.6373542257e-02 2.7018071627e-01 4.8441496850e-01
-9.6372270949e-02 2.7017956164e-01 4.8441166248e-01
-9.6372512208e-02 2.7017994795e-01 4.8441388477e-01
-9.6374048597e-02 2.7018039751e-01 4.8441242702e-01
-9.6374035122e-02 2.7018043963e-01 4.8441469860e-01
-9.6373253069e-02 2.7017959409e-01 4.8441191126e-01
-9.6373258497e-02 2.7017978793e-01 4.8441390374e-01
2.0259419780e-01 1.1481986661e-01 3.9270416058e-01
2.0259412687e-01 1.1481972296e-01 3.9270436734e-01
2.0259427924e-01 1.1481954550e-01 3.9270493556e-01
2.0259422685e-01 1.1481958683e-01 3.9270541484e-01
2.0259381606e-01 1.1482031160e-01 3.9270368901e-01
2.0259399469e-01 1.1482008632e-01 3.9270417766e-01
2.0259402294e-01 1.1481998478e-01 3.9270469353e-01
2.0259397111e-01 1.1481997996e-01 3.9270513333e-01
-5.3159274689e-01 8.4330039670e-01 2.6281055986e-01
-5.3159303237e-01 8.4329991870e-01 2.6280926021e-01
-5.3159393700e-01 8.4330318633e-01 2.6280970760e-01
-5.3159451585e-01 8.4330276066e-01 2.6280863443e-01
-5.3159288998e-01 8.4330019938e-01 2.6281050040e-01
-5.3159327083e-01 8.4329981868e-01 2.6280949465e-01
-5.3159403667e-01 8.4330301689e-01 2.6281009604e-01
-5.3159447861e-01 8.4330255887e-01 2.6280878723e-01
-5.8677616543e-01 -1.4991059335e-01 1.0519853518e+00
-5.8677697091e-01 -1.4990975212e-01 1.0519896245e+00
-5.8677373510e-01 -1.4991265499e-01 1.0519845320e+00
-5.8677446485e-01 -1.4991184613e-01 1.0519886686e+00
-5.8677447504e-01 -1.4991237755e-01 1.0519850527e+00
-5.8677552296e-01 -1.4991148955e-01 1.0519890251e+00
-5.8677192073e-01 -1.4991452099e-01 1.0519840610e+00
-5.8677280864e-01 -1.4991370941e-01 1.0519882088e+00
-1.9434370401e-01 3.6295225273e-01 -2.1738536836e-01
-1.9434348355e-01 3.6295235417e-01 -2.1738687172e-01
-1.9434444671e-01 3.6295097048e-01 -2.1738641360e-01
-1.9434427827e-01 3.6295110576e-01 -2.1738799439e-01
-1.9434298230e-01 3.6295226148e-01 -2.1738541748e-01
-1.9434301238e-01 3.6295212558e-01 -2.1738713737e-01
-1.9434370414e-01 3.6295087574e-01 -2.1738648685e-01
-1.9434334189e-01 3.6295079695e-01 -2.1738829094e-01
3.7409752258e-01 3.7620133526e-01 -1.0031947672e+00
3.7409807467e-01 3.7620190203e-01 -1.0031957978e+00
3.7409592201e-01 3.7620780371e-01 -1.0031963827e+00
3.7409660513e-01 3.7620868836e-01 -1.0031974217e+00
3.7409757230e-01 3.7620120861e-01 -1.0031946860e+00
3.7409803348e-01 3.7620197910e-01 -1.0031956265e+00
3.7409602977e-01 3.7620798890e-01 -1.0031962407e+00
3.7409660547e-01 3.7620862748e-01 -1.0031970844e+00
2.9255433618e-01 4.7140931876e-01 7.5210200194e-01
2.9255578204e-01 4.7141002940e-01 7.5210763241e-01
2.9255522633e-01 4.7140893974e-01 7.5210144044e-01
2.9255675296e-01 4.7140975623e-01 7.5210723008e-01
2.9255398740e-01 4.7140928123e-01 7.5210215315e-01
2.9255547845e-01 4.7140995805e-01 7.5210782825e-01
2.9255501745e-01 4.7140858450e-01 7.5210148499e-01
2.9255653896e-01 4.7140949127e-01 7.5210728183e-01
6.6517612264e-01 7.9965343072e-01 4.8582457459e-01
6.6517638415e-01 7.9965345410e-01 4.8582475025e-01
6.6517667040e-01 7.9965390201e-01 4.8582497686e-01
6.6517671169e-01 7.9965382678e-01 4.8582508223e-01
6.6517178663e-01 7.9965154289e-01 4.8582249232e-01
6.6517180706e-01 7.9965153772e-01 4.8582256036e-01
6.6517205147e-01 7.9965202279e-01 4.8582283414e-01
6.6517248370e-01 7.9965207927e-01 4.8582309198e-01
-1.3970267904e-01 1.7311847859e-01 -7.7128406996e-02
-1.3970286002e-01 1.7311910286e-01 -7.7128633010e-02
-1.3970328138e-01 1.7311749334e-01 -7.7128829673e-02
-1.3970340468e-01 1.7311819236e-01 -7.7129131676e-02
-1.3970297467e-01 1.7311903218e-01 -7.7128719405e-02
-1.3970296950e-01 1.7311960558e-01 -7.7129144483e-02
-1.3970349480e-01 1.7311798494e-01 -7.7129106572e-02
-1.3970340637e-01 1.7311847777e-01 -7.7129708808e-02
1.5037803005e-01 -5.0790182029e-01 6.5340504824e-01
1.5037795199e-01 -5.0790238541e-01 6.5340484801e-01
1.5037841264e-01 -5.0790368282e-01 6.5340615610e-01
1.5037795461e-01 -5.0790418134e-01 6.5340594467e-01
1.5037626198e-01 -5.0790137807e-01 6.5340514966e-01
1.5037639143e-01 -5.0790192397e-01 6.5340485423e-01
1.5037671547e-01 -5.0790345474e-01 6.5340647879e-01
1.5037648199e-01 -5.0790390713e-01 6.5340623827e-01
2.0918610654e-01 -5.0417051858e-01 1.2031008156e-02
2.0918597227e-01 -5.0416983548e-01 1.2030500579e-02
2.0918635670e-01 -5.0417136868e-01 1.2030725354e-02
2.0918604221e-01 -5.0417074626e-01 1.2030638015e-02
2.0918783724e-01 -5.0417139359e-01 1.2029671181e-02
2.0918752186e-01 -5.0417063339e-01 1.2029324109e-02
2.0918812317e-01 -5.0417211445e-01 1.2029417422e-02
2.0918762354e-01 -5.0417157789e-01 1.2029213903e-02
9.4146657068e-03 5.8085398719e-01 4.4109988389e-01
9.4142079488e-03 5.8085383868e-01 4.4109965829e-01
9.4146580855e-03 5.8085627533e-01 4.4110042272e-01
9.4140789376e-03 5.8085583466e-01 4.4110007173e-01
9.4155499403e-03 5.8085424430e-01 4.4110022228e-01
9.4151680218e-03 5.8085380042e-01 4.4109983723e-01
9.4159112857e-03 5.8085605009e-01 4.4110056350e-01
9.4151184518e-03 5.8085591373e-01 4.4110008580e-01
1.7352499241e-02 -2.2311986096e+00 2.3034826814e+00
1.7352538521e-02 -2.2311935225e+00 2.3034812359e+00
1.7352279921e-02 -2.2311988569e+00 2.3034823239e+00
1.7352275819e-02 -2.2311936339e+00 2.3034808279e+00
1.7350772894e-02 -2.2311992769e+00 2.3034838159e+00
1.7350856219e-02 -2.2311938592e+00 2.3034820205e+00
1.7350617436e-02 -2.2311996999e+00 2.3034834641e+00
1.7350838432e-02 -2.2311940881e+00 2.3034819928e+00
5.3894671003e-01 -1.9196956337e-01 -9.9123609076e-01
5.3894786111e-01 -1.9196984595e-01 -9.9123713779e-01
5.3894470011e-01 -1.9196649960e-01 -9.9123314434e-01
5.3894589956e-01 -1.9196680116e-01 -9.9123403466e-01
5.3894167866e-01 -1.9196788437e-01 -9.9123436100e-01
5.3894306808e-01 -1.9196821649e-01 -9.9123516433e-01
5.3893992925e-01 -1.9196506269e-01 -9.9123148106e-01
5.3894134812e-01 -1.9196505361e-01 -9.9123245589e-01
2.1613616408e+00 6.2734732772e-03 -1.3356857595e+00
2.1613616358e+00 6.2732761355e-03 -1.3356874632e+00
2.1613587233e+00 6.2691656548e-03 -1.3356876361e+00
2.1613586677e+00 6.2695353223e-03 -1.3356881948e+00
2.1613633363e+00 6.2726281465e-03 -1.3356869129e+00
2.1613626610e+00 6.2731043068e-03 -1.3356870831e+00
2.1613607907e+00 6.2690180891e-03 -1.3356872202e+00
2.1613594248e+00 6.2690291670e-03 -1.3356881527e+00
1.2988073023e+00 -9.6448622468e-01 -1.3275480030e+00
1.2988052502e+00 -9.6448262003e-01 -1.3275403146e+00
1.2988077092e+00 -9.6447705099e-01 -1.3275390467e+00
1.2988051831e+00 -9.6447349141e-01 -1.3275322069e+00
1.2988102354e+00 -9.6448968808e-01 -1.3275526930e+00
1.2988086244e+00 -9.6448611361e-01 -1.3275460245e+00
1.2988096865e+00 -9.6448016006e-01 -1.3275439424e+00
1.2988081424e+00 -9.6447694454e-01 -1.3275373214e+00
-4.8207216019e-01 -4.3141139994e-01 1.2391269876e+00
-4.8207159082e-01 -4.3141298162e-01 1.2391316097e+00
-4.8206981986e-01 -4.3141740732e-01 1.2391284387e+00
-4.8206984123e-01 -4.3141948890e-01 1.2391324655e+00
-4.8206736165e-01 -4.3140728214e-01 1.2391281701e+00
-4.8206658138e-01 -4.3140936998e-01 1.2391326423e+00
-4.8206550499e-01 -4.3141403635e-01 1.2391294186e+00
-4.8206518258e-01 -4.3141545674e-01 1.2391336879e+00
6.7733259956e-02 5.7850828508e-01 5.2875297678e-01
6.7733693130e-02 5.7850624017e-01 5.2875314083e-01
6.7735012286e-02 5.7850585925e-01 5.2874869554e-01
6.7734664060e-02 5.7850402444e-01 5.2874951115e-01
6.7716347543e-02 5.7851391776e-01 5.2876306360e-01
6.7715882559e-02 5.7851149805e-01 5.2876312288e-01
6.7716792160e-02 5.7851231068e-01 5.2875917615e-01
6.7717458999e-02 5.7850918042e-01 5.2875913361e-01
-2.6094761634e+00 -1.0940230069e-01 1.9879424142e+00
-2.6094788979e+00 -1.0940318890e-01 1.9879496828e+00
-2.6094775335e+00 -1.0940835302e-01 1.9879427889e+00
-2.6094799133e+00 -1.0940874805e-01 1.9879503078e+00
-2.6094613497e+00 -1.0940616859e-01 1.9879399283e+00
-2.6094648839e+00 -1.0940707718e-01 1.9879470247e+00
-2.6094635599e+00 -1.0941163931e-01 1.9879411504e+00
-2.6094664434e+00 -1.0941208497e-01 1.9879476312e+00
-1.7172738109e+00 1.1970331600e+00 1.9980697859e+00
-1.7172742086e+00 1.1970327278e+00 1.9980699782e+00
-1.7172710071e+00 1.1970319641e+00 1.9980688726e+00
-1.7172717375e+00 1.1970314451e+00 1.9980691621e+00
-1.7172700841e+00 1.1970335228e+00 1.9980679539e+00
-1.7172700166e+00 1.1970335967e+00 1.9980684598e+00
-1.7172672023e+00 1.1970319473e+00 1.9980672427e+00
-1.7172679538e+00 1.1970320990e+00 1.9980681252e+00
4.6024610535e+00 4.9071944936e-01 1.3100393777e+00
4.6024647321e+00 4.9071647269e-01 1.3100333186e+00
4.6024639377e+00 4.9071730546e-01 1.3100380667e+00
4.6024673050e+00 4.9071442491e-01 1.3100313612e+00
4.6024432125e+00 4.9071467052e-01 1.3100336023e+00
4.6024455244e+00 4.9071240396e-01 1.3100273681e+00
4.6024447849e+00 4.9071248480e-01 1.3100325745e+00
4.6024479998e+00 4.9070962760e-01 1.3100257998e+00
-1.4142189441e-01 -6.2595291409e-01 -1.9043302744e-01
-1.4142490282e-01 -6.2595377747e-01 -1.9043573630e-01
-1.4142196580e-01 -6.2595291564e-01 -1.9043318882e-01
-1.4142595736e-01 -6.2595419538e-01 -1.9043603899e-01
-1.4141156901e-01 -6.2595320384e-01 -1.9043278438e-01
-1.4141562334e-01 -6.2595298119e-01 -1.9043489284e-01
-1.4141240671e-01 -6.2595398742e-01 -1.9043316851e-01
-1.4141583813e-01 -6.2595387752e-01 -1.9043598637e-01
-6.0790616136e-01 -1.4378709142e+00 -3.0339987897e-01
-6.0790211579e-01 -1.4378675338e+00 -3.0339518600e-01
-6.0790858485e-01 -1.4378734209e+00 -3.0340165027e-01
-6.0790325306e-01 -1.4378704728e+00 -3.0339700461e-01
-6.0792778794e-01 -1.4378731718e+00 -3.0340189478e-01
-6.0792256969e-01 -1.4378692412e+00 -3.0339724101e-01
-6.0792902000e-01 -1.4378748873e+00 -3.0340410106e-01
-6.0792446944e-01 -1.4378719386e+00 -3.0339926112e-01
-1.3122348833e+00 1.4573336546e-01 1.9968591117e-02
-1.3122353374e+00 1.4573398583e-01 1.9969277141e-02
-1.3122311789e+00 1.4574356272e-01 1.9970582481e-02
-1.3122314103e+00 1.4574363720e-01 1.9971343755e-02
-1.3122483840e+00 1.4573187276e-01 1.9965830741e-02
-1.3122481981e+00 1.4573187271e-01 1.9966545226e-02
-1.3122441747e+00 1.4574213505e-01 1.9967704721e-02
-1.3122443831e+00 1.4574317364e-01 1.9967800281e-02
-1.2202021635e+00 -9.6235200974e-01 6.0833868200e-02
-1.2202039465e+00 -9.6235337467e-01 6.0827801102e-02
-1.2202057208e+00 -9.6235861893e-01 6.0832020005e-02
-1.2202073913e+00 -9.6236042507e-01 6.0825892319e-02
-1.2201927574e+00 -9.6234571500e-01 6.0839194658e-02
-1.2201955005e+00 -9.6234852911e-01 6.0833013815e-02
-1.2201962417e+00 -9.6235353934e-01 6.0836489626e-02
-1.2201989149e+00 -9.6235522062e-01 6.0831134976e-02
-1.2154775221e+00 1.8352273185e+00 1.3643657353e+00
-1.2154773717e+00 1.8352264616e+00 1.3643661765e+00
-1.2154757222e+00 1.8352291934e+00 1.3643642091e+00
-1.2154768127e+00 1.8352293944e+00 1.3643651698e+00
-1.2154944322e+00 1.8352314200e+00 1.3643694838e+00
-1.2154948904e+00 1.8352312223e+00 1.3643700806e+00
-1.2154937100e+00 1.8352337152e+00 1.3643678777e+00
-1.2154932264e+00 1.8352335549e+00 1.3643691981e+00
1.8734440494e-02 -1.6960704615e+00 -8.8181669088e-01
1.8735908654e-02 -1.6960715297e+00 -8.8182232349e-01
1.8736959722e-02 -1.6960730744e+00 -8.8181640915e-01
1.8738324653e-02 -1.6960738203e+00 -8.8182200236e-01
1.8740047805e-02 -1.6960706420e+00 -8.8181853074e-01
1.8741540723e-02 -1.6960714111e+00 -8.8182374207e-01
1.8742194377e-02 -1.6960725659e+00 -8.8181791272e-01
1.8743512567e-02 -1.6960731455e+00 -8.8182318506e-01
1.3652654345e+00 9.8861233745e-01 4.6508934618e-01
1.3652645509e+00 9.8861194296e-01 4.6508885161e-01
1.3652595688e+00 9.8862932032e-01 4.6510019957e-01
1.3652593305e+00 9.8862948548e-01 4.6509787963e-01
1.3652712502e+00 9.8861002627e-01 4.6508956063e-01
1.3652713624e+00 9.8861035965e-01 4.6508780355e-01
1.3652657997e+00 9.8862676704e-01 4.6509915063e-01
1.3652664654e+00 9.8862648816e-01 4.6509778702e-01
-9.1832619205e-01 -1.8475632853e-01 4.5269116789e-01
-9.1832751194e-01 -1.8475294150e-01 4.5270488565e-01
-9.1832760752e-01 -1.8475722162e-01 4.5269285644e-01
-9.1832872835e-01 -1.8475337688e-01 4.5270675774e-01
-9.1832916991e-01 -1.8475709330e-01 4.5269202693e-01
-9.1832981301e-01 -1.8475405062e-01 4.5270585651e-01
-9.1833079317e-01 -1.8475777689e-01 4.5269442134e-01
-9.1833141059e-01 -1.8475330545e-01 4.5270778031e-01
1.7821571347e+00 1.8503444863e-01 3.1418680491e-01
1.7821561006e+00 1.8503459128e-01 3.1418541320e-01
1.7821545767e+00 1.8503444314e-01 3.1418517973e-01
1.7821543206e+00 1.8503443693e-01 3.1418449418e-01
1.7821541482e+00 1.8503551034e-01 3.1418574006e-01
1.7821540327e+00 1.8503504193e-01 3.1418481599e-01
1.7821516905e+00 1.8503549587e-01 3.1418513248e-01
1.7821515186e+00 1.8503564051e-01 3.1418458614e-01
2.3735694030e+00 -1.1794061758e+00 -9.1163822518e-01
2.3735676171e+00 -1.1794094111e+00 -9.1164026262e-01
2.3735651841e+00 -1.1794088652e+00 -9.1164050352e-01
2.3735646449e+00 -1.1794114466e+00 -9.1164259987e-01
2.3735723123e+00 -1.1794040668e+00 -9.1163689851e-01
2.3735713082e+00 -1.1794066505e+00 -9.1163917082e-01
2.3735703572e+00 -1.1794058000e+00 -9.1163885290e-01
2.3735696392e+00 -1.1794084912e+00 -9.1164120383e-01
-2.2318119873e+00 1.0383110793e+00 1.1224742068e+00
-2.2318133919e+00 1.0383105150e+00 1.1224730698e+00
-2.2318115930e+00 1.0383102851e+00 1.1224741417e+00
-2.2318137742e+00 1.0383101311e+00 1.1224733765e+00
-2.2318119096e+00 1.0383093151e+00 1.1224750474e+00
-2.2318121540e+00 1.0383097365e+00 1.1224736614e+00
-2.2318124575e+00 1.0383084698e+00 1.1224754942e+00
-2.2318126210e+00 1.0383091958e+00 1.1224735725e+00
1.3815163194e+00 9.6282940570e-01 1.0470843435e+00
1.3815194810e+00 9.6282686475e-01 1.0470822154e+00
1.3815185209e+00 9.6282701756e-01 1.0470847609e+00
1.3815207276e+00 9.6282475981e-01 1.0470813875e+00
1.3814864680e+00 9.6282709255e-01 1.0470811985e+00
1.3814895208e+00 9.6282402953e-01 1.0470786418e+00
1.3814889343e+00 9.6282451936e-01 1.0470812851e+00
1.3814917117e+00 9.6282248936e-01 1.0470783108e+00
5.8482160131e-01 1.3370229370e+00 9.2709763156e-01
5.8482202922e-01 1.3370310538e+00 9.2710890498e-01
5.8482229837e-01 1.3370238690e+00 9.2709792934e-01
5.8482217302e-01 1.3370323091e+00 9.2710907515e-01
5.8482196197e-01 1.3370227022e+00 9.2709823890e-01
5.8482133325e-01 1.3370311502e+00 9.2710946286e-01
5.8482175969e-01 1.3370236651e+00 9.2709816776e-01
5.8482162835e-01 1.3370321588e+00 9.2710950635e-01
-1.5383543704e+00 -4.6434997299e-02 1.2804047134e+00
-1.5383516270e+00 -4.6439037446e-02 1.2803982645e+00
-1.5383539987e+00 -4.6442014005e-02 1.2804071659e+00
-1.5383514312e+00 -4.6446173726e-02 1.2804010351e+00
-1.5383507194e+00 -4.6434912427e-02 1.2804047972e+00
-1.5383474746e+00 -4.6438662913e-02 1.2803989524e+00
-1.5383503821e+00 -4.6440892644e-02 1.2804076020e+00
-1.5383471642e+00 -4.6445700925e-02 1.2804015187e+00
-4.5799297009e-01 1.9457829250e+00 -6.6084732136e-02
-4.5799293663e-01 1.9457841635e+00 -6.6084563273e-02
-4.5798971354e-01 1.9457818170e+00 -6.6087085319e-02
-4.5798933032e-01 1.9457837531e+00 -6.6086939853e-02
-4.5798530270e-01 1.9457799663e+00 -6.6089725545e-02
-4.5798442238e-01 1.9457812356e+00 -6.6089733784e-02
-4.5798078822e-01 1.9457783413e+00 -6.6092260794e-02
-4.5798049581e-01 1.9457795463e+00 -6.6092633561e-02
1.2764896529e+00 -2.5472196282e+00 -7.1029074116e-01
1.2764887124e+00 -2.5472192134e+00 -7.1029503121e-01
1.2764883663e+00 -2.5472235591e+00 -7.1028918251e-01
1.2764878033e+00 -2.5472223891e+00 -7.1029391166e-01
1.2764893295e+00 -2.5472189991e+00 -7.1029139677e-01
1.2764885053e+00 -2.5472174970e+00 -7.1029582346e-01
1.2764880486e+00 -2.5472217803e+00 -7.1028996387e-01
1.2764877048e+00 -2.5472216900e+00 -7.1029461055e-01
-2.8069117115e+00 -9.5934723878e-01 -9.3577273484e-01
-2.8069108755e+00 -9.5934644375e-01 -9.3577586698e-01
-2.8069125835e+00 -9.5934799722e-01 -9.3577392511e-01
-2.8069119686e+00 -9.5934726352e-01 -9.3577794115e-01
-2.8069104563e+00 -9.5934743878e-01 -9.3577157420e-01
-2.8069094968e+00 -9.5934739730e-01 -9.3577384014e-01
-2.8069113383e+00 -9.5934827072e-01 -9.3577231191e-01
-2.8069102274e+00 -9.5934708716e-01 -9.3577570281e-01
9.9348944492e-01 -2.0608341066e+00 -2.1603543098e-02
9.9348483767e-01 -2.0608354029e+00 -2.1590733607e-02
9.9348863419e-01 -2.0608392069e+00 -2.1604308356e-02
9.9348374498e-01 -2.0608394403e+00 -2.1591659883e-02
9.9348905738e-01 -2.0608366011e+00 -2.1602982295e-02
9.9348497781e-01 -2.0608374153e+00 -2.1590939378e-02
9.9348871580e-01 -2.0608408519e+00 -2.1603267538e-02
9.9348437600e-01 -2.0608414379e+00 -2.1591050814e-02
-3.7121191525e-02 1.2717754570e+00 -3.8432606333e-01
-3.7121976694e-02 1.2717747269e+00 -3.8432681812e-01
-3.7122721962e-02 1.2717736844e+00 -3.8432822646e-01
-3.7124081042e-02 1.2717727740e+00 -3.8432778696e-01
-3.7111399716e-02 1.2717782877e+00 -3.8432176678e-01
-3.7112092678e-02 1.2717782847e+00 -3.8432198677e-01
-3.7114274936e-02 1.2717770869e+00 -3.8432337512e-01
-3.7114699419e-02 1.2717762845e+00 -3.8432295215e-01
1.1568638579e+00 -9.2237739467e-01 4.4442268922e-01
1.1568583643e+00 -9.2238506775e-01 4.4443767443e-01
1.1568669558e+00 -9.2238057167e-01 4.4441965407e-01
1.1568614664e+00 -9.2238807615e-01 4.4443424337e-01
1.1568643161e+00 -9.2237582622e-01 4.4442281257e-01
1.1568592644e+00 -9.2238337871e-01 4.4443747305e-01
1.1568669868e+00 -9.2237969279e-01 4.4442018792e-01
1.1568626146e+00 -9.2238753634e-01 4.4443481184e-01
-1.0590469087e+00 2.9162560184e-01 6.7826905482e-01
-1.0590426233e+00 2.9162349245e-01 6.7826505685e-01
-1.0590458911e+00 2.9162237316e-01 6.7826730254e-01
-1.0590413743e+00 2.9162042020e-01 6.7826365297e-01
-1.0590437104e+00 2.9162520182e-01 6.7827099057e-01
-1.0590393412e+00 2.9162372156e-01 6.7826764955e-01
-1.0590428491e+00 2.9162292207e-01 6.7826888753e-01
-1.0590376716e+00 2.9162088259e-01 6.7826604415e-01
1.6081888373e-01 1.8978657514e+00 4.3587028936e-01
1.6082105647e-01 1.8978661195e+00 4.3586783702e-01
1.6081942827e-01 1.8978597529e+00 4.3586937189e-01
1.6082143781e-01 1.8978594047e+00 4.3586581128e-01
1.6082004840e-01 1.8978666913e+00 4.3587183721e-01
1.6082246796e-01 1.8978655376e+00 4.3586841414e-01
1.6082007588e-01 1.8978597070e+00 4.3587056902e-01
1.6082270205e-01 1.8978591078e+00 4.3586706576e-01
1.5628005228e+00 2.0550877676e+00 9.9173587659e-02
1.5627958671e+00 2.0550855969e+00 9.9169318016e-02
1.5628048922e+00 2.0550845177e+00 9.9169636046e-02
1.5628003491e+00 2.0550818483e+00 9.9164392722e-02
1.5628027652e+00 2.0550846884e+00 9.9169261807e-02
1.5627980929e+00 2.0550817837e+00 9.9164721253e-02
1.5628080913e+00 2.0550811419e+00 9.9165305656e-02
1.5628031471e+00 2.0550786290e+00 9.9160710753e-02
-1.9038287099e+00 1.6483746130e+00 -9.2767171739e-01
-1.9038253646e+00 1.6483705803e+00 -9.2768224625e-01
-1.9038279676e+00 1.6483708484e+00 -9.2767412196e-01
-1.9038249267e+00 1.6483676982e+00 -9.2768408114e-01
-1.9038283666e+00 1.6483740589e+00 -9.2767125534e-01
-1.9038251552e+00 1.6483701966e+00 -9.2768096586e-01
-1.9038278619e+00 1.6483703027e+00 -9.2767350727e-01
-1.9038249345e+00 1.6483665142e+00 -9.2768390670e-01
-1.9298081358e+00 -1.2993016293e+00 2.8712244896e-01
-1.9298075887e+00 -1.2993018694e+00 2.8712093568e-01
-1.9298081624e+00 -1.2993024329e+00 2.8712222618e-01
-1.9298079255e+00 -1.2993026318e+00 2.8712066919e-01
-1.9298267770e+00 -1.2993045234e+00 2.8711732012e-01
-1.9298268453e+00 -1.2993045389e+00 2.8711506694e-01
-1.9298278686e+00 -1.2993053494e+00 2.8711714534e-01
-1.9298274372e+00 -1.2993062014e+00 2.8711570626e-01
-9.1117090919e-01 3.9229787636e-01 -3.3099083428e-01
-9.1116952325e-01 3.9230020336e-01 -3.3099426347e-01
-9.1117148913e-01 3.9229920940e-01 -3.3098995257e-01
-9.1117129701e-01 3.9230068671e-01 -3.3099338101e-01
-9.1116603722e-01 3.9229782943e-01 -3.3099159261e-01
-9.1116560705e-01 3.9229977369e-01 -3.3099490225e-01
-9.1116814729e-01 3.9229846895e-01 -3.3099022862e-01
-9.1116629344e-01 3.9230028397e-01 -3.3099383471e-01
1.3959863531e+00 7.7805489014e-01 7.9447495038e-01
1.3959851384e+00 7.7805669228e-01 7.9447386134e-01
1.3959803319e+00 7.7806527940e-01 7.9448354488e-01
1.3959790880e+00 7.7806560068e-01 7.9448236630e-01
1.3959836131e+00 7.7805482075e-01 7.9447669407e-01
1.3959830489e+00 7.7805609675e-01 7.9447544574e-01
1.3959776368e+00 7.7806514681e-01 7.9448464765e-01
1.3959766567e+00 7.7806594626e-01 7.9448362117e-01
8.6432636362e-01 -7.9511023297e-01 -4.8851369066e-01
8.6432654261e-01 -7.9510967758e-01 -4.8851597955e-01
8.6432538117e-01 -7.9510798206e-01 -4.8851279757e-01
8.6432583977e-01 -7.9510733569e-01 -4.8851497615e-01
8.6430568026e-01 -7.9510871646e-01 -4.8851276278e-01
8.6430603593e-01 -7.9510894036e-01 -4.8851481415e-01
8.6430516654e-01 -7.9510566287e-01 -4.8851146009e-01
8.6430513088e-01 -7.9510591122e-01 -4.8851406070e-01
2.5544504559e-01 2.1694181451e+00 -1.1469232198e+00
2.5544515328e-01 2.1694235947e+00 -1.1469299120e+00
2.5544163065e-01 2.1694403575e+00 -1.1469275873e+00
2.5544156381e-01 2.1694453676e+00 -1.1469345528e+00
2.5542355899e-01 2.1694221852e+00 -1.1469170319e+00
2.5542386438e-01 2.1694277636e+00 -1.1469236855e+00
2.5542026163e-01 2.1694442535e+00 -1.1469213781e+00
2.5542082537e-01 2.1694494447e+00 -1.1469289301e+00
-1.6745466186e+00 -1.5942746028e+00 -6.9873030775e-02
-1.6745494708e+00 -1.5942770718e+00 -6.9876021305e-02
-1.6745421132e+00 -1.5942782237e+00 -6.9876663213e-02
-1.6745456101e+00 -1.5942802480e+00 -6.9880054510e-02
-1.6745418234e+00 -1.5942761894e+00 -6.9873395671e-02
-1.6745453900e+00 -1.5942778070e+00 -6.9877355975e-02
-1.6745370810e+00 -1.5942786577e+00 -6.9877105693e-02
-1.6745398106e+00 -1.5942805935e+00 -6.9881251036e-02
-1.9465918870e-01 1.6939675971e+00 7.1283671255e-01
-1.9465620942e-01 1.6939647676e+00 7.1283226107e-01
-1.9465738751e-01 1.6939672438e+00 7.1283670899e-01
-1.9465449167e-01 1.6939642640e+00 7.1283152823e-01
-1.9465444471e-01 1.6939679822e+00 7.1283614612e-01
-1.9465168195e-01 1.6939647102e+00 7.1283180275e-01
-1.9465306737e-01 1.6939667536e+00 7.1283601746e-01
-1.9465057078e-01 1.6939640479e+00 7.1283165001e-01
9.4643537390e-01 -1.8337054923e+00 1.0038502414e+00
9.4643913093e-01 -1.8337037297e+00 1.0038435200e+00
9.4643340677e-01 -1.8337071808e+00 1.0038493224e+00
9.4643695711e-01 -1.8337060515e+00 1.0038429115e+00
9.4643462302e-01 -1.8337048486e+00 1.0038498470e+00
9.4643770598e-01 -1.8337031462e+00 1.0038431879e+00
9.4643359068e-01 -1.8337074324e+00 1.0038489999e+00
9.4643668577e-01 -1.8337055765e+00 1.0038425730e+00
7.7764449883e-01 -1.3193903918e-01 -8.3706820558e-01
7.7764734534e-01 -1.3193792668e-01 -8.3705885753e-01
7.7764503508e-01 -1.3192428625e-01 -8.3706365729e-01
7.7764733757e-01 -1.3192398551e-01 -8.3705371285e-01
7.7764488888e-01 -1.3193895078e-01 -8.3706922505e-01
7.7764799270e-01 -1.3193689433e-01 -8.3705960469e-01
7.7764504464e-01 -1.3192426287e-01 -8.3706409987e-01
7.7764743805e-01 -1.3192293364e-01 -8.3705358633e-01
1.9178044011e+00 8.1667531834e-02 9.8022831113e-01
1.9178001802e+00 8.1661734065e-02 9.8021975358e-01
1.9178022340e+00 8.1659618656e-02 9.8022485854e-01
1.9177966836e+00 8.1653639770e-02 9.8021657281e-01
1.9178064397e+00 8.1666925113e-02 9.8022832440e-01
1.9178010891e+00 8.1661221338e-02 9.8021991934e-01
1.9178042691e+00 8.1658735921e-02 9.8022575105e-01
1.9177991460e+00 8.1652797146e-02 9.8021710328e-01
-6.9788120971e-01 -1.0930909940e+00 4.9601866758e-01
-6.9788187544e-01 -1.0930903305e+00 4.9601707060e-01
-6.9788059448e-01 -1.0930697347e+00 4.9601387745e-01
-6.9788061790e-01 -1.0930698774e+00 4.9601196591e-01
-6.9788203846e-01 -1.0930906448e+00 4.9601887004e-01
-6.9788190849e-01 -1.0930906042e+00 4.9601695164e-01
-6.9788089139e-01 -1.0930701116e+00 4.9601351443e-01
-6.9788113472e-01 -1.0930696425e+00 4.9601183232e-01
-7.3290502425e-01 2.3553908641e-01 -9.5383502725e-01
-7.3290438530e-01 2.3553766783e-01 -9.5383764463e-01
-7.3290424474e-01 2.3553445667e-01 -9.5383532205e-01
-7.3290398034e-01 2.3553465550e-01 -9.5383802966e-01
-7.3290411053e-01 2.3553802150e-01 -9.5383536348e-01
-7.3290320347e-01 2.3553745752e-01 -9.5383821086e-01
-7.3290307389e-01 2.3553449273e-01 -9.5383596012e-01
-7.3290254197e-01 2.3553452462e-01 -9.5383870534e-01
-8.2537320448e-02 -9.4345498336e-01 7.7217410931e-01
-8.2536273949e-02 -9.4345399037e-01 7.7217363806e-01
-8.2543760142e-02 -9.4343993422e-01 7.7217579663e-01
-8.2543503800e-02 -9.4343845409e-01 7.7217543064e-01
-8.2536585516e-02 -9.4345458682e-01 7.7217455026e-01
-8.2536202419e-02 -9.4345501400e-01 7.7217338540e-01
-8.2542988980e-02 -9.4343957274e-01 7.7217532942e-01
-8.2542125676e-02 -9.4343971649e-01 7.7217471441e-01
7.2542716739e-01 -6.2033036194e-01 -1.3448736291e+00
7.2542690729e-01 -6.2033089487e-01 -1.3448753034e+00
7.2542650926e-01 -6.2033317366e-01 -1.3448734803e+00
7.2542572804e-01 -6.2033292565e-01 -1.3448743262e+00
7.2543160893e-01 -6.2032783552e-01 -1.3448701408e+00
7.2543133631e-01 -6.2032890061e-01 -1.3448717134e+00
7.2543075983e-01 -6.2033044053e-01 -1.3448700759e+00
7.2543052338e-01 -6.2033109934e-01 -1.3448710683e+00
-1.8607977347e+00 -3.3858206092e-01 5.3082583644e-01
-1.8607980118e+00 -3.3857470107e-01 5.3084045137e-01
-1.8607959941e+00 -3.3858306607e-01 5.3082547766e-01
-1.8607964712e+00 -3.3857467087e-01 5.3084016501e-01
-1.8607937797e+00 -3.3858356076e-01 5.3082309853e-01
-1.8607943058e+00 -3.3857518129e-01 5.3083814512e-01
-1.8607927245e+00 -3.3858391744e-01 5.3082370764e-01
-1.8607924085e+00 -3.3857581605e-01 5.3083835303e-01
9.9274310834e-01 1.1059806639e+00 -1.1601587092e+00
9.9273715697e-01 1.1059772738e+00 -1.1601637264e+00
9.9274064187e-01 1.1059759945e+00 -1.1601581606e+00
9.9273451990e-01 1.1059733402e+00 -1.1601623782e+00
9.9274237282e-01 1.1059807217e+00 -1.1601594564e+00
9.9273651801e-01 1.1059776310e+00 -1.1601635016e+00
9.9274123731e-01 1.1059757832e+00 -1.1601580386e+00
9.9273437828e-01 1.1059730999e+00 -1.1601630294e+00
-1.5000919732e+00 1.2351687803e+00 1.0213783953e+00
-1.5000915273e+00 1.2351672404e+00 1.0213790147e+00
-1.5000910489e+00 1.2351675960e+00 1.0213781687e+00
-1.5000910332e+00 1.2351679333e+00 1.0213780927e+00
-1.5000930857e+00 1.2351688665e+00 1.0213789578e+00
-1.5000923217e+00 1.2351675319e+00 1.0213792153e+00
-1.5000924378e+00 1.2351676333e+00 1.0213785365e+00
-1.5000914196e+00 1.2351677286e+00 1.0213780325e+00
1.0767201622e+00 5.5154279293e-02 -7.0883986298e-01
1.0767173359e+00 5.5156346254e-02 -7.0884608360e-01
1.0767210241e+00 5.5153706611e-02 -7.0883980320e-01
1.0767171861e+00 5.5156185956e-02 -7.0884525688e-01
1.0767208138e+00 5.5154245260e-02 -7.0883992971e-01
1.0767182229e+00 5.5156139106e-02 -7.0884585417e-01
1.0767204889e+00 5.5153689957e-02 -7.0883969131e-01
1.0767182741e+00 5.5155777169e-02 -7.0884599742e-01
-2.6622740151e+00 -7.0326822559e-01 -5.0744174079e-01
-2.6622735969e+00 -7.0326752921e-01 -5.0744206364e-01
-2.6622719781e+00 -7.0326807900e-01 -5.0744207120e-01
-2.6622718596e+00 -7.0326850400e-01 -5.0744199892e-01
-2.6622665316e+00 -7.0326417268e-01 -5.0743480589e-01
-2.6622665819e+00 -7.0326349931e-01 -5.0743565866e-01
-2.6622647382e+00 -7.0326479479e-01 -5.0743537553e-01
-2.6622651999e+00 -7.0326437506e-01 -5.0743568300e-01
7.6082317836e-01 2.7994172969e-01 -2.0769797302e+00
7.6082731015e-01 2.7994405692e-01 -2.0769834522e+00
7.6082265953e-01 2.7994101513e-01 -2.0769788282e+00
7.6082611637e-01 2.7994367626e-01 -2.0769824648e+00
7.6082387755e-01 2.7994193609e-01 -2.0769792639e+00
7.6082712779e-01 2.7994405912e-01 -2.0769830787e+00
7.6082364903e-01 2.7994094947e-01 -2.0769787910e+00
7.6082677961e-01 2.7994341289e-01 -2.0769830429e+00
6.0445026533e-01 7.7280118962e-04 -1.5250525525e-01
6.0444904251e-01 7.7497612113e-04 -1.5249810185e-01
6.0444974150e-01 7.7177531211e-04 -1.5250485857e-01
6.0444887879e-01 7.7408956152e-04 -1.5249719384e-01
6.0445440277e-01 7.7035067527e-04 -1.5250808935e-01
6.0445341394e-01 7.7261189415e-04 -1.5250009671e-01
6.0445456739e-01 7.7029505259e-04 -1.5250776151e-01
6.0445323184e-01 7.7212504544e-04 -1.5249957909e-01
5.3212519332e-01 -1.2955165930e+00 -1.5543077357e+00
5.3212357569e-01 -1.2955162283e+00 -1.5543085579e+00
5.3212294323e-01 -1.2955090484e+00 -1.5543060961e+00
5.3212244828e-01 -1.2955084814e+00 -1.5543070437e+00
5.3211202136e-01 -1.2955147024e+00 -1.5543045007e+00
5.3211157715e-01 -1.2955140651e+00 -1.5543050725e+00
5.3211021701e-01 -1.2955074601e+00 -1.5543029096e+00
5.3210930568e-01 -1.2955070064e+00 -1.5543034313e+00
9.6468013334e-01 1.0955821867e+00 2.3434812901e-01
9.6467839892e-01 1.0955845279e+00 2.3435603774e-01
9.6467959843e-01 1.0955809141e+00 2.3434865135e-01
9.6467857478e-01 1.0955836805e+00 2.3435670882e-01
9.6468042216e-01 1.0955824308e+00 2.3434761578e-01
9.6467881125e-01 1.0955845961e+00 2.3435533479e-01
9.6468002155e-01 1.0955809916e+00 2.3434858492e-01
9.6467883450e-01 1.0955835032e+00 2.3435660129e-01
-6.7405645688e-01 -1.8658201166e+00 -1.1492617216e-01
-6.7405642727e-01 -1.8658175802e+00 -1.1492836715e-01
-6.7405620306e-01 -1.8658206991e+00 -1.1492643581e-01
-6.7405618482e-01 -1.8658176172e+00 -1.1492815788e-01
-6.7405607114e-01 -1.8658207924e+00 -1.1492708484e-01
-6.7405588691e-01 -1.8658178527e+00 -1.1492945971e-01
-6.7405563678e-01 -1.8658214468e+00 -1.1492681770e-01
-6.7405563537e-01 -1.8658177530e+00 -1.1492942013e-01
-7.4009928979e-01 2.9200180927e-01 -8.7271487064e-01
-7.4009907799e-01 2.9200088386e-01 -8.7271549152e-01
-7.4009969292e-01 2.9200102181e-01 -8.7271635085e-01
-7.4009950737e-01 2.9200073079e-01 -8.7271682449e-01
-7.4009909297e-01 2.9200326659e-01 -8.7271374277e-01
-7.4009884672e-01 2.9200299612e-01 -8.7271392594e-01
-7.4009939944e-01 2.9200338465e-01 -8.7271442229e-01
-7.4009947894e-01 2.9200277839e-01 -8.7271449265e-01
-4.2068512989e-01 -1.1491713471e+00 1.9267477120e+00
-4.2069046817e-01 -1.1491697320e+00 1.9267591657e+00
-4.2068835878e-01 -1.1491635202e+00 1.9267492688e+00
-4.2069296195e-01 -1.1491614640e+00 1.9267609551e+00
-4.2068566948e-01 -1.1491716159e+00 1.9267480882e+00
-4.2069037967e-01 -1.1491701157e+00 1.9267600196e+00
-4.2068837911e-01 -1.1491640431e+00 1.9267501640e+00
-4.2069291514e-01 -1.1491621596e+00 1.9267613585e+00
-1.3654886937e-01 -2.0776109970e-01 -5.5276401331e-02
-1.3654936370e-01 -2.0776159734e-01 -5.5276998920e-02
-1.3654940431e-01 -2.0776110318e-01 -5.5276694841e-02
-1.3655003515e-01 -2.0776154815e-01 -5.5276532381e-02
-1.3655609023e-01 -2.0776269363e-01 -5.5280657425e-02
-1.3655655001e-01 -2.0776335012e-01 -5.5280993603e-02
-1.3655672077e-01 -2.0776317346e-01 -5.5280298924e-02
-1.3655714069e-01 -2.0776421706e-01 -5.5281096637e-02
-6.4553987578e-01 2.6098095460e-01 -1.1038163922e-01
-6.4553994439e-01 2.6098079568e-01 -1.1037856455e-01
-6.4553972091e-01 2.6098135365e-01 -1.1038192850e-01
-6.4554069317e-01 2.6098054832e-01 -1.1037880608e-01
-6.4553855869e-01 2.6098110333e-01 -1.1038229731e-01
-6.4553914477e-01 2.6098101771e-01 -1.1037946268e-01
-6.4553921010e-01 2.6098144196e-01 -1.1038183518e-01
-6.4553958768e-01 2.6098131026e-01 -1.1037897332e-01
7.5216552572e-02 -3.4915570919e-01 1.1326115665e+00
7.5216802141e-02 -3.4915683399e-01 1.1326115552e+00
7.5217185015e-02 -3.4915665172e-01 1.1326106454e+00
7.5217427397e-02 -3.4915767875e-01 1.1326104521e+00
7.5219027770e-02 -3.4915458505e-01 1.1326133662e+00
7.5218193470e-02 -3.4915602390e-01 1.1326130685e+00
7.5219136619e-02 -3.4915583219e-01 1.1326117877e+00
7.5218830560e-02 -3.4915762826e-01 1.1326114972e+00
1.0003924734e+00 -4.0318647276e-01 1.1360948205e+00
1.0003927003e+00 -4.0318647481e-01 1.1360930857e+00
1.0003917636e+00 -4.0317522188e-01 1.1360920671e+00
1.0003927456e+00 -4.0317610753e-01 1.1360903925e+00
1.0003919077e+00 -4.0318636380e-01 1.1360946822e+00
1.0003930559e+00 -4.0318670814e-01 1.1360933171e+00
1.0003915953e+00 -4.0317534409e-01 1.1360921107e+00
1.0003927416e+00 -4.0317575208e-01 1.1360905186e+00
-7.2431368941e-01 -1.4747769921e+00 -2.3111651428e+00
-7.2431332767e-01 -1.4747729995e+00 -2.3111577855e+00
-7.2431379500e-01 -1.4747781490e+00 -2.3111655398e+00
-7.2431300673e-01 -1.4747741837e+00 -2.3111576181e+00
-7.2431387419e-01 -1.4747770511e+00 -2.3111650642e+00
-7.2431296181e-01 -1.4747724859e+00 -2.3111572545e+00
-7.2431400196e-01 -1.4747783663e+00 -2.3111657335e+00
-7.2431250944e-01 -1.4747738472e+00 -2.3111574497e+00
-8.7335801175e-01 -6.7723323285e-02 7.2589617602e-01
-8.7335882054e-01 -6.7724796651e-02 7.2590446417e-01
-8.7335745429e-01 -6.7716277626e-02 7.2589618230e-01
-8.7335812198e-01 -6.7716777814e-02 7.2590419888e-01
-8.7335818647e-01 -6.7723486400e-02 7.2589620467e-01
-8.7335900893e-01 -6.7724197477e-02 7.2590491062e-01
-8.7335778248e-01 -6.7716107537e-02 7.2589674076e-01
-8.7335816544e-01 -6.7717177655e-02 7.2590427816e-01
2.0091376745e+00 -1.6422052314e+00 -4.3681941439e-01
2.0091385582e+00 -1.6422045037e+00 -4.3681937426e-01
2.0091364036e+00 -1.6422011775e+00 -4.3681660355e-01
2.0091370014e+00 -1.6422010534e+00 -4.3681653652e-01
2.0091353870e+00 -1.6422056706e+00 -4.3682140456e-01
2.0091351911e+00 -1.6422050603e+00 -4.3682115825e-01
2.0091342019e+00 -1.6422015219e+00 -4.3681874247e-01
2.0091340413e+00 -1.6422012455e+00 -4.3681847423e-01
-1.0555084453e+00 1.3826492018e+00 7.5909171206e-01
-1.0555097558e+00 1.3826469193e+00 7.5908985921e-01
-1.0555075731e+00 1.3826488840e+00 7.5909067525e-01
-1.0555092532e+00 1.3826474663e+00 7.5908960592e-01
-1.0555080464e+00 1.3826489494e+00 7.5909155202e-01
-1.0555093446e+00 1.3826475939e+00 7.5909018319e-01
-1.0555075328e+00 1.3826488643e+00 7.5909099469e-01
-1.0555088134e+00 1.3826469950e+00 7.5908941228e-01
-4.5803665735e-02 -7.3663559227e-01 -3.2560386057e-01
-4.5803437900e-02 -7.3663598503e-01 -3.2560461364e-01
-4.5803661041e-02 -7.3663654995e-01 -3.2560471513e-01
-4.5803936474e-02 -7.3663696714e-01 -3.2560452690e-01
-4.5803940350e-02 -7.3663527744e-01 -3.2560442975e-01
-4.5803073213e-02 -7.3663585672e-01 -3.2560447712e-01
-4.5804070289e-02 -7.3663671226e-01 -3.2560407740e-01
-4.5803894242e-02 -7.3663666991e-01 -3.2560498646e-01
1.2175478852e+00 -3.0647276560e+00 1.0043718311e+00
1.2175487628e+00 -3.0647322432e+00 1.0043794616e+00
1.2175466843e+00 -3.0647380510e+00 1.0043787439e+00
1.2175478059e+00 -3.0647429627e+00 1.0043862047e+00
1.2175399879e+00 -3.0647266151e+00 1.0043737393e+00
1.2175409223e+00 -3.0647314558e+00 1.0043817176e+00
1.2175392403e+00 -3.0647372706e+00 1.0043805614e+00
1.2175400513e+00 -3.0647421817e+00 1.0043882584e+00
-6.4635831076e-01 7.2071889838e-01 -8.4967995772e-01
-6.4635850620e-01 7.2071831013e-01 -8.4967951137e-01
-6.4635739405e-01 7.2071672393e-01 -8.4968142454e-01
-6.4635786528e-01 7.2071656241e-01 -8.4968134599e-01
-6.4635573687e-01 7.2071813224e-01 -8.4967921835e-01
-6.4635655345e-01 7.2071867869e-01 -8.4967967235e-01
-6.4635526842e-01 7.2071553852e-01 -8.4968076307e-01
-6.4635526524e-01 7.2071553596e-01 -8.4968093131e-01
1.3243096625e-01 -6.7197337424e-01 1.9762024681e+00
1.3243148845e-01 -6.7197378445e-01 1.9762021640e+00
1.3243121297e-01 -6.7197434924e-01 1.9762023382e+00
1.3243100168e-01 -6.7197408137e-01 1.9762018309e+00
1.3243119395e-01 -6.7197397181e-01 1.9762019519e+00
1.3243122182e-01 -6.7197396715e-01 1.9762022571e+00
1.3243131135e-01 -6.7197464780e-01 1.9762019057e+00
1.3243163690e-01 -6.7197457728e-01 1.9762018909e+00
-3.1552254131e-01 -1.7529945184e-02 -1.1007761688e+00
-3.1552074600e-01 -1.7530744077e-02 -1.1007784408e+00
-3.1552302598e-01 -1.7531254957e-02 -1.1007768993e+00
-3.1552081794e-01 -1.7531590089e-02 -1.1007792898e+00
-3.1553018588e-01 -1.7528534804e-02 -1.1007745947e+00
-3.1552861793e-01 -1.7529544607e-02 -1.1007773609e+00
-3.1553031629e-01 -1.7529639872e-02 -1.1007754907e+00
-3.1552892758e-01 -1.7530606804e-02 -1.1007778272e+00
2.1718686129e+00 4.5547340682e-01 3.5764408041e-02
2.1718692385e+00 4.5547439089e-01 3.5761978950e-02
2.1718692141e+00 4.5546728365e-01 3.5767723200e-02
2.1718704114e+00 4.5546847412e-01 3.5765272864e-02
2.1718686262e+00 4.5547367695e-01 3.5764312057e-02
2.1718693118e+00 4.5547425487e-01 3.5761928111e-02
2.1718691614e+00 4.5546786910e-01 3.5767281108e-02
2.1718700750e+00 4.5546844304e-01 3.5765419980e-02
3.6811861208e-01 7.4760194811e-01 4.2542200674e-01
3.6811345852e-01 7.4759936461e-01 4.2541784177e-01
3.6811899664e-01 7.4760208555e-01 4.2542199321e-01
3.6811420054e-01 7.4759968850e-01 4.2541763730e-01
3.6811955835e-01 7.4760140748e-01 4.2542188076e-01
3.6811422003e-01 7.4759974775e-01 4.2541782617e-01
3.6811939552e-01 7.4760203942e-01 4.2542190548e-01
3.6811460411e-01 7.4759966593e-01 4.2541750890e-01
-1.7579436063e-01 -1.0362987900e-01 -8.3352475794e-01
-1.7579526054e-01 -1.0362944175e-01 -8.3352544129e-01
-1.7579401783e-01 -1.0363002760e-01 -8.3352462608e-01
-1.7579497114e-01 -1.0362960417e-01 -8.3352514138e-01
-1.7578973471e-01 -1.0363141893e-01 -8.3352781872e-01
-1.7579047425e-01 -1.0363094429e-01 -8.3352811569e-01
-1.7578948370e-01 -1.0363110348e-01 -8.3352674700e-01
-1.7579034565e-01 -1.0363084469e-01 -8.3352758668e-01
-1.5472595205e-01 -1.6639531072e+00 -3.1888169480e-01
-1.5472715929e-01 -1.6639537774e+00 -3.1888289149e-01
-1.5472573679e-01 -1.6639603364e+00 -3.1888009487e-01
-1.5472673567e-01 -1.6639614349e+00 -3.1888136395e-01
-1.5472229700e-01 -1.6639543038e+00 -3.1888344239e-01
-1.5472342201e-01 -1.6639552418e+00 -3.1888476167e-01
-1.5472188830e-01 -1.6639620871e+00 -3.1888165722e-01
-1.5472271793e-01 -1.6639629952e+00 -3.1888296977e-01
-2.8349541653e-01 1.0576079261e+00 1.3227010536e-01
-2.8349370577e-01 1.0576074501e+00 1.3226875329e-01
-2.8349721064e-01 1.0576140204e+00 1.3227170669e-01
-2.8349544228e-01 1.0576132999e+00 1.3227069317e-01
-2.8349137904e-01 1.0576083241e+00 1.3227022962e-01
-2.8348996318e-01 1.0576080822e+00 1.3226935332e-01
-2.8349263225e-01 1.0576141008e+00 1.3227220376e-01
-2.8349112002e-01 1.0576138133e+00 1.3227123197e-01
-7.2421386401e-01 8.0839306311e-01 2.3532440909e-01
-7.2421577078e-01 8.0839554839e-01 2.3533199683e-01
-7.2421425986e-01 8.0839167500e-01 2.3532395522e-01
-7.2421615879e-01 8.0839366664e-01 2.3533086471e-01
-7.2421147988e-01 8.0839415722e-01 2.3532545327e-01
-7.2421299134e-01 8.0839675056e-01 2.3533323108e-01
-7.2421176699e-01 8.0839220985e-01 2.3532480338e-01
-7.2421375263e-01 8.0839480770e-01 2.3533237125e-01
-7.6305993323e-01 1.0640239720e+00 -3.9311149190e-01
-7.6305994265e-01 1.0640269602e+00 -3.9310141571e-01
-7.6306039556e-01 1.0640228728e+00 -3.9311221207e-01
-7.6306030603e-01 1.0640262458e+00 -3.9310190997e-01
-7.6306007250e-01 1.0640231237e+00 -3.9311067523e-01
-7.6305948324e-01 1.0640272408e+00 -3.9310072619e-01
-7.6306050712e-01 1.0640223540e+00 -3.9311125222e-01
-7.6305987433e-01 1.0640264466e+00 -3.9310207852e-01
-1.7786430052e-01 -2.2304441667e-01 -4.8280631551e-01
-1.7786214023e-01 -2.2304426009e-01 -4.8280234695e-01
-1.7786164357e-01 -2.2304842984e-01 -4.8280896197e-01
-1.7785918421e-01 -2.2304804842e-01 -4.8280520432e-01
-1.7786452156e-01 -2.2304485033e-01 -4.8280646855e-01
-1.7786233894e-01 -2.2304459938e-01 -4.8280215422e-01
-1.7786183201e-01 -2.2304853368e-01 -4.8280935533e-01
-1.7785974281e-01 -2.2304822357e-01 -4.8280514594e-01
-1.1447811489e+00 -1.2662706349e-01 1.7054744015e-01
-1.1447807175e+00 -1.2662609991e-01 1.7054664889e-01
-1.1447809552e+00 -1.2662726579e-01 1.7054822137e-01
-1.1447805609e+00 -1.2662654780e-01 1.7054698538e-01
-1.1447809810e+00 -1.2662712263e-01 1.7054775328e-01
-1.1447805946e+00 -1.2662619833e-01 1.7054708013e-01
-1.1447810496e+00 -1.2662721099e-01 1.7054820017e-01
-1.1447808838e+00 -1.2662634076e-01 1.7054691384e-01
-3.8473710737e-01 8.6509188555e-02 -5.1331761151e-01
-3.8473894973e-01 8.6508665065e-02 -5.1331929978e-01
-3.8473580483e-01 8.6502990875e-02 -5.1332107531e-01
-3.8473784184e-01 8.6502421577e-02 -5.1332329473e-01
-3.8473741805e-01 8.6508954774e-02 -5.1331790304e-01
-3.8473875529e-01 8.6508951368e-02 -5.1331929834e-01
-3.8473592366e-01 8.6502807975e-02 -5.1332131740e-01
-3.8473743953e-01 8.6502552217e-02 -5.1332333592e-01
9.8838797474e-01 1.0354446846e+00 -5.3220157403e-01
9.8838784785e-01 1.0354453077e+00 -5.3220257986e-01
9.8838789093e-01 1.0354527885e+00 -5.3220630784e-01
9.8838714313e-01 1.0354529689e+00 -5.3220721590e-01
9.8839030386e-01 1.0354449385e+00 -5.3220096556e-01
9.8838972610e-01 1.0354461102e+00 -5.3220129579e-01
9.8839012091e-01 1.0354533652e+00 -5.3220498405e-01
9.8838986384e-01 1.0354537204e+00 -5.3220576371e-01
-7.0328017911e-02 9.7287332336e-01 -7.7110707063e-01
-7.0328523592e-02 9.7287360856e-01 -7.7110836541e-01
-7.0325255436e-02 9.7286895546e-01 -7.7110964385e-01
-7.0326340209e-02 9.7286979968e-01 -7.7111046683e-01
-7.0326445389e-02 9.7287229680e-01 -7.7110551876e-01
-7.0327127759e-02 9.7287363936e-01 -7.7110630326e-01
-7.0323570574e-02 9.7286891202e-01 -7.7110801594e-01
-7.0324085599e-02 9.7286925373e-01 -7.7110864175e-01
-1.0768385150e-01 7.8354814065e-01 1.2872284733e-01
-1.0768430231e-01 7.8354796311e-01 1.2872280920e-01
-1.0768446951e-01 7.8355444980e-01 1.2871921832e-01
-1.0768464934e-01 7.8355425757e-01 1.2871898006e-01
-1.0768092221e-01 7.8354747033e-01 1.2872271504e-01
-1.0768139612e-01 7.8354769773e-01 1.2872233695e-01
-1.0768103258e-01 7.8355425904e-01 1.2871905955e-01
-1.0768141702e-01 7.8355350603e-01 1.2871876775e-01
-4.2231631299e-01 -1.9441727912e+00 -1.7696710012e+00
-4.2231573861e-01 -1.9441731267e+00 -1.7696719267e+00
-4.2231330868e-01 -1.9441758823e+00 -1.7696720423e+00
-4.2231279588e-01 -1.9441764795e+00 -1.7696730250e+00
-4.2230969248e-01 -1.9441756320e+00 -1.7696759659e+00
-4.2230869580e-01 -1.9441760071e+00 -1.7696772558e+00
-4.2230720415e-01 -1.9441787312e+00 -1.7696770895e+00
-4.2230642261e-01 -1.9441788398e+00 -1.7696780553e+00
3.4828117726e-01 -1.7723011096e-01 5.2671042375e-02
3.4828089511e-01 -1.7723034504e-01 5.2668993099e-02
3.4827913009e-01 -1.7722064873e-01 5.2674942910e-02
3.4827903743e-01 -1.7722231384e-01 5.2673381134e-02
3.4828145720e-01 -1.7722977136e-01 5.2670781688e-02
3.4828137655e-01 -1.7723065725e-01 5.2668507430e-02
3.4827935064e-01 -1.7722169369e-01 5.2674477494e-02
3.4827906185e-01 -1.7722153051e-01 5.2672861525e-02
1.4295158668e+00 1.0460024839e-01 -2.5524750636e-01
1.4295143961e+00 1.0459942116e-01 -2.5524970323e-01
1.4295147668e+00 1.0459772895e-01 -2.5524895980e-01
1.4295127058e+00 1.0459614942e-01 -2.5525085443e-01
1.4295155917e+00 1.0460068172e-01 -2.5524728689e-01
1.4295144505e+00 1.0459891298e-01 -2.5525001274e-01
1.4295139957e+00 1.0459789267e-01 -2.5524841294e-01
1.4295119570e+00 1.0459649768e-01 -2.5525037816e-01
1.3183934635e+00 2.2543027683e-02 2.2346195340e-01
1.3183936293e+00 2.2542694825e-02 2.2346192208e-01
1.3183941486e+00 2.2543404443e-02 2.2346221502e-01
1.3183943151e+00 2.2543274008e-02 2.2346220830e-01
1.3183933068e+00 2.2542871038e-02 2.2346213469e-01
1.3183933915e+00 2.2542529323e-02 2.2346182014e-01
1.3183941851e+00 2.2543552479e-02 2.2346258156e-01
1.3183942131e+00 2.2543756995e-02 2.2346244128e-01
-1.0760910386e+00 3.4665985040e-02 3.9324102633e-01
-1.0760915868e+00 3.4666194472e-02 3.9323962797e-01
-1.0760907658e+00 3.4668259350e-02 3.9323982820e-01
-1.0760908943e+00 3.4669064901e-02 3.9323935095e-01
-1.0760909113e+00 3.4665644954e-02 3.9324040728e-01
-1.0760910664e+00 3.4665707401e-02 3.9323972696e-01
-1.0760905019e+00 3.4668277022e-02 3.9323935156e-01
-1.0760905837e+00 3.4668911719e-02 3.9323859696e-01
-1.5833769628e+00 -1.0421021697e+00 -3.6551956248e-01
-1.5833725768e+00 -1.0421008799e+00 -3.6550995707e-01
-1.5833731984e+00 -1.0420940591e+00 -3.6551805482e-01
-1.5833691219e+00 -1.0420918370e+00 -3.6550847452e-01
-1.5833770969e+00 -1.0421022391e+00 -3.6551947324e-01
-1.5833736037e+00 -1.0421012082e+00 -3.6551001761e-01
-1.5833736958e+00 -1.0420938828e+00 -3.6551791266e-01
-1.5833693764e+00 -1.0420919545e+00 -3.6550822524e-01
9.7090757589e-01 -1.6763949383e+00 1.9918038303e-01
9.7090757833e-01 -1.6763943937e+00 1.9918023100e-01
9.7090682511e-01 -1.6763973267e+00 1.9918160222e-01
9.7090714901e-01 -1.6763972979e+00 1.9918111750e-01
9.7090780521e-01 -1.6763948845e+00 1.9918044650e-01
9.7090795458e-01 -1.6763948541e+00 1.9918024323e-01
9.7090697005e-01 -1.6763973771e+00 1.9918087304e-01
9.7090682579e-01 -1.6763970445e+00 1.9918101644e-01
6.2765917823e-01 -5.5800964024e-01 -6.3961350819e-01
6.2765864890e-01 -5.5801004065e-01 -6.3961382594e-01
6.2765940226e-01 -5.5800952091e-01 -6.3961306927e-01
6.2765958489e-01 -5.5800932714e-01 -6.3961379641e-01
6.2766012609e-01 -5.5800946831e-01 -6.3961361708e-01
6.2766055254e-01 -5.5801041391e-01 -6.3961392772e-01
6.2766065579e-01 -5.5800913718e-01 -6.3961309984e-01
6.2766029439e-01 -5.5800914900e-01 -6.3961338105e-01
3.9781107447e-01 1.3643231483e+00 2.6458421515e-02
3.9780982494e-01 1.3643229907e+00 2.6457812808e-02
3.9781052731e-01 1.3643248374e+00 2.6457940407e-02
3.9780934336e-01 1.3643248706e+00 2.6457406257e-02
3.9781297233e-01 1.3643237544e+00 2.6458447146e-02
3.9781194573e-01 1.3643242733e+00 2.6457826116e-02
3.9781230093e-01 1.3643252745e+00 2.6457813640e-02
3.9781124941e-01 1.3643253200e+00 2.6456583939e-02
-7.8553714042e-01 -8.7566189466e-01 1.1954074745e+00
-7.8553724568e-01 -8.7566208845e-01 1.1954074907e+00
-7.8553685626e-01 -8.7566388638e-01 1.1954094608e+00
-7.8553727337e-01 -8.7566357193e-01 1.1954094923e+00
-7.8554556400e-01 -8.7566325524e-01 1.1954061454e+00
-7.8554578822e-01 -8.7566284084e-01 1.1954056957e+00
-7.8554529442e-01 -8.7566514729e-01 1.1954083195e+00
-7.8554535360e-01 -8.7566477955e-01 1.1954076084e+00
1.0675002251e-01 2.2274440329e-01 2.9551242152e-01
1.0674913398e-01 2.2274423614e-01 2.9550933474e-01
1.0675223301e-01 2.2274167866e-01 2.9551026320e-01
1.0675146832e-01 2.2274143336e-01 2.9550748152e-01
1.0675002278e-01 2.2274430814e-01 2.9551269454e-01
1.0674840190e-01 2.2274437540e-01 2.9550889081e-01
1.0675255150e-01 2.2274203111e-01 2.9551079131e-01
1.0675112160e-01 2.2274151591e-01 2.9550704742e-01
-1.4226565550e+00 5.6223745342e-01 -1.3010700776e+00
-1.4226514538e+00 5.6223595236e-01 -1.3010622240e+00
-1.4226568986e+00 5.6223729472e-01 -1.3010704703e+00
-1.4226515307e+00 5.6223594152e-01 -1.3010620954e+00
-1.4226563129e+00 5.6223772871e-01 -1.3010700459e+00
-1.4226512277e+00 5.6223648586e-01 -1.3010619991e+00
-1.4226563530e+00 5.6223725263e-01 -1.3010700078e+00
-1.4226514029e+00 5.6223479769e-01 -1.3010618799e+00
8.9545965752e-01 -1.4340580094e+00 1.1196868945e+00
8.9546284645e-01 -1.4340607502e+00 1.1196817556e+00
8.9546108765e-01 -1.4340629194e+00 1.1196877453e+00
8.9546459342e-01 -1.4340652188e+00 1.1196830129e+00
8.9546186265e-01 -1.4340596939e+00 1.1196852280e+00
8.9546497367e-01 -1.4340624216e+00 1.1196799919e+00
8.9546326952e-01 -1.4340645384e+00 1.1196866575e+00
8.9546649432e-01 -1.4340669064e+00 1.1196812978e+00
9.5622035598e-02 6.8536779932e-01 5.2599488904e-02
9.5621196103e-02 6.8537106142e-01 5.2606798599e-02
9.5623611370e-02 6.8536921245e-01 5.2600613234e-02
9.5622629914e-02 6.8537299855e-01 5.2608386162e-02
9.5628130889e-02 6.8536592774e-01 5.2596138436e-02
9.5627738180e-02 6.8536938862e-01 5.2603665273e-02
9.5630037641e-02 6.8536763956e-01 5.2597443373e-02
9.5629244354e-02 6.8537111642e-01 5.2604772400e-02
2.2957973778e-01 2.7396096881e-01 -4.7821406174e-01
2.2957931375e-01 2.7396096428e-01 -4.7821322542e-01
2.2958022442e-01 2.7396493435e-01 -4.7821168958e-01
2.2957964885e-01 2.7396490157e-01 -4.7821121150e-01
2.2958139244e-01 2.7396061395e-01 -4.7821393660e-01
2.2958127285e-01 2.7396083698e-01 -4.7821337101e-01
2.2958219580e-01 2.7396498059e-01 -4.7821191288e-01
2.2958203422e-01 2.7396445241e-01 -4.7821116941e-01
-9.9503944716e-01 -1.1224600610e+00 -9.5346571326e-01
-9.9503786874e-01 -1.1224599372e+00 -9.5345685198e-01
-9.9503812656e-01 -1.1224531052e+00 -9.5346620063e-01
-9.9503652899e-01 -1.1224526378e+00 -9.5345730431e-01
-9.9504422058e-01 -1.1224625920e+00 -9.5346717014e-01
-9.9504311500e-01 -1.1224619652e+00 -9.5345769380e-01
-9.9504316727e-01 -1.1224550976e+00 -9.5346756552e-01
-9.9504259075e-01 -1.1224548911e+00 -9.5345848516e-01
-6.9171629553e-01 6.9971150377e-01 -3.0283442320e-01
-6.9171746970e-01 6.9971240916e-01 -3.0282471995e-01
-6.9171657687e-01 6.9971041917e-01 -3.0283480915e-01
-6.9171786742e-01 6.9971088365e-01 -3.0282504207e-01
-6.9172399367e-01 6.9971202810e-01 -3.0283420486e-01
-6.9172464231e-01 6.9971297960e-01 -3.0282368683e-01
-6.9172428290e-01 6.9971066809e-01 -3.0283425671e-01
-6.9172496836e-01 6.9971163530e-01 -3.0282386807e-01
-1.1507237423e-01 3.8929378550e-01 -2.1113485025e-01
-1.1507305649e-01 3.8929415114e-01 -2.1113425770e-01
-1.1507228920e-01 3.8929342751e-01 -2.1113596753e-01
-1.1507258558e-01 3.8929357285e-01 -2.1113480218e-01
-1.1508096468e-01 3.8929612522e-01 -2.1113162663e-01
-1.1508078024e-01 3.8929671859e-01 -2.1113107408e-01
-1.1508136730e-01 3.8929552553e-01 -2.1113195618e-01
-1.1508054332e-01 3.8929670675e-01 -2.1113150279e-01
-4.1980929545e-01 2.8119375479e-02 -2.0442279453e+00
-4.1981193275e-01 2.8121922338e-02 -2.0442174726e+00
-4.1980923702e-01 2.8119247178e-02 -2.0442284824e+00
-4.1981096222e-01 2.8121223558e-02 -2.0442176902e+00
-4.1981446350e-01 2.8119364395e-02 -2.0442292581e+00
-4.1981672296e-01 2.8121887193e-02 -2.0442189223e+00
-4.1981432974e-01 2.8119093782e-02 -2.0442290831e+00
-4.1981650824e-01 2.8121240494e-02 -2.0442188485e+00
-5.5064660116e-01 1.8611561568e+00 1.0006031284e+00
-5.5064748962e-01 1.8611599578e+00 1.0006128552e+00
-5.5065075222e-01 1.8611605041e+00 1.0006051692e+00
-5.5065158971e-01 1.8611645994e+00 1.0006141787e+00
-5.5065943101e-01 1.8611575221e+00 1.0006042401e+00
-5.5065974917e-01 1.8611615132e+00 1.0006132168e+00
-5.5066319419e-01 1.8611617466e+00 1.0006060780e+00
-5.5066412952e-01 1.8611660571e+00 1.0006156608e+00
-2.7174418098e+00 9.1967251110e-01 5.4180544538e-01
-2.7174417938e+00 9.1967248226e-01 5.4180530062e-01
-2.7174420904e+00 9.1967246101e-01 5.4180536532e-01
-2.7174421908e+00 9.1967234980e-01 5.4180538762e-01
-2.7174416752e+00 9.1967234541e-01 5.4180482680e-01
-2.7174415857e+00 9.1967293624e-01 5.4180532562e-01
-2.7174417232e+00 9.1967243425e-01 5.4180492838e-01
-2.7174416808e+00 9.1967238600e-01 5.4180555414e-01
-3.9359409823e-01 -8.2303915335e-01 1.1319299335e-01
-3.9359278978e-01 -8.2303791366e-01 1.1319510634e-01
-3.9359423528e-01 -8.2303835178e-01 1.1319264586e-01
-3.9359207457e-01 -8.2303795663e-01 1.1319498754e-01
-3.9359010976e-01 -8.2303966120e-01 1.1319271088e-01
-3.9358806345e-01 -8.2303840802e-01 1.1319464202e-01
-3.9359000974e-01 -8.2303974395e-01 1.1319203431e-01
-3.9358817298e-01 -8.2303865191e-01 1.1319462473e-01
1.1736728735e+00 1.6195845186e+00 -2.9448919124e-01
1.1736727266e+00 1.6195854350e+00 -2.9448958763e-01
1.1736741884e+00 1.6195827962e+00 -2.9449023378e-01
1.1736740356e+00 1.6195834004e+00 -2.9449028466e-01
1.1736718828e+00 1.6195847688e+00 -2.9448890471e-01
1.1736711198e+00 1.6195851844e+00 -2.9448857539e-01
1.1736724161e+00 1.6195824164e+00 -2.9448936253e-01
1.1736716488e+00 1.6195831100e+00 -2.9448909515e-01
8.3248698182e-01 -6.2761986691e-01 -7.3833374621e-02
8.3248949970e-01 -6.2761941080e-01 -7.3822944021e-02
8.3248939760e-01 -6.2761178331e-01 -7.3832674220e-02
8.3249149549e-01 -6.2761126994e-01 -7.3822341356e-02
8.3249328687e-01 -6.2761802408e-01 -7.3829117004e-02
8.3249532151e-01 -6.2761722059e-01 -7.3818557752e-02
8.3249530574e-01 -6.2760980628e-01 -7.3828136757e-02
8.3249759281e-01 -6.2760947709e-01 -7.3818066665e-02
2.8297982070e-01 -2.4643057250e-01 -1.2134745636e+00
2.8297957226e-01 -2.4643095256e-01 -1.2134733357e+00
2.8297800823e-01 -2.4643338159e-01 -1.2134750997e+00
2.8297726110e-01 -2.4643344304e-01 -1.2134738199e+00
2.8298533211e-01 -2.4642988158e-01 -1.2134734341e+00
2.8298492237e-01 -2.4643001332e-01 -1.2134717410e+00
2.8298317187e-01 -2.4643232766e-01 -1.2134734965e+00
2.8298260571e-01 -2.4643215471e-01 -1.2134724686e+00
1.0595371970e+00 1.8642624502e-01 1.6176671544e-01
1.0595378803e+00 1.8642872171e-01 1.6177773048e-01
1.0595383743e+00 1.8643541707e-01 1.6176915526e-01
1.0595388546e+00 1.8643715205e-01 1.6178036148e-01
1.0595258821e+00 1.8642476871e-01 1.6176598494e-01
1.0595269363e+00 1.8642717001e-01 1.6177694438e-01
1.0595266926e+00 1.8643389942e-01 1.6176819980e-01
1.0595276817e+00 1.8643643445e-01 1.6177928138e-01
-2.0174201940e+00 1.3166315486e-01 1.8884112313e-01
-2.0174198003e+00 1.3166216435e-01 1.8884167422e-01
-2.0174149843e+00 1.3165874233e-01 1.8883774905e-01
-2.0174149041e+00 1.3165855615e-01 1.8883840516e-01
-2.0174199429e+00 1.3166256144e-01 1.8884066350e-01
-2.0174198536e+00 1.3166155019e-01 1.8884145569e-01
-2.0174154495e+00 1.3165862029e-01 1.8883716579e-01
-2.0174146223e+00 1.3165794243e-01 1.8883781793e-01
-1.5443939458e-01 2.1364881516e+00 -1.7752147630e+00
-1.5443991339e-01 2.1364943422e+00 -1.7752167000e+00
-1.5443954496e-01 2.1364835476e+00 -1.7752086918e+00
-1.5444036197e-01 2.1364894371e+00 -1.7752113463e+00
-1.5443817019e-01 2.1364876079e+00 -1.7752150596e+00
-1.5443885740e-01 2.1364935711e+00 -1.7752170123e+00
-1.5443825277e-01 2.1364832638e+00 -1.7752091152e+00
-1.5443906487e-01 2.1364886868e+00 -1.7752115513e+00
-4.4208657855e-01 -3.5867834051e-01 -1.6837412580e-01
-4.4208627361e-01 -3.5867795830e-01 -1.6837355610e-01
-4.4208727757e-01 -3.5868008921e-01 -1.6837402726e-01
-4.4208675950e-01 -3.5867935169e-01 -1.6837321530e-01
-4.4208700357e-01 -3.5867772018e-01 -1.6837368525e-01
-4.4208681678e-01 -3.5867792748e-01 -1.6837314278e-01
-4.4208752596e-01 -3.5868039935e-01 -1.6837449157e-01
-4.4208714827e-01 -3.5867983153e-01 -1.6837407340e-01
1.4377387419e-01 -4.5751046888e-01 8.9047131503e-01
1.4377663232e-01 -4.5751298974e-01 8.9046826835e-01
1.4377391662e-01 -4.5751158121e-01 8.9047112324e-01
1.4377703983e-01 -4.5751381851e-01 8.9046877593e-01
1.4377562534e-01 -4.5751035127e-01 8.9047273060e-01
1.4377791037e-01 -4.5751299512e-01 8.9046976090e-01
1.4377503272e-01 -4.5751108020e-01 8.9047286009e-01
1.4377862121e-01 -4.5751409801e-01 8.9046970972e-01
9.0117747701e-03 -1.8486749016e-01 -3.7917317689e-01
9.0115088749e-03 -1.8486750303e-01 -3.7917411376e-01
9.0119275626e-03 -1.8486886600e-01 -3.7917339066e-01
9.0111852034e-03 -1.8486932822e-01 -3.7917415681e-01
9.0083468071e-03 -1.8486812219e-01 -3.7917522389e-01
9.0080496901e-03 -1.8486805960e-01 -3.7917565882e-01
9.0085422678e-03 -1.8486953704e-01 -3.7917512604e-01
9.0076986336e-03 -1.8486946965e-01 -3.7917551446e-01
-1.2394671049e+00 -1.3362825263e+00 3.1375324060e-01
-1.2394666599e+00 -1.3362786992e+00 3.1375087445e-01
-1.2394673759e+00 -1.3362824092e+00 3.1375307780e-01
-1.2394661732e+00 -1.3362789507e+00 3.1375061481e-01
-1.2394627537e+00 -1.3362834497e+00 3.1375141666e-01
-1.2394615396e+00 -1.3362795204e+00 3.1374902626e-01
-1.2394626231e+00 -1.3362831392e+00 3.1375133015e-01
-1.2394617970e+00 -1.3362797205e+00 3.1374876643e-01
-2.6763363291e-01 7.8344140067e-01 1.2089772648e+00
-2.6763323641e-01 7.8344164547e-01 1.2089764385e+00
-2.6763361766e-01 7.8343917908e-01 1.2089768505e+00
-2.6763302212e-01 7.8343957320e-01 1.2089761967e+00
-2.6762750768e-01 7.8344160011e-01 1.2089786262e+00
-2.6762708774e-01 7.8344100458e-01 1.2089780984e+00
-2.6762744524e-01 7.8344039090e-01 1.2089788795e+00
-2.6762743878e-01 7.8344011487e-01 1.2089776291e+00
5.1759127276e-02 4.4655281844e-01 -4.9562986237e-01
5.1758549834e-02 4.4655340055e-01 -4.9562924295e-01
5.1758939110e-02 4.4655325128e-01 -4.9562980055e-01
5.1758362106e-02 4.4655287102e-01 -4.9562922221e-01
5.1759916396e-02 4.4655279569e-01 -4.9563015383e-01
5.1759337986e-02 4.4655255373e-01 -4.9562981006e-01
5.1759683214e-02 4.4655269310e-01 -4.9563045263e-01
5.1759122262e-02 4.4655308308e-01 -4.9562965509e-01
1.4538615278e+00 -4.4861869187e-02 -1.6690056447e+00
1.4538615699e+00 -4.4862904877e-02 -1.6690052970e+00
1.4538587756e+00 -4.4864523973e-02 -1.6690079097e+00
1.4538582302e+00 -4.4865026284e-02 -1.6690067075e+00
1.4538692854e+00 -4.4866226922e-02 -1.6690105682e+00
1.4538687950e+00 -4.4867030919e-02 -1.6690096795e+00
1.4538661310e+00 -4.4868225522e-02 -1.6690120578e+00
1.4538664036e+00 -4.4868950164e-02 -1.6690116994e+00
6.2818823841e-01 6.6433613774e-01 1.9676872136e-01
6.2818741191e-01 6.6433526842e-01 1.9676692266e-01
6.2818819662e-01 6.6433646599e-01 1.9676818943e-01
6.2818688596e-01 6.6433545429e-01 1.9676654601e-01
6.2818885320e-01 6.6433566264e-01 1.9676853727e-01
6.2818792704e-01 6.6433462710e-01 1.9676647929e-01
6.2818849479e-01 6.6433602117e-01 1.9676815240e-01
6.2818770733e-01 6.6433504910e-01 1.9676571058e-01
-6.6829128724e-01 -2.2620020102e+00 8.1669884210e-02
-6.6829203204e-01 -2.2620023826e+00 8.1669992225e-02
-6.6828990207e-01 -2.2620039617e+00 8.1669001421e-02
-6.6828998023e-01 -2.2620039423e+00 8.1668931944e-02
-6.6829083296e-01 -2.2620007649e+00 8.1669329896e-02
-6.6829113065e-01 -2.2620011642e+00 8.1668748980e-02
-6.6828918535e-01 -2.2620026981e+00 8.1668173975e-02
-6.6828914776e-01 -2.2620030399e+00 8.1668205722e-02
1.3028956972e+00 1.0695900493e+00 3.5909977846e-01
1.3028967393e+00 1.0695905418e+00 3.5909923043e-01
1.3028963672e+00 1.0695898054e+00 3.5909990731e-01
1.3028970507e+00 1.0695894953e+00 3.5909898681e-01
1.3028896366e+00 1.0695866248e+00 3.5909785992e-01
1.3028909952e+00 1.0695869819e+00 3.5909658485e-01
1.3028900879e+00 1.0695861471e+00 3.5909762191e-01
1.3028912693e+00 1.0695871043e+00 3.5909653274e-01
2.2682285360e-01 1.9031342696e-01 2.1411125705e+00
2.2682424738e-01 1.9031369037e-01 2.1411099505e+00
2.2682351088e-01 1.9031243476e-01 2.1411103756e+00
2.2682466120e-01 1.9031192237e-01 2.1411089636e+00
2.2682422246e-01 1.9031269092e-01 2.1411119113e+00
2.2682555214e-01 1.9031337978e-01 2.1411100210e+00
2.2682485732e-01 1.9031160908e-01 2.1411101140e+00
2.2682625446e-01 1.9031163249e-01 2.1411082522e+00
-1.5662116380e-02 2.6227667290e-01 2.9767900873e-01
-1.5662909468e-02 2.6227631036e-01 2.9767933899e-01
-1.5661842595e-02 2.6227654682e-01 2.9767996059e-01
-1.5663014579e-02 2.6227554503e-01 2.9768039061e-01
-1.5661824279e-02 2.6227703440e-01 2.9768027531e-01
-1.5661972218e-02 2.6227632551e-01 2.9768073018e-01
-1.5661081679e-02 2.6227637515e-01 2.9768170164e-01
-1.5661959426e-02 2.6227579886e-01 2.9768109060e-01
1.5899949746e+00 -2.4943968839e-01 4.7221755820e-01
1.5899926405e+00 -2.4943683130e-01 4.7222580086e-01
1.5899926290e+00 -2.4943144157e-01 4.7222025474e-01
1.5899893482e+00 -2.4942927655e-01 4.7222814559e-01
1.5900002033e+00 -2.4944223500e-01 4.7221421940e-01
1.5899971039e+00 -2.4944024964e-01 4.7222248835e-01
1.5899976422e+00 -2.4943530879e-01 4.7221658926e-01
1.5899948514e+00 -2.4943236752e-01 4.7222483065e-01
4.7677833419e-01 -1.4970604118e+00 -1.0728057777e+00
4.7677826920e-01 -1.4970602682e+00 -1.0728057572e+00
4.7677771530e-01 -1.4970608910e+00 -1.0728060396e+00
4.7677805212e-01 -1.4970610390e+00 -1.0728053881e+00
4.7678448222e-01 -1.4970556711e+00 -1.0728005302e+00
4.7678394960e-01 -1.4970553880e+00 -1.0728001713e+00
4.7678377097e-01 -1.4970565156e+00 -1.0728002918e+00
4.7678364498e-01 -1.4970564213e+00 -1.0728003710e+00
7.0912403886e-01 -5.1252502437e-01 -6.0739865425e-01
7.0912372455e-01 -5.1252475889e-01 -6.0739935919e-01
7.0912412583e-01 -5.1252586175e-01 -6.0739778092e-01
7.0912350173e-01 -5.1252619398e-01 -6.0739856220e-01
7.0912357250e-01 -5.1252528974e-01 -6.0739809476e-01
7.0912369471e-01 -5.1252485326e-01 -6.0739898289e-01
7.0912340586e-01 -5.1252658799e-01 -6.0739711022e-01
7.0912337260e-01 -5.1252650212e-01 -6.0739773267e-01
-1.2231764004e+00 -6.3097933722e-01 -7.4229948443e-01
-1.2231771684e+00 -6.3097884451e-01 -7.4230145461e-01
-1.2231769683e+00 -6.3097992105e-01 -7.4229977741e-01
-1.2231770868e+00 -6.3097867084e-01 -7.4230148456e-01
-1.2231758743e+00 -6.3097938824e-01 -7.4230067950e-01
-1.2231761472e+00 -6.3097890547e-01 -7.4230215078e-01
-1.2231759585e+00 -6.3098007665e-01 -7.4230066037e-01
-1.2231760297e+00 -6.3097899331e-01 -7.4230196678e-01
4.0729311242e-01 -4.4088149018e-01 -5.3688962192e-01
4.0729327790e-01 -4.4088054616e-01 -5.3689028456e-01
4.0729173990e-01 -4.4088409715e-01 -5.3689090067e-01
4.0729152877e-01 -4.4088348004e-01 -5.3689094595e-01
4.0729350578e-01 -4.4088128275e-01 -5.3688949343e-01
4.0729308983e-01 -4.4088070638e-01 -5.3688987969e-01
4.0729136477e-01 -4.4088421573e-01 -5.3689022161e-01
4.0729131382e-01 -4.4088345394e-01 -5.3689055890e-01
7.2068878933e-01 1.2364818205e+00 9.9360278944e-01
7.2069011861e-01 1.2364830432e+00 9.9360037336e-01
7.2068910105e-01 1.2364894344e+00 9.9360697876e-01
7.2069047305e-01 1.2364906385e+00 9.9360418374e-01
7.2069258784e-01 1.2364801809e+00 9.9360082510e-01
7.2069381296e-01 1.2364810844e+00 9.9359800487e-01
7.2069326178e-01 1.2364876864e+00 9.9360462062e-01
7.2069481179e-01 1.2364881843e+00 9.9360183984e-01
1.4544220307e+00 -6.3926266718e-01 -6.1940300235e-02
1.4544233469e+00 -6.3926446705e-01 -6.1941693639e-02
1.4544220686e+00 -6.3926412524e-01 -6.1940597723e-02
1.4544232760e+00 -6.3926546966e-01 -6.1942007250e-02
1.4544233255e+00 -6.3926354719e-01 -6.1940237024e-02
1.4544249336e+00 -6.3926477331e-01 -6.1941980491e-02
1.4544226725e+00 -6.3926440108e-01 -6.1940484689e-02
1.4544246129e+00 -6.3926563420e-01 -6.1942055786e-02
8.6579314863e-01 -1.1671620278e+00 6.0235152447e-01
8.6579131217e-01 -1.1671580259e+00 6.0234673783e-01
8.6579307364e-01 -1.1671626926e+00 6.0235152600e-01
8.6579162772e-01 -1.1671580994e+00 6.0234690907e-01
8.6579536132e-01 -1.1671607365e+00 6.0235289296e-01
8.6579424918e-01 -1.1671563534e+00 6.0234809730e-01
8.6579571374e-01 -1.1671606531e+00 6.0235316827e-01
8.6579455005e-01 -1.1671561909e+00 6.0234844320e-01
-1.3641565103e+00 5.2113334632e-01 8.9059544184e-01
-1.3641563532e+00 5.2113342805e-01 8.9059316213e-01
-1.3641573015e+00 5.2113202233e-01 8.9059501232e-01
-1.3641575556e+00 5.2113211810e-01 8.9059202489e-01
-1.3641558220e+00 5.2113348170e-01 8.9059508535e-01
-1.3641562220e+00 5.2113348912e-01 8.9059316714e-01
-1.3641564452e+00 5.2113216329e-01 8.9059499828e-01
-1.3641571284e+00 5.2113218583e-01 8.9059240774e-01
-4.7805295929e-01 -7.5265108076e-03 -1.2707241834e+00
-4.7805287669e-01 -7.5264235374e-03 -1.2707248084e+00
-4.7805262218e-01 -7.5259376222e-03 -1.2707232499e+00
-4.7805250347e-01 -7.5259734037e-03 -1.2707239617e+00
-4.7805194799e-01 -7.5263861269e-03 -1.2707238465e+00
-4.7805185469e-01 -7.5263813814e-03 -1.2707248447e+00
-4.7805198619e-01 -7.5249729647e-03 -1.2707229714e+00
-4.7805197042e-01 -7.5257781230e-03 -1.2707239477e+00
-1.8538570526e-01 -1.9600678362e+00 9.3244058749e-01
-1.8538626705e-01 -1.9600678470e+00 9.3244040499e-01
-1.8538557279e-01 -1.9600696568e+00 9.3244005982e-01
-1.8538678040e-01 -1.9600692971e+00 9.3243956683e-01
-1.8538544810e-01 -1.9600676449e+00 9.3244124104e-01
-1.8538611267e-01 -1.9600677453e+00 9.3244065161e-01
-1.8538545429e-01 -1.9600694799e+00 9.3244028263e-01
-1.8538629739e-01 -1.9600690259e+00 9.3243985532e-01
-1.3775355345e+00 -3.2714967876e-01 3.9758954619e-01
-1.3775377614e+00 -3.2715011884e-01 3.9758757080e-01
-1.3775352848e+00 -3.2714957650e-01 3.9759036514e-01
-1.3775370389e+00 -3.2714956613e-01 3.9758848534e-01
-1.3775350939e+00 -3.2715020564e-01 3.9758896634e-01
-1.3775374073e+00 -3.2714994253e-01 3.9758693533e-01
-1.3775347402e+00 -3.2714930166e-01 3.9758963186e-01
-1.3775364089e+00 -3.2714970032e-01 3.9758800722e-01
1.2392061804e+00 8.4604193286e-01 3.5131277692e-01
1.2392065345e+00 8.4604115675e-01 3.5131377788e-01
1.2392062460e+00 8.4604148169e-01 3.5131368325e-01
1.2392059191e+00 8.4604072639e-01 3.5131424799e-01
1.2392092647e+00 8.4604337213e-01 3.5131448862e-01
1.2392084923e+00 8.4604256536e-01 3.5131559367e-01
1.2392084376e+00 8.4604231122e-01 3.5131482023e-01
1.2392081076e+00 8.4604237433e-01 3.5131540990e-01
1.9393056198e-01 1.3382869899e+00 9.8538222987e-01
1.9393512370e-01 1.3382845178e+00 9.8537733862e-01
1.9393061973e-01 1.3382867072e+00 9.8538210300e-01
1.9393510295e-01 1.3382849861e+00 9.8537682775e-01
1.9393028588e-01 1.3382872009e+00 9.8538306555e-01
1.9393471887e-01 1.3382852640e+00 9.8537678328e-01
1.9393008626e-01 1.3382871446e+00 9.8538235798e-01
1.9393497113e-01 1.3382846908e+00 9.8537638199e-01
2.3463980578e-01 3.1381220648e-01 -2.4524949976e-01
2.3463979137e-01 3.1381221947e-01 -2.4524955165e-01
2.3464053158e-01 3.1381216004e-01 -2.4525027034e-01
2.3464066083e-01 3.1381209524e-01 -2.4524993093e-01
2.3464500051e-01 3.1381459971e-01 -2.4524585265e-01
2.3464528066e-01 3.1381490171e-01 -2.4524543673e-01
2.3464608253e-01 3.1381451745e-01 -2.4524633587e-01
2.3464580627e-01 3.1381458592e-01 -2.4524595866e-01
-6.8796745463e-01 7.0170172720e-01 -6.4939263464e-01
-6.8796520042e-01 7.0169800139e-01 -6.4940191782e-01
-6.8796932819e-01 7.0170750959e-01 -6.4939038329e-01
-6.8796707053e-01 7.0170351707e-01 -6.4939936808e-01
-6.8796737216e-01 7.0170210350e-01 -6.4939236422e-01
-6.8796468981e-01 7.0169845289e-01 -6.4940205865e-01
-6.8796944871e-01 7.0170705976e-01 -6.4939006746e-01
-6.8796683934e-01 7.0170352961e-01 -6.4939922024e-01
-3.5229324818e-02 1.1924819465e+00 -3.8232979792e-01
-3.5228511677e-02 1.1924829806e+00 -3.8233092814e-01
-3.5229520036e-02 1.1924893473e+00 -3.8232931371e-01
-3.5228730913e-02 1.1924901518e+00 -3.8233003662e-01
-3.5227747566e-02 1.1924815016e+00 -3.8232986552e-01
-3.5226890142e-02 1.1924820179e+00 -3.8233046721e-01
-3.5228684122e-02 1.1924894567e+00 -3.8232934568e-01
-3.5227145331e-02 1.1924899376e+00 -3.8232958463e-01
6.5705899916e-01 -1.2686899267e+00 -9.2394396847e-01
6.5706001902e-01 -1.2686896629e+00 -9.2394485551e-01
6.5705916901e-01 -1.2686900877e+00 -9.2394403940e-01
6.5705998168e-01 -1.2686898527e+00 -9.2394496496e-01
6.5705927572e-01 -1.2686897329e+00 -9.2394451201e-01
6.5705953359e-01 -1.2686898163e+00 -9.2394510958e-01
6.5705999960e-01 -1.2686894710e+00 -9.2394490067e-01
6.5705953674e-01 -1.2686900561e+00 -9.2394624714e-01
-1.2960842033e+00 7.8933287328e-01 2.8505169958e-01
-1.2960828791e+00 7.8933159653e-01 2.8505033403e-01
-1.2960876082e+00 7.8933875598e-01 2.8505808514e-01
-1.2960865636e+00 7.8933792375e-01 2.8505591748e-01
-1.2960956894e+00 7.8933571113e-01 2.8505470672e-01
-1.2960946058e+00 7.8933476205e-01 2.8505279304e-01
-1.2960989670e+00 7.8934233852e-01 2.8506066856e-01
-1.2960978227e+00 7.8934095844e-01 2.8505861425e-01
-1.0542033027e-01 9.1601971648e-01 -2.3186974109e+00
-1.0542047915e-01 9.1601654207e-01 -2.3186886352e+00
-1.0541980729e-01 9.1602028258e-01 -2.3186967500e+00
-1.0542022692e-01 9.1601649892e-01 -2.3186885033e+00
-1.0541928593e-01 9.1602115595e-01 -2.3186952932e+00
-1.0541943720e-01 9.1601756086e-01 -2.3186871887e+00
-1.0541916856e-01 9.1602058158e-01 -2.3186953642e+00
-1.0541800711e-01 9.1601766875e-01 -2.3186863289e+00
1.4628034412e+00 1.7861947731e+00 1.0063485336e+00
1.4628027843e+00 1.7861951442e+00 1.0063486214e+00
1.4628039653e+00 1.7861924213e+00 1.0063476463e+00
1.4628028712e+00 1.7861936136e+00 1.0063471076e+00
1.4628015199e+00 1.7861951144e+00 1.0063505236e+00
1.4628008914e+00 1.7861958047e+00 1.0063502333e+00
1.4628013414e+00 1.7861934173e+00 1.0063492771e+00
1.4628006247e+00 1.7861939602e+00 1.0063488717e+00
