-3.8419000000e-02 -2.6975400000e-01 1.0955000000e-02
-3.8419000000e-02 -2.6975400000e-01 1.0955000000e-02
-3.8419000000e-02 -2.6975400000e-01 1.0955000000e-02
-3.8419000000e-02 -2.6975400000e-01 1.0955000000e-02
-3.8419000000e-02 -2.6975400000e-01 1.0955000000e-02
-3.8419000000e-02 -2.6975400000e-01 1.0955000000e-02
-3.8419000000e-02 -2.6975400000e-01 1.0955000000e-02
-3.8419000000e-02 -2.6975400000e-01 1.0955000000e-02
6.9594400000e-01 1.7619500000e-01 3.5594400000e-01
6.9594400000e-01 1.7619500000e-01 3.5594400000e-01
6.9594400000e-01 1.7619500000e-01 3.5594400000e-01
6.9594400000e-01 1.7619500000e-01 3.5594400000e-01
6.9594400000e-01 1.7619500000e-01 3.5594400000e-01
6.9594400000e-01 1.7619500000e-01 3.5594400000e-01
6.9594400000e-01 1.7619500000e-01 3.5594400000e-01
6.9594400000e-01 1.7619500000e-01 3.5594400000e-01
-3.0718900000e-01 -3.7825200000e-01 4.6094000000e-02
-3.0718900000e-01 -3.7825200000e-01 4.6094000000e-02
-3.0718900000e-01 -3.7825200000e-01 4.6094000000e-02
-3.0718900000e-01 -3.7825200000e-01 4.6094000000e-02
-3.0718900000e-01 -3.7825200000e-01 4.6094000000e-02
-3.0718900000e-01 -3.7825200000e-01 4.6094000000e-02
-3.0718900000e-01 -3.7825200000e-01 4.6094000000e-02
-3.0718900000e-01 -3.7825200000e-01 4.6094000000e-02
-3.8998800000e-01 2.4433500000e-01 -8.5251000000e-02
-3.8998800000e-01 2.4433500000e-01 -8.5251000000e-02
-3.8998800000e-01 2.4433500000e-01 -8.5251000000e-02
-3.8998800000e-01 2.4433500000e-01 -8.5251000000e-02
-3.8998800000e-01 2.4433500000e-01 -8.5251000000e-02
-3.8998800000e-01 2.4433500000e-01 -8.5251000000e-02
-3.8998800000e-01 2.4433500000e-01 -8.5251000000e-02
-3.8998800000e-01 2.4433500000e-01 -8.5251000000e-02
2.7462900000e-01 2.3808000000e-01 3.3915800000e-01
2.7462900000e-01 2.3808000000e-01 3.3915800000e-01
2.7462900000e-01 2.3808000000e-01 3.3915800000e-01
2.7462900000e-01 2.3808000000e-01 3.3915800000e-01
2.7462900000e-01 2.3808000000e-01 3.3915800000e-01
2.7462900000e-01 2.3808000000e-01 3.3915800000e-01
2.7462900000e-01 2.3808000000e-01 3.3915800000e-01
2.7462900000e-01 2.3808000000e-01 3.3915800000e-01
-2.4664200000e-01 9.3847100000e-01 -1.1276100000e+00
-2.4664200000e-01 9.3847100000e-01 -1.1276100000e+00
-2.4664200000e-01 9.3847100000e-01 -1.1276100000e+00
-2.4664200000e-01 9.3847100000e-01 -1.1276100000e+00
-2.4664200000e-01 9.3847100000e-01 -1.1276100000e+00
-2.4664200000e-01 9.3847100000e-01 -1.1276100000e+00
-2.4664200000e-01 9.3847100000e-01 -1.1276100000e+00
-2.4664200000e-01 9.3847100000e-01 -1.1276100000e+00
9.8388000000e-02 2.0574400000e-01 -8.8511000000e-02
9.8388000000e-02 2.0574400000e-01 -8.8511000000e-02
9.8388000000e-02 2.0574400000e-01 -8.8511000000e-02
9.8388000000e-02 2.0574400000e-01 -8.8511000000e-02
9.8388000000e-02 2.0574400000e-01 -8.8511000000e-02
9.8388000000e-02 2.0574400000e-01 -8.8511000000e-02
9.8388000000e-02 2.0574400000e-01 -8.8511000000e-02
9.8388000000e-02 2.0574400000e-01 -8.8511000000e-02
6.5830800000e-01 5.0601300000e-01 -3.2969300000e-01
6.5830800000e-01 5.0601300000e-01 -3.2969300000e-01
6.5830800000e-01 5.0601300000e-01 -3.2969300000e-01
6.5830800000e-01 5.0601300000e-01 -3.2969300000e-01
6.5830800000e-01 5.0601300000e-01 -3.2969300000e-01
6.5830800000e-01 5.0601300000e-01 -3.2969300000e-01
6.5830800000e-01 5.0601300000e-01 -3.2969300000e-01
6.5830800000e-01 5.0601300000e-01 -3.2969300000e-01
6.5068900000e-01 -1.0472270000e+00 -6.4497100000e-01
6.5068900000e-01 -1.0472270000e+00 -6.4497100000e-01
6.5068900000e-01 -1.0472270000e+00 -6.4497100000e-01
6.5068900000e-01 -1.0472270000e+00 -6.4497100000e-01
6.5068900000e-01 -1.0472270000e+00 -6.4497100000e-01
6.5068900000e-01 -1.0472270000e+00 -6.4497100000e-01
6.5068900000e-01 -1.0472270000e+00 -6.4497100000e-01
6.5068900000e-01 -1.0472270000e+00 -6.4497100000e-01
-2.3292800000e-01 -9.3816900000e-01 -4.1436000000e-02
-2.3292800000e-01 -9.3816900000e-01 -4.1436000000e-02
-2.3292800000e-01 -9.3816900000e-01 -4.1436000000e-02
-2.3292800000e-01 -9.3816900000e-01 -4.1436000000e-02
-2.3292800000e-01 -9.3816900000e-01 -4.1436000000e-02
-2.3292800000e-01 -9.3816900000e-01 -4.1436000000e-02
-2.3292800000e-01 -9.3816900000e-01 -4.1436000000e-02
-2.3292800000e-01 -9.3816900000e-01 -4.1436000000e-02
5.4403800000e-01 3.9683600000e-01 -1.2724800000e-01
5.4403800000e-01 3.9683600000e-01 -1.2724800000e-01
5.4403800000e-01 3.9683600000e-01 -1.2724800000e-01
5.4403800000e-01 3.9683600000e-01 -1.2724800000e-01
5.4403800000e-01 3.9683600000e-01 -1.2724800000e-01
5.4403800000e-01 3.9683600000e-01 -1.2724800000e-01
5.4403800000e-01 3.9683600000e-01 -1.2724800000e-01
5.4403800000e-01 3.9683600000e-01 -1.2724800000e-01
-7.4213300000e-01 5.7301000000e-02 -2.0743100000e-01
-7.4213300000e-01 5.7301000000e-02 -2.0743100000e-01
-7.4213300000e-01 5.7301000000e-02 -2.0743100000e-01
-7.4213300000e-01 5.7301000000e-02 -2.0743100000e-01
-7.4213300000e-01 5.7301000000e-02 -2.0743100000e-01
-7.4213300000e-01 5.7301000000e-02 -2.0743100000e-01
-7.4213300000e-01 5.7301000000e-02 -2.0743100000e-01
-7.4213300000e-01 5.7301000000e-02 -2.0743100000e-01
5.0582700000e-01 -6.7607700000e-01 -1.0411520000e+00
5.0582700000e-01 -6.7607700000e-01 -1.0411520000e+00
5.0582700000e-01 -6.7607700000e-01 -1.0411520000e+00
5.0582700000e-01 -6.7607700000e-01 -1.0411520000e+00
5.0582700000e-01 -6.7607700000e-01 -1.0411520000e+00
5.0582700000e-01 -6.7607700000e-01 -1.0411520000e+00
5.0582700000e-01 -6.7607700000e-01 -1.0411520000e+00
5.0582700000e-01 -6.7607700000e-01 -1.0411520000e+00
9.9134700000e-01 -2.0735900000e-01 7.6034400000e-01
9.9134700000e-01 -2.0735900000e-01 7.6034400000e-01
9.9134700000e-01 -2.0735900000e-01 7.6034400000e-01
9.9134700000e-01 -2.0735900000e-01 7.6034400000e-01
9.9134700000e-01 -2.0735900000e-01 7.6034400000e-01
9.9134700000e-01 -2.0735900000e-01 7.6034400000e-01
9.9134700000e-01 -2.0735900000e-01 7.6034400000e-01
9.9134700000e-01 -2.0735900000e-01 7.6034400000e-01
-6.0790600000e-01 -2.2833500000e-01 4.2357000000e-01
-6.0790600000e-01 -2.2833500000e-01 4.2357000000e-01
-6.0790600000e-01 -2.2833500000e-01 4.2357000000e-01
-6.0790600000e-01 -2.2833500000e-01 4.2357000000e-01
-6.0790600000e-01 -2.2833500000e-01 4.2357000000e-01
-6.0790600000e-01 -2.2833500000e-01 4.2357000000e-01
-6.0790600000e-01 -2.2833500000e-01 4.2357000000e-01
-6.0790600000e-01 -2.2833500000e-01 4.2357000000e-01
-2.1256480000e+00 -1.2173730000e+00 -1.6291130000e+00
-2.1256480000e+00 -1.2173730000e+00 -1.6291130000e+00
-2.1256480000e+00 -1.2173730000e+00 -1.6291130000e+00
-2.1256480000e+00 -1.2173730000e+00 -1.6291130000e+00
-2.1256480000e+00 -1.2173730000e+00 -1.6291130000e+00
-2.1256480000e+00 -1.2173730000e+00 -1.6291130000e+00
-2.1256480000e+00 -1.2173730000e+00 -1.6291130000e+00
-2.1256480000e+00 -1.2173730000e+00 -1.6291130000e+00
3.4810900000e-01 2.6828700000e-01 -3.9058500000e-01
3.4810900000e-01 2.6828700000e-01 -3.9058500000e-01
3.4810900000e-01 2.6828700000e-01 -3.9058500000e-01
3.4810900000e-01 2.6828700000e-01 -3.9058500000e-01
3.4810900000e-01 2.6828700000e-01 -3.9058500000e-01
3.4810900000e-01 2.6828700000e-01 -3.9058500000e-01
3.4810900000e-01 2.6828700000e-01 -3.9058500000e-01
3.4810900000e-01 2.6828700000e-01 -3.9058500000e-01
-6.5398400000e-01 3.0385100000e-01 -1.6359700000e-01
-6.5398400000e-01 3.0385100000e-01 -1.6359700000e-01
-6.5398400000e-01 3.0385100000e-01 -1.6359700000e-01
-6.5398400000e-01 3.0385100000e-01 -1.6359700000e-01
-6.5398400000e-01 3.0385100000e-01 -1.6359700000e-01
-6.5398400000e-01 3.0385100000e-01 -1.6359700000e-01
-6.5398400000e-01 3.0385100000e-01 -1.6359700000e-01
-6.5398400000e-01 3.0385100000e-01 -1.6359700000e-01
-4.1065100000e-01 -1.6416500000e-01 4.0299700000e-01
-4.1065100000e-01 -1.6416500000e-01 4.0299700000e-01
-4.1065100000e-01 -1.6416500000e-01 4.0299700000e-01
-4.1065100000e-01 -1.6416500000e-01 4.0299700000e-01
-4.1065100000e-01 -1.6416500000e-01 4.0299700000e-01
-4.1065100000e-01 -1.6416500000e-01 4.0299700000e-01
-4.1065100000e-01 -1.6416500000e-01 4.0299700000e-01
-4.1065100000e-01 -1.6416500000e-01 4.0299700000e-01
5.9825800000e-01 1.6880000000e-01 -4.5716600000e-01
5.9825800000e-01 1.6880000000e-01 -4.5716600000e-01
5.9825800000e-01 1.6880000000e-01 -4.5716600000e-01
5.9825800000e-01 1.6880000000e-01 -4.5716600000e-01
5.9825800000e-01 1.6880000000e-01 -4.5716600000e-01
5.9825800000e-01 1.6880000000e-01 -4.5716600000e-01
5.9825800000e-01 1.6880000000e-01 -4.5716600000e-01
5.9825800000e-01 1.6880000000e-01 -4.5716600000e-01
-7.0856200000e-01 1.1474010000e+00 -2.7362200000e-01
-7.0856200000e-01 1.1474010000e+00 -2.7362200000e-01
-7.0856200000e-01 1.1474010000e+00 -2.7362200000e-01
-7.0856200000e-01 1.1474010000e+00 -2.7362200000e-01
-7.0856200000e-01 1.1474010000e+00 -2.7362200000e-01
-7.0856200000e-01 1.1474010000e+00 -2.7362200000e-01
-7.0856200000e-01 1.1474010000e+00 -2.7362200000e-01
-7.0856200000e-01 1.1474010000e+00 -2.7362200000e-01
5.7797000000e-02 8.0056000000e-01 -7.5165600000e-01
5.7797000000e-02 8.0056000000e-01 -7.5165600000e-01
5.7797000000e-02 8.0056000000e-01 -7.5165600000e-01
5.7797000000e-02 8.0056000000e-01 -7.5165600000e-01
5.7797000000e-02 8.0056000000e-01 -7.5165600000e-01
5.7797000000e-02 8.0056000000e-01 -7.5165600000e-01
5.7797000000e-02 8.0056000000e-01 -7.5165600000e-01
5.7797000000e-02 8.0056000000e-01 -7.5165600000e-01
5.9691200000e-01 1.2058190000e+00 -4.6633300000e-01
5.9691200000e-01 1.2058190000e+00 -4.6633300000e-01
5.9691200000e-01 1.2058190000e+00 -4.6633300000e-01
5.9691200000e-01 1.2058190000e+00 -4.6633300000e-01
5.9691200000e-01 1.2058190000e+00 -4.6633300000e-01
5.9691200000e-01 1.2058190000e+00 -4.6633300000e-01
5.9691200000e-01 1.2058190000e+00 -4.6633300000e-01
5.9691200000e-01 1.2058190000e+00 -4.6633300000e-01
5.9953300000e-01 -1.1660400000e-01 8.9796200000e-01
5.9953300000e-01 -1.1660400000e-01 8.9796200000e-01
5.9953300000e-01 -1.1660400000e-01 8.9796200000e-01
5.9953300000e-01 -1.1660400000e-01 8.9796200000e-01
5.9953300000e-01 -1.1660400000e-01 8.9796200000e-01
5.9953300000e-01 -1.1660400000e-01 8.9796200000e-01
5.9953300000e-01 -1.1660400000e-01 8.9796200000e-01
5.9953300000e-01 -1.1660400000e-01 8.9796200000e-01
-2.5175500000e-01 8.6176000000e-02 1.1908300000e-01
-2.5175500000e-01 8.6176000000e-02 1.1908300000e-01
-2.5175500000e-01 8.6176000000e-02 1.1908300000e-01
-2.5175500000e-01 8.6176000000e-02 1.1908300000e-01
-2.5175500000e-01 8.6176000000e-02 1.1908300000e-01
-2.5175500000e-01 8.6176000000e-02 1.1908300000e-01
-2.5175500000e-01 8.6176000000e-02 1.1908300000e-01
-2.5175500000e-01 8.6176000000e-02 1.1908300000e-01
7.7447000000e-02 -1.0912000000e-01 -1.1701990000e+00
7.7447000000e-02 -1.0912000000e-01 -1.1701990000e+00
7.7447000000e-02 -1.0912000000e-01 -1.1701990000e+00
7.7447000000e-02 -1.0912000000e-01 -1.1701990000e+00
7.7447000000e-02 -1.0912000000e-01 -1.1701990000e+00
7.7447000000e-02 -1.0912000000e-01 -1.1701990000e+00
7.7447000000e-02 -1.0912000000e-01 -1.1701990000e+00
7.7447000000e-02 -1.0912000000e-01 -1.1701990000e+00
-5.6518300000e-01 2.4982300000e-01 -7.6391000000e-01
-5.6518300000e-01 2.4982300000e-01 -7.6391000000e-01
-5.6518300000e-01 2.4982300000e-01 -7.6391000000e-01
-5.6518300000e-01 2.4982300000e-01 -7.6391000000e-01
-5.6518300000e-01 2.4982300000e-01 -7.6391000000e-01
-5.6518300000e-01 2.4982300000e-01 -7.6391000000e-01
-5.6518300000e-01 2.4982300000e-01 -7.6391000000e-01
-5.6518300000e-01 2.4982300000e-01 -7.6391000000e-01
-3.6409200000e-01 1.6331500000e-01 3.4048800000e-01
-3.6409200000e-01 1.6331500000e-01 3.4048800000e-01
-3.6409200000e-01 1.6331500000e-01 3.4048800000e-01
-3.6409200000e-01 1.6331500000e-01 3.4048800000e-01
-3.6409200000e-01 1.6331500000e-01 3.4048800000e-01
-3.6409200000e-01 1.6331500000e-01 3.4048800000e-01
-3.6409200000e-01 1.6331500000e-01 3.4048800000e-01
-3.6409200000e-01 1.6331500000e-01 3.4048800000e-01
-4.8249400000e-01 6.2829400000e-01 -5.3731800000e-01
-4.8249400000e-01 6.2829400000e-01 -5.3731800000e-01
-4.8249400000e-01 6.2829400000e-01 -5.3731800000e-01
-4.8249400000e-01 6.2829400000e-01 -5.3731800000e-01
-4.8249400000e-01 6.2829400000e-01 -5.3731800000e-01
-4.8249400000e-01 6.2829400000e-01 -5.3731800000e-01
-4.8249400000e-01 6.2829400000e-01 -5.3731800000e-01
-4.8249400000e-01 6.2829400000e-01 -5.3731800000e-01
-7.5091000000e-02 -2.7431400000e-01 6.9459100000e-01
-7.5091000000e-02 -2.7431400000e-01 6.9459100000e-01
-7.5091000000e-02 -2.7431400000e-01 6.9459100000e-01
-7.5091000000e-02 -2.7431400000e-01 6.9459100000e-01
-7.5091000000e-02 -2.7431400000e-01 6.9459100000e-01
-7.5091000000e-02 -2.7431400000e-01 6.9459100000e-01
-7.5091000000e-02 -2.7431400000e-01 6.9459100000e-01
-7.5091000000e-02 -2.7431400000e-01 6.9459100000e-01
4.7316200000e-01 4.3120700000e-01 -6.9445100000e-01
4.7316200000e-01 4.3120700000e-01 -6.9445100000e-01
4.7316200000e-01 4.3120700000e-01 -6.9445100000e-01
4.7316200000e-01 4.3120700000e-01 -6.9445100000e-01
4.7316200000e-01 4.3120700000e-01 -6.9445100000e-01
4.7316200000e-01 4.3120700000e-01 -6.9445100000e-01
4.7316200000e-01 4.3120700000e-01 -6.9445100000e-01
4.7316200000e-01 4.3120700000e-01 -6.9445100000e-01
2.6732700000e-01 -1.1171080000e+00 8.8862800000e-01
2.6732700000e-01 -1.1171080000e+00 8.8862800000e-01
2.6732700000e-01 -1.1171080000e+00 8.8862800000e-01
2.6732700000e-01 -1.1171080000e+00 8.8862800000e-01
2.6732700000e-01 -1.1171080000e+00 8.8862800000e-01
2.6732700000e-01 -1.1171080000e+00 8.8862800000e-01
2.6732700000e-01 -1.1171080000e+00 8.8862800000e-01
2.6732700000e-01 -1.1171080000e+00 8.8862800000e-01
8.0039000000e-02 4.8844500000e-01 -1.1592400000e-01
8.0039000000e-02 4.8844500000e-01 -1.1592400000e-01
8.0039000000e-02 4.8844500000e-01 -1.1592400000e-01
8.0039000000e-02 4.8844500000e-01 -1.1592400000e-01
8.0039000000e-02 4.8844500000e-01 -1.1592400000e-01
8.0039000000e-02 4.8844500000e-01 -1.1592400000e-01
8.0039000000e-02 4.8844500000e-01 -1.1592400000e-01
8.0039000000e-02 4.8844500000e-01 -1.1592400000e-01
-9.8078100000e-01 9.4817000000e-02 -2.7039100000e-01
-9.8078100000e-01 9.4817000000e-02 -2.7039100000e-01
-9.8078100000e-01 9.4817000000e-02 -2.7039100000e-01
-9.8078100000e-01 9.4817000000e-02 -2.7039100000e-01
-9.8078100000e-01 9.4817000000e-02 -2.7039100000e-01
-9.8078100000e-01 9.4817000000e-02 -2.7039100000e-01
-9.8078100000e-01 9.4817000000e-02 -2.7039100000e-01
-9.8078100000e-01 9.4817000000e-02 -2.7039100000e-01
8.5430000000e-03 5.9845800000e-01 3.6441200000e-01
8.5430000000e-03 5.9845800000e-01 3.6441200000e-01
8.5430000000e-03 5.9845800000e-01 3.6441200000e-01
8.5430000000e-03 5.9845800000e-01 3.6441200000e-01
8.5430000000e-03 5.9845800000e-01 3.6441200000e-01
8.5430000000e-03 5.9845800000e-01 3.6441200000e-01
8.5430000000e-03 5.9845800000e-01 3.6441200000e-01
8.5430000000e-03 5.9845800000e-01 3.6441200000e-01
-5.0541000000e-01 -3.7814000000e-01 -7.3968400000e-01
-5.0541000000e-01 -3.7814000000e-01 -7.3968400000e-01
-5.0541000000e-01 -3.7814000000e-01 -7.3968400000e-01
-5.0541000000e-01 -3.7814000000e-01 -7.3968400000e-01
-5.0541000000e-01 -3.7814000000e-01 -7.3968400000e-01
-5.0541000000e-01 -3.7814000000e-01 -7.3968400000e-01
-5.0541000000e-01 -3.7814000000e-01 -7.3968400000e-01
-5.0541000000e-01 -3.7814000000e-01 -7.3968400000e-01
4.0708500000e-01 -3.2597200000e-01 -1.0592090000e+00
4.0708500000e-01 -3.2597200000e-01 -1.0592090000e+00
4.0708500000e-01 -3.2597200000e-01 -1.0592090000e+00
4.0708500000e-01 -3.2597200000e-01 -1.0592090000e+00
4.0708500000e-01 -3.2597200000e-01 -1.0592090000e+00
4.0708500000e-01 -3.2597200000e-01 -1.0592090000e+00
4.0708500000e-01 -3.2597200000e-01 -1.0592090000e+00
4.0708500000e-01 -3.2597200000e-01 -1.0592090000e+00
-5.5782000000e-01 -6.9974000000e-02 -5.5967000000e-02
-5.5782000000e-01 -6.9974000000e-02 -5.5967000000e-02
-5.5782000000e-01 -6.9974000000e-02 -5.5967000000e-02
-5.5782000000e-01 -6.9974000000e-02 -5.5967000000e-02
-5.5782000000e-01 -6.9974000000e-02 -5.5967000000e-02
-5.5782000000e-01 -6.9974000000e-02 -5.5967000000e-02
-5.5782000000e-01 -6.9974000000e-02 -5.5967000000e-02
-5.5782000000e-01 -6.9974000000e-02 -5.5967000000e-02
-2.2130300000e-01 5.0968000000e-01 -2.4046000000e-01
-2.2130300000e-01 5.0968000000e-01 -2.4046000000e-01
-2.2130300000e-01 5.0968000000e-01 -2.4046000000e-01
-2.2130300000e-01 5.0968000000e-01 -2.4046000000e-01
-2.2130300000e-01 5.0968000000e-01 -2.4046000000e-01
-2.2130300000e-01 5.0968000000e-01 -2.4046000000e-01
-2.2130300000e-01 5.0968000000e-01 -2.4046000000e-01
-2.2130300000e-01 5.0968000000e-01 -2.4046000000e-01
3.5872800000e-01 -5.3861100000e-01 1.2026680000e+00
3.5872800000e-01 -5.3861100000e-01 1.2026680000e+00
3.5872800000e-01 -5.3861100000e-01 1.2026680000e+00
3.5872800000e-01 -5.3861100000e-01 1.2026680000e+00
3.5872800000e-01 -5.3861100000e-01 1.2026680000e+00
3.5872800000e-01 -5.3861100000e-01 1.2026680000e+00
3.5872800000e-01 -5.3861100000e-01 1.2026680000e+00
3.5872800000e-01 -5.3861100000e-01 1.2026680000e+00
-7.2314500000e-01 2.8449500000e-01 2.5628400000e-01
-7.2314500000e-01 2.8449500000e-01 2.5628400000e-01
-7.2314500000e-01 2.8449500000e-01 2.5628400000e-01
-7.2314500000e-01 2.8449500000e-01 2.5628400000e-01
-7.2314500000e-01 2.8449500000e-01 2.5628400000e-01
-7.2314500000e-01 2.8449500000e-01 2.5628400000e-01
-7.2314500000e-01 2.8449500000e-01 2.5628400000e-01
-7.2314500000e-01 2.8449500000e-01 2.5628400000e-01
1.7273200000e-01 -2.6655030000e+00 2.4415840000e+00
1.7273200000e-01 -2.6655030000e+00 2.4415840000e+00
1.7273200000e-01 -2.6655030000e+00 2.4415840000e+00
1.7273200000e-01 -2.6655030000e+00 2.4415840000e+00
1.7273200000e-01 -2.6655030000e+00 2.4415840000e+00
1.7273200000e-01 -2.6655030000e+00 2.4415840000e+00
1.7273200000e-01 -2.6655030000e+00 2.4415840000e+00
1.7273200000e-01 -2.6655030000e+00 2.4415840000e+00
6.0519900000e-01 5.2417600000e-01 1.8449000000e-01
6.0519900000e-01 5.2417600000e-01 1.8449000000e-01
6.0519900000e-01 5.2417600000e-01 1.8449000000e-01
6.0519900000e-01 5.2417600000e-01 1.8449000000e-01
6.0519900000e-01 5.2417600000e-01 1.8449000000e-01
6.0519900000e-01 5.2417600000e-01 1.8449000000e-01
6.0519900000e-01 5.2417600000e-01 1.8449000000e-01
6.0519900000e-01 5.2417600000e-01 1.8449000000e-01
-3.2628900000e-01 8.3958100000e-01 -5.7680300000e-01
-3.2628900000e-01 8.3958100000e-01 -5.7680300000e-01
-3.2628900000e-01 8.3958100000e-01 -5.7680300000e-01
-3.2628900000e-01 8.3958100000e-01 -5.7680300000e-01
-3.2628900000e-01 8.3958100000e-01 -5.7680300000e-01
-3.2628900000e-01 8.3958100000e-01 -5.7680300000e-01
-3.2628900000e-01 8.3958100000e-01 -5.7680300000e-01
-3.2628900000e-01 8.3958100000e-01 -5.7680300000e-01
3.3244000000e-02 -5.3764600000e-01 -7.7290100000e-01
3.3244000000e-02 -5.3764600000e-01 -7.7290100000e-01
3.3244000000e-02 -5.3764600000e-01 -7.7290100000e-01
3.3244000000e-02 -5.3764600000e-01 -7.7290100000e-01
3.3244000000e-02 -5.3764600000e-01 -7.7290100000e-01
3.3244000000e-02 -5.3764600000e-01 -7.7290100000e-01
3.3244000000e-02 -5.3764600000e-01 -7.7290100000e-01
3.3244000000e-02 -5.3764600000e-01 -7.7290100000e-01
8.4329300000e-01 -1.5531000000e-01 -3.3596000000e-02
8.4329300000e-01 -1.5531000000e-01 -3.3596000000e-02
8.4329300000e-01 -1.5531000000e-01 -3.3596000000e-02
8.4329300000e-01 -1.5531000000e-01 -3.3596000000e-02
8.4329300000e-01 -1.5531000000e-01 -3.3596000000e-02
8.4329300000e-01 -1.5531000000e-01 -3.3596000000e-02
8.4329300000e-01 -1.5531000000e-01 -3.3596000000e-02
8.4329300000e-01 -1.5531000000e-01 -3.3596000000e-02
-3.9045300000e-01 -1.5787020000e+00 2.0500560000e+00
-3.9045300000e-01 -1.5787020000e+00 2.0500560000e+00
-3.9045300000e-01 -1.5787020000e+00 2.0500560000e+00
-3.9045300000e-01 -1.5787020000e+00 2.0500560000e+00
-3.9045300000e-01 -1.5787020000e+00 2.0500560000e+00
-3.9045300000e-01 -1.5787020000e+00 2.0500560000e+00
-3.9045300000e-01 -1.5787020000e+00 2.0500560000e+00
-3.9045300000e-01 -1.5787020000e+00 2.0500560000e+00
5.1600400000e-01 2.3130200000e-01 8.2012000000e-02
5.1600400000e-01 2.3130200000e-01 8.2012000000e-02
5.1600400000e-01 2.3130200000e-01 8.2012000000e-02
5.1600400000e-01 2.3130200000e-01 8.2012000000e-02
5.1600400000e-01 2.3130200000e-01 8.2012000000e-02
5.1600400000e-01 2.3130200000e-01 8.2012000000e-02
5.1600400000e-01 2.3130200000e-01 8.2012000000e-02
5.1600400000e-01 2.3130200000e-01 8.2012000000e-02
1.1754400000e-01 1.4773750000e+00 -1.0847660000e+00
1.1754400000e-01 1.4773750000e+00 -1.0847660000e+00
1.1754400000e-01 1.4773750000e+00 -1.0847660000e+00
1.1754400000e-01 1.4773750000e+00 -1.0847660000e+00
1.1754400000e-01 1.4773750000e+00 -1.0847660000e+00
1.1754400000e-01 1.4773750000e+00 -1.0847660000e+00
1.1754400000e-01 1.4773750000e+00 -1.0847660000e+00
1.1754400000e-01 1.4773750000e+00 -1.0847660000e+00
-7.5269000000e-02 4.4957200000e-01 1.0472140000e+00
-7.5269000000e-02 4.4957200000e-01 1.0472140000e+00
-7.5269000000e-02 4.4957200000e-01 1.0472140000e+00
-7.5269000000e-02 4.4957200000e-01 1.0472140000e+00
-7.5269000000e-02 4.4957200000e-01 1.0472140000e+00
-7.5269000000e-02 4.4957200000e-01 1.0472140000e+00
-7.5269000000e-02 4.4957200000e-01 1.0472140000e+00
-7.5269000000e-02 4.4957200000e-01 1.0472140000e+00
-1.0206890000e+00 -5.3937700000e-01 -3.5591800000e-01
-1.0206890000e+00 -5.3937700000e-01 -3.5591800000e-01
-1.0206890000e+00 -5.3937700000e-01 -3.5591800000e-01
-1.0206890000e+00 -5.3937700000e-01 -3.5591800000e-01
-1.0206890000e+00 -5.3937700000e-01 -3.5591800000e-01
-1.0206890000e+00 -5.3937700000e-01 -3.5591800000e-01
-1.0206890000e+00 -5.3937700000e-01 -3.5591800000e-01
-1.0206890000e+00 -5.3937700000e-01 -3.5591800000e-01
4.0437610000e+00 1.2258600000e+00 -8.7953000000e-02
4.0437610000e+00 1.2258600000e+00 -8.7953000000e-02
4.0437610000e+00 1.2258600000e+00 -8.7953000000e-02
4.0437610000e+00 1.2258600000e+00 -8.7953000000e-02
4.0437610000e+00 1.2258600000e+00 -8.7953000000e-02
4.0437610000e+00 1.2258600000e+00 -8.7953000000e-02
4.0437610000e+00 1.2258600000e+00 -8.7953000000e-02
4.0437610000e+00 1.2258600000e+00 -8.7953000000e-02
5.2685700000e-01 9.1849100000e-01 -1.6030560000e+00
5.2685700000e-01 9.1849100000e-01 -1.6030560000e+00
5.2685700000e-01 9.1849100000e-01 -1.6030560000e+00
5.2685700000e-01 9.1849100000e-01 -1.6030560000e+00
5.2685700000e-01 9.1849100000e-01 -1.6030560000e+00
5.2685700000e-01 9.1849100000e-01 -1.6030560000e+00
5.2685700000e-01 9.1849100000e-01 -1.6030560000e+00
5.2685700000e-01 9.1849100000e-01 -1.6030560000e+00
-1.6791920000e+00 -2.2437500000e-01 2.1243250000e+00
-1.6791920000e+00 -2.2437500000e-01 2.1243250000e+00
-1.6791920000e+00 -2.2437500000e-01 2.1243250000e+00
-1.6791920000e+00 -2.2437500000e-01 2.1243250000e+00
-1.6791920000e+00 -2.2437500000e-01 2.1243250000e+00
-1.6791920000e+00 -2.2437500000e-01 2.1243250000e+00
-1.6791920000e+00 -2.2437500000e-01 2.1243250000e+00
-1.6791920000e+00 -2.2437500000e-01 2.1243250000e+00
-1.4514100000e-01 1.7826100000e-01 1.1687400000e+00
-1.4514100000e-01 1.7826100000e-01 1.1687400000e+00
-1.4514100000e-01 1.7826100000e-01 1.1687400000e+00
-1.4514100000e-01 1.7826100000e-01 1.1687400000e+00
-1.4514100000e-01 1.7826100000e-01 1.1687400000e+00
-1.4514100000e-01 1.7826100000e-01 1.1687400000e+00
-1.4514100000e-01 1.7826100000e-01 1.1687400000e+00
-1.4514100000e-01 1.7826100000e-01 1.1687400000e+00
1.6714190000e+00 2.9004000000e-02 1.0093770000e+00
1.6714190000e+00 2.9004000000e-02 1.0093770000e+00
1.6714190000e+00 2.9004000000e-02 1.0093770000e+00
1.6714190000e+00 2.9004000000e-02 1.0093770000e+00
1.6714190000e+00 2.9004000000e-02 1.0093770000e+00
1.6714190000e+00 2.9004000000e-02 1.0093770000e+00
1.6714190000e+00 2.9004000000e-02 1.0093770000e+00
1.6714190000e+00 2.9004000000e-02 1.0093770000e+00
-3.9381300000e-01 1.6871870000e+00 -1.7482900000e+00
-3.9381300000e-01 1.6871870000e+00 -1.7482900000e+00
-3.9381300000e-01 1.6871870000e+00 -1.7482900000e+00
-3.9381300000e-01 1.6871870000e+00 -1.7482900000e+00
-3.9381300000e-01 1.6871870000e+00 -1.7482900000e+00
-3.9381300000e-01 1.6871870000e+00 -1.7482900000e+00
-3.9381300000e-01 1.6871870000e+00 -1.7482900000e+00
-3.9381300000e-01 1.6871870000e+00 -1.7482900000e+00
-2.0623110000e+00 -6.9864000000e-01 9.9864200000e-01
-2.0623110000e+00 -6.9864000000e-01 9.9864200000e-01
-2.0623110000e+00 -6.9864000000e-01 9.9864200000e-01
-2.0623110000e+00 -6.9864000000e-01 9.9864200000e-01
-2.0623110000e+00 -6.9864000000e-01 9.9864200000e-01
-2.0623110000e+00 -6.9864000000e-01 9.9864200000e-01
-2.0623110000e+00 -6.9864000000e-01 9.9864200000e-01
-2.0623110000e+00 -6.9864000000e-01 9.9864200000e-01
-1.1854260000e+00 -2.5472100000e-01 8.6995400000e-01
-1.1854260000e+00 -2.5472100000e-01 8.6995400000e-01
-1.1854260000e+00 -2.5472100000e-01 8.6995400000e-01
-1.1854260000e+00 -2.5472100000e-01 8.6995400000e-01
-1.1854260000e+00 -2.5472100000e-01 8.6995400000e-01
-1.1854260000e+00 -2.5472100000e-01 8.6995400000e-01
-1.1854260000e+00 -2.5472100000e-01 8.6995400000e-01
-1.1854260000e+00 -2.5472100000e-01 8.6995400000e-01
2.2742050000e+00 -2.3456600000e-01 -8.9213700000e-01
2.2742050000e+00 -2.3456600000e-01 -8.9213700000e-01
2.2742050000e+00 -2.3456600000e-01 -8.9213700000e-01
2.2742050000e+00 -2.3456600000e-01 -8.9213700000e-01
2.2742050000e+00 -2.3456600000e-01 -8.9213700000e-01
2.2742050000e+00 -2.3456600000e-01 -8.9213700000e-01
2.2742050000e+00 -2.3456600000e-01 -8.9213700000e-01
2.2742050000e+00 -2.3456600000e-01 -8.9213700000e-01
-2.1021500000e-01 -3.0147200000e-01 2.3012100000e-01
-2.1021500000e-01 -3.0147200000e-01 2.3012100000e-01
-2.1021500000e-01 -3.0147200000e-01 2.3012100000e-01
-2.1021500000e-01 -3.0147200000e-01 2.3012100000e-01
-2.1021500000e-01 -3.0147200000e-01 2.3012100000e-01
-2.1021500000e-01 -3.0147200000e-01 2.3012100000e-01
-2.1021500000e-01 -3.0147200000e-01 2.3012100000e-01
-2.1021500000e-01 -3.0147200000e-01 2.3012100000e-01
-3.7751100000e-01 -4.8943200000e-01 1.7699570000e+00
-3.7751100000e-01 -4.8943200000e-01 1.7699570000e+00
-3.7751100000e-01 -4.8943200000e-01 1.7699570000e+00
-3.7751100000e-01 -4.8943200000e-01 1.7699570000e+00
-3.7751100000e-01 -4.8943200000e-01 1.7699570000e+00
-3.7751100000e-01 -4.8943200000e-01 1.7699570000e+00
-3.7751100000e-01 -4.8943200000e-01 1.7699570000e+00
-3.7751100000e-01 -4.8943200000e-01 1.7699570000e+00
-1.9844140000e+00 -2.0905550000e+00 7.4784100000e-01
-1.9844140000e+00 -2.0905550000e+00 7.4784100000e-01
-1.9844140000e+00 -2.0905550000e+00 7.4784100000e-01
-1.9844140000e+00 -2.0905550000e+00 7.4784100000e-01
-1.9844140000e+00 -2.0905550000e+00 7.4784100000e-01
-1.9844140000e+00 -2.0905550000e+00 7.4784100000e-01
-1.9844140000e+00 -2.0905550000e+00 7.4784100000e-01
-1.9844140000e+00 -2.0905550000e+00 7.4784100000e-01
6.9955600000e-01 9.4230000000e-02 9.4482800000e-01
6.9955600000e-01 9.4230000000e-02 9.4482800000e-01
6.9955600000e-01 9.4230000000e-02 9.4482800000e-01
6.9955600000e-01 9.4230000000e-02 9.4482800000e-01
6.9955600000e-01 9.4230000000e-02 9.4482800000e-01
6.9955600000e-01 9.4230000000e-02 9.4482800000e-01
6.9955600000e-01 9.4230000000e-02 9.4482800000e-01
6.9955600000e-01 9.4230000000e-02 9.4482800000e-01
-2.8140900000e-01 1.8825210000e+00 -2.4800300000e-01
-2.8140900000e-01 1.8825210000e+00 -2.4800300000e-01
-2.8140900000e-01 1.8825210000e+00 -2.4800300000e-01
-2.8140900000e-01 1.8825210000e+00 -2.4800300000e-01
-2.8140900000e-01 1.8825210000e+00 -2.4800300000e-01
-2.8140900000e-01 1.8825210000e+00 -2.4800300000e-01
-2.8140900000e-01 1.8825210000e+00 -2.4800300000e-01
-2.8140900000e-01 1.8825210000e+00 -2.4800300000e-01
-9.3176600000e-01 1.5290750000e+00 2.2725140000e+00
-9.3176600000e-01 1.5290750000e+00 2.2725140000e+00
-9.3176600000e-01 1.5290750000e+00 2.2725140000e+00
-9.3176600000e-01 1.5290750000e+00 2.2725140000e+00
-9.3176600000e-01 1.5290750000e+00 2.2725140000e+00
-9.3176600000e-01 1.5290750000e+00 2.2725140000e+00
-9.3176600000e-01 1.5290750000e+00 2.2725140000e+00
-9.3176600000e-01 1.5290750000e+00 2.2725140000e+00
4.3640800000e-01 1.3542070000e+00 -4.8376100000e-01
4.3640800000e-01 1.3542070000e+00 -4.8376100000e-01
4.3640800000e-01 1.3542070000e+00 -4.8376100000e-01
4.3640800000e-01 1.3542070000e+00 -4.8376100000e-01
4.3640800000e-01 1.3542070000e+00 -4.8376100000e-01
4.3640800000e-01 1.3542070000e+00 -4.8376100000e-01
4.3640800000e-01 1.3542070000e+00 -4.8376100000e-01
4.3640800000e-01 1.3542070000e+00 -4.8376100000e-01
1.3200090000e+00 -1.2302500000e+00 -4.0002800000e-01
1.3200090000e+00 -1.2302500000e+00 -4.0002800000e-01
1.3200090000e+00 -1.2302500000e+00 -4.0002800000e-01
1.3200090000e+00 -1.2302500000e+00 -4.0002800000e-01
1.3200090000e+00 -1.2302500000e+00 -4.0002800000e-01
1.3200090000e+00 -1.2302500000e+00 -4.0002800000e-01
1.3200090000e+00 -1.2302500000e+00 -4.0002800000e-01
1.3200090000e+00 -1.2302500000e+00 -4.0002800000e-01
2.1665970000e+00 -1.7393160000e+00 8.4628500000e-01
2.1665970000e+00 -1.7393160000e+00 8.4628500000e-01
2.1665970000e+00 -1.7393160000e+00 8.4628500000e-01
2.1665970000e+00 -1.7393160000e+00 8.4628500000e-01
2.1665970000e+00 -1.7393160000e+00 8.4628500000e-01
2.1665970000e+00 -1.7393160000e+00 8.4628500000e-01
2.1665970000e+00 -1.7393160000e+00 8.4628500000e-01
2.1665970000e+00 -1.7393160000e+00 8.4628500000e-01
-3.2925600000e-01 5.0593600000e-01 -1.7192080000e+00
-3.2925600000e-01 5.0593600000e-01 -1.7192080000e+00
-3.2925600000e-01 5.0593600000e-01 -1.7192080000e+00
-3.2925600000e-01 5.0593600000e-01 -1.7192080000e+00
-3.2925600000e-01 5.0593600000e-01 -1.7192080000e+00
-3.2925600000e-01 5.0593600000e-01 -1.7192080000e+00
-3.2925600000e-01 5.0593600000e-01 -1.7192080000e+00
-3.2925600000e-01 5.0593600000e-01 -1.7192080000e+00
2.0508560000e+00 2.1324580000e+00 -2.0007870000e+00
2.0508560000e+00 2.1324580000e+00 -2.0007870000e+00
2.0508560000e+00 2.1324580000e+00 -2.0007870000e+00
2.0508560000e+00 2.1324580000e+00 -2.0007870000e+00
2.0508560000e+00 2.1324580000e+00 -2.0007870000e+00
2.0508560000e+00 2.1324580000e+00 -2.0007870000e+00
2.0508560000e+00 2.1324580000e+00 -2.0007870000e+00
2.0508560000e+00 2.1324580000e+00 -2.0007870000e+00
2.2030100000e-01 -1.7067100000e-01 1.5154080000e+00
2.2030100000e-01 -1.7067100000e-01 1.5154080000e+00
2.2030100000e-01 -1.7067100000e-01 1.5154080000e+00
2.2030100000e-01 -1.7067100000e-01 1.5154080000e+00
2.2030100000e-01 -1.7067100000e-01 1.5154080000e+00
2.2030100000e-01 -1.7067100000e-01 1.5154080000e+00
2.2030100000e-01 -1.7067100000e-01 1.5154080000e+00
2.2030100000e-01 -1.7067100000e-01 1.5154080000e+00
6.3446200000e-01 -1.1738500000e+00 2.3169470000e+00
6.3446200000e-01 -1.1738500000e+00 2.3169470000e+00
6.3446200000e-01 -1.1738500000e+00 2.3169470000e+00
6.3446200000e-01 -1.1738500000e+00 2.3169470000e+00
6.3446200000e-01 -1.1738500000e+00 2.3169470000e+00
6.3446200000e-01 -1.1738500000e+00 2.3169470000e+00
6.3446200000e-01 -1.1738500000e+00 2.3169470000e+00
6.3446200000e-01 -1.1738500000e+00 2.3169470000e+00
2.7291690000e+00 -2.6699900000e-01 -2.5619300000e-01
2.7291690000e+00 -2.6699900000e-01 -2.5619300000e-01
2.7291690000e+00 -2.6699900000e-01 -2.5619300000e-01
2.7291690000e+00 -2.6699900000e-01 -2.5619300000e-01
2.7291690000e+00 -2.6699900000e-01 -2.5619300000e-01
2.7291690000e+00 -2.6699900000e-01 -2.5619300000e-01
2.7291690000e+00 -2.6699900000e-01 -2.5619300000e-01
2.7291690000e+00 -2.6699900000e-01 -2.5619300000e-01
-6.3268000000e-02 1.4016200000e-01 4.0109400000e-01
-6.3268000000e-02 1.4016200000e-01 4.0109400000e-01
-6.3268000000e-02 1.4016200000e-01 4.0109400000e-01
-6.3268000000e-02 1.4016200000e-01 4.0109400000e-01
-6.3268000000e-02 1.4016200000e-01 4.0109400000e-01
-6.3268000000e-02 1.4016200000e-01 4.0109400000e-01
-6.3268000000e-02 1.4016200000e-01 4.0109400000e-01
-6.3268000000e-02 1.4016200000e-01 4.0109400000e-01
2.6322900000e-01 -1.1145960000e+00 -3.7649500000e-01
2.6322900000e-01 -1.1145960000e+00 -3.7649500000e-01
2.6322900000e-01 -1.1145960000e+00 -3.7649500000e-01
2.6322900000e-01 -1.1145960000e+00 -3.7649500000e-01
2.6322900000e-01 -1.1145960000e+00 -3.7649500000e-01
2.6322900000e-01 -1.1145960000e+00 -3.7649500000e-01
2.6322900000e-01 -1.1145960000e+00 -3.7649500000e-01
2.6322900000e-01 -1.1145960000e+00 -3.7649500000e-01
-5.3667600000e-01 1.9658200000e+00 -2.3274300000e-01
-5.3667600000e-01 1.9658200000e+00 -2.3274300000e-01
-5.3667600000e-01 1.9658200000e+00 -2.3274300000e-01
-5.3667600000e-01 1.9658200000e+00 -2.3274300000e-01
-5.3667600000e-01 1.9658200000e+00 -2.3274300000e-01
-5.3667600000e-01 1.9658200000e+00 -2.3274300000e-01
-5.3667600000e-01 1.9658200000e+00 -2.3274300000e-01
-5.3667600000e-01 1.9658200000e+00 -2.3274300000e-01
5.2191030000e+00 -3.4053120000e+00 -2.8991990000e+00
5.2191030000e+00 -3.4053120000e+00 -2.8991990000e+00
5.2191030000e+00 -3.4053120000e+00 -2.8991990000e+00
5.2191030000e+00 -3.4053120000e+00 -2.8991990000e+00
5.2191030000e+00 -3.4053120000e+00 -2.8991990000e+00
5.2191030000e+00 -3.4053120000e+00 -2.8991990000e+00
5.2191030000e+00 -3.4053120000e+00 -2.8991990000e+00
5.2191030000e+00 -3.4053120000e+00 -2.8991990000e+00
-3.5717200000e-01 4.2084700000e-01 -2.1623070000e+00
-3.5717200000e-01 4.2084700000e-01 -2.1623070000e+00
-3.5717200000e-01 4.2084700000e-01 -2.1623070000e+00
-3.5717200000e-01 4.2084700000e-01 -2.1623070000e+00
-3.5717200000e-01 4.2084700000e-01 -2.1623070000e+00
-3.5717200000e-01 4.2084700000e-01 -2.1623070000e+00
-3.5717200000e-01 4.2084700000e-01 -2.1623070000e+00
-3.5717200000e-01 4.2084700000e-01 -2.1623070000e+00
-2.6671770000e+00 -2.1068360000e+00 -1.5956950000e+00
-2.6671770000e+00 -2.1068360000e+00 -1.5956950000e+00
-2.6671770000e+00 -2.1068360000e+00 -1.5956950000e+00
-2.6671770000e+00 -2.1068360000e+00 -1.5956950000e+00
-2.6671770000e+00 -2.1068360000e+00 -1.5956950000e+00
-2.6671770000e+00 -2.1068360000e+00 -1.5956950000e+00
-2.6671770000e+00 -2.1068360000e+00 -1.5956950000e+00
-2.6671770000e+00 -2.1068360000e+00 -1.5956950000e+00
2.7393130000e+00 1.4197990000e+00 1.0081120000e+00
2.7393130000e+00 1.4197990000e+00 1.0081120000e+00
2.7393130000e+00 1.4197990000e+00 1.0081120000e+00
2.7393130000e+00 1.4197990000e+00 1.0081120000e+00
2.7393130000e+00 1.4197990000e+00 1.0081120000e+00
2.7393130000e+00 1.4197990000e+00 1.0081120000e+00
2.7393130000e+00 1.4197990000e+00 1.0081120000e+00
2.7393130000e+00 1.4197990000e+00 1.0081120000e+00
-2.7328300000e-01 -6.6821300000e-01 2.8806270000e+00
-2.7328300000e-01 -6.6821300000e-01 2.8806270000e+00
-2.7328300000e-01 -6.6821300000e-01 2.8806270000e+00
-2.7328300000e-01 -6.6821300000e-01 2.8806270000e+00
-2.7328300000e-01 -6.6821300000e-01 2.8806270000e+00
-2.7328300000e-01 -6.6821300000e-01 2.8806270000e+00
-2.7328300000e-01 -6.6821300000e-01 2.8806270000e+00
-2.7328300000e-01 -6.6821300000e-01 2.8806270000e+00
-1.9554570000e+00 2.8355000000e-01 3.3696400000e-01
-1.9554570000e+00 2.8355000000e-01 3.3696400000e-01
-1.9554570000e+00 2.8355000000e-01 3.3696400000e-01
-1.9554570000e+00 2.8355000000e-01 3.3696400000e-01
-1.9554570000e+00 2.8355000000e-01 3.3696400000e-01
-1.9554570000e+00 2.8355000000e-01 3.3696400000e-01
-1.9554570000e+00 2.8355000000e-01 3.3696400000e-01
-1.9554570000e+00 2.8355000000e-01 3.3696400000e-01
-5.3012400000e-01 -2.8439430000e+00 8.4660000000e-02
-5.3012400000e-01 -2.8439430000e+00 8.4660000000e-02
-5.3012400000e-01 -2.8439430000e+00 8.4660000000e-02
-5.3012400000e-01 -2.8439430000e+00 8.4660000000e-02
-5.3012400000e-01 -2.8439430000e+00 8.4660000000e-02
-5.3012400000e-01 -2.8439430000e+00 8.4660000000e-02
-5.3012400000e-01 -2.8439430000e+00 8.4660000000e-02
-5.3012400000e-01 -2.8439430000e+00 8.4660000000e-02
-3.1113100000e-01 -1.5872400000e-01 4.4655000000e-01
-3.1113100000e-01 -1.5872400000e-01 4.4655000000e-01
-3.1113100000e-01 -1.5872400000e-01 4.4655000000e-01
-3.1113100000e-01 -1.5872400000e-01 4.4655000000e-01
-3.1113100000e-01 -1.5872400000e-01 4.4655000000e-01
-3.1113100000e-01 -1.5872400000e-01 4.4655000000e-01
-3.1113100000e-01 -1.5872400000e-01 4.4655000000e-01
-3.1113100000e-01 -1.5872400000e-01 4.4655000000e-01
2.3590200000e-01 2.8095040000e+00 2.7630170000e+00
2.3590200000e-01 2.8095040000e+00 2.7630170000e+00
2.3590200000e-01 2.8095040000e+00 2.7630170000e+00
2.3590200000e-01 2.8095040000e+00 2.7630170000e+00
2.3590200000e-01 2.8095040000e+00 2.7630170000e+00
2.3590200000e-01 2.8095040000e+00 2.7630170000e+00
2.3590200000e-01 2.8095040000e+00 2.7630170000e+00
2.3590200000e-01 2.8095040000e+00 2.7630170000e+00
-2.2197600000e+00 -1.1178270000e+00 -8.5680000000e-01
-2.2197600000e+00 -1.1178270000e+00 -8.5680000000e-01
-2.2197600000e+00 -1.1178270000e+00 -8.5680000000e-01
-2.2197600000e+00 -1.1178270000e+00 -8.5680000000e-01
-2.2197600000e+00 -1.1178270000e+00 -8.5680000000e-01
-2.2197600000e+00 -1.1178270000e+00 -8.5680000000e-01
-2.2197600000e+00 -1.1178270000e+00 -8.5680000000e-01
-2.2197600000e+00 -1.1178270000e+00 -8.5680000000e-01
-5.9535500000e-01 -6.6976400000e-01 -6.3277200000e-01
-5.9535500000e-01 -6.6976400000e-01 -6.3277200000e-01
-5.9535500000e-01 -6.6976400000e-01 -6.3277200000e-01
-5.9535500000e-01 -6.6976400000e-01 -6.3277200000e-01
-5.9535500000e-01 -6.6976400000e-01 -6.3277200000e-01
-5.9535500000e-01 -6.6976400000e-01 -6.3277200000e-01
-5.9535500000e-01 -6.6976400000e-01 -6.3277200000e-01
-5.9535500000e-01 -6.6976400000e-01 -6.3277200000e-01
2.0411410000e+00 -1.0242060000e+00 1.5057960000e+00
2.0411410000e+00 -1.0242060000e+00 1.5057960000e+00
2.0411410000e+00 -1.0242060000e+00 1.5057960000e+00
2.0411410000e+00 -1.0242060000e+00 1.5057960000e+00
2.0411410000e+00 -1.0242060000e+00 1.5057960000e+00
2.0411410000e+00 -1.0242060000e+00 1.5057960000e+00
2.0411410000e+00 -1.0242060000e+00 1.5057960000e+00
2.0411410000e+00 -1.0242060000e+00 1.5057960000e+00
-7.8744400000e-01 1.7484630000e+00 2.8098730000e+00
-7.8744400000e-01 1.7484630000e+00 2.8098730000e+00
-7.8744400000e-01 1.7484630000e+00 2.8098730000e+00
-7.8744400000e-01 1.7484630000e+00 2.8098730000e+00
-7.8744400000e-01 1.7484630000e+00 2.8098730000e+00
-7.8744400000e-01 1.7484630000e+00 2.8098730000e+00
-7.8744400000e-01 1.7484630000e+00 2.8098730000e+00
-7.8744400000e-01 1.7484630000e+00 2.8098730000e+00
9.7145400000e-01 8.9485600000e-01 -4.4292100000e-01
9.7145400000e-01 8.9485600000e-01 -4.4292100000e-01
9.7145400000e-01 8.9485600000e-01 -4.4292100000e-01
9.7145400000e-01 8.9485600000e-01 -4.4292100000e-01
9.7145400000e-01 8.9485600000e-01 -4.4292100000e-01
9.7145400000e-01 8.9485600000e-01 -4.4292100000e-01
9.7145400000e-01 8.9485600000e-01 -4.4292100000e-01
9.7145400000e-01 8.9485600000e-01 -4.4292100000e-01
8.8019800000e-01 -1.2873360000e+00 -1.9521260000e+00
8.8019800000e-01 -1.2873360000e+00 -1.9521260000e+00
8.8019800000e-01 -1.2873360000e+00 -1.9521260000e+00
8.8019800000e-01 -1.2873360000e+00 -1.9521260000e+00
8.8019800000e-01 -1.2873360000e+00 -1.9521260000e+00
8.8019800000e-01 -1.2873360000e+00 -1.9521260000e+00
8.8019800000e-01 -1.2873360000e+00 -1.9521260000e+00
8.8019800000e-01 -1.2873360000e+00 -1.9521260000e+00
6.4365600000e-01 -4.1765900000e-01 4.1012400000e-01
6.4365600000e-01 -4.1765900000e-01 4.1012400000e-01
6.4365600000e-01 -4.1765900000e-01 4.1012400000e-01
6.4365600000e-01 -4.1765900000e-01 4.1012400000e-01
6.4365600000e-01 -4.1765900000e-01 4.1012400000e-01
6.4365600000e-01 -4.1765900000e-01 4.1012400000e-01
6.4365600000e-01 -4.1765900000e-01 4.1012400000e-01
6.4365600000e-01 -4.1765900000e-01 4.1012400000e-01
-1.6633290000e+00 4.7077100000e-01 -7.5222500000e-01
-1.6633290000e+00 4.7077100000e-01 -7.5222500000e-01
-1.6633290000e+00 4.7077100000e-01 -7.5222500000e-01
-1.6633290000e+00 4.7077100000e-01 -7.5222500000e-01
-1.6633290000e+00 4.7077100000e-01 -7.5222500000e-01
-1.6633290000e+00 4.7077100000e-01 -7.5222500000e-01
-1.6633290000e+00 4.7077100000e-01 -7.5222500000e-01
-1.6633290000e+00 4.7077100000e-01 -7.5222500000e-01
-5.5117700000e-01 1.4898800000e+00 1.8031460000e+00
-5.5117700000e-01 1.4898800000e+00 1.8031460000e+00
-5.5117700000e-01 1.4898800000e+00 1.8031460000e+00
-5.5117700000e-01 1.4898800000e+00 1.8031460000e+00
-5.5117700000e-01 1.4898800000e+00 1.8031460000e+00
-5.5117700000e-01 1.4898800000e+00 1.8031460000e+00
-5.5117700000e-01 1.4898800000e+00 1.8031460000e+00
-5.5117700000e-01 1.4898800000e+00 1.8031460000e+00
3.9620750000e+00 -2.9725370000e+00 -2.7231920000e+00
3.9620750000e+00 -2.9725370000e+00 -2.7231920000e+00
3.9620750000e+00 -2.9725370000e+00 -2.7231920000e+00
3.9620750000e+00 -2.9725370000e+00 -2.7231920000e+00
3.9620750000e+00 -2.9725370000e+00 -2.7231920000e+00
3.9620750000e+00 -2.9725370000e+00 -2.7231920000e+00
3.9620750000e+00 -2.9725370000e+00 -2.7231920000e+00
3.9620750000e+00 -2.9725370000e+00 -2.7231920000e+00
-6.3518900000e-01 -1.0172100000e-01 -2.6828000000e-02
-6.3518900000e-01 -1.0172100000e-01 -2.6828000000e-02
-6.3518900000e-01 -1.0172100000e-01 -2.6828000000e-02
-6.3518900000e-01 -1.0172100000e-01 -2.6828000000e-02
-6.3518900000e-01 -1.0172100000e-01 -2.6828000000e-02
-6.3518900000e-01 -1.0172100000e-01 -2.6828000000e-02
-6.3518900000e-01 -1.0172100000e-01 -2.6828000000e-02
-6.3518900000e-01 -1.0172100000e-01 -2.6828000000e-02
4.9648300000e-01 -1.3246820000e+00 3.0916700000e-01
4.9648300000e-01 -1.3246820000e+00 3.0916700000e-01
4.9648300000e-01 -1.3246820000e+00 3.0916700000e-01
4.9648300000e-01 -1.3246820000e+00 3.0916700000e-01
4.9648300000e-01 -1.3246820000e+00 3.0916700000e-01
4.9648300000e-01 -1.3246820000e+00 3.0916700000e-01
4.9648300000e-01 -1.3246820000e+00 3.0916700000e-01
4.9648300000e-01 -1.3246820000e+00 3.0916700000e-01
-1.4625230000e+00 6.3705900000e-01 9.2644000000e-01
-1.4625230000e+00 6.3705900000e-01 9.2644000000e-01
-1.4625230000e+00 6.3705900000e-01 9.2644000000e-01
-1.4625230000e+00 6.3705900000e-01 9.2644000000e-01
-1.4625230000e+00 6.3705900000e-01 9.2644000000e-01
-1.4625230000e+00 6.3705900000e-01 9.2644000000e-01
-1.4625230000e+00 6.3705900000e-01 9.2644000000e-01
-1.4625230000e+00 6.3705900000e-01 9.2644000000e-01
-8.8082300000e-01 -1.6063030000e+00 -7.1563600000e-01
-8.8082300000e-01 -1.6063030000e+00 -7.1563600000e-01
-8.8082300000e-01 -1.6063030000e+00 -7.1563600000e-01
-8.8082300000e-01 -1.6063030000e+00 -7.1563600000e-01
-8.8082300000e-01 -1.6063030000e+00 -7.1563600000e-01
-8.8082300000e-01 -1.6063030000e+00 -7.1563600000e-01
-8.8082300000e-01 -1.6063030000e+00 -7.1563600000e-01
-8.8082300000e-01 -1.6063030000e+00 -7.1563600000e-01
3.0699100000e-01 -4.3088000000e-01 1.1075200000e+00
3.0699100000e-01 -4.3088000000e-01 1.1075200000e+00
3.0699100000e-01 -4.3088000000e-01 1.1075200000e+00
3.0699100000e-01 -4.3088000000e-01 1.1075200000e+00
3.0699100000e-01 -4.3088000000e-01 1.1075200000e+00
3.0699100000e-01 -4.3088000000e-01 1.1075200000e+00
3.0699100000e-01 -4.3088000000e-01 1.1075200000e+00
3.0699100000e-01 -4.3088000000e-01 1.1075200000e+00
-1.9355480000e+00 1.3436500000e-01 1.6117580000e+00
-1.9355480000e+00 1.3436500000e-01 1.6117580000e+00
-1.9355480000e+00 1.3436500000e-01 1.6117580000e+00
-1.9355480000e+00 1.3436500000e-01 1.6117580000e+00
-1.9355480000e+00 1.3436500000e-01 1.6117580000e+00
-1.9355480000e+00 1.3436500000e-01 1.6117580000e+00
-1.9355480000e+00 1.3436500000e-01 1.6117580000e+00
-1.9355480000e+00 1.3436500000e-01 1.6117580000e+00
-1.1554040000e+00 2.0994600000e-01 -1.8058520000e+00
-1.1554040000e+00 2.0994600000e-01 -1.8058520000e+00
-1.1554040000e+00 2.0994600000e-01 -1.8058520000e+00
-1.1554040000e+00 2.0994600000e-01 -1.8058520000e+00
-1.1554040000e+00 2.0994600000e-01 -1.8058520000e+00
-1.1554040000e+00 2.0994600000e-01 -1.8058520000e+00
-1.1554040000e+00 2.0994600000e-01 -1.8058520000e+00
-1.1554040000e+00 2.0994600000e-01 -1.8058520000e+00
3.3871370000e+00 2.0270580000e+00 3.3552670000e+00
3.3871370000e+00 2.0270580000e+00 3.3552670000e+00
3.3871370000e+00 2.0270580000e+00 3.3552670000e+00
3.3871370000e+00 2.0270580000e+00 3.3552670000e+00
3.3871370000e+00 2.0270580000e+00 3.3552670000e+00
3.3871370000e+00 2.0270580000e+00 3.3552670000e+00
3.3871370000e+00 2.0270580000e+00 3.3552670000e+00
3.3871370000e+00 2.0270580000e+00 3.3552670000e+00
-9.0619100000e-01 -1.0476390000e+00 -2.1993990000e+00
-9.0619100000e-01 -1.0476390000e+00 -2.1993990000e+00
-9.0619100000e-01 -1.0476390000e+00 -2.1993990000e+00
-9.0619100000e-01 -1.0476390000e+00 -2.1993990000e+00
-9.0619100000e-01 -1.0476390000e+00 -2.1993990000e+00
-9.0619100000e-01 -1.0476390000e+00 -2.1993990000e+00
-9.0619100000e-01 -1.0476390000e+00 -2.1993990000e+00
-9.0619100000e-01 -1.0476390000e+00 -2.1993990000e+00
-5.9621800000e-01 2.8637000000e-02 3.0450600000e-01
-5.9621800000e-01 2.8637000000e-02 3.0450600000e-01
-5.9621800000e-01 2.8637000000e-02 3.0450600000e-01
-5.9621800000e-01 2.8637000000e-02 3.0450600000e-01
-5.9621800000e-01 2.8637000000e-02 3.0450600000e-01
-5.9621800000e-01 2.8637000000e-02 3.0450600000e-01
-5.9621800000e-01 2.8637000000e-02 3.0450600000e-01
-5.9621800000e-01 2.8637000000e-02 3.0450600000e-01
8.2342000000e-02 7.8518500000e-01 1.0953760000e+00
8.2342000000e-02 7.8518500000e-01 1.0953760000e+00
8.2342000000e-02 7.8518500000e-01 1.0953760000e+00
8.2342000000e-02 7.8518500000e-01 1.0953760000e+00
8.2342000000e-02 7.8518500000e-01 1.0953760000e+00
8.2342000000e-02 7.8518500000e-01 1.0953760000e+00
8.2342000000e-02 7.8518500000e-01 1.0953760000e+00
8.2342000000e-02 7.8518500000e-01 1.0953760000e+00
-9.2651500000e-01 5.1425800000e-01 3.4860300000e-01
-9.2651500000e-01 5.1425800000e-01 3.4860300000e-01
-9.2651500000e-01 5.1425800000e-01 3.4860300000e-01
-9.2651500000e-01 5.1425800000e-01 3.4860300000e-01
-9.2651500000e-01 5.1425800000e-01 3.4860300000e-01
-9.2651500000e-01 5.1425800000e-01 3.4860300000e-01
-9.2651500000e-01 5.1425800000e-01 3.4860300000e-01
-9.2651500000e-01 5.1425800000e-01 3.4860300000e-01
-8.5468000000e-02 1.5893530000e+00 -2.4323990000e+00
-8.5468000000e-02 1.5893530000e+00 -2.4323990000e+00
-8.5468000000e-02 1.5893530000e+00 -2.4323990000e+00
-8.5468000000e-02 1.5893530000e+00 -2.4323990000e+00
-8.5468000000e-02 1.5893530000e+00 -2.4323990000e+00
-8.5468000000e-02 1.5893530000e+00 -2.4323990000e+00
-8.5468000000e-02 1.5893530000e+00 -2.4323990000e+00
-8.5468000000e-02 1.5893530000e+00 -2.4323990000e+00
-3.3227700000e-01 5.2861300000e-01 1.8105060000e+00
-3.3227700000e-01 5.2861300000e-01 1.8105060000e+00
-3.3227700000e-01 5.2861300000e-01 1.8105060000e+00
-3.3227700000e-01 5.2861300000e-01 1.8105060000e+00
-3.3227700000e-01 5.2861300000e-01 1.8105060000e+00
-3.3227700000e-01 5.2861300000e-01 1.8105060000e+00
-3.3227700000e-01 5.2861300000e-01 1.8105060000e+00
-3.3227700000e-01 5.2861300000e-01 1.8105060000e+00
1.2181600000e-01 3.4060000000e-03 2.0107800000e-01
1.2181600000e-01 3.4060000000e-03 2.0107800000e-01
1.2181600000e-01 3.4060000000e-03 2.0107800000e-01
1.2181600000e-01 3.4060000000e-03 2.0107800000e-01
1.2181600000e-01 3.4060000000e-03 2.0107800000e-01
1.2181600000e-01 3.4060000000e-03 2.0107800000e-01
1.2181600000e-01 3.4060000000e-03 2.0107800000e-01
1.2181600000e-01 3.4060000000e-03 2.0107800000e-01
-1.8184000000e-02 7.5691100000e-01 6.8930000000e-02
-1.8184000000e-02 7.5691100000e-01 6.8930000000e-02
-1.8184000000e-02 7.5691100000e-01 6.8930000000e-02
-1.8184000000e-02 7.5691100000e-01 6.8930000000e-02
-1.8184000000e-02 7.5691100000e-01 6.8930000000e-02
-1.8184000000e-02 7.5691100000e-01 6.8930000000e-02
-1.8184000000e-02 7.5691100000e-01 6.8930000000e-02
-1.8184000000e-02 7.5691100000e-01 6.8930000000e-02
9.5820400000e-01 7.4267000000e-01 2.6784100000e-01
9.5820400000e-01 7.4267000000e-01 2.6784100000e-01
9.5820400000e-01 7.4267000000e-01 2.6784100000e-01
9.5820400000e-01 7.4267000000e-01 2.6784100000e-01
9.5820400000e-01 7.4267000000e-01 2.6784100000e-01
9.5820400000e-01 7.4267000000e-01 2.6784100000e-01
9.5820400000e-01 7.4267000000e-01 2.6784100000e-01
9.5820400000e-01 7.4267000000e-01 2.6784100000e-01
6.1876000000e-02 -1.6888820000e+00 6.4851000000e-02
6.1876000000e-02 -1.6888820000e+00 6.4851000000e-02
6.1876000000e-02 -1.6888820000e+00 6.4851000000e-02
6.1876000000e-02 -1.6888820000e+00 6.4851000000e-02
6.1876000000e-02 -1.6888820000e+00 6.4851000000e-02
6.1876000000e-02 -1.6888820000e+00 6.4851000000e-02
6.1876000000e-02 -1.6888820000e+00 6.4851000000e-02
6.1876000000e-02 -1.6888820000e+00 6.4851000000e-02
-4.0217600000e-01 -2.0948400000e-01 3.2115400000e-01
-4.0217600000e-01 -2.0948400000e-01 3.2115400000e-01
-4.0217600000e-01 -2.0948400000e-01 3.2115400000e-01
-4.0217600000e-01 -2.0948400000e-01 3.2115400000e-01
-4.0217600000e-01 -2.0948400000e-01 3.2115400000e-01
-4.0217600000e-01 -2.0948400000e-01 3.2115400000e-01
-4.0217600000e-01 -2.0948400000e-01 3.2115400000e-01
-4.0217600000e-01 -2.0948400000e-01 3.2115400000e-01
-1.4687470000e+00 1.0153870000e+00 -4.3770000000e-03
-1.4687470000e+00 1.0153870000e+00 -4.3770000000e-03
-1.4687470000e+00 1.0153870000e+00 -4.3770000000e-03
-1.4687470000e+00 1.0153870000e+00 -4.3770000000e-03
-1.4687470000e+00 1.0153870000e+00 -4.3770000000e-03
-1.4687470000e+00 1.0153870000e+00 -4.3770000000e-03
-1.4687470000e+00 1.0153870000e+00 -4.3770000000e-03
-1.4687470000e+00 1.0153870000e+00 -4.3770000000e-03
-8.7120000000e-02 -2.0018300000e-01 -6.6515000000e-01
-8.7120000000e-02 -2.0018300000e-01 -6.6515000000e-01
-8.7120000000e-02 -2.0018300000e-01 -6.6515000000e-01
-8.7120000000e-02 -2.0018300000e-01 -6.6515000000e-01
-8.7120000000e-02 -2.0018300000e-01 -6.6515000000e-01
-8.7120000000e-02 -2.0018300000e-01 -6.6515000000e-01
-8.7120000000e-02 -2.0018300000e-01 -6.6515000000e-01
-8.7120000000e-02 -2.0018300000e-01 -6.6515000000e-01
6.2183000000e-02 -1.2790540000e+00 -3.7167000000e-02
6.2183000000e-02 -1.2790540000e+00 -3.7167000000e-02
6.2183000000e-02 -1.2790540000e+00 -3.7167000000e-02
6.2183000000e-02 -1.2790540000e+00 -3.7167000000e-02
6.2183000000e-02 -1.2790540000e+00 -3.7167000000e-02
6.2183000000e-02 -1.2790540000e+00 -3.7167000000e-02
6.2183000000e-02 -1.2790540000e+00 -3.7167000000e-02
6.2183000000e-02 -1.2790540000e+00 -3.7167000000e-02
5.6420200000e-01 -6.1567900000e-01 6.0148900000e-01
5.6420200000e-01 -6.1567900000e-01 6.0148900000e-01
5.6420200000e-01 -6.1567900000e-01 6.0148900000e-01
5.6420200000e-01 -6.1567900000e-01 6.0148900000e-01
5.6420200000e-01 -6.1567900000e-01 6.0148900000e-01
5.6420200000e-01 -6.1567900000e-01 6.0148900000e-01
5.6420200000e-01 -6.1567900000e-01 6.0148900000e-01
5.6420200000e-01 -6.1567900000e-01 6.0148900000e-01
-1.8277310000e+00 2.1743570000e+00 2.9972120000e+00
-1.8277310000e+00 2.1743570000e+00 2.9972120000e+00
-1.8277310000e+00 2.1743570000e+00 2.9972120000e+00
-1.8277310000e+00 2.1743570000e+00 2.9972120000e+00
-1.8277310000e+00 2.1743570000e+00 2.9972120000e+00
-1.8277310000e+00 2.1743570000e+00 2.9972120000e+00
-1.8277310000e+00 2.1743570000e+00 2.9972120000e+00
-1.8277310000e+00 2.1743570000e+00 2.9972120000e+00
2.2975300000e-01 3.8942000000e-02 5.6608000000e-02
2.2975300000e-01 3.8942000000e-02 5.6608000000e-02
2.2975300000e-01 3.8942000000e-02 5.6608000000e-02
2.2975300000e-01 3.8942000000e-02 5.6608000000e-02
2.2975300000e-01 3.8942000000e-02 5.6608000000e-02
2.2975300000e-01 3.8942000000e-02 5.6608000000e-02
2.2975300000e-01 3.8942000000e-02 5.6608000000e-02
2.2975300000e-01 3.8942000000e-02 5.6608000000e-02
-8.9272400000e-01 1.7501700000e-01 -8.6776200000e-01
-8.9272400000e-01 1.7501700000e-01 -8.6776200000e-01
-8.9272400000e-01 1.7501700000e-01 -8.6776200000e-01
-8.9272400000e-01 1.7501700000e-01 -8.6776200000e-01
-8.9272400000e-01 1.7501700000e-01 -8.6776200000e-01
-8.9272400000e-01 1.7501700000e-01 -8.6776200000e-01
-8.9272400000e-01 1.7501700000e-01 -8.6776200000e-01
-8.9272400000e-01 1.7501700000e-01 -8.6776200000e-01
1.0261400000e+00 1.0605340000e+00 -1.1778700000e-01
1.0261400000e+00 1.0605340000e+00 -1.1778700000e-01
1.0261400000e+00 1.0605340000e+00 -1.1778700000e-01
1.0261400000e+00 1.0605340000e+00 -1.1778700000e-01
1.0261400000e+00 1.0605340000e+00 -1.1778700000e-01
1.0261400000e+00 1.0605340000e+00 -1.1778700000e-01
1.0261400000e+00 1.0605340000e+00 -1.1778700000e-01
1.0261400000e+00 1.0605340000e+00 -1.1778700000e-01
-7.3753300000e-01 7.7857600000e-01 4.3987000000e-02
-7.3753300000e-01 7.7857600000e-01 4.3987000000e-02
-7.3753300000e-01 7.7857600000e-01 4.3987000000e-02
-7.3753300000e-01 7.7857600000e-01 4.3987000000e-02
-7.3753300000e-01 7.7857600000e-01 4.3987000000e-02
-7.3753300000e-01 7.7857600000e-01 4.3987000000e-02
-7.3753300000e-01 7.7857600000e-01 4.3987000000e-02
-7.3753300000e-01 7.7857600000e-01 4.3987000000e-02
5.8006500000e-01 -1.4223410000e+00 7.4613100000e-01
5.8006500000e-01 -1.4223410000e+00 7.4613100000e-01
5.8006500000e-01 -1.4223410000e+00 7.4613100000e-01
5.8006500000e-01 -1.4223410000e+00 7.4613100000e-01
5.8006500000e-01 -1.4223410000e+00 7.4613100000e-01
5.8006500000e-01 -1.4223410000e+00 7.4613100000e-01
5.8006500000e-01 -1.4223410000e+00 7.4613100000e-01
5.8006500000e-01 -1.4223410000e+00 7.4613100000e-01
4.3590700000e-01 -1.2512990000e+00 -1.0828140000e+00
4.3590700000e-01 -1.2512990000e+00 -1.0828140000e+00
4.3590700000e-01 -1.2512990000e+00 -1.0828140000e+00
4.3590700000e-01 -1.2512990000e+00 -1.0828140000e+00
4.3590700000e-01 -1.2512990000e+00 -1.0828140000e+00
4.3590700000e-01 -1.2512990000e+00 -1.0828140000e+00
4.3590700000e-01 -1.2512990000e+00 -1.0828140000e+00
4.3590700000e-01 -1.2512990000e+00 -1.0828140000e+00
1.9364000000e-01 5.3339600000e-01 -5.8118200000e-01
1.9364000000e-01 5.3339600000e-01 -5.8118200000e-01
1.9364000000e-01 5.3339600000e-01 -5.8118200000e-01
1.9364000000e-01 5.3339600000e-01 -5.8118200000e-01
1.9364000000e-01 5.3339600000e-01 -5.8118200000e-01
1.9364000000e-01 5.3339600000e-01 -5.8118200000e-01
1.9364000000e-01 5.3339600000e-01 -5.8118200000e-01
1.9364000000e-01 5.3339600000e-01 -5.8118200000e-01
-4.0426500000e-01 1.1509800000e+00 -4.7337300000e-01
-4.0426500000e-01 1.1509800000e+00 -4.7337300000e-01
-4.0426500000e-01 1.1509800000e+00 -4.7337300000e-01
-4.0426500000e-01 1.1509800000e+00 -4.7337300000e-01
-4.0426500000e-01 1.1509800000e+00 -4.7337300000e-01
-4.0426500000e-01 1.1509800000e+00 -4.7337300000e-01
-4.0426500000e-01 1.1509800000e+00 -4.7337300000e-01
-4.0426500000e-01 1.1509800000e+00 -4.7337300000e-01
-2.9351100000e-01 9.0923900000e-01 3.0863900000e-01
-2.9351100000e-01 9.0923900000e-01 3.0863900000e-01
-2.9351100000e-01 9.0923900000e-01 3.0863900000e-01
-2.9351100000e-01 9.0923900000e-01 3.0863900000e-01
-2.9351100000e-01 9.0923900000e-01 3.0863900000e-01
-2.9351100000e-01 9.0923900000e-01 3.0863900000e-01
-2.9351100000e-01 9.0923900000e-01 3.0863900000e-01
-2.9351100000e-01 9.0923900000e-01 3.0863900000e-01
-2.2792200000e-01 3.2083500000e-01 -9.9331200000e-01
-2.2792200000e-01 3.2083500000e-01 -9.9331200000e-01
-2.2792200000e-01 3.2083500000e-01 -9.9331200000e-01
-2.2792200000e-01 3.2083500000e-01 -9.9331200000e-01
-2.2792200000e-01 3.2083500000e-01 -9.9331200000e-01
-2.2792200000e-01 3.2083500000e-01 -9.9331200000e-01
-2.2792200000e-01 3.2083500000e-01 -9.9331200000e-01
-2.2792200000e-01 3.2083500000e-01 -9.9331200000e-01
3.3282590000e+00 6.2675100000e-01 1.2117360000e+00
3.3282590000e+00 6.2675100000e-01 1.2117360000e+00
3.3282590000e+00 6.2675100000e-01 1.2117360000e+00
3.3282590000e+00 6.2675100000e-01 1.2117360000e+00
3.3282590000e+00 6.2675100000e-01 1.2117360000e+00
3.3282590000e+00 6.2675100000e-01 1.2117360000e+00
3.3282590000e+00 6.2675100000e-01 1.2117360000e+00
3.3282590000e+00 6.2675100000e-01 1.2117360000e+00
-8.5444500000e-01 -1.2252490000e+00 6.7019000000e-02
-8.5444500000e-01 -1.2252490000e+00 6.7019000000e-02
-8.5444500000e-01 -1.2252490000e+00 6.7019000000e-02
-8.5444500000e-01 -1.2252490000e+00 6.7019000000e-02
-8.5444500000e-01 -1.2252490000e+00 6.7019000000e-02
-8.5444500000e-01 -1.2252490000e+00 6.7019000000e-02
-8.5444500000e-01 -1.2252490000e+00 6.7019000000e-02
-8.5444500000e-01 -1.2252490000e+00 6.7019000000e-02
4.7898800000e-01 -5.6027200000e-01 -1.7180900000e-01
4.7898800000e-01 -5.6027200000e-01 -1.7180900000e-01
4.7898800000e-01 -5.6027200000e-01 -1.7180900000e-01
4.7898800000e-01 -5.6027200000e-01 -1.7180900000e-01
4.7898800000e-01 -5.6027200000e-01 -1.7180900000e-01
4.7898800000e-01 -5.6027200000e-01 -1.7180900000e-01
4.7898800000e-01 -5.6027200000e-01 -1.7180900000e-01
4.7898800000e-01 -5.6027200000e-01 -1.7180900000e-01
-7.8052500000e-01 -7.2268000000e-02 8.5600100000e-01
-7.8052500000e-01 -7.2268000000e-02 8.5600100000e-01
-7.8052500000e-01 -7.2268000000e-02 8.5600100000e-01
-7.8052500000e-01 -7.2268000000e-02 8.5600100000e-01
-7.8052500000e-01 -7.2268000000e-02 8.5600100000e-01
-7.8052500000e-01 -7.2268000000e-02 8.5600100000e-01
-7.8052500000e-01 -7.2268000000e-02 8.5600100000e-01
-7.8052500000e-01 -7.2268000000e-02 8.5600100000e-01
-7.0192300000e-01 7.7698800000e-01 8.0165900000e-01
-7.0192300000e-01 7.7698800000e-01 8.0165900000e-01
-7.0192300000e-01 7.7698800000e-01 8.0165900000e-01
-7.0192300000e-01 7.7698800000e-01 8.0165900000e-01
-7.0192300000e-01 7.7698800000e-01 8.0165900000e-01
-7.0192300000e-01 7.7698800000e-01 8.0165900000e-01
-7.0192300000e-01 7.7698800000e-01 8.0165900000e-01
-7.0192300000e-01 7.7698800000e-01 8.0165900000e-01
4.7009600000e-01 -1.4493470000e+00 -9.9017100000e-01
4.7009600000e-01 -1.4493470000e+00 -9.9017100000e-01
4.7009600000e-01 -1.4493470000e+00 -9.9017100000e-01
4.7009600000e-01 -1.4493470000e+00 -9.9017100000e-01
4.7009600000e-01 -1.4493470000e+00 -9.9017100000e-01
4.7009600000e-01 -1.4493470000e+00 -9.9017100000e-01
4.7009600000e-01 -1.4493470000e+00 -9.9017100000e-01
4.7009600000e-01 -1.4493470000e+00 -9.9017100000e-01
-9.5909400000e-01 -1.9204300000e-01 -7.9944300000e-01
-9.5909400000e-01 -1.9204300000e-01 -7.9944300000e-01
-9.5909400000e-01 -1.9204300000e-01 -7.9944300000e-01
-9.5909400000e-01 -1.9204300000e-01 -7.9944300000e-01
-9.5909400000e-01 -1.9204300000e-01 -7.9944300000e-01
-9.5909400000e-01 -1.9204300000e-01 -7.9944300000e-01
-9.5909400000e-01 -1.9204300000e-01 -7.9944300000e-01
-9.5909400000e-01 -1.9204300000e-01 -7.9944300000e-01
-3.5386900000e-01 2.5115600000e-01 1.1032200000e-01
-3.5386900000e-01 2.5115600000e-01 1.1032200000e-01
-3.5386900000e-01 2.5115600000e-01 1.1032200000e-01
-3.5386900000e-01 2.5115600000e-01 1.1032200000e-01
-3.5386900000e-01 2.5115600000e-01 1.1032200000e-01
-3.5386900000e-01 2.5115600000e-01 1.1032200000e-01
-3.5386900000e-01 2.5115600000e-01 1.1032200000e-01
-3.5386900000e-01 2.5115600000e-01 1.1032200000e-01
-1.4235510000e+00 -5.1942900000e-01 -9.5914500000e-01
-1.4235510000e+00 -5.1942900000e-01 -9.5914500000e-01
-1.4235510000e+00 -5.1942900000e-01 -9.5914500000e-01
-1.4235510000e+00 -5.1942900000e-01 -9.5914500000e-01
-1.4235510000e+00 -5.1942900000e-01 -9.5914500000e-01
-1.4235510000e+00 -5.1942900000e-01 -9.5914500000e-01
-1.4235510000e+00 -5.1942900000e-01 -9.5914500000e-01
-1.4235510000e+00 -5.1942900000e-01 -9.5914500000e-01
1.7884630000e+00 -1.0433150000e+00 -1.6127410000e+00
1.7884630000e+00 -1.0433150000e+00 -1.6127410000e+00
1.7884630000e+00 -1.0433150000e+00 -1.6127410000e+00
1.7884630000e+00 -1.0433150000e+00 -1.6127410000e+00
1.7884630000e+00 -1.0433150000e+00 -1.6127410000e+00
1.7884630000e+00 -1.0433150000e+00 -1.6127410000e+00
1.7884630000e+00 -1.0433150000e+00 -1.6127410000e+00
1.7884630000e+00 -1.0433150000e+00 -1.6127410000e+00
-1.1594240000e+00 -1.1846100000e-01 -1.8387300000e-01
-1.1594240000e+00 -1.1846100000e-01 -1.8387300000e-01
-1.1594240000e+00 -1.1846100000e-01 -1.8387300000e-01
-1.1594240000e+00 -1.1846100000e-01 -1.8387300000e-01
-1.1594240000e+00 -1.1846100000e-01 -1.8387300000e-01
-1.1594240000e+00 -1.1846100000e-01 -1.8387300000e-01
-1.1594240000e+00 -1.1846100000e-01 -1.8387300000e-01
-1.1594240000e+00 -1.1846100000e-01 -1.8387300000e-01
3.6372900000e-01 1.6782200000e+00 1.3098070000e+00
3.6372900000e-01 1.6782200000e+00 1.3098070000e+00
3.6372900000e-01 1.6782200000e+00 1.3098070000e+00
3.6372900000e-01 1.6782200000e+00 1.3098070000e+00
3.6372900000e-01 1.6782200000e+00 1.3098070000e+00
3.6372900000e-01 1.6782200000e+00 1.3098070000e+00
3.6372900000e-01 1.6782200000e+00 1.3098070000e+00
3.6372900000e-01 1.6782200000e+00 1.3098070000e+00
-1.0447090000e+00 -8.4717700000e-01 -1.4342930000e+00
-1.0447090000e+00 -8.4717700000e-01 -1.4342930000e+00
-1.0447090000e+00 -8.4717700000e-01 -1.4342930000e+00
-1.0447090000e+00 -8.4717700000e-01 -1.4342930000e+00
-1.0447090000e+00 -8.4717700000e-01 -1.4342930000e+00
-1.0447090000e+00 -8.4717700000e-01 -1.4342930000e+00
-1.0447090000e+00 -8.4717700000e-01 -1.4342930000e+00
-1.0447090000e+00 -8.4717700000e-01 -1.4342930000e+00
1.9637100000e-01 2.1382850000e+00 -4.7835600000e-01
1.9637100000e-01 2.1382850000e+00 -4.7835600000e-01
1.9637100000e-01 2.1382850000e+00 -4.7835600000e-01
1.9637100000e-01 2.1382850000e+00 -4.7835600000e-01
1.9637100000e-01 2.1382850000e+00 -4.7835600000e-01
1.9637100000e-01 2.1382850000e+00 -4.7835600000e-01
1.9637100000e-01 2.1382850000e+00 -4.7835600000e-01
1.9637100000e-01 2.1382850000e+00 -4.7835600000e-01
-6.3932200000e-01 -3.8300800000e-01 9.5438500000e-01
-6.3932200000e-01 -3.8300800000e-01 9.5438500000e-01
-6.3932200000e-01 -3.8300800000e-01 9.5438500000e-01
-6.3932200000e-01 -3.8300800000e-01 9.5438500000e-01
-6.3932200000e-01 -3.8300800000e-01 9.5438500000e-01
-6.3932200000e-01 -3.8300800000e-01 9.5438500000e-01
-6.3932200000e-01 -3.8300800000e-01 9.5438500000e-01
-6.3932200000e-01 -3.8300800000e-01 9.5438500000e-01
-8.8976200000e-01 -9.2887800000e-01 1.1344290000e+00
-8.8976200000e-01 -9.2887800000e-01 1.1344290000e+00
-8.8976200000e-01 -9.2887800000e-01 1.1344290000e+00
-8.8976200000e-01 -9.2887800000e-01 1.1344290000e+00
-8.8976200000e-01 -9.2887800000e-01 1.1344290000e+00
-8.8976200000e-01 -9.2887800000e-01 1.1344290000e+00
-8.8976200000e-01 -9.2887800000e-01 1.1344290000e+00
-8.8976200000e-01 -9.2887800000e-01 1.1344290000e+00
1.0882110000e+00 -1.3491550000e+00 1.3756200000e-01
1.0882110000e+00 -1.3491550000e+00 1.3756200000e-01
1.0882110000e+00 -1.3491550000e+00 1.3756200000e-01
1.0882110000e+00 -1.3491550000e+00 1.3756200000e-01
1.0882110000e+00 -1.3491550000e+00 1.3756200000e-01
1.0882110000e+00 -1.3491550000e+00 1.3756200000e-01
1.0882110000e+00 -1.3491550000e+00 1.3756200000e-01
1.0882110000e+00 -1.3491550000e+00 1.3756200000e-01
3.4038000000e-01 -1.5303400000e-01 3.0823500000e-01
3.4038000000e-01 -1.5303400000e-01 3.0823500000e-01
3.4038000000e-01 -1.5303400000e-01 3.0823500000e-01
3.4038000000e-01 -1.5303400000e-01 3.0823500000e-01
3.4038000000e-01 -1.5303400000e-01 3.0823500000e-01
3.4038000000e-01 -1.5303400000e-01 3.0823500000e-01
3.4038000000e-01 -1.5303400000e-01 3.0823500000e-01
3.4038000000e-01 -1.5303400000e-01 3.0823500000e-01
-2.3826000000e-02 -1.8256400000e-01 3.7927200000e-01
-2.3826000000e-02 -1.8256400000e-01 3.7927200000e-01
-2.3826000000e-02 -1.8256400000e-01 3.7927200000e-01
-2.3826000000e-02 -1.8256400000e-01 3.7927200000e-01
-2.3826000000e-02 -1.8256400000e-01 3.7927200000e-01
-2.3826000000e-02 -1.8256400000e-01 3.7927200000e-01
-2.3826000000e-02 -1.8256400000e-01 3.7927200000e-01
-2.3826000000e-02 -1.8256400000e-01 3.7927200000e-01
6.7754600000e-01 6.4670600000e-01 -9.2107200000e-01
6.7754600000e-01 6.4670600000e-01 -9.2107200000e-01
6.7754600000e-01 6.4670600000e-01 -9.2107200000e-01
6.7754600000e-01 6.4670600000e-01 -9.2107200000e-01
6.7754600000e-01 6.4670600000e-01 -9.2107200000e-01
6.7754600000e-01 6.4670600000e-01 -9.2107200000e-01
6.7754600000e-01 6.4670600000e-01 -9.2107200000e-01
6.7754600000e-01 6.4670600000e-01 -9.2107200000e-01
9.8794000000e-01 -1.9660810000e+00 -1.0504120000e+00
9.8794000000e-01 -1.9660810000e+00 -1.0504120000e+00
9.8794000000e-01 -1.9660810000e+00 -1.0504120000e+00
9.8794000000e-01 -1.9660810000e+00 -1.0504120000e+00
9.8794000000e-01 -1.9660810000e+00 -1.0504120000e+00
9.8794000000e-01 -1.9660810000e+00 -1.0504120000e+00
9.8794000000e-01 -1.9660810000e+00 -1.0504120000e+00
9.8794000000e-01 -1.9660810000e+00 -1.0504120000e+00
-2.4108700000e-01 -2.0354970000e+00 -7.9554600000e-01
-2.4108700000e-01 -2.0354970000e+00 -7.9554600000e-01
-2.4108700000e-01 -2.0354970000e+00 -7.9554600000e-01
-2.4108700000e-01 -2.0354970000e+00 -7.9554600000e-01
-2.4108700000e-01 -2.0354970000e+00 -7.9554600000e-01
-2.4108700000e-01 -2.0354970000e+00 -7.9554600000e-01
-2.4108700000e-01 -2.0354970000e+00 -7.9554600000e-01
-2.4108700000e-01 -2.0354970000e+00 -7.9554600000e-01
9.2494400000e-01 2.1353900000e-01 1.6261050000e+00
9.2494400000e-01 2.1353900000e-01 1.6261050000e+00
9.2494400000e-01 2.1353900000e-01 1.6261050000e+00
9.2494400000e-01 2.1353900000e-01 1.6261050000e+00
9.2494400000e-01 2.1353900000e-01 1.6261050000e+00
9.2494400000e-01 2.1353900000e-01 1.6261050000e+00
9.2494400000e-01 2.1353900000e-01 1.6261050000e+00
9.2494400000e-01 2.1353900000e-01 1.6261050000e+00
1.7638930000e+00 9.1261200000e-01 -1.0979710000e+00
1.7638930000e+00 9.1261200000e-01 -1.0979710000e+00
1.7638930000e+00 9.1261200000e-01 -1.0979710000e+00
1.7638930000e+00 9.1261200000e-01 -1.0979710000e+00
1.7638930000e+00 9.1261200000e-01 -1.0979710000e+00
1.7638930000e+00 9.1261200000e-01 -1.0979710000e+00
1.7638930000e+00 9.1261200000e-01 -1.0979710000e+00
1.7638930000e+00 9.1261200000e-01 -1.0979710000e+00
-7.4474600000e-01 -6.2673500000e-01 -8.9032500000e-01
-7.4474600000e-01 -6.2673500000e-01 -8.9032500000e-01
-7.4474600000e-01 -6.2673500000e-01 -8.9032500000e-01
-7.4474600000e-01 -6.2673500000e-01 -8.9032500000e-01
-7.4474600000e-01 -6.2673500000e-01 -8.9032500000e-01
-7.4474600000e-01 -6.2673500000e-01 -8.9032500000e-01
-7.4474600000e-01 -6.2673500000e-01 -8.9032500000e-01
-7.4474600000e-01 -6.2673500000e-01 -8.9032500000e-01
-1.4025150000e+00 1.3369960000e+00 9.8479400000e-01
-1.4025150000e+00 1.3369960000e+00 9.8479400000e-01
-1.4025150000e+00 1.3369960000e+00 9.8479400000e-01
-1.4025150000e+00 1.3369960000e+00 9.8479400000e-01
-1.4025150000e+00 1.3369960000e+00 9.8479400000e-01
-1.4025150000e+00 1.3369960000e+00 9.8479400000e-01
-1.4025150000e+00 1.3369960000e+00 9.8479400000e-01
-1.4025150000e+00 1.3369960000e+00 9.8479400000e-01
7.6840100000e-01 -2.4872800000e-01 2.3472100000e-01
7.6840100000e-01 -2.4872800000e-01 2.3472100000e-01
7.6840100000e-01 -2.4872800000e-01 2.3472100000e-01
7.6840100000e-01 -2.4872800000e-01 2.3472100000e-01
7.6840100000e-01 -2.4872800000e-01 2.3472100000e-01
7.6840100000e-01 -2.4872800000e-01 2.3472100000e-01
7.6840100000e-01 -2.4872800000e-01 2.3472100000e-01
7.6840100000e-01 -2.4872800000e-01 2.3472100000e-01
-7.5383100000e-01 -4.5166500000e-01 -1.2383910000e+00
-7.5383100000e-01 -4.5166500000e-01 -1.2383910000e+00
-7.5383100000e-01 -4.5166500000e-01 -1.2383910000e+00
-7.5383100000e-01 -4.5166500000e-01 -1.2383910000e+00
-7.5383100000e-01 -4.5166500000e-01 -1.2383910000e+00
-7.5383100000e-01 -4.5166500000e-01 -1.2383910000e+00
-7.5383100000e-01 -4.5166500000e-01 -1.2383910000e+00
-7.5383100000e-01 -4.5166500000e-01 -1.2383910000e+00
2.8301800000e-01 -2.1199400000e-01 -1.2906540000e+00
2.8301800000e-01 -2.1199400000e-01 -1.2906540000e+00
2.8301800000e-01 -2.1199400000e-01 -1.2906540000e+00
2.8301800000e-01 -2.1199400000e-01 -1.2906540000e+00
2.8301800000e-01 -2.1199400000e-01 -1.2906540000e+00
2.8301800000e-01 -2.1199400000e-01 -1.2906540000e+00
2.8301800000e-01 -2.1199400000e-01 -1.2906540000e+00
2.8301800000e-01 -2.1199400000e-01 -1.2906540000e+00
-1.5460890000e+00 2.8042200000e-01 -2.9670200000e-01
-1.5460890000e+00 2.8042200000e-01 -2.9670200000e-01
-1.5460890000e+00 2.8042200000e-01 -2.9670200000e-01
-1.5460890000e+00 2.8042200000e-01 -2.9670200000e-01
-1.5460890000e+00 2.8042200000e-01 -2.9670200000e-01
-1.5460890000e+00 2.8042200000e-01 -2.9670200000e-01
-1.5460890000e+00 2.8042200000e-01 -2.9670200000e-01
-1.5460890000e+00 2.8042200000e-01 -2.9670200000e-01
3.5358000000e-02 5.0573200000e-01 -9.6520200000e-01
3.5358000000e-02 5.0573200000e-01 -9.6520200000e-01
3.5358000000e-02 5.0573200000e-01 -9.6520200000e-01
3.5358000000e-02 5.0573200000e-01 -9.6520200000e-01
3.5358000000e-02 5.0573200000e-01 -9.6520200000e-01
3.5358000000e-02 5.0573200000e-01 -9.6520200000e-01
3.5358000000e-02 5.0573200000e-01 -9.6520200000e-01
3.5358000000e-02 5.0573200000e-01 -9.6520200000e-01
-6.7982400000e-01 -2.0024900000e-01 1.1781720000e+00
-6.7982400000e-01 -2.0024900000e-01 1.1781720000e+00
-6.7982400000e-01 -2.0024900000e-01 1.1781720000e+00
-6.7982400000e-01 -2.0024900000e-01 1.1781720000e+00
-6.7982400000e-01 -2.0024900000e-01 1.1781720000e+00
-6.7982400000e-01 -2.0024900000e-01 1.1781720000e+00
-6.7982400000e-01 -2.0024900000e-01 1.1781720000e+00
-6.7982400000e-01 -2.0024900000e-01 1.1781720000e+00
-2.4335500000e-01 1.2962600000e-01 -2.4864600000e-01
-2.4335500000e-01 1.2962600000e-01 -2.4864600000e-01
-2.4335500000e-01 1.2962600000e-01 -2.4864600000e-01
-2.4335500000e-01 1.2962600000e-01 -2.4864600000e-01
-2.4335500000e-01 1.2962600000e-01 -2.4864600000e-01
-2.4335500000e-01 1.2962600000e-01 -2.4864600000e-01
-2.4335500000e-01 1.2962600000e-01 -2.4864600000e-01
-2.4335500000e-01 1.2962600000e-01 -2.4864600000e-01
1.4637240000e+00 -4.7719900000e-01 -2.2613220000e+00
1.4637240000e+00 -4.7719900000e-01 -2.2613220000e+00
1.4637240000e+00 -4.7719900000e-01 -2.2613220000e+00
1.4637240000e+00 -4.7719900000e-01 -2.2613220000e+00
1.4637240000e+00 -4.7719900000e-01 -2.2613220000e+00
1.4637240000e+00 -4.7719900000e-01 -2.2613220000e+00
1.4637240000e+00 -4.7719900000e-01 -2.2613220000e+00
1.4637240000e+00 -4.7719900000e-01 -2.2613220000e+00
3.1857900000e-01 5.9884500000e-01 -2.4475900000e-01
3.1857900000e-01 5.9884500000e-01 -2.4475900000e-01
3.1857900000e-01 5.9884500000e-01 -2.4475900000e-01
3.1857900000e-01 5.9884500000e-01 -2.4475900000e-01
3.1857900000e-01 5.9884500000e-01 -2.4475900000e-01
3.1857900000e-01 5.9884500000e-01 -2.4475900000e-01
3.1857900000e-01 5.9884500000e-01 -2.4475900000e-01
3.1857900000e-01 5.9884500000e-01 -2.4475900000e-01
-4.3559700000e-01 9.8634000000e-02 1.3901590000e+00
-4.3559700000e-01 9.8634000000e-02 1.3901590000e+00
-4.3559700000e-01 9.8634000000e-02 1.3901590000e+00
-4.3559700000e-01 9.8634000000e-02 1.3901590000e+00
-4.3559700000e-01 9.8634000000e-02 1.3901590000e+00
-4.3559700000e-01 9.8634000000e-02 1.3901590000e+00
-4.3559700000e-01 9.8634000000e-02 1.3901590000e+00
-4.3559700000e-01 9.8634000000e-02 1.3901590000e+00
1.3328400000e-01 -1.5710500000e-01 -3.8763000000e-01
1.3328400000e-01 -1.5710500000e-01 -3.8763000000e-01
1.3328400000e-01 -1.5710500000e-01 -3.8763000000e-01
1.3328400000e-01 -1.5710500000e-01 -3.8763000000e-01
1.3328400000e-01 -1.5710500000e-01 -3.8763000000e-01
1.3328400000e-01 -1.5710500000e-01 -3.8763000000e-01
1.3328400000e-01 -1.5710500000e-01 -3.8763000000e-01
1.3328400000e-01 -1.5710500000e-01 -3.8763000000e-01
6.4304800000e-01 8.1800100000e-01 -6.7479100000e-01
6.4304800000e-01 8.1800100000e-01 -6.7479100000e-01
6.4304800000e-01 8.1800100000e-01 -6.7479100000e-01
6.4304800000e-01 8.1800100000e-01 -6.7479100000e-01
6.4304800000e-01 8.1800100000e-01 -6.7479100000e-01
6.4304800000e-01 8.1800100000e-01 -6.7479100000e-01
6.4304800000e-01 8.1800100000e-01 -6.7479100000e-01
6.4304800000e-01 8.1800100000e-01 -6.7479100000e-01
5.4932300000e-01 2.4085300000e-01 1.4241870000e+00
5.4932300000e-01 2.4085300000e-01 1.4241870000e+00
5.4932300000e-01 2.4085300000e-01 1.4241870000e+00
5.4932300000e-01 2.4085300000e-01 1.4241870000e+00
5.4932300000e-01 2.4085300000e-01 1.4241870000e+00
5.4932300000e-01 2.4085300000e-01 1.4241870000e+00
5.4932300000e-01 2.4085300000e-01 1.4241870000e+00
5.4932300000e-01 2.4085300000e-01 1.4241870000e+00
-5.8194500000e-01 5.6571300000e-01 -9.9965200000e-01
-5.8194500000e-01 5.6571300000e-01 -9.9965200000e-01
-5.8194500000e-01 5.6571300000e-01 -9.9965200000e-01
-5.8194500000e-01 5.6571300000e-01 -9.9965200000e-01
-5.8194500000e-01 5.6571300000e-01 -9.9965200000e-01
-5.8194500000e-01 5.6571300000e-01 -9.9965200000e-01
-5.8194500000e-01 5.6571300000e-01 -9.9965200000e-01
-5.8194500000e-01 5.6571300000e-01 -9.9965200000e-01
-7.8999000000e-02 2.6181000000e-02 3.1333300000e-01
-7.8999000000e-02 2.6181000000e-02 3.1333300000e-01
-7.8999000000e-02 2.6181000000e-02 3.1333300000e-01
-7.8999000000e-02 2.6181000000e-02 3.1333300000e-01
-7.8999000000e-02 2.6181000000e-02 3.1333300000e-01
-7.8999000000e-02 2.6181000000e-02 3.1333300000e-01
-7.8999000000e-02 2.6181000000e-02 3.1333300000e-01
-7.8999000000e-02 2.6181000000e-02 3.1333300000e-01
3.8372100000e-01 -1.0637600000e-01 7.6715900000e-01
3.8372100000e-01 -1.0637600000e-01 7.6715900000e-01
3.8372100000e-01 -1.0637600000e-01 7.6715900000e-01
3.8372100000e-01 -1.0637600000e-01 7.6715900000e-01
3.8372100000e-01 -1.0637600000e-01 7.6715900000e-01
3.8372100000e-01 -1.0637600000e-01 7.6715900000e-01
3.8372100000e-01 -1.0637600000e-01 7.6715900000e-01
3.8372100000e-01 -1.0637600000e-01 7.6715900000e-01
-6.7975000000e-01 -1.9190640000e+00 1.5820210000e+00
-6.7975000000e-01 -1.9190640000e+00 1.5820210000e+00
-6.7975000000e-01 -1.9190640000e+00 1.5820210000e+00
-6.7975000000e-01 -1.9190640000e+00 1.5820210000e+00
-6.7975000000e-01 -1.9190640000e+00 1.5820210000e+00
-6.7975000000e-01 -1.9190640000e+00 1.5820210000e+00
-6.7975000000e-01 -1.9190640000e+00 1.5820210000e+00
-6.7975000000e-01 -1.9190640000e+00 1.5820210000e+00
5.9768100000e-01 -7.6066700000e-01 -2.0481440000e+00
5.9768100000e-01 -7.6066700000e-01 -2.0481440000e+00
5.9768100000e-01 -7.6066700000e-01 -2.0481440000e+00
5.9768100000e-01 -7.6066700000e-01 -2.0481440000e+00
5.9768100000e-01 -7.6066700000e-01 -2.0481440000e+00
5.9768100000e-01 -7.6066700000e-01 -2.0481440000e+00
5.9768100000e-01 -7.6066700000e-01 -2.0481440000e+00
5.9768100000e-01 -7.6066700000e-01 -2.0481440000e+00
6.4015200000e-01 1.9327920000e+00 -5.9768300000e-01
6.4015200000e-01 1.9327920000e+00 -5.9768300000e-01
6.4015200000e-01 1.9327920000e+00 -5.9768300000e-01
6.4015200000e-01 1.9327920000e+00 -5.9768300000e-01
6.4015200000e-01 1.9327920000e+00 -5.9768300000e-01
6.4015200000e-01 1.9327920000e+00 -5.9768300000e-01
6.4015200000e-01 1.9327920000e+00 -5.9768300000e-01
6.4015200000e-01 1.9327920000e+00 -5.9768300000e-01
-1.1110570000e+00 -5.4254900000e-01 -1.3428050000e+00
-1.1110570000e+00 -5.4254900000e-01 -1.3428050000e+00
-1.1110570000e+00 -5.4254900000e-01 -1.3428050000e+00
-1.1110570000e+00 -5.4254900000e-01 -1.3428050000e+00
-1.1110570000e+00 -5.4254900000e-01 -1.3428050000e+00
-1.1110570000e+00 -5.4254900000e-01 -1.3428050000e+00
-1.1110570000e+00 -5.4254900000e-01 -1.3428050000e+00
-1.1110570000e+00 -5.4254900000e-01 -1.3428050000e+00
3.6490900000e-01 -3.0819300000e-01 6.5903000000e-02
3.6490900000e-01 -3.0819300000e-01 6.5903000000e-02
3.6490900000e-01 -3.0819300000e-01 6.5903000000e-02
3.6490900000e-01 -3.0819300000e-01 6.5903000000e-02
3.6490900000e-01 -3.0819300000e-01 6.5903000000e-02
3.6490900000e-01 -3.0819300000e-01 6.5903000000e-02
3.6490900000e-01 -3.0819300000e-01 6.5903000000e-02
3.6490900000e-01 -3.0819300000e-01 6.5903000000e-02
2.5962400000e-01 5.4179700000e-01 -1.9044940000e+00
2.5962400000e-01 5.4179700000e-01 -1.9044940000e+00
2.5962400000e-01 5.4179700000e-01 -1.9044940000e+00
2.5962400000e-01 5.4179700000e-01 -1.9044940000e+00
2.5962400000e-01 5.4179700000e-01 -1.9044940000e+00
2.5962400000e-01 5.4179700000e-01 -1.9044940000e+00
2.5962400000e-01 5.4179700000e-01 -1.9044940000e+00
2.5962400000e-01 5.4179700000e-01 -1.9044940000e+00
-1.0159400000e+00 -7.9080600000e-01 -1.1133900000e-01
-1.0159400000e+00 -7.9080600000e-01 -1.1133900000e-01
-1.0159400000e+00 -7.9080600000e-01 -1.1133900000e-01
-1.0159400000e+00 -7.9080600000e-01 -1.1133900000e-01
-1.0159400000e+00 -7.9080600000e-01 -1.1133900000e-01
-1.0159400000e+00 -7.9080600000e-01 -1.1133900000e-01
-1.0159400000e+00 -7.9080600000e-01 -1.1133900000e-01
-1.0159400000e+00 -7.9080600000e-01 -1.1133900000e-01
-5.4367700000e-01 4.1468300000e-01 3.1869900000e-01
-5.4367700000e-01 4.1468300000e-01 3.1869900000e-01
-5.4367700000e-01 4.1468300000e-01 3.1869900000e-01
-5.4367700000e-01 4.1468300000e-01 3.1869900000e-01
-5.4367700000e-01 4.1468300000e-01 3.1869900000e-01
-5.4367700000e-01 4.1468300000e-01 3.1869900000e-01
-5.4367700000e-01 4.1468300000e-01 3.1869900000e-01
-5.4367700000e-01 4.1468300000e-01 3.1869900000e-01
-9.8204200000e-01 6.1340300000e-01 -8.1316000000e-02
-9.8204200000e-01 6.1340300000e-01 -8.1316000000e-02
-9.8204200000e-01 6.1340300000e-01 -8.1316000000e-02
-9.8204200000e-01 6.1340300000e-01 -8.1316000000e-02
-9.8204200000e-01 6.1340300000e-01 -8.1316000000e-02
-9.8204200000e-01 6.1340300000e-01 -8.1316000000e-02
-9.8204200000e-01 6.1340300000e-01 -8.1316000000e-02
-9.8204200000e-01 6.1340300000e-01 -8.1316000000e-02
-1.6608640000e+00 -1.3145990000e+00 -1.5245230000e+00
-1.6608640000e+00 -1.3145990000e+00 -1.5245230000e+00
-1.6608640000e+00 -1.3145990000e+00 -1.5245230000e+00
-1.6608640000e+00 -1.3145990000e+00 -1.5245230000e+00
-1.6608640000e+00 -1.3145990000e+00 -1.5245230000e+00
-1.6608640000e+00 -1.3145990000e+00 -1.5245230000e+00
-1.6608640000e+00 -1.3145990000e+00 -1.5245230000e+00
-1.6608640000e+00 -1.3145990000e+00 -1.5245230000e+00
-3.6618800000e-01 1.2755000000e-01 6.4190500000e-01
-3.6618800000e-01 1.2755000000e-01 6.4190500000e-01
-3.6618800000e-01 1.2755000000e-01 6.4190500000e-01
-3.6618800000e-01 1.2755000000e-01 6.4190500000e-01
-3.6618800000e-01 1.2755000000e-01 6.4190500000e-01
-3.6618800000e-01 1.2755000000e-01 6.4190500000e-01
-3.6618800000e-01 1.2755000000e-01 6.4190500000e-01
-3.6618800000e-01 1.2755000000e-01 6.4190500000e-01
-8.0102900000e-01 -5.9340600000e-01 5.1211900000e-01
-8.0102900000e-01 -5.9340600000e-01 5.1211900000e-01
-8.0102900000e-01 -5.9340600000e-01 5.1211900000e-01
-8.0102900000e-01 -5.9340600000e-01 5.1211900000e-01
-8.0102900000e-01 -5.9340600000e-01 5.1211900000e-01
-8.0102900000e-01 -5.9340600000e-01 5.1211900000e-01
-8.0102900000e-01 -5.9340600000e-01 5.1211900000e-01
-8.0102900000e-01 -5.9340600000e-01 5.1211900000e-01
2.6978720000e+00 8.4321900000e-01 9.1233200000e-01
2.6978720000e+00 8.4321900000e-01 9.1233200000e-01
2.6978720000e+00 8.4321900000e-01 9.1233200000e-01
2.6978720000e+00 8.4321900000e-01 9.1233200000e-01
2.6978720000e+00 8.4321900000e-01 9.1233200000e-01
2.6978720000e+00 8.4321900000e-01 9.1233200000e-01
2.6978720000e+00 8.4321900000e-01 9.1233200000e-01
2.6978720000e+00 8.4321900000e-01 9.1233200000e-01
1.0133240000e+00 2.9706870000e+00 -1.3667670000e+00
1.0133240000e+00 2.9706870000e+00 -1.3667670000e+00
1.0133240000e+00 2.9706870000e+00 -1.3667670000e+00
1.0133240000e+00 2.9706870000e+00 -1.3667670000e+00
1.0133240000e+00 2.9706870000e+00 -1.3667670000e+00
1.0133240000e+00 2.9706870000e+00 -1.3667670000e+00
1.0133240000e+00 2.9706870000e+00 -1.3667670000e+00
1.0133240000e+00 2.9706870000e+00 -1.3667670000e+00
6.6496300000e-01 -2.4652200000e-01 -1.5396400000e-01
6.6496300000e-01 -2.4652200000e-01 -1.5396400000e-01
6.6496300000e-01 -2.4652200000e-01 -1.5396400000e-01
6.6496300000e-01 -2.4652200000e-01 -1.5396400000e-01
6.6496300000e-01 -2.4652200000e-01 -1.5396400000e-01
6.6496300000e-01 -2.4652200000e-01 -1.5396400000e-01
6.6496300000e-01 -2.4652200000e-01 -1.5396400000e-01
6.6496300000e-01 -2.4652200000e-01 -1.5396400000e-01
-7.3309300000e-01 -2.2924500000e-01 -1.1357120000e+00
-7.3309300000e-01 -2.2924500000e-01 -1.1357120000e+00
-7.3309300000e-01 -2.2924500000e-01 -1.1357120000e+00
-7.3309300000e-01 -2.2924500000e-01 -1.1357120000e+00
-7.3309300000e-01 -2.2924500000e-01 -1.1357120000e+00
-7.3309300000e-01 -2.2924500000e-01 -1.1357120000e+00
-7.3309300000e-01 -2.2924500000e-01 -1.1357120000e+00
-7.3309300000e-01 -2.2924500000e-01 -1.1357120000e+00
1.0805240000e+00 -5.0470200000e-01 -2.1855000000e-02
1.0805240000e+00 -5.0470200000e-01 -2.1855000000e-02
1.0805240000e+00 -5.0470200000e-01 -2.1855000000e-02
1.0805240000e+00 -5.0470200000e-01 -2.1855000000e-02
1.0805240000e+00 -5.0470200000e-01 -2.1855000000e-02
1.0805240000e+00 -5.0470200000e-01 -2.1855000000e-02
1.0805240000e+00 -5.0470200000e-01 -2.1855000000e-02
1.0805240000e+00 -5.0470200000e-01 -2.1855000000e-02
-2.7861880000e+00 2.2647020000e+00 3.1806540000e+00
-2.7861880000e+00 2.2647020000e+00 3.1806540000e+00
-2.7861880000e+00 2.2647020000e+00 3.1806540000e+00
-2.7861880000e+00 2.2647020000e+00 3.1806540000e+00
-2.7861880000e+00 2.2647020000e+00 3.1806540000e+00
-2.7861880000e+00 2.2647020000e+00 3.1806540000e+00
-2.7861880000e+00 2.2647020000e+00 3.1806540000e+00
-2.7861880000e+00 2.2647020000e+00 3.1806540000e+00
-1.5356020000e+00 3.0462700000e-01 -1.2085540000e+00
-1.5356020000e+00 3.0462700000e-01 -1.2085540000e+00
-1.5356020000e+00 3.0462700000e-01 -1.2085540000e+00
-1.5356020000e+00 3.0462700000e-01 -1.2085540000e+00
-1.5356020000e+00 3.0462700000e-01 -1.2085540000e+00
-1.5356020000e+00 3.0462700000e-01 -1.2085540000e+00
-1.5356020000e+00 3.0462700000e-01 -1.2085540000e+00
-1.5356020000e+00 3.0462700000e-01 -1.2085540000e+00
-9.9728900000e-01 -7.8011300000e-01 7.3267800000e-01
-9.9728900000e-01 -7.8011300000e-01 7.3267800000e-01
-9.9728900000e-01 -7.8011300000e-01 7.3267800000e-01
-9.9728900000e-01 -7.8011300000e-01 7.3267800000e-01
-9.9728900000e-01 -7.8011300000e-01 7.3267800000e-01
-9.9728900000e-01 -7.8011300000e-01 7.3267800000e-01
-9.9728900000e-01 -7.8011300000e-01 7.3267800000e-01
-9.9728900000e-01 -7.8011300000e-01 7.3267800000e-01
