1.0126946148e-01 -3.3095676606e-01 -3.3833036288e-02
1.0126826684e-01 -3.3095665341e-01 -3.3834082684e-02
1.0126990110e-01 -3.3095511849e-01 -3.3832962166e-02
1.0126857733e-01 -3.3095444463e-01 -3.3834377664e-02
1.0126995194e-01 -3.3095669541e-01 -3.3833344679e-02
1.0126872827e-01 -3.3095610808e-01 -3.3834570283e-02
1.0127033968e-01 -3.3095441040e-01 -3.3833249048e-02
1.0126891683e-01 -3.3095410329e-01 -3.3834434773e-02
3.3554148266e-01 1.3207611249e-01 7.7123210631e-02
3.3554047574e-01 1.3207599519e-01 7.7121895265e-02
3.3554100665e-01 1.3207842461e-01 7.7122976495e-02
3.3553996656e-01 1.3207846983e-01 7.7121539981e-02
3.3554355117e-01 1.3207600899e-01 7.7122570054e-02
3.3554273537e-01 1.3207602601e-01 7.7121190317e-02
3.3554325991e-01 1.3207852208e-01 7.7122002972e-02
3.3554221881e-01 1.3207860683e-01 7.7120504059e-02
-2.6917805216e-01 -4.0850214112e-01 -2.7472499706e-02
-2.6917910115e-01 -4.0850224564e-01 -2.7470371970e-02
-2.6917941175e-01 -4.0849898467e-01 -2.7472934590e-02
-2.6918075918e-01 -4.0849934749e-01 -2.7470264226e-02
-2.6917972830e-01 -4.0850106705e-01 -2.7470675901e-02
-2.6918077324e-01 -4.0850149846e-01 -2.7468031679e-02
-2.6918079380e-01 -4.0849811893e-01 -2.7471143118e-02
-2.6918211798e-01 -4.0849855134e-01 -2.7468585310e-02
-5.5920489754e-02 1.1491816901e-01 -1.2439225875e-01
-5.5921448168e-02 1.1491714262e-01 -1.2439334190e-01
-5.5920270019e-02 1.1491838024e-01 -1.2439199403e-01
-5.5921064086e-02 1.1491734242e-01 -1.2439325846e-01
-5.5919487413e-02 1.1491840573e-01 -1.2439144407e-01
-5.5920448722e-02 1.1491765261e-01 -1.2439264373e-01
-5.5919274721e-02 1.1491866653e-01 -1.2439120554e-01
-5.5920336783e-02 1.1491768587e-01 -1.2439242212e-01
2.1736636681e-01 1.6770158307e-01 3.7718396727e-01
2.1736686810e-01 1.6770121717e-01 3.7718391173e-01
2.1736588742e-01 1.6770250160e-01 3.7718425289e-01
2.1736637751e-01 1.6770212154e-01 3.7718418192e-01
2.1736495558e-01 1.6770166092e-01 3.7718493546e-01
2.1736551224e-01 1.6770135831e-01 3.7718455288e-01
2.1736450287e-01 1.6770254105e-01 3.7718489998e-01
2.1736505764e-01 1.6770191311e-01 3.7718468190e-01
4.2675057655e-02 8.5011838478e-01 -1.1284455647e+00
4.2675763246e-02 8.5012097510e-01 -1.1284487759e+00
4.2674641483e-02 8.5012363604e-01 -1.1284487613e+00
4.2675219972e-02 8.5012594718e-01 -1.1284518913e+00
4.2676655653e-02 8.5011728452e-01 -1.1284465623e+00
4.2677337313e-02 8.5011991833e-01 -1.1284497131e+00
4.2676218753e-02 8.5012248272e-01 -1.1284498209e+00
4.2676827383e-02 8.5012479778e-01 -1.1284529059e+00
-3.2151807422e-03 2.1669329045e-01 9.4083634141e-02
-3.2147036287e-03 2.1669243730e-01 9.4082935569e-02
-3.2145844851e-03 2.1669571920e-01 9.4083847714e-02
-3.2141458037e-03 2.1669481763e-01 9.4083422517e-02
-3.2130932645e-03 2.1669387162e-01 9.4084889450e-02
-3.2125191114e-03 2.1669277313e-01 9.4084260635e-02
-3.2125691170e-03 2.1669602397e-01 9.4084898325e-02
-3.2119761591e-03 2.1669523557e-01 9.4084377189e-02
3.9386898918e-01 2.6402468252e-01 -5.5874924935e-01
3.9386913958e-01 2.6402516993e-01 -5.5874905062e-01
3.9386899100e-01 2.6402502968e-01 -5.5875014933e-01
3.9386894300e-01 2.6402561312e-01 -5.5874993021e-01
3.9387040050e-01 2.6402478125e-01 -5.5874846648e-01
3.9387042472e-01 2.6402560342e-01 -5.5874819909e-01
3.9387033007e-01 2.6402530622e-01 -5.5874929239e-01
3.9387053377e-01 2.6402602965e-01 -5.5874924205e-01
3.5040009811e-01 -7.7105219603e-01 -7.3745867654e-01
3.5040150724e-01 -7.7105123878e-01 -7.3745962668e-01
3.5039937317e-01 -7.7105379489e-01 -7.3745855181e-01
3.5040080982e-01 -7.7105277276e-01 -7.3745991170e-01
3.5040076853e-01 -7.7105230695e-01 -7.3745885162e-01
3.5040224478e-01 -7.7105118540e-01 -7.3745999071e-01
3.5039983334e-01 -7.7105391548e-01 -7.3745876823e-01
3.5040134054e-01 -7.7105305607e-01 -7.3746004620e-01
8.8981719665e-03 -9.5946309658e-01 -5.9003718481e-04
8.8978537546e-03 -9.5946294788e-01 -5.9058160302e-04
8.8985773170e-03 -9.5946235091e-01 -5.8842381392e-04
8.8982848281e-03 -9.5946226286e-01 -5.8920897184e-04
8.8985553588e-03 -9.5946270570e-01 -5.9063169177e-04
8.8985465128e-03 -9.5946271637e-01 -5.9095836361e-04
8.8993414587e-03 -9.5946179793e-01 -5.8930077464e-04
8.8987984622e-03 -9.5946178450e-01 -5.8956315406e-04
2.8822816233e-01 2.5705820557e-01 -2.0419603221e-01
2.8822866038e-01 2.5705856202e-01 -2.0419649181e-01
2.8822813042e-01 2.5705759570e-01 -2.0419654599e-01
2.8822852368e-01 2.5705794822e-01 -2.0419699373e-01
2.8822765678e-01 2.5705758567e-01 -2.0419637107e-01
2.8822846804e-01 2.5705810046e-01 -2.0419645742e-01
2.8822777234e-01 2.5705708213e-01 -2.0419655364e-01
2.8822841106e-01 2.5705755815e-01 -2.0419685828e-01
-4.6020542418e-01 3.8453708548e-01 -2.9276256130e-01
-4.6020633837e-01 3.8453752545e-01 -2.9276388183e-01
-4.6020626756e-01 3.8453833417e-01 -2.9276196371e-01
-4.6020710336e-01 3.8453851890e-01 -2.9276333982e-01
-4.6020453084e-01 3.8453627514e-01 -2.9276291380e-01
-4.6020543258e-01 3.8453670813e-01 -2.9276413657e-01
-4.6020526631e-01 3.8453746435e-01 -2.9276248751e-01
-4.6020624612e-01 3.8453766607e-01 -2.9276365937e-01
7.8027331932e-01 -5.5769022140e-01 -1.0514807409e+00
7.8027548043e-01 -5.5769257889e-01 -1.0514849488e+00
7.8027297199e-01 -5.5769077582e-01 -1.0514824380e+00
7.8027491618e-01 -5.5769326004e-01 -1.0514862954e+00
7.8027747167e-01 -5.5769142141e-01 -1.0514838117e+00
7.8027953865e-01 -5.5769410796e-01 -1.0514878922e+00
7.8027696199e-01 -5.5769234759e-01 -1.0514852895e+00
7.8027911902e-01 -5.5769462363e-01 -1.0514891572e+00
6.7373539584e-01 -2.5216147499e-01 7.1034030801e-01
6.7373654751e-01 -2.5215979358e-01 7.1033926719e-01
6.7373605538e-01 -2.5215992546e-01 7.1034114805e-01
6.7373671408e-01 -2.5215824982e-01 7.1034021358e-01
6.7373717739e-01 -2.5215971538e-01 7.1034187400e-01
6.7373792620e-01 -2.5215809839e-01 7.1034091222e-01
6.7373731303e-01 -2.5215821310e-01 7.1034248813e-01
6.7373834508e-01 -2.5215652787e-01 7.1034133875e-01
-3.5039675577e-01 2.4026637197e-02 3.3166165118e-01
-3.5039795955e-01 2.4027463468e-02 3.3166440006e-01
-3.5039566329e-01 2.4027760678e-02 3.3166253707e-01
-3.5039699871e-01 2.4028330055e-02 3.3166473733e-01
-3.5039570937e-01 2.4026647097e-02 3.3166197333e-01
-3.5039718217e-01 2.4027341250e-02 3.3166461732e-01
-3.5039495013e-01 2.4027813277e-02 3.3166239153e-01
-3.5039621985e-01 2.4028502846e-02 3.3166517379e-01
-1.6675309272e+00 -8.3731014218e-01 -1.1910828940e+00
-1.6675313431e+00 -8.3730927245e-01 -1.1910839945e+00
-1.6675340186e+00 -8.3730940854e-01 -1.1910848031e+00
-1.6675340482e+00 -8.3730891075e-01 -1.1910858664e+00
-1.6675311730e+00 -8.3731044883e-01 -1.1910839568e+00
-1.6675310547e+00 -8.3730967214e-01 -1.1910851763e+00
-1.6675338529e+00 -8.3730966108e-01 -1.1910854821e+00
-1.6675339157e+00 -8.3730886018e-01 -1.1910868853e+00
1.4075439666e-01 3.7067141602e-01 -2.8397840423e-01
1.4075437923e-01 3.7067197113e-01 -2.8397881568e-01
1.4075549752e-01 3.7067338010e-01 -2.8397853739e-01
1.4075519881e-01 3.7067397116e-01 -2.8397925810e-01
1.4075172388e-01 3.7067061989e-01 -2.8397963837e-01
1.4075166140e-01 3.7067128371e-01 -2.8398019889e-01
1.4075299362e-01 3.7067281846e-01 -2.8398010661e-01
1.4075264735e-01 3.7067327206e-01 -2.8398044777e-01
-3.5863537900e-01 2.4919402805e-01 -3.5740924697e-01
-3.5863442455e-01 2.4919446806e-01 -3.5741107893e-01
-3.5863556355e-01 2.4919257279e-01 -3.5740761486e-01
-3.5863480573e-01 2.4919286178e-01 -3.5740947358e-01
-3.5863397488e-01 2.4919467684e-01 -3.5740971541e-01
-3.5863316666e-01 2.4919500650e-01 -3.5741145587e-01
-3.5863446252e-01 2.4919327870e-01 -3.5740814391e-01
-3.5863359818e-01 2.4919360172e-01 -3.5740987178e-01
-5.7022584757e-01 -3.1924226587e-01 2.8496493375e-01
-5.7022626568e-01 -3.1924228560e-01 2.8496477123e-01
-5.7022705224e-01 -3.1923825712e-01 2.8496376587e-01
-5.7022727746e-01 -3.1923807662e-01 2.8496393395e-01
-5.7022567815e-01 -3.1924291951e-01 2.8496413995e-01
-5.7022630126e-01 -3.1924279596e-01 2.8496447003e-01
-5.7022704753e-01 -3.1923871900e-01 2.8496340779e-01
-5.7022734928e-01 -3.1923859253e-01 2.8496369674e-01
2.3915618860e-01 2.7198081314e-01 -4.6590720517e-01
2.3915588899e-01 2.7198073069e-01 -4.6590777808e-01
2.3915671674e-01 2.7198171617e-01 -4.6590710666e-01
2.3915639916e-01 2.7198130818e-01 -4.6590740227e-01
2.3915433579e-01 2.7198089014e-01 -4.6590713872e-01
2.3915360595e-01 2.7198068480e-01 -4.6590749039e-01
2.3915478284e-01 2.7198155552e-01 -4.6590688679e-01
2.3915443418e-01 2.7198173183e-01 -4.6590721629e-01
-2.3370754448e-01 9.1951680937e-01 -4.6746286925e-01
-2.3370650523e-01 9.1951688881e-01 -4.6746164707e-01
-2.3370710618e-01 9.1952056001e-01 -4.6746682608e-01
-2.3370643927e-01 9.1952047130e-01 -4.6746530816e-01
-2.3370603847e-01 9.1951641263e-01 -4.6746344854e-01
-2.3370542849e-01 9.1951623170e-01 -4.6746205334e-01
-2.3370589359e-01 9.1952001699e-01 -4.6746698613e-01
-2.3370516066e-01 9.1951979017e-01 -4.6746601002e-01
3.8590050316e-02 5.6629033815e-01 -4.6431489211e-01
3.8589136696e-02 5.6628910849e-01 -4.6431519506e-01
3.8589126961e-02 5.6629488797e-01 -4.6431659142e-01
3.8588790987e-02 5.6629379030e-01 -4.6431676278e-01
3.8589392382e-02 5.6629073088e-01 -4.6431539009e-01
3.8589320328e-02 5.6628972477e-01 -4.6431544442e-01
3.8589074277e-02 5.6629491791e-01 -4.6431726329e-01
3.8588117903e-02 5.6629412119e-01 -4.6431693307e-01
5.1317820423e-01 9.7570589527e-01 -5.1269091387e-01
5.1317773133e-01 9.7570576457e-01 -5.1268989289e-01
5.1317760221e-01 9.7570875738e-01 -5.1269416713e-01
5.1317715507e-01 9.7570860215e-01 -5.1269312190e-01
5.1317625590e-01 9.7570598193e-01 -5.1269282644e-01
5.1317554014e-01 9.7570608410e-01 -5.1269167270e-01
5.1317576257e-01 9.7570867633e-01 -5.1269596368e-01
5.1317487126e-01 9.7570869865e-01 -5.1269456208e-01
5.3369905905e-01 -1.7272233968e-01 6.6105084912e-01
5.3370117746e-01 -1.7272185261e-01 6.6105350958e-01
5.3369825064e-01 -1.7272268293e-01 6.6105031449e-01
5.3370044326e-01 -1.7272220915e-01 6.6105290444e-01
5.3369830978e-01 -1.7272245196e-01 6.6105044353e-01
5.3370040004e-01 -1.7272217468e-01 6.6105292512e-01
5.3369754843e-01 -1.7272285515e-01 6.6104965637e-01
5.3369936489e-01 -1.7272237159e-01 6.6105255909e-01
-4.2542629179e-02 -2.5335447320e-02 -1.3169409389e-01
-4.2542003460e-02 -2.5336418977e-02 -1.3169560918e-01
-4.2541764484e-02 -2.5333186662e-02 -1.3169322647e-01
-4.2541185451e-02 -2.5334017424e-02 -1.3169437238e-01
-4.2543826675e-02 -2.5336040765e-02 -1.3169423433e-01
-4.2543352128e-02 -2.5336835334e-02 -1.3169574365e-01
-4.2543204305e-02 -2.5333961370e-02 -1.3169341492e-01
-4.2542389393e-02 -2.5334539543e-02 -1.3169474606e-01
3.9672319443e-02 1.5690730616e-01 -1.0118351272e+00
3.9673187346e-02 1.5690667104e-01 -1.0118342762e+00
3.9672729312e-02 1.5691247230e-01 -1.0118377451e+00
3.9673643371e-02 1.5691217053e-01 -1.0118363861e+00
3.9671934657e-02 1.5690726474e-01 -1.0118356367e+00
3.9673026591e-02 1.5690624825e-01 -1.0118341258e+00
3.9672361565e-02 1.5691250466e-01 -1.0118375681e+00
3.9673426279e-02 1.5691170339e-01 -1.0118363414e+00
-6.9807700513e-01 7.6380506186e-02 -6.3840085500e-01
-6.9807707226e-01 7.6381358733e-02 -6.3840199914e-01
-6.9807701925e-01 7.6380396682e-02 -6.3840032938e-01
-6.9807743991e-01 7.6380878867e-02 -6.3840095701e-01
-6.9807846893e-01 7.6379763265e-02 -6.3840077434e-01
-6.9807897792e-01 7.6380249188e-02 -6.3840137186e-01
-6.9807881730e-01 7.6379234538e-02 -6.3839999993e-01
-6.9807915200e-01 7.6379862089e-02 -6.3840109363e-01
-1.0638447244e-01 1.5052272334e-02 1.4182377460e-02
-1.0638511962e-01 1.5051658544e-02 1.4181229007e-02
-1.0638519942e-01 1.5051423375e-02 1.4181835480e-02
-1.0638584024e-01 1.5050750471e-02 1.4180741064e-02
-1.0638605168e-01 1.5051733109e-02 1.4181577782e-02
-1.0638673369e-01 1.5051032506e-02 1.4180510731e-02
-1.0638645694e-01 1.5050827381e-02 1.4181429243e-02
-1.0638738663e-01 1.5050358313e-02 1.4180712191e-02
-1.4647263739e-01 8.1240581167e-01 -6.2742911707e-01
-1.4647241822e-01 8.1240542050e-01 -6.2742855500e-01
-1.4647261343e-01 8.1241038357e-01 -6.2743146353e-01
-1.4647256105e-01 8.1241015218e-01 -6.2743088471e-01
-1.4647165507e-01 8.1240631979e-01 -6.2742995384e-01
-1.4647183112e-01 8.1240571875e-01 -6.2742909408e-01
-1.4647202726e-01 8.1241095963e-01 -6.2743220463e-01
-1.4647172107e-01 8.1241041505e-01 -6.2743145722e-01
-2.3493899095e-01 -4.2498051543e-01 4.5435260709e-01
-2.3493973896e-01 -4.2498034453e-01 4.5435272350e-01
-2.3493887105e-01 -4.2498132132e-01 4.5435262382e-01
-2.3493946810e-01 -4.2498091908e-01 4.5435225837e-01
-2.3493801162e-01 -4.2498039114e-01 4.5435344241e-01
-2.3493852990e-01 -4.2498008627e-01 4.5435315616e-01
-2.3493797368e-01 -4.2498110356e-01 4.5435313700e-01
-2.3493849178e-01 -4.2498077107e-01 4.5435310039e-01
3.7360904300e-01 4.5864827281e-01 -5.4752218466e-01
3.7360877461e-01 4.5864923639e-01 -5.4752336567e-01
3.7360924004e-01 4.5864855539e-01 -5.4752122136e-01
3.7360874869e-01 4.5864967577e-01 -5.4752282945e-01
3.7360895951e-01 4.5864827293e-01 -5.4752216326e-01
3.7360888363e-01 4.5864910196e-01 -5.4752334436e-01
3.7360945601e-01 4.5864850493e-01 -5.4752092356e-01
3.7360908408e-01 4.5864949325e-01 -5.4752260665e-01
2.5943381345e-01 -8.2181125392e-01 8.5802543838e-01
2.5943432138e-01 -8.2181047135e-01 8.5802523881e-01
2.5943305410e-01 -8.2181146611e-01 8.5802480006e-01
2.5943353038e-01 -8.2181044550e-01 8.5802470612e-01
2.5943440322e-01 -8.2181033091e-01 8.5802477251e-01
2.5943462026e-01 -8.2180968410e-01 8.5802452060e-01
2.5943364244e-01 -8.2181032892e-01 8.5802376062e-01
2.5943417314e-01 -8.2180957138e-01 8.5802398804e-01
1.7285981090e-01 4.3123629778e-01 -6.5753348892e-02
1.7285920487e-01 4.3123590522e-01 -6.5755791185e-02
1.7286016745e-01 4.3123949117e-01 -6.5751878189e-02
1.7285960921e-01 4.3123928007e-01 -6.5754578962e-02
1.7285724953e-01 4.3123546776e-01 -6.5753941660e-02
1.7285673811e-01 4.3123514782e-01 -6.5756005646e-02
1.7285729532e-01 4.3123907007e-01 -6.5752422668e-02
1.7285700235e-01 4.3123867319e-01 -6.5754957020e-02
-7.4819321477e-01 -1.8965310749e-02 -3.9737947162e-01
-7.4819445991e-01 -1.8967101139e-02 -3.9738334544e-01
-7.4819313483e-01 -1.8965619493e-02 -3.9738047514e-01
-7.4819462385e-01 -1.8967628131e-02 -3.9738430097e-01
-7.4819337482e-01 -1.8966006760e-02 -3.9737838926e-01
-7.4819520950e-01 -1.8967906408e-02 -3.9738231381e-01
-7.4819365991e-01 -1.8966207955e-02 -3.9737954795e-01
-7.4819523087e-01 -1.8968072025e-02 -3.9738307027e-01
5.7454480503e-02 4.1801869110e-01 5.4855237595e-01
5.7454209764e-02 4.1801827419e-01 5.4855027587e-01
5.7454842856e-02 4.1801918034e-01 5.4855309469e-01
5.7454561557e-02 4.1801871054e-01 5.4855072583e-01
5.7454783903e-02 4.1801859772e-01 5.4855253504e-01
5.7454703664e-02 4.1801832154e-01 5.4855039601e-01
5.7455116671e-02 4.1801911921e-01 5.4855315489e-01
5.7455166010e-02 4.1801871930e-01 5.4855069648e-01
-5.5936556181e-01 -2.4318093179e-01 -5.5335431719e-01
-5.5936453352e-01 -2.4317975873e-01 -5.5335616544e-01
-5.5936266067e-01 -2.4317796726e-01 -5.5335256302e-01
-5.5936142084e-01 -2.4317676537e-01 -5.5335424826e-01
-5.5936278941e-01 -2.4317921693e-01 -5.5335060434e-01
-5.5936157297e-01 -2.4317785255e-01 -5.5335221205e-01
-5.5936019214e-01 -2.4317624717e-01 -5.5334945901e-01
-5.5935896838e-01 -2.4317510759e-01 -5.5335127693e-01
2.3133738513e-01 -2.5986923528e-01 -8.3579039315e-01
2.3133928177e-01 -2.5986932824e-01 -8.3579238599e-01
2.3133574206e-01 -2.5986418000e-01 -8.3578941740e-01
2.3133731019e-01 -2.5986407050e-01 -8.3579166965e-01
2.3133537227e-01 -2.5986778932e-01 -8.3578920890e-01
2.3133678411e-01 -2.5986774621e-01 -8.3579133469e-01
2.3133311537e-01 -2.5986274781e-01 -8.3578807367e-01
2.3133492181e-01 -2.5986267102e-01 -8.3579022267e-01
-3.6893549246e-01 -5.3892820888e-02 -2.5919236738e-01
-3.6893635044e-01 -5.3893482076e-02 -2.5919411715e-01
-3.6893505608e-01 -5.3892074714e-02 -2.5919243716e-01
-3.6893615638e-01 -5.3892345376e-02 -2.5919399982e-01
-3.6893551840e-01 -5.3892311021e-02 -2.5919258485e-01
-3.6893655102e-01 -5.3892864105e-02 -2.5919408282e-01
-3.6893536375e-01 -5.3891240725e-02 -2.5919262055e-01
-3.6893614415e-01 -5.3891794887e-02 -2.5919407053e-01
-1.3022370145e-01 6.2159146454e-01 -9.5144406288e-02
-1.3022523557e-01 6.2159100603e-01 -9.5141547163e-02
-1.3022382809e-01 6.2159456187e-01 -9.5144149746e-02
-1.3022524831e-01 6.2159434923e-01 -9.5140824230e-02
-1.3022301936e-01 6.2159114047e-01 -9.5144752258e-02
-1.3022455530e-01 6.2159089302e-01 -9.5141923977e-02
-1.3022361513e-01 6.2159408496e-01 -9.5143980250e-02
-1.3022498263e-01 6.2159426781e-01 -9.5141087658e-02
2.8512787823e-01 -7.9409458354e-01 1.1279370333e+00
2.8512724981e-01 -7.9409583519e-01 1.1279357984e+00
2.8512826621e-01 -7.9409501629e-01 1.1279361584e+00
2.8512761376e-01 -7.9409593784e-01 1.1279348670e+00
2.8512783690e-01 -7.9409394905e-01 1.1279372512e+00
2.8512697854e-01 -7.9409484943e-01 1.1279355319e+00
2.8512834338e-01 -7.9409419057e-01 1.1279361944e+00
2.8512767263e-01 -7.9409512094e-01 1.1279343708e+00
-3.5795538526e-01 3.0742143081e-01 2.3798270064e-01
-3.5795509082e-01 3.0742104662e-01 2.3798087983e-01
-3.5795490377e-01 3.0742052338e-01 2.3798251964e-01
-3.5795428985e-01 3.0742027439e-01 2.3798107695e-01
-3.5795417287e-01 3.0742033130e-01 2.3798108826e-01
-3.5795369526e-01 3.0742024159e-01 2.3797944146e-01
-3.5795354101e-01 3.0741999362e-01 2.3798106029e-01
-3.5795305779e-01 3.0741955281e-01 2.3797944039e-01
6.3649222575e-02 -2.4532018933e+00 2.2674948830e+00
6.3649888934e-02 -2.4532028789e+00 2.2674994177e+00
6.3648398164e-02 -2.4532037055e+00 2.2674961162e+00
6.3648899872e-02 -2.4532046413e+00 2.2675003545e+00
6.3649692908e-02 -2.4532022784e+00 2.2674966823e+00
6.3650579850e-02 -2.4532030610e+00 2.2675008403e+00
6.3648805098e-02 -2.4532037737e+00 2.2674974654e+00
6.3649527956e-02 -2.4532047034e+00 2.2675019988e+00
4.0362035669e-01 4.2648297786e-01 1.8322601381e-01
4.0362081389e-01 4.2648181851e-01 1.8322507348e-01
4.0361989818e-01 4.2648247723e-01 1.8322571767e-01
4.0362054528e-01 4.2648146279e-01 1.8322406344e-01
4.0362253479e-01 4.2648348181e-01 1.8322796911e-01
4.0362305948e-01 4.2648272740e-01 1.8322660514e-01
4.0362222427e-01 4.2648332942e-01 1.8322732474e-01
4.0362298468e-01 4.2648230616e-01 1.8322586892e-01
-2.2931827823e-01 6.9275774334e-01 -4.1394061972e-01
-2.2931748273e-01 6.9276113044e-01 -4.1394591340e-01
-2.2931764976e-01 6.9275755693e-01 -4.1394040950e-01
-2.2931663783e-01 6.9276089363e-01 -4.1394608827e-01
-2.2931812022e-01 6.9275816165e-01 -4.1394169081e-01
-2.2931751669e-01 6.9276145026e-01 -4.1394718269e-01
-2.2931785562e-01 6.9275802149e-01 -4.1394147582e-01
-2.2931699572e-01 6.9276151851e-01 -4.1394711467e-01
-1.3244569140e-01 -4.0474015133e-01 -8.0517650183e-01
-1.3244467623e-01 -4.0474071911e-01 -8.0517753598e-01
-1.3244582290e-01 -4.0474182994e-01 -8.0517777272e-01
-1.3244501300e-01 -4.0474231431e-01 -8.0517900382e-01
-1.3244411535e-01 -4.0474108978e-01 -8.0517728256e-01
-1.3244322705e-01 -4.0474182957e-01 -8.0517857873e-01
-1.3244422994e-01 -4.0474292311e-01 -8.0517914803e-01
-1.3244331886e-01 -4.0474325902e-01 -8.0518028262e-01
6.9417311087e-01 -1.4838583127e-01 5.4520196607e-02
6.9417355169e-01 -1.4838687315e-01 5.4517031255e-02
6.9417223907e-01 -1.4838409371e-01 5.4521141162e-02
6.9417322476e-01 -1.4838543083e-01 5.4518049057e-02
6.9417406307e-01 -1.4838579080e-01 5.4520776519e-02
6.9417460527e-01 -1.4838690819e-01 5.4517822008e-02
6.9417329843e-01 -1.4838411626e-01 5.4522180697e-02
6.9417393727e-01 -1.4838519468e-01 5.4518956075e-02
-1.7395510422e-02 -2.3051567933e+00 2.1144262353e+00
-1.7395113520e-02 -2.3051554826e+00 2.1144232126e+00
-1.7395459812e-02 -2.3051593743e+00 2.1144264442e+00
-1.7394731317e-02 -2.3051583557e+00 2.1144235527e+00
-1.7395725743e-02 -2.3051567220e+00 2.1144261424e+00
-1.7395032208e-02 -2.3051553649e+00 2.1144232912e+00
-1.7395621900e-02 -2.3051594472e+00 2.1144265096e+00
-1.7394817500e-02 -2.3051585142e+00 2.1144236378e+00
2.6722584496e-01 1.0415065143e-01 -1.0479727225e-01
2.6722444528e-01 1.0414889816e-01 -1.0480076021e-01
2.6722669146e-01 1.0415384723e-01 -1.0479440109e-01
2.6722521996e-01 1.0415245215e-01 -1.0479788536e-01
2.6722622790e-01 1.0415057268e-01 -1.0479680876e-01
2.6722479510e-01 1.0414916514e-01 -1.0480072618e-01
2.6722682970e-01 1.0415396288e-01 -1.0479408110e-01
2.6722518393e-01 1.0415217360e-01 -1.0479753206e-01
1.6316322816e-01 1.3409811155e+00 -9.0999884151e-01
1.6316286816e-01 1.3409729028e+00 -9.0998790298e-01
1.6316377595e-01 1.3409750058e+00 -9.0999866539e-01
1.6316340886e-01 1.3409668167e+00 -9.0998757160e-01
1.6316207125e-01 1.3409812799e+00 -9.0999721139e-01
1.6316072642e-01 1.3409745008e+00 -9.0998607756e-01
1.6316186644e-01 1.3409757074e+00 -9.0999687510e-01
1.6316123039e-01 1.3409671360e+00 -9.0998545121e-01
-2.0426355002e-01 3.6610123239e-01 3.4727195692e-01
-2.0426298462e-01 3.6610217994e-01 3.4727540664e-01
-2.0426460310e-01 3.6610267603e-01 3.4726899229e-01
-2.0426376524e-01 3.6610303374e-01 3.4727226743e-01
-2.0426418113e-01 3.6610107591e-01 3.4727484948e-01
-2.0426345865e-01 3.6610249773e-01 3.4727777851e-01
-2.0426452831e-01 3.6610171766e-01 3.4727128907e-01
-2.0426381714e-01 3.6610246800e-01 3.4727524397e-01
-8.9068723120e-01 -5.1902089916e-01 -1.8534482177e-01
-8.9069007729e-01 -5.1901695887e-01 -1.8534436985e-01
-8.9068596401e-01 -5.1902466372e-01 -1.8534678054e-01
-8.9068860333e-01 -5.1902211014e-01 -1.8534681952e-01
-8.9068014157e-01 -5.1902074719e-01 -1.8534588048e-01
-8.9068333020e-01 -5.1901715970e-01 -1.8534532237e-01
-8.9067929109e-01 -5.1902395295e-01 -1.8534816005e-01
-8.9068252338e-01 -5.1902245633e-01 -1.8534770161e-01
3.6132637369e+00 1.2182758503e+00 6.2791745142e-02
3.6132638628e+00 1.2182788265e+00 6.2786252950e-02
3.6132569638e+00 1.2182742530e+00 6.2789834870e-02
3.6132579938e+00 1.2182778215e+00 6.2784265492e-02
3.6132655999e+00 1.2182761700e+00 6.2791739524e-02
3.6132661886e+00 1.2182795795e+00 6.2786655536e-02
3.6132592883e+00 1.2182746424e+00 6.2789627977e-02
3.6132597949e+00 1.2182774044e+00 6.2784349639e-02
7.7647738307e-01 8.3698240091e-01 -9.3184134195e-01
7.7647405942e-01 8.3698363549e-01 -9.3182669401e-01
7.7647684589e-01 8.3698334013e-01 -9.3184029151e-01
7.7647408104e-01 8.3698447051e-01 -9.3182717955e-01
7.7648440166e-01 8.3697947738e-01 -9.3184438833e-01
7.7648216786e-01 8.3698071785e-01 -9.3182972869e-01
7.7648364516e-01 8.3698073633e-01 -9.3184378424e-01
7.7648127740e-01 8.3698103143e-01 -9.3183006901e-01
-2.2239576940e+00 -6.5394207052e-02 1.9981532876e+00
-2.2239584783e+00 -6.5395743172e-02 1.9981513819e+00
-2.2239608525e+00 -6.5378175651e-02 1.9981530306e+00
-2.2239610350e+00 -6.5380529494e-02 1.9981500117e+00
-2.2239550424e+00 -6.5394402830e-02 1.9981536947e+00
-2.2239546005e+00 -6.5396535080e-02 1.9981499155e+00
-2.2239588130e+00 -6.5378439836e-02 1.9981528776e+00
-2.2239582344e+00 -6.5380535640e-02 1.9981502218e+00
2.9501325715e-01 6.3219066334e-01 1.1595364749e+00
2.9501239605e-01 6.3219063377e-01 1.1595363758e+00
2.9501557595e-01 6.3220637534e-01 1.1595401872e+00
2.9501515378e-01 6.3220658937e-01 1.1595396955e+00
2.9501566118e-01 6.3219136982e-01 1.1595377998e+00
2.9501503834e-01 6.3219116057e-01 1.1595369748e+00
2.9501854892e-01 6.3220762101e-01 1.1595413037e+00
2.9501762082e-01 6.3220746820e-01 1.1595413889e+00
1.1567768751e+00 -1.3806395319e-01 1.2356947582e+00
1.1567745334e+00 -1.3806996496e-01 1.2357107914e+00
1.1567793169e+00 -1.3806256625e-01 1.2356944445e+00
1.1567756258e+00 -1.3806750804e-01 1.2357099422e+00
1.1567787877e+00 -1.3806585524e-01 1.2356933497e+00
1.1567760478e+00 -1.3807119412e-01 1.2357096343e+00
1.1567805960e+00 -1.3806361316e-01 1.2356928181e+00
1.1567771291e+00 -1.3807007568e-01 1.2357085405e+00
1.5115787804e-01 7.0493878509e-01 -1.2997555161e+00
1.5116185444e-01 7.0494291683e-01 -1.2997420338e+00
1.5116086128e-01 7.0496147792e-01 -1.2997535402e+00
1.5116450778e-01 7.0496493253e-01 -1.2997398876e+00
1.5116207034e-01 7.0493940291e-01 -1.2997562271e+00
1.5116630588e-01 7.0494439318e-01 -1.2997430310e+00
1.5116563333e-01 7.0496220642e-01 -1.2997538470e+00
1.5116919072e-01 7.0496550396e-01 -1.2997400524e+00
-1.9152201341e+00 -3.4247805963e-01 1.0651527378e+00
-1.9152254760e+00 -3.4248020851e-01 1.0651651222e+00
-1.9152185497e+00 -3.4249044011e-01 1.0651613494e+00
-1.9152242708e+00 -3.4249317472e-01 1.0651743400e+00
-1.9152146662e+00 -3.4247912516e-01 1.0651511097e+00
-1.9152212384e+00 -3.4248180289e-01 1.0651635353e+00
-1.9152137402e+00 -3.4249170706e-01 1.0651605308e+00
-1.9152195103e+00 -3.4249424113e-01 1.0651726898e+00
-1.2840065307e+00 -7.8104753611e-01 9.1917740331e-01
-1.2840071045e+00 -7.8104872381e-01 9.1917485511e-01
-1.2840088614e+00 -7.8104307190e-01 9.1917839135e-01
-1.2840101093e+00 -7.8104476313e-01 9.1917599997e-01
-1.2840204453e+00 -7.8104788332e-01 9.1917917039e-01
-1.2840218788e+00 -7.8104912240e-01 9.1917636101e-01
-1.2840231694e+00 -7.8104404409e-01 9.1917979826e-01
-1.2840240953e+00 -7.8104502811e-01 9.1917712023e-01
1.9475675330e+00 -4.6589495983e-01 -8.7379070479e-01
1.9475680623e+00 -4.6589243711e-01 -8.7379305994e-01
1.9475657550e+00 -4.6589867807e-01 -8.7378994519e-01
1.9475668622e+00 -4.6589541611e-01 -8.7379290716e-01
1.9475498481e+00 -4.6589172874e-01 -8.7378499568e-01
1.9475507236e+00 -4.6588949608e-01 -8.7378787695e-01
1.9475486269e+00 -4.6589548458e-01 -8.7378376745e-01
1.9475483048e+00 -4.6589211333e-01 -8.7378658694e-01
5.5668192957e-01 -3.2481982928e-01 6.2961302949e-01
5.5668032076e-01 -3.2481873329e-01 6.2961527897e-01
5.5667999765e-01 -3.2481770578e-01 6.2961349403e-01
5.5667917324e-01 -3.2481612501e-01 6.2961625341e-01
5.5668605319e-01 -3.2481935870e-01 6.2961231990e-01
5.5668496777e-01 -3.2481742370e-01 6.2961476808e-01
5.5668535185e-01 -3.2481655297e-01 6.2961388593e-01
5.5668413870e-01 -3.2481585787e-01 6.2961563105e-01
-4.4768158336e-01 -2.6065321337e-01 1.3390752935e+00
-4.4769028471e-01 -2.6064590079e-01 1.3390854096e+00
-4.4767714004e-01 -2.6065584686e-01 1.3390724222e+00
-4.4768653589e-01 -2.6064880547e-01 1.3390834638e+00
-4.4767356992e-01 -2.6065377751e-01 1.3390720954e+00
-4.4768268523e-01 -2.6064754729e-01 1.3390825931e+00
-4.4766898794e-01 -2.6065792002e-01 1.3390698960e+00
-4.4767790617e-01 -2.6065028916e-01 1.3390795574e+00
-1.2669644129e+00 -1.8859530049e+00 1.6482169691e-02
-1.2669683437e+00 -1.8859549294e+00 1.6481541273e-02
-1.2669595651e+00 -1.8859238545e+00 1.6475915163e-02
-1.2669641399e+00 -1.8859255670e+00 1.6475012151e-02
-1.2669629988e+00 -1.8859518821e+00 1.6481244464e-02
-1.2669672213e+00 -1.8859544830e+00 1.6480816879e-02
-1.2669593082e+00 -1.8859231758e+00 1.6474689568e-02
-1.2669628519e+00 -1.8859249883e+00 1.6473877579e-02
2.6097538876e-01 -1.2939081339e-01 1.2524172688e-01
2.6097517880e-01 -1.2938960501e-01 1.2524210151e-01
2.6097231417e-01 -1.2939684231e-01 1.2524330917e-01
2.6097226241e-01 -1.2939615780e-01 1.2524309474e-01
2.6097929776e-01 -1.2939221851e-01 1.2523848092e-01
2.6097887856e-01 -1.2939202746e-01 1.2523926863e-01
2.6097686307e-01 -1.2939944942e-01 1.2524069966e-01
2.6097682983e-01 -1.2939812452e-01 1.2524130953e-01
-4.7362085751e-01 1.5656742228e+00 -2.1876085685e-01
-4.7361508329e-01 1.5656731808e+00 -2.1876566668e-01
-4.7362444714e-01 1.5656960218e+00 -2.1875742761e-01
-4.7361935789e-01 1.5656948086e+00 -2.1876260354e-01
-4.7361193391e-01 1.5656751532e+00 -2.1876358168e-01
-4.7360794402e-01 1.5656742365e+00 -2.1876846791e-01
-4.7361582835e-01 1.5656972482e+00 -2.1876018724e-01
-4.7361103647e-01 1.5656954307e+00 -2.1876592893e-01
-1.5077409541e+00 1.4354260269e+00 1.9618069431e+00
-1.5077402449e+00 1.4354240069e+00 1.9618056449e+00
-1.5077428297e+00 1.4354361109e+00 1.9618141656e+00
-1.5077419685e+00 1.4354350015e+00 1.9618130268e+00
-1.5077381774e+00 1.4354249359e+00 1.9618066266e+00
-1.5077380762e+00 1.4354217413e+00 1.9618055785e+00
-1.5077402045e+00 1.4354344244e+00 1.9618146705e+00
-1.5077395336e+00 1.4354322944e+00 1.9618130190e+00
4.7946168406e-01 1.0139726725e+00 -1.3905315255e-01
4.7946459658e-01 1.0139760964e+00 -1.3903739272e-01
4.7946483939e-01 1.0139923814e+00 -1.3905086589e-01
4.7946762693e-01 1.0139945815e+00 -1.3903549730e-01
4.7946896193e-01 1.0139703934e+00 -1.3905318947e-01
4.7947083481e-01 1.0139727288e+00 -1.3903815251e-01
4.7947216946e-01 1.0139898922e+00 -1.3905039634e-01
4.7947400651e-01 1.0139929273e+00 -1.3903614564e-01
1.1678322020e+00 -7.6062974830e-01 -8.7179417310e-02
1.1678335277e+00 -7.6063064267e-01 -8.7180586021e-02
1.1678319707e+00 -7.6062888873e-01 -8.7180252726e-02
1.1678336267e+00 -7.6063167373e-01 -8.7180448639e-02
1.1678343744e+00 -7.6062845586e-01 -8.7180889549e-02
1.1678352424e+00 -7.6063026986e-01 -8.7181286337e-02
1.1678340046e+00 -7.6062952728e-01 -8.7181141261e-02
1.1678357596e+00 -7.6062976589e-01 -8.7181784189e-02
1.1745321341e+00 -1.4645472201e+00 5.1580888869e-01
1.1745304994e+00 -1.4645463129e+00 5.1580932764e-01
1.1745280176e+00 -1.4645471887e+00 5.1580805959e-01
1.1745260327e+00 -1.4645453400e+00 5.1580791198e-01
1.1745413929e+00 -1.4645471079e+00 5.1580762527e-01
1.1745407528e+00 -1.4645454245e+00 5.1580749648e-01
1.1745363701e+00 -1.4645459650e+00 5.1580700517e-01
1.1745346783e+00 -1.4645448327e+00 5.1580730404e-01
1.0614740583e-01 6.0189626541e-01 -5.1969087432e-01
1.0614173714e-01 6.0189608070e-01 -5.1968288141e-01
1.0614289530e-01 6.0190390477e-01 -5.1968876244e-01
1.0613583381e-01 6.0190411621e-01 -5.1968032961e-01
1.0614995549e-01 6.0189488986e-01 -5.1969110794e-01
1.0614422090e-01 6.0189462053e-01 -5.1968394173e-01
1.0614456617e-01 6.0190261996e-01 -5.1968886834e-01
1.0613791933e-01 6.0190334540e-01 -5.1968075569e-01
1.0093952723e+00 2.2544134972e+00 -1.4154049768e+00
1.0093922558e+00 2.2544104711e+00 -1.4154060790e+00
1.0093941108e+00 2.2544192482e+00 -1.4154048127e+00
1.0093917925e+00 2.2544166226e+00 -1.4154062831e+00
1.0093961594e+00 2.2544105521e+00 -1.4154084415e+00
1.0093920776e+00 2.2544080838e+00 -1.4154112235e+00
1.0093936823e+00 2.2544161181e+00 -1.4154102952e+00
1.0093904969e+00 2.2544144084e+00 -1.4154113663e+00
-1.3533173080e-02 4.6632908452e-01 8.0073923471e-01
-1.3533576663e-02 4.6632469965e-01 8.0073513461e-01
-1.3533866424e-02 4.6632682459e-01 8.0073770041e-01
-1.3534147191e-02 4.6632219889e-01 8.0073308829e-01
-1.3532491481e-02 4.6632801401e-01 8.0073961609e-01
-1.3532445709e-02 4.6632316444e-01 8.0073466491e-01
-1.3533329712e-02 4.6632474788e-01 8.0073800224e-01
-1.3533647453e-02 4.6632117527e-01 8.0073368303e-01
5.5806675774e-01 -9.5377657896e-01 1.0114127254e+00
5.5806717608e-01 -9.5377764724e-01 1.0114127465e+00
5.5806884266e-01 -9.5378167468e-01 1.0114105958e+00
5.5806924163e-01 -9.5378248564e-01 1.0114096497e+00
5.5806755265e-01 -9.5377659062e-01 1.0114123429e+00
5.5806809170e-01 -9.5377775896e-01 1.0114119568e+00
5.5806966069e-01 -9.5378218146e-01 1.0114111587e+00
5.5806982332e-01 -9.5378381920e-01 1.0114106765e+00
2.4929860931e+00 1.7412045876e-01 -1.2527843699e-01
2.4929919062e+00 1.7411870762e-01 -1.2528053745e-01
2.4929805922e+00 1.7413389021e-01 -1.2526913814e-01
2.4929874873e+00 1.7413303890e-01 -1.2527190768e-01
2.4930015269e+00 1.7412412310e-01 -1.2527193762e-01
2.4930074282e+00 1.7412213790e-01 -1.2527503722e-01
2.4929965311e+00 1.7413767215e-01 -1.2526332088e-01
2.4930022941e+00 1.7413640060e-01 -1.2526527390e-01
3.3197402837e-01 -1.1416282851e-01 2.8641476237e-01
3.3197474639e-01 -1.1416299168e-01 2.8641453355e-01
3.3197144565e-01 -1.1416651530e-01 2.8641246299e-01
3.3197224328e-01 -1.1416652089e-01 2.8641233708e-01
3.3197544940e-01 -1.1416331071e-01 2.8641526640e-01
3.3197648370e-01 -1.1416395590e-01 2.8641472217e-01
3.3197204200e-01 -1.1416687999e-01 2.8641355752e-01
3.3197393482e-01 -1.1416750619e-01 2.8641299879e-01
2.6536176221e-01 -7.9723115106e-01 -2.3571439000e-01
2.6536165866e-01 -7.9722626097e-01 -2.3570281984e-01
2.6536137903e-01 -7.9722883580e-01 -2.3571512060e-01
2.6536152861e-01 -7.9722414069e-01 -2.3570346914e-01
2.6533952700e-01 -7.9723584640e-01 -2.3571877994e-01
2.6533969312e-01 -7.9723037720e-01 -2.3570691605e-01
2.6533907874e-01 -7.9723240145e-01 -2.3571932951e-01
2.6534065071e-01 -7.9722831028e-01 -2.3570808796e-01
-8.4339088126e-01 1.4503249268e+00 -4.5061371255e-01
-8.4339040663e-01 1.4503241884e+00 -4.5061492941e-01
-8.4338861976e-01 1.4503229466e+00 -4.5061555896e-01
-8.4339046110e-01 1.4503215219e+00 -4.5061683601e-01
-8.4338417347e-01 1.4503232388e+00 -4.5061677636e-01
-8.4338381786e-01 1.4503215803e+00 -4.5061819279e-01
-8.4338346927e-01 1.4503204905e+00 -4.5061841717e-01
-8.4338383445e-01 1.4503191858e+00 -4.5061963365e-01
4.4866694409e+00 -2.6630396762e+00 -2.2528949992e+00
4.4866697158e+00 -2.6630352004e+00 -2.2528840894e+00
4.4866629404e+00 -2.6630249853e+00 -2.2528838072e+00
4.4866646390e+00 -2.6630189931e+00 -2.2528739298e+00
4.4866758329e+00 -2.6630383213e+00 -2.2528919550e+00
4.4866772688e+00 -2.6630335033e+00 -2.2528821047e+00
4.4866711339e+00 -2.6630232640e+00 -2.2528816997e+00
4.4866714807e+00 -2.6630170991e+00 -2.2528715220e+00
-1.5743048583e-01 -5.8032023156e-01 -2.0785912936e+00
-1.5743305246e-01 -5.8031164364e-01 -2.0785778329e+00
-1.5742976496e-01 -5.8032434375e-01 -2.0785931418e+00
-1.5743192190e-01 -5.8031370416e-01 -2.0785804009e+00
-1.5743445582e-01 -5.8032264733e-01 -2.0785937170e+00
-1.5743831798e-01 -5.8031376005e-01 -2.0785804210e+00
-1.5743398651e-01 -5.8032613223e-01 -2.0785967228e+00
-1.5743650086e-01 -5.8031621727e-01 -2.0785831042e+00
-2.6907682161e+00 -2.1935276952e+00 -1.7668479307e+00
-2.6907755031e+00 -2.1935292432e+00 -1.7668539239e+00
-2.6907615304e+00 -2.1935093533e+00 -1.7668418069e+00
-2.6907686749e+00 -2.1935096577e+00 -1.7668477770e+00
-2.6907942536e+00 -2.1935309746e+00 -1.7668541187e+00
-2.6908003261e+00 -2.1935321506e+00 -1.7668606315e+00
-2.6907869709e+00 -2.1935128105e+00 -1.7668481485e+00
-2.6907942663e+00 -2.1935131185e+00 -1.7668543672e+00
2.6837719224e+00 1.3631178610e+00 1.0043870489e+00
2.6837739879e+00 1.3631170867e+00 1.0043986686e+00
2.6837759143e+00 1.3631138485e+00 1.0043855172e+00
2.6837778271e+00 1.3631127451e+00 1.0043965269e+00
2.6837728508e+00 1.3631197651e+00 1.0043860045e+00
2.6837734689e+00 1.3631194591e+00 1.0043973685e+00
2.6837763963e+00 1.3631169520e+00 1.0043840221e+00
2.6837777691e+00 1.3631148842e+00 1.0043948317e+00
-2.6640731823e-01 -1.0335420780e-01 1.5794741644e+00
-2.6640432602e-01 -1.0335418421e-01 1.5794699734e+00
-2.6640743284e-01 -1.0335303360e-01 1.5794734334e+00
-2.6640407417e-01 -1.0335347772e-01 1.5794698211e+00
-2.6640108463e-01 -1.0335102217e-01 1.5794757524e+00
-2.6639832363e-01 -1.0335229279e-01 1.5794714122e+00
-2.6640220858e-01 -1.0335091907e-01 1.5794753964e+00
-2.6639877920e-01 -1.0335166868e-01 1.5794713228e+00
-1.7973564969e+00 7.3265090798e-01 1.0008671865e+00
-1.7973612113e+00 7.3264943568e-01 1.0008646145e+00
-1.7973553596e+00 7.3265258481e-01 1.0008682032e+00
-1.7973590745e+00 7.3264980907e-01 1.0008657398e+00
-1.7973495060e+00 7.3264612775e-01 1.0008621151e+00
-1.7973542002e+00 7.3264406174e-01 1.0008596183e+00
-1.7973488322e+00 7.3264757437e-01 1.0008629465e+00
-1.7973517437e+00 7.3264549358e-01 1.0008612260e+00
-2.3519175330e-01 -2.0335544903e+00 -4.6512549880e-01
-2.3519295400e-01 -2.0335481647e+00 -4.6511365239e-01
-2.3519391454e-01 -2.0335358256e+00 -4.6511894041e-01
-2.3519470717e-01 -2.0335291741e+00 -4.6510742847e-01
-2.3521537956e-01 -2.0335504324e+00 -4.6512608969e-01
-2.3521593437e-01 -2.0335452409e+00 -4.6511436258e-01
-2.3521788724e-01 -2.0335331174e+00 -4.6512065243e-01
-2.3521770392e-01 -2.0335274302e+00 -4.6510978737e-01
1.3277080601e-01 1.2299455896e-01 3.0661712565e-01
1.3277300663e-01 1.2299482922e-01 3.0661127541e-01
1.3276887765e-01 1.2299293098e-01 3.0661581322e-01
1.3277163567e-01 1.2299302375e-01 3.0660977666e-01
1.3277147752e-01 1.2299436048e-01 3.0661498246e-01
1.3277282718e-01 1.2299523211e-01 3.0660928310e-01
1.3276922098e-01 1.2299245859e-01 3.0661332209e-01
1.3277113697e-01 1.2299350924e-01 3.0660791135e-01
3.7412917612e-01 2.2683125426e+00 2.4169726958e+00
3.7412662620e-01 2.2683097915e+00 2.4169590530e+00
3.7413186371e-01 2.2683115272e+00 2.4169731167e+00
3.7412910731e-01 2.2683083542e+00 2.4169591446e+00
3.7414068771e-01 2.2683093144e+00 2.4169693276e+00
3.7413859509e-01 2.2683064519e+00 2.4169571908e+00
3.7414372286e-01 2.2683077873e+00 2.4169704299e+00
3.7414093461e-01 2.2683058280e+00 2.4169575849e+00
-2.6431668703e+00 -8.7985068504e-01 -1.2300390332e+00
-2.6431674328e+00 -8.7985186440e-01 -1.2300422461e+00
-2.6431730211e+00 -8.7985872946e-01 -1.2300424027e+00
-2.6431751310e+00 -8.7985896611e-01 -1.2300467627e+00
-2.6431657749e+00 -8.7985202070e-01 -1.2300388505e+00
-2.6431670735e+00 -8.7985308386e-01 -1.2300430678e+00
-2.6431711256e+00 -8.7985985671e-01 -1.2300420276e+00
-2.6431726063e+00 -8.7985999718e-01 -1.2300456022e+00
9.7473768077e-02 -1.4857841374e-01 -5.4449421514e-02
9.7470680820e-02 -1.4857335145e-01 -5.4460026225e-02
9.7469497345e-02 -1.4855973009e-01 -5.4453224127e-02
9.7465961880e-02 -1.4855467270e-01 -5.4463843694e-02
9.7474003054e-02 -1.4857691462e-01 -5.4449826377e-02
9.7471510475e-02 -1.4857271660e-01 -5.4459644481e-02
9.7470504467e-02 -1.4855784327e-01 -5.4454234983e-02
9.7467584098e-02 -1.4855372793e-01 -5.4464044240e-02
1.8786393870e+00 -4.2958451709e-01 9.3964044398e-01
1.8786401312e+00 -4.2957997282e-01 9.3965717458e-01
1.8786391958e+00 -4.2958596373e-01 9.3964142945e-01
1.8786390401e+00 -4.2958171920e-01 9.3965714659e-01
1.8786440203e+00 -4.2958013119e-01 9.3964425498e-01
1.8786431677e+00 -4.2957592983e-01 9.3966043942e-01
1.8786433825e+00 -4.2958133181e-01 9.3964428462e-01
1.8786431087e+00 -4.2957731177e-01 9.3966073314e-01
-7.8408969574e-01 1.5527224174e+00 2.7526183588e+00
-7.8408244507e-01 1.5527196960e+00 2.7526113739e+00
-7.8408868769e-01 1.5527196083e+00 2.7526181270e+00
-7.8408094021e-01 1.5527168092e+00 2.7526112240e+00
-7.8409267501e-01 1.5527177947e+00 2.7526160872e+00
-7.8408457783e-01 1.5527148513e+00 2.7526089455e+00
-7.8409036923e-01 1.5527150589e+00 2.7526149787e+00
-7.8408299823e-01 1.5527107909e+00 2.7526084498e+00
4.7864578120e-01 3.3763463205e-01 -1.0854159391e-01
4.7864435740e-01 3.3763080477e-01 -1.0854650592e-01
4.7864321933e-01 3.3763277645e-01 -1.0854282355e-01
4.7864231769e-01 3.3762866144e-01 -1.0854786589e-01
4.7864936087e-01 3.3763240700e-01 -1.0854384940e-01
4.7864820730e-01 3.3762861500e-01 -1.0854888796e-01
4.7864632778e-01 3.3763019376e-01 -1.0854540829e-01
4.7864538247e-01 3.3762660402e-01 -1.0855051703e-01
1.0877688636e+00 -1.5448502249e+00 -1.8181914228e+00
1.0877685817e+00 -1.5448509912e+00 -1.8181953331e+00
1.0877683669e+00 -1.5448559114e+00 -1.8181944279e+00
1.0877679345e+00 -1.5448558424e+00 -1.8181973167e+00
1.0877552727e+00 -1.5448478246e+00 -1.8181920971e+00
1.0877555351e+00 -1.5448486827e+00 -1.8181961666e+00
1.0877557217e+00 -1.5448535222e+00 -1.8181945130e+00
1.0877557923e+00 -1.5448540029e+00 -1.8181983253e+00
3.6546844263e-01 -1.9090918321e-01 9.1615422391e-01
3.6546652671e-01 -1.9090734006e-01 9.1614395427e-01
3.6546869401e-01 -1.9088312239e-01 9.1614913081e-01
3.6546658291e-01 -1.9088176526e-01 9.1613916367e-01
3.6547989418e-01 -1.9090521627e-01 9.1616093690e-01
3.6547753161e-01 -1.9090279932e-01 9.1615067276e-01
3.6548015943e-01 -1.9087937049e-01 9.1615589639e-01
3.6547824202e-01 -1.9087640763e-01 9.1614521068e-01
-1.5048091342e+00 1.2770163296e-01 -6.7272443031e-01
-1.5048066246e+00 1.2769990329e-01 -6.7273139552e-01
-1.5048053881e+00 1.2769589070e-01 -6.7272347520e-01
-1.5048029793e+00 1.2769413040e-01 -6.7273063282e-01
-1.5048010550e+00 1.2770171302e-01 -6.7272432053e-01
-1.5047972683e+00 1.2770020317e-01 -6.7273042723e-01
-1.5047956374e+00 1.2769596998e-01 -6.7272410595e-01
-1.5047938794e+00 1.2769440168e-01 -6.7273094041e-01
-3.3743578633e-01 1.3139243681e+00 1.3826817491e+00
-3.3743664095e-01 1.3139232880e+00 1.3826801319e+00
-3.3742727454e-01 1.3139359529e+00 1.3826946377e+00
-3.3742769868e-01 1.3139352924e+00 1.3826927201e+00
-3.3744197361e-01 1.3139268685e+00 1.3826846604e+00
-3.3744201671e-01 1.3139258421e+00 1.3826832628e+00
-3.3743224555e-01 1.3139394111e+00 1.3826981459e+00
-3.3743253093e-01 1.3139374177e+00 1.3826968156e+00
3.3643600345e+00 -2.7321827454e+00 -1.6943465390e+00
3.3643623561e+00 -2.7321801187e+00 -1.6943536698e+00
3.3643593566e+00 -2.7321859462e+00 -1.6943466620e+00
3.3643606064e+00 -2.7321816640e+00 -1.6943537494e+00
3.3643345254e+00 -2.7321781689e+00 -1.6943362747e+00
3.3643365772e+00 -2.7321744331e+00 -1.6943424129e+00
3.3643333932e+00 -2.7321803094e+00 -1.6943363670e+00
3.3643353703e+00 -2.7321767230e+00 -1.6943431353e+00
-3.6909092338e-02 -6.0265228185e-01 -3.8039030934e-01
-3.6908974033e-02 -6.0265140107e-01 -3.8039116814e-01
-3.6905470525e-02 -6.0265406672e-01 -3.8039296414e-01
-3.6905999411e-02 -6.0265376122e-01 -3.8039310345e-01
-3.6908946517e-02 -6.0265205005e-01 -3.8039019124e-01
-3.6908523963e-02 -6.0265123640e-01 -3.8039105210e-01
-3.6905783804e-02 -6.0265392856e-01 -3.8039252268e-01
-3.6905429956e-02 -6.0265389495e-01 -3.8039303195e-01
6.0785041921e-01 -1.6988137763e+00 -1.7187352954e-01
6.0784715607e-01 -1.6988142174e+00 -1.7187756737e-01
6.0784998299e-01 -1.6988094000e+00 -1.7187031091e-01
6.0784676715e-01 -1.6988103367e+00 -1.7187501822e-01
6.0784983479e-01 -1.6988133819e+00 -1.7187380422e-01
6.0784644529e-01 -1.6988142093e+00 -1.7187764884e-01
6.0784977325e-01 -1.6988092603e+00 -1.7187077107e-01
6.0784648280e-01 -1.6988097128e+00 -1.7187442693e-01
-7.6313607297e-01 2.5676852287e-02 1.3134639822e+00
-7.6313985940e-01 2.5677372612e-02 1.3134708809e+00
-7.6313507835e-01 2.5674423978e-02 1.3134638019e+00
-7.6313881445e-01 2.5674951277e-02 1.3134714952e+00
-7.6314519030e-01 2.5678767326e-02 1.3134679307e+00
-7.6314879137e-01 2.5678516048e-02 1.3134748858e+00
-7.6314399463e-01 2.5676051012e-02 1.3134679768e+00
-7.6314786433e-01 2.5676905234e-02 1.3134752485e+00
-1.6725249763e+00 -2.1574423318e+00 -3.7766723766e-01
-1.6725234603e+00 -2.1574433667e+00 -3.7767071257e-01
-1.6725215054e+00 -2.1574390284e+00 -3.7766461050e-01
-1.6725204530e+00 -2.1574397054e+00 -3.7766745871e-01
-1.6725241685e+00 -2.1574432762e+00 -3.7766688360e-01
-1.6725223312e+00 -2.1574433053e+00 -3.7767117974e-01
-1.6725206402e+00 -2.1574394618e+00 -3.7766437824e-01
-1.6725200659e+00 -2.1574399934e+00 -3.7766788259e-01
1.5830011767e-01 -9.0711920562e-01 7.1506784349e-01
1.5830377018e-01 -9.0712030612e-01 7.1507425765e-01
1.5830249618e-01 -9.0712519851e-01 7.1507015810e-01
1.5830529928e-01 -9.0712582647e-01 7.1507603988e-01
1.5830080906e-01 -9.0711995196e-01 7.1506796760e-01
1.5830451195e-01 -9.0712046782e-01 7.1507377016e-01
1.5830220668e-01 -9.0712554517e-01 7.1507011657e-01
1.5830569668e-01 -9.0712589639e-01 7.1507621862e-01
-1.2348520101e+00 -5.9696441294e-01 7.9964445046e-01
-1.2348508086e+00 -5.9696356273e-01 7.9964156446e-01
-1.2348521525e+00 -5.9696490246e-01 7.9964391289e-01
-1.2348504582e+00 -5.9696450424e-01 7.9964157345e-01
-1.2348525394e+00 -5.9696463997e-01 7.9964395103e-01
-1.2348517823e+00 -5.9696381539e-01 7.9964135927e-01
-1.2348524129e+00 -5.9696514543e-01 7.9964480837e-01
-1.2348511437e+00 -5.9696411213e-01 7.9964191189e-01
-6.5002675659e-01 -4.0029888237e-01 -6.3257053737e-01
-6.5002717343e-01 -4.0029867916e-01 -6.3257222261e-01
-6.5002973289e-01 -4.0030351422e-01 -6.3257232028e-01
-6.5003017597e-01 -4.0030230096e-01 -6.3257424593e-01
-6.5002655416e-01 -4.0029857037e-01 -6.3257077560e-01
-6.5002727302e-01 -4.0029839369e-01 -6.3257211149e-01
-6.5003011878e-01 -4.0030378691e-01 -6.3257207315e-01
-6.5003003143e-01 -4.0030249479e-01 -6.3257450464e-01
2.0818590201e+00 1.3844081729e+00 3.2598300777e+00
2.0818589840e+00 1.3844080386e+00 3.2598288580e+00
2.0818594677e+00 1.3844139372e+00 3.2598313892e+00
2.0818599315e+00 1.3844136039e+00 3.2598297975e+00
2.0818576664e+00 1.3844090475e+00 3.2598295072e+00
2.0818579893e+00 1.3844092253e+00 3.2598278406e+00
2.0818587398e+00 1.3844147934e+00 3.2598309511e+00
2.0818592237e+00 1.3844146257e+00 3.2598295292e+00
-5.8269985135e-01 -1.3153324795e+00 -1.4732871824e+00
-5.8269598256e-01 -1.3153340028e+00 -1.4732917580e+00
-5.8270012469e-01 -1.3153328339e+00 -1.4732863688e+00
-5.8269683319e-01 -1.3153344164e+00 -1.4732916734e+00
-5.8270062669e-01 -1.3153327568e+00 -1.4732873254e+00
-5.8269630404e-01 -1.3153341825e+00 -1.4732917598e+00
-5.8270025867e-01 -1.3153328112e+00 -1.4732854282e+00
-5.8269644003e-01 -1.3153346684e+00 -1.4732914132e+00
-5.0073563597e-01 -6.1091130653e-01 1.4019273537e-01
-5.0073525632e-01 -6.1091266056e-01 1.4019223927e-01
-5.0073729391e-01 -6.1091863967e-01 1.4018916344e-01
-5.0073672645e-01 -6.1092053760e-01 1.4018900268e-01
-5.0074426473e-01 -6.1091428578e-01 1.4018965900e-01
-5.0074374745e-01 -6.1091500559e-01 1.4018878220e-01
-5.0074668379e-01 -6.1092165731e-01 1.4018577768e-01
-5.0074549649e-01 -6.1092214164e-01 1.4018542472e-01
3.4955158775e-01 8.3354579451e-01 1.2987316009e+00
3.4955215915e-01 8.3354524886e-01 1.2987296427e+00
3.4955214260e-01 8.3354379892e-01 1.2987315610e+00
3.4955289270e-01 8.3354314741e-01 1.2987293980e+00
3.4955256089e-01 8.3354585407e-01 1.2987309858e+00
3.4955356641e-01 8.3354576189e-01 1.2987283256e+00
3.4955374902e-01 8.3354362180e-01 1.2987314099e+00
3.4955412652e-01 8.3354268020e-01 1.2987292311e+00
1.6194221174e-01 -9.4404397302e-02 7.0003029868e-01
1.6194018198e-01 -9.4406238500e-02 7.0002721836e-01
1.6194442936e-01 -9.4408046179e-02 7.0002917130e-01
1.6194208233e-01 -9.4409471096e-02 7.0002604151e-01
1.6194667552e-01 -9.4402631818e-02 7.0003268086e-01
1.6194431580e-01 -9.4404737569e-02 7.0002933793e-01
1.6194926874e-01 -9.4406014562e-02 7.0003087495e-01
1.6194699918e-01 -9.4407214887e-02 7.0002795145e-01
-6.5623735174e-01 2.1050790009e+00 -1.9173809156e+00
-6.5623748901e-01 2.1050793119e+00 -1.9173812111e+00
-6.5623685692e-01 2.1050777608e+00 -1.9173817544e+00
-6.5623708075e-01 2.1050772805e+00 -1.9173826241e+00
-6.5623654548e-01 2.1050790694e+00 -1.9173810952e+00
-6.5623593655e-01 2.1050785008e+00 -1.9173815388e+00
-6.5623611261e-01 2.1050772825e+00 -1.9173825064e+00
-6.5623610299e-01 2.1050772011e+00 -1.9173829490e+00
-9.5232024491e-01 5.1646045283e-01 1.7308929154e+00
-9.5232201093e-01 5.1645699006e-01 1.7308859172e+00
-9.5232122981e-01 5.1645685267e-01 1.7308902866e+00
-9.5232337519e-01 5.1645355562e-01 1.7308832969e+00
-9.5232785113e-01 5.1645996251e-01 1.7308912821e+00
-9.5233058283e-01 5.1645637016e-01 1.7308841233e+00
-9.5232982887e-01 5.1645631754e-01 1.7308884498e+00
-9.5233229886e-01 5.1645291696e-01 1.7308816980e+00
-5.8760107737e-02 3.3881259818e-02 -1.7949676686e-01
-5.8763849506e-02 3.3880389716e-02 -1.7950075560e-01
-5.8760134362e-02 3.3880740997e-02 -1.7949623270e-01
-5.8764539421e-02 3.3879261656e-02 -1.7949985596e-01
-5.8773112336e-02 3.3882813059e-02 -1.7949839307e-01
-5.8776626196e-02 3.3881949899e-02 -1.7950279233e-01
-5.8773021759e-02 3.3882013898e-02 -1.7949799022e-01
-5.8776198364e-02 3.3880772861e-02 -1.7950147647e-01
-8.7210695109e-02 -2.8664253767e-01 1.1765261071e-02
-8.7209791363e-02 -2.8664380008e-01 1.1763471502e-02
-8.7211164047e-02 -2.8664845056e-01 1.1764141690e-02
-8.7210107166e-02 -2.8664794988e-01 1.1761783209e-02
-8.7213275500e-02 -2.8664349942e-01 1.1764587192e-02
-8.7212416174e-02 -2.8664369384e-01 1.1762012633e-02
-8.7214289773e-02 -2.8664847555e-01 1.1763239032e-02
-8.7212853372e-02 -2.8664899984e-01 1.1760409257e-02
7.8029332836e-01 1.2326002596e+00 9.3071788476e-01
7.8029675204e-01 1.2325990968e+00 9.3071456704e-01
7.8028866523e-01 1.2325960446e+00 9.3071388381e-01
7.8029270075e-01 1.2325947574e+00 9.3071032568e-01
7.8029420035e-01 1.2326004814e+00 9.3071759441e-01
7.8029830592e-01 1.2325992044e+00 9.3071439291e-01
7.8029004290e-01 1.2325958485e+00 9.3071363102e-01
7.8029441515e-01 1.2325950451e+00 9.3071044271e-01
-6.1343167350e-01 -1.1849933716e+00 -2.7455712675e-01
-6.1343184834e-01 -1.1849892998e+00 -2.7456167858e-01
-6.1343171358e-01 -1.1849927777e+00 -2.7455713109e-01
-6.1343189387e-01 -1.1849885766e+00 -2.7456180845e-01
-6.1343246394e-01 -1.1849940796e+00 -2.7455811097e-01
-6.1343342144e-01 -1.1849902715e+00 -2.7456285383e-01
-6.1343278203e-01 -1.1849930293e+00 -2.7455823248e-01
-6.1343373094e-01 -1.1849891840e+00 -2.7456224673e-01
-2.4027285850e-01 4.5004237185e-01 5.1442158297e-01
-2.4027364463e-01 4.5004010668e-01 5.1441992187e-01
-2.4027233042e-01 4.5004155237e-01 5.1441893762e-01
-2.4027422459e-01 4.5004012140e-01 5.1441793427e-01
-2.4027153281e-01 4.5004146257e-01 5.1442195725e-01
-2.4027221339e-01 4.5004110906e-01 5.1441973710e-01
-2.4027119715e-01 4.5004140243e-01 5.1442021044e-01
-2.4027249397e-01 4.5004074342e-01 5.1441725989e-01
-1.4622339203e+00 1.4379288339e+00 2.5388316497e-01
-1.4622344926e+00 1.4379283401e+00 2.5388172738e-01
-1.4622358311e+00 1.4379354523e+00 2.5388542436e-01
-1.4622368139e+00 1.4379350509e+00 2.5388436884e-01
-1.4622373664e+00 1.4379282700e+00 2.5388099083e-01
-1.4622383657e+00 1.4379276601e+00 2.5387953340e-01
-1.4622387820e+00 1.4379346146e+00 2.5388344544e-01
-1.4622396030e+00 1.4379345037e+00 2.5388250510e-01
7.9603257110e-01 -3.5837828159e-02 -7.7801309580e-01
7.9603431785e-01 -3.5836271777e-02 -7.7800470745e-01
7.9603230947e-01 -3.5840646857e-02 -7.7801375129e-01
7.9603499111e-01 -3.5838521013e-02 -7.7800528837e-01
7.9603336374e-01 -3.5837718996e-02 -7.7801333263e-01
7.9603573430e-01 -3.5835528211e-02 -7.7800504558e-01
7.9603383906e-01 -3.5839831051e-02 -7.7801417683e-01
7.9603557728e-01 -3.5838019345e-02 -7.7800628812e-01
-3.8989639403e-01 -6.2588722063e-01 -4.3421986616e-01
-3.8989546220e-01 -6.2588710459e-01 -4.3422053173e-01
-3.8989815291e-01 -6.2587742527e-01 -4.3422029795e-01
-3.8989656981e-01 -6.2587759029e-01 -4.3422062679e-01
-3.8989328200e-01 -6.2588705799e-01 -4.3421814544e-01
-3.8989241450e-01 -6.2588674236e-01 -4.3421872724e-01
-3.8989399279e-01 -6.2587673580e-01 -4.3421910040e-01
-3.8989379548e-01 -6.2587671210e-01 -4.3421951901e-01
2.5175342312e-01 -1.0451177937e+00 4.9858672216e-01
2.5175118850e-01 -1.0451175789e+00 4.9858585492e-01
2.5175483290e-01 -1.0451174447e+00 4.9858685443e-01
2.5175234210e-01 -1.0451179460e+00 4.9858629800e-01
2.5174630118e-01 -1.0451211476e+00 4.9858461278e-01
2.5174466745e-01 -1.0451208732e+00 4.9858490664e-01
2.5174818559e-01 -1.0451203385e+00 4.9858525506e-01
2.5174585000e-01 -1.0451209117e+00 4.9858464918e-01
-2.1093757804e+00 1.8695315316e+00 1.5316320224e+00
-2.1093756813e+00 1.8695316994e+00 1.5316305901e+00
-2.1093764112e+00 1.8695324875e+00 1.5316319488e+00
-2.1093761908e+00 1.8695325925e+00 1.5316308423e+00
-2.1093662871e+00 1.8695258353e+00 1.5316249853e+00
-2.1093665892e+00 1.8695263084e+00 1.5316233849e+00
-2.1093673564e+00 1.8695271244e+00 1.5316246824e+00
-2.1093669272e+00 1.8695267024e+00 1.5316236910e+00
3.1597117266e-01 5.7413276919e-01 -9.2674516556e-03
3.1596903013e-01 5.7413075022e-01 -9.2712860588e-03
3.1597029778e-01 5.7413338606e-01 -9.2687654014e-03
3.1596814084e-01 5.7413023936e-01 -9.2725021251e-03
3.1597213851e-01 5.7413284123e-01 -9.2676583890e-03
3.1596973359e-01 5.7412976956e-01 -9.2715463718e-03
3.1597126887e-01 5.7413197001e-01 -9.2686358044e-03
3.1596919148e-01 5.7412950783e-01 -9.2721518924e-03
-1.1429161083e+00 1.0218720409e+00 -3.7402093731e-01
-1.1429111858e+00 1.0218706411e+00 -3.7402568959e-01
-1.1429141223e+00 1.0218690904e+00 -3.7402268541e-01
-1.1429096647e+00 1.0218679830e+00 -3.7402744280e-01
-1.1429217504e+00 1.0218714140e+00 -3.7402373153e-01
-1.1429167583e+00 1.0218700511e+00 -3.7402864245e-01
-1.1429195846e+00 1.0218682392e+00 -3.7402523033e-01
-1.1429151983e+00 1.0218669444e+00 -3.7403026461e-01
1.7760325947e+00 1.0783260070e+00 -3.6289532107e-01
1.7760328855e+00 1.0783263922e+00 -3.6289569174e-01
1.7760336214e+00 1.0783253231e+00 -3.6289330554e-01
1.7760336017e+00 1.0783252532e+00 -3.6289364426e-01
1.7760327689e+00 1.0783269935e+00 -3.6289478970e-01
1.7760333318e+00 1.0783270922e+00 -3.6289568838e-01
1.7760338818e+00 1.0783257561e+00 -3.6289371827e-01
1.7760341331e+00 1.0783258959e+00 -3.6289440428e-01
-3.7440025578e-01 1.4344628929e+00 4.2859161087e-01
-3.7440377273e-01 1.4344617418e+00 4.2858767588e-01
-3.7440204309e-01 1.4344598666e+00 4.2858985286e-01
-3.7440531331e-01 1.4344587813e+00 4.2858547199e-01
-3.7439173030e-01 1.4344636463e+00 4.2859509234e-01
-3.7439542789e-01 1.4344621507e+00 4.2859126512e-01
-3.7439411169e-01 1.4344604954e+00 4.2859373784e-01
-3.7439706960e-01 1.4344590227e+00 4.2858881032e-01
2.9432782526e-01 -2.3739981136e+00 -3.2153746619e-02
2.9432712084e-01 -2.3739981402e+00 -3.2153907515e-02
2.9432876744e-01 -2.3740056812e+00 -3.2150599667e-02
2.9432818268e-01 -2.3740055045e+00 -3.2151436081e-02
2.9432811219e-01 -2.3739977983e+00 -3.2151908929e-02
2.9432650567e-01 -2.3739978635e+00 -3.2152787627e-02
2.9432827679e-01 -2.3740053294e+00 -3.2149286607e-02
2.9432777907e-01 -2.3740054085e+00 -3.2149979089e-02
2.8268816072e-01 -5.5455459367e-01 -7.1156344508e-01
2.8268810268e-01 -5.5455500576e-01 -7.1156381433e-01
2.8268881610e-01 -5.5455768682e-01 -7.1156438605e-01
2.8268903693e-01 -5.5455695295e-01 -7.1156484342e-01
2.8268640385e-01 -5.5455524629e-01 -7.1156367506e-01
2.8268756897e-01 -5.5455511746e-01 -7.1156334726e-01
2.8268732457e-01 -5.5455817396e-01 -7.1156478564e-01
2.8268806920e-01 -5.5455760522e-01 -7.1156495596e-01
3.3980505020e-01 7.1718211818e-01 -5.5181701427e-01
3.3980681700e-01 7.1718097766e-01 -5.5182064424e-01
3.3980597604e-01 7.1718774404e-01 -5.5181406208e-01
3.3980811128e-01 7.1718614844e-01 -5.5181808716e-01
3.3980372156e-01 7.1718122801e-01 -5.5181690137e-01
3.3980610528e-01 7.1717952742e-01 -5.5182041866e-01
3.3980544551e-01 7.1718701185e-01 -5.5181351750e-01
3.3980768167e-01 7.1718514899e-01 -5.5181692043e-01
-9.4088719492e-01 8.9112522407e-01 -4.1190768587e-01
-9.4088858997e-01 8.9112762200e-01 -4.1189872448e-01
-9.4088789649e-01 8.9112272520e-01 -4.1190781737e-01
-9.4088902550e-01 8.9112519286e-01 -4.1189926217e-01
-9.4088579307e-01 8.9112651492e-01 -4.1190782720e-01
-9.4088790161e-01 8.9112762442e-01 -4.1190002070e-01
-9.4088633016e-01 8.9112382184e-01 -4.1190890540e-01
-9.4088722233e-01 8.9112540637e-01 -4.1189979730e-01
-8.3023047479e-02 -1.5366516897e-01 4.1372124336e-02
-8.3019766970e-02 -1.5366354568e-01 4.1380115218e-02
-8.3024000125e-02 -1.5366529649e-01 4.1372292532e-02
-8.3020009052e-02 -1.5366315932e-01 4.1380461951e-02
-8.3021976262e-02 -1.5366505731e-01 4.1371633323e-02
-8.3018639939e-02 -1.5366342402e-01 4.1380404091e-02
-8.3021760794e-02 -1.5366539565e-01 4.1372233606e-02
-8.3018328326e-02 -1.5366339846e-01 4.1379970039e-02
1.0453378573e-01 -5.8042424332e-01 -6.1689226957e-01
1.0453236752e-01 -5.8042420292e-01 -6.1689552045e-01
1.0453240672e-01 -5.8042848542e-01 -6.1689388848e-01
1.0453050676e-01 -5.8042753031e-01 -6.1689700621e-01
1.0453527562e-01 -5.8042353455e-01 -6.1689095542e-01
1.0453406716e-01 -5.8042322425e-01 -6.1689439952e-01
1.0453384969e-01 -5.8042722611e-01 -6.1689325989e-01
1.0453253020e-01 -5.8042593813e-01 -6.1689616224e-01
2.9321283990e+00 -1.2316146622e-01 9.1340756907e-01
2.9321282652e+00 -1.2316103076e-01 9.1340920185e-01
2.9321311865e+00 -1.2315930449e-01 9.1340987143e-01
2.9321306068e+00 -1.2316022375e-01 9.1341058137e-01
2.9321201847e+00 -1.2315876710e-01 9.1341042537e-01
2.9321203898e+00 -1.2315909905e-01 9.1341164877e-01
2.9321235091e+00 -1.2315673019e-01 9.1341263225e-01
2.9321230203e+00 -1.2315750078e-01 9.1341380719e-01
-1.2121503404e+00 -1.5953487672e+00 -2.8039073565e-01
-1.2121473167e+00 -1.5953481924e+00 -2.8038061975e-01
-1.2121469474e+00 -1.5953530735e+00 -2.8039295453e-01
-1.2121436596e+00 -1.5953521516e+00 -2.8038337270e-01
-1.2121452048e+00 -1.5953524975e+00 -2.8039399777e-01
-1.2121422312e+00 -1.5953510663e+00 -2.8038415617e-01
-1.2121422499e+00 -1.5953569373e+00 -2.8039762585e-01
-1.2121380396e+00 -1.5953555821e+00 -2.8038742746e-01
6.8949191226e-02 -6.4127691860e-02 4.7647600303e-01
6.8948664745e-02 -6.4126505352e-02 4.7648460538e-01
6.8949337521e-02 -6.4121388678e-02 4.7647674179e-01
6.8949247878e-02 -6.4120649357e-02 4.7648534850e-01
6.8949095256e-02 -6.4128044394e-02 4.7647600490e-01
6.8948431385e-02 -6.4126416085e-02 4.7648487161e-01
6.8949816594e-02 -6.4121653614e-02 4.7647689365e-01
6.8948778462e-02 -6.4120460599e-02 4.7648594390e-01
2.9735941220e-01 2.5060677189e-01 1.2106547672e-01
2.9735694615e-01 2.5060487617e-01 1.2107620413e-01
2.9735955959e-01 2.5059828938e-01 1.2106952355e-01
2.9735701911e-01 2.5059722018e-01 1.2108005095e-01
2.9734917621e-01 2.5060940471e-01 1.2106968513e-01
2.9734707583e-01 2.5060888838e-01 1.2108060592e-01
2.9735027259e-01 2.5060175305e-01 1.2107393560e-01
2.9734788739e-01 2.5060042293e-01 1.2108466802e-01
-1.2372735218e+00 7.8078005675e-01 3.4280776090e-01
-1.2372745166e+00 7.8077736800e-01 3.4281523175e-01
-1.2372736925e+00 7.8078070887e-01 3.4280739876e-01
-1.2372746401e+00 7.8077694233e-01 3.4281492344e-01
-1.2372725026e+00 7.8077941443e-01 3.4280696327e-01
-1.2372737997e+00 7.8077723972e-01 3.4281435000e-01
-1.2372729193e+00 7.8077987536e-01 3.4280679434e-01
-1.2372737208e+00 7.8077722105e-01 3.4281393428e-01
-4.4063948126e-02 -1.5545528760e+00 -7.6444329289e-01
-4.4062892777e-02 -1.5545549339e+00 -7.6444358966e-01
-4.4062153483e-02 -1.5545558053e+00 -7.6444508478e-01
-4.4061993395e-02 -1.5545569687e+00 -7.6444479459e-01
-4.4062286835e-02 -1.5545524305e+00 -7.6444470305e-01
-4.4062392187e-02 -1.5545537961e+00 -7.6444453175e-01
-4.4060985137e-02 -1.5545551086e+00 -7.6444546813e-01
-4.4060639251e-02 -1.5545563480e+00 -7.6444639314e-01
-9.2496790362e-01 -5.8300584017e-01 -8.8308975793e-01
-9.2497067532e-01 -5.8300906707e-01 -8.8309355533e-01
-9.2496621222e-01 -5.8300989812e-01 -8.8309128276e-01
-9.2496834162e-01 -5.8301223620e-01 -8.8309532184e-01
-9.2497836120e-01 -5.8300652055e-01 -8.8308974175e-01
-9.2498097990e-01 -5.8300935401e-01 -8.8309333607e-01
-9.2497652185e-01 -5.8300985316e-01 -8.8309231561e-01
-9.2497943128e-01 -5.8301224461e-01 -8.8309520828e-01
-1.0820647115e-01 -3.2610606263e-01 -3.7461117418e-02
-1.0820656383e-01 -3.2610588254e-01 -3.7461504186e-02
-1.0820699514e-01 -3.2610638560e-01 -3.7461763633e-02
-1.0820702198e-01 -3.2610610282e-01 -3.7461430062e-02
-1.0821449021e-01 -3.2610830348e-01 -3.7465346701e-02
-1.0821407010e-01 -3.2610800699e-01 -3.7465761927e-02
-1.0821506449e-01 -3.2610847282e-01 -3.7465634259e-02
-1.0821466332e-01 -3.2610856361e-01 -3.7465724627e-02
-9.1469265996e-01 -1.2905073481e+00 -8.7374890778e-01
-9.1469162341e-01 -1.2905077470e+00 -8.7375073443e-01
-9.1469168233e-01 -1.2905016673e+00 -8.7374623566e-01
-9.1469108487e-01 -1.2905023762e+00 -8.7374871615e-01
-9.1469180766e-01 -1.2905076490e+00 -8.7374910717e-01
-9.1469087066e-01 -1.2905081259e+00 -8.7375061745e-01
-9.1469065341e-01 -1.2905025924e+00 -8.7374692973e-01
-9.1468917008e-01 -1.2905024610e+00 -8.7374846507e-01
2.1297385104e+00 -1.0229364594e+00 -1.4905449989e+00
2.1297332482e+00 -1.0229323333e+00 -1.4905359196e+00
2.1297385444e+00 -1.0229422627e+00 -1.4905421949e+00
2.1297332194e+00 -1.0229386970e+00 -1.4905330019e+00
2.1297393512e+00 -1.0229357074e+00 -1.4905436101e+00
2.1297346266e+00 -1.0229326683e+00 -1.4905349005e+00
2.1297399001e+00 -1.0229419968e+00 -1.4905415191e+00
2.1297345165e+00 -1.0229391084e+00 -1.4905327574e+00
-8.9167527146e-01 -8.1492631429e-01 -1.3461361705e-01
-8.9167488009e-01 -8.1492651579e-01 -1.3460428980e-01
-8.9167655496e-01 -8.1493058070e-01 -1.3461525103e-01
-8.9167628414e-01 -8.1493130204e-01 -1.3460587754e-01
-8.9168609310e-01 -8.1492593421e-01 -1.3461375251e-01
-8.9168617291e-01 -8.1492711621e-01 -1.3460444103e-01
-8.9168774589e-01 -8.1493152314e-01 -1.3461526781e-01
-8.9168757396e-01 -8.1493170811e-01 -1.3460560239e-01
6.5108911792e-01 1.7335834817e+00 1.4123168376e+00
6.5108735656e-01 1.7335845297e+00 1.4123256889e+00
6.5108990812e-01 1.7335822497e+00 1.4123140926e+00
6.5108849083e-01 1.7335835553e+00 1.4123234990e+00
6.5108984775e-01 1.7335825432e+00 1.4123165850e+00
6.5108785755e-01 1.7335837779e+00 1.4123260040e+00
6.5109023227e-01 1.7335820917e+00 1.4123148669e+00
6.5108859940e-01 1.7335830035e+00 1.4123235836e+00
-1.6317561782e+00 -1.1012984041e+00 -6.9916988104e-01
-1.6317561253e+00 -1.1012984335e+00 -6.9917003938e-01
-1.6317590362e+00 -1.1013045779e+00 -6.9917320694e-01
-1.6317587836e+00 -1.1013045996e+00 -6.9917307307e-01
-1.6317561119e+00 -1.1012982547e+00 -6.9916967519e-01
-1.6317563014e+00 -1.1012989060e+00 -6.9916968698e-01
-1.6317590018e+00 -1.1013051097e+00 -6.9917290925e-01
-1.6317595436e+00 -1.1013042498e+00 -6.9917271141e-01
5.5802408515e-01 2.1108410329e+00 -5.8947057341e-01
5.5802076946e-01 2.1108390210e+00 -5.8945997787e-01
5.5802483297e-01 2.1108334625e+00 -5.8946527106e-01
5.5802145332e-01 2.1108317705e+00 -5.8945454525e-01
5.5802446858e-01 2.1108406172e+00 -5.8947158504e-01
5.5802075503e-01 2.1108388313e+00 -5.8946000600e-01
5.5802541593e-01 2.1108337899e+00 -5.8946609923e-01
5.5802145647e-01 2.1108316870e+00 -5.8945512112e-01
-9.4941429534e-01 -4.8840053366e-02 2.4593143170e-01
-9.4941541991e-01 -4.8838454724e-02 2.4592933414e-01
-9.4941359944e-01 -4.8844823299e-02 2.4593506232e-01
-9.4941526100e-01 -4.8843690843e-02 2.4593288152e-01
-9.4941464757e-01 -4.8840182935e-02 2.4593187001e-01
-9.4941538294e-01 -4.8838135770e-02 2.4592954398e-01
-9.4941454678e-01 -4.8844769796e-02 2.4593531088e-01
-9.4941530349e-01 -4.8842863220e-02 2.4593337165e-01
-9.1706432172e-01 -1.4826869539e+00 4.6479402623e-01
-9.1706586541e-01 -1.4826868039e+00 4.6480130161e-01
-9.1706514540e-01 -1.4826760097e+00 4.6479026714e-01
-9.1706716439e-01 -1.4826754799e+00 4.6479781037e-01
-9.1707258050e-01 -1.4826857185e+00 4.6479546861e-01
-9.1707391447e-01 -1.4826845794e+00 4.6480218355e-01
-9.1707362966e-01 -1.4826743753e+00 4.6479204771e-01
-9.1707562366e-01 -1.4826742536e+00 4.6479893633e-01
9.3422071435e-01 -1.5216549687e+00 2.6188586820e-01
9.3422299581e-01 -1.5216542186e+00 2.6188644920e-01
9.3422202399e-01 -1.5216536746e+00 2.6188692684e-01
9.3422369999e-01 -1.5216531904e+00 2.6188761914e-01
9.3422193281e-01 -1.5216542236e+00 2.6188474002e-01
9.3422368639e-01 -1.5216540390e+00 2.6188517607e-01
9.3422204011e-01 -1.5216535079e+00 2.6188555540e-01
9.3422354609e-01 -1.5216534513e+00 2.6188690102e-01
-4.2666062566e-01 -2.5491547027e-01 2.0792833145e-01
-4.2665860860e-01 -2.5491764530e-01 2.0792582722e-01
-4.2666121399e-01 -2.5491612488e-01 2.0792933048e-01
-4.2665840429e-01 -2.5491791182e-01 2.0792582231e-01
-4.2667066723e-01 -2.5491359938e-01 2.0792900349e-01
-4.2666749890e-01 -2.5491534874e-01 2.0792602598e-01
-4.2667007640e-01 -2.5491395210e-01 2.0792971124e-01
-4.2666754577e-01 -2.5491622771e-01 2.0792656573e-01
-3.4012569259e-01 3.7327641210e-01 -4.4354985200e-01
-3.4012435624e-01 3.7327420729e-01 -4.4355230187e-01
-3.4012503236e-01 3.7327777316e-01 -4.4354887346e-01
-3.4012336297e-01 3.7327576512e-01 -4.4355020224e-01
-3.4012514256e-01 3.7327717871e-01 -4.4354951712e-01
-3.4012336218e-01 3.7327516477e-01 -4.4355114057e-01
-3.4012308531e-01 3.7327762380e-01 -4.4354842860e-01
-3.4012268487e-01 3.7327610797e-01 -4.4355037911e-01
1.5217998576e-04 3.3560203041e-01 -7.3168902377e-01
1.4986755517e-04 3.3560164711e-01 -7.3169183715e-01
1.5296605112e-04 3.3559869988e-01 -7.3168918596e-01
1.5063292939e-04 3.3559964247e-01 -7.3169205348e-01
1.5329919364e-04 3.3560194630e-01 -7.3168846406e-01
1.5087215884e-04 3.3560153528e-01 -7.3169123592e-01
1.5390265627e-04 3.3559860199e-01 -7.3168824801e-01
1.5219061340e-04 3.3559937055e-01 -7.3169177316e-01
3.6893490699e-01 -2.7564572845e+00 -6.5192831641e-01
3.6893631330e-01 -2.7564563603e+00 -6.5192807018e-01
3.6893434840e-01 -2.7564626265e+00 -6.5192277989e-01
3.6893539175e-01 -2.7564616901e+00 -6.5192235459e-01
3.6893055438e-01 -2.7564576807e+00 -6.5192907817e-01
3.6893278092e-01 -2.7564569764e+00 -6.5192838259e-01
3.6892961669e-01 -2.7564642770e+00 -6.5192334056e-01
3.6893133732e-01 -2.7564635207e+00 -6.5192340304e-01
3.0078015177e-01 -2.4830371414e+00 -4.1750083354e-01
3.0078190970e-01 -2.4830384103e+00 -4.1750066314e-01
3.0077904146e-01 -2.4830393131e+00 -4.1750122030e-01
3.0078099535e-01 -2.4830401407e+00 -4.1750201382e-01
3.0077393959e-01 -2.4830390368e+00 -4.1750254421e-01
3.0077562020e-01 -2.4830408149e+00 -4.1750269992e-01
3.0077263148e-01 -2.4830416315e+00 -4.1750363704e-01
3.0077422010e-01 -2.4830435120e+00 -4.1750316588e-01
1.4617685426e+00 1.0320124319e+00 9.7407547475e-01
1.4617722189e+00 1.0320097750e+00 9.7408476289e-01
1.4617670721e+00 1.0320076263e+00 9.7407185354e-01
1.4617698702e+00 1.0320045283e+00 9.7408140472e-01
1.4617688093e+00 1.0320127257e+00 9.7407537247e-01
1.4617723970e+00 1.0320092651e+00 9.7408493201e-01
1.4617664883e+00 1.0320066825e+00 9.7407160244e-01
1.4617704702e+00 1.0320036819e+00 9.7408144655e-01
1.7602781311e+00 1.6749545167e+00 -2.9068433721e-01
1.7602791675e+00 1.6749541124e+00 -2.9068765695e-01
1.7602781702e+00 1.6749531593e+00 -2.9068409380e-01
1.7602790175e+00 1.6749525967e+00 -2.9068666071e-01
1.7602785134e+00 1.6749553748e+00 -2.9068557220e-01
1.7602796143e+00 1.6749546387e+00 -2.9068764964e-01
1.7602789442e+00 1.6749540950e+00 -2.9068473186e-01
1.7602802403e+00 1.6749536245e+00 -2.9068722908e-01
1.9996288365e-01 -1.5921852180e-02 -8.3066830101e-01
1.9996038189e-01 -1.5922820292e-02 -8.3067046983e-01
1.9996118149e-01 -1.5925809735e-02 -8.3066938954e-01
1.9995879167e-01 -1.5926360364e-02 -8.3067170150e-01
1.9996410085e-01 -1.5922066794e-02 -8.3066832773e-01
1.9996177983e-01 -1.5922826917e-02 -8.3067016579e-01
1.9996188411e-01 -1.5925227149e-02 -8.3066889414e-01
1.9995955024e-01 -1.5926024377e-02 -8.3067135373e-01
-1.7200044888e+00 5.2216618563e-01 8.0884261290e-01
-1.7200063706e+00 5.2216555538e-01 8.0884254339e-01
-1.7200042837e+00 5.2216488064e-01 8.0884366432e-01
-1.7200062942e+00 5.2216361713e-01 8.0884271561e-01
-1.7199979601e+00 5.2216226099e-01 8.0883741760e-01
-1.7199993104e+00 5.2216179493e-01 8.0883602244e-01
-1.7199980540e+00 5.2216164267e-01 8.0883842910e-01
-1.7199990068e+00 5.2216095493e-01 8.0883703337e-01
8.7821444079e-01 -1.0365715529e+00 -3.1361556587e-01
8.7821576765e-01 -1.0365678555e+00 -3.1361895970e-01
8.7821576628e-01 -1.0365734821e+00 -3.1361575756e-01
8.7821574902e-01 -1.0365691470e+00 -3.1361966322e-01
8.7821725117e-01 -1.0365710166e+00 -3.1361389811e-01
8.7821814567e-01 -1.0365671142e+00 -3.1361742796e-01
8.7821856468e-01 -1.0365721907e+00 -3.1361340770e-01
8.7821931364e-01 -1.0365689897e+00 -3.1361733227e-01
-1.1355291858e+00 -1.4057135288e-01 -1.2143041451e+00
-1.1355319980e+00 -1.4056988234e-01 -1.2143006446e+00
-1.1355288748e+00 -1.4057117361e-01 -1.2143043276e+00
-1.1355313434e+00 -1.4056958644e-01 -1.2143008380e+00
-1.1355369152e+00 -1.4057138817e-01 -1.2143011771e+00
-1.1355393717e+00 -1.4056987249e-01 -1.2142972463e+00
-1.1355369107e+00 -1.4057055691e-01 -1.2143012190e+00
-1.1355390106e+00 -1.4056969044e-01 -1.2142974445e+00
-1.0576530919e+00 -1.4766943952e-01 -1.3190757490e+00
-1.0576532588e+00 -1.4766912095e-01 -1.3190764698e+00
-1.0576528339e+00 -1.4767341055e-01 -1.3190759468e+00
-1.0576523856e+00 -1.4767351205e-01 -1.3190759766e+00
-1.0576537230e+00 -1.4766972989e-01 -1.3190757818e+00
-1.0576534274e+00 -1.4766953700e-01 -1.3190756582e+00
-1.0576537655e+00 -1.4767476252e-01 -1.3190757941e+00
-1.0576530319e+00 -1.4767376307e-01 -1.3190759729e+00
-1.6990027777e+00 4.8259747984e-01 -1.1675464764e-01
-1.6990033125e+00 4.8259857541e-01 -1.1675677386e-01
-1.6990031051e+00 4.8259760047e-01 -1.1675446368e-01
-1.6990041882e+00 4.8259921342e-01 -1.1675673531e-01
-1.6990099120e+00 4.8260017152e-01 -1.1675321155e-01
-1.6990103604e+00 4.8260184912e-01 -1.1675426847e-01
-1.6990108434e+00 4.8260043525e-01 -1.1675269057e-01
-1.6990114337e+00 4.8260181019e-01 -1.1675416539e-01
-2.4259248106e-02 -8.7599192917e-01 -8.1459282771e-01
-2.4256394415e-02 -8.7599029048e-01 -8.1458869382e-01
-2.4259731688e-02 -8.7599712416e-01 -8.1459574398e-01
-2.4256671027e-02 -8.7599582631e-01 -8.1459185652e-01
-2.4259402078e-02 -8.7599198520e-01 -8.1459423849e-01
-2.4256517953e-02 -8.7598985012e-01 -8.1459101546e-01
-2.4259748080e-02 -8.7599728634e-01 -8.1459738416e-01
-2.4256462754e-02 -8.7599507730e-01 -8.1459320905e-01
5.7345619945e-01 -7.5265427825e-01 9.5571991410e-01
5.7345618497e-01 -7.5265505733e-01 9.5572045898e-01
5.7345664976e-01 -7.5265980334e-01 9.5572168188e-01
5.7345635684e-01 -7.5266020675e-01 9.5572241308e-01
5.7345549018e-01 -7.5265388202e-01 9.5571687492e-01
5.7345558256e-01 -7.5265492179e-01 9.5571831514e-01
5.7345627776e-01 -7.5265860635e-01 9.5571924485e-01
5.7345606377e-01 -7.5265891971e-01 9.5572043813e-01
1.3619006520e-01 1.0859327466e+00 -2.2230681303e-01
1.3618791784e-01 1.0859313680e+00 -2.2229591734e-01
1.3619043770e-01 1.0859302277e+00 -2.2230729178e-01
1.3618848585e-01 1.0859288318e+00 -2.2229558047e-01
1.3619109974e-01 1.0859313460e+00 -2.2230695297e-01
1.3618892755e-01 1.0859304255e+00 -2.2229543442e-01
1.3619144204e-01 1.0859284138e+00 -2.2230699153e-01
1.3618999161e-01 1.0859278179e+00 -2.2229583058e-01
1.4412382482e+00 -5.5469886036e-01 -1.2526258166e+00
1.4412342119e+00 -5.5469677424e-01 -1.2526204032e+00
1.4412380917e+00 -5.5470027827e-01 -1.2526244391e+00
1.4412332825e+00 -5.5469831470e-01 -1.2526195708e+00
1.4412435718e+00 -5.5469640796e-01 -1.2526235230e+00
1.4412388409e+00 -5.5469503574e-01 -1.2526190988e+00
1.4412427091e+00 -5.5469848184e-01 -1.2526224643e+00
1.4412383766e+00 -5.5469662922e-01 -1.2526179332e+00
5.3363717195e-01 5.4407646900e-01 4.7601280297e-01
5.3363701249e-01 5.4407675592e-01 4.7601357838e-01
5.3363615230e-01 5.4407800286e-01 4.7601195436e-01
5.3363748703e-01 5.4407871071e-01 4.7601327623e-01
5.3363939125e-01 5.4407553720e-01 4.7601105183e-01
5.3364047683e-01 5.4407606113e-01 4.7601247753e-01
5.3364025253e-01 5.4407779111e-01 4.7601050320e-01
5.3363953497e-01 5.4407768844e-01 4.7601134973e-01
3.5369723951e-01 1.7626505845e-01 8.3298145192e-01
3.5369630250e-01 1.7626375785e-01 8.3298204231e-01
3.5369706711e-01 1.7626313788e-01 8.3298175689e-01
3.5369731211e-01 1.7626260667e-01 8.3298235771e-01
3.5369241547e-01 1.7626423832e-01 8.3297970080e-01
3.5369266052e-01 1.7626426708e-01 8.3298093344e-01
3.5369248096e-01 1.7626349349e-01 8.3298073426e-01
3.5369286337e-01 1.7626288056e-01 8.3298100323e-01
-8.7926295949e-01 2.8743980427e-01 -4.6717214303e-01
-8.7926340895e-01 2.8743442588e-01 -4.6716086094e-01
-8.7926452561e-01 2.8743794046e-01 -4.6717297429e-01
-8.7926518595e-01 2.8743343037e-01 -4.6716152244e-01
-8.7926329223e-01 2.8743994933e-01 -4.6717074846e-01
-8.7926348379e-01 2.8743504679e-01 -4.6715966565e-01
-8.7926500970e-01 2.8743765223e-01 -4.6717180758e-01
-8.7926537084e-01 2.8743311010e-01 -4.6715996819e-01
2.2811213517e-01 -5.4616736032e-01 -6.4983221344e-01
2.2811597072e-01 -5.4617033973e-01 -6.4983519053e-01
2.2811180421e-01 -5.4617001259e-01 -6.4983104643e-01
2.2811496419e-01 -5.4617283228e-01 -6.4983443111e-01
2.2811261321e-01 -5.4616733133e-01 -6.4983162750e-01
2.2811540958e-01 -5.4616995228e-01 -6.4983422894e-01
2.2811250052e-01 -5.4617091309e-01 -6.4982980393e-01
2.2811586895e-01 -5.4617263370e-01 -6.4983301126e-01
2.4587142333e-01 6.9158882755e-01 2.0567796669e+00
2.4587167739e-01 6.9159076087e-01 2.0567801110e+00
2.4587071295e-01 6.9159392415e-01 2.0567778682e+00
2.4587081214e-01 6.9159506462e-01 2.0567787146e+00
2.4586675808e-01 6.9158970490e-01 2.0567800296e+00
2.4586615202e-01 6.9159094249e-01 2.0567813675e+00
2.4586582187e-01 6.9159492476e-01 2.0567789170e+00
2.4586471861e-01 6.9159605544e-01 2.0567796453e+00
-9.6596503382e-01 1.0387388449e+00 -5.4063803161e-01
-9.6596565275e-01 1.0387337179e+00 -5.4063454754e-01
-9.6596225224e-01 1.0387526660e+00 -5.4063889983e-01
-9.6596286381e-01 1.0387480730e+00 -5.4063577716e-01
-9.6596568198e-01 1.0387383778e+00 -5.4063778316e-01
-9.6596582575e-01 1.0387343252e+00 -5.4063411637e-01
-9.6596260527e-01 1.0387522292e+00 -5.4063848445e-01
-9.6596226328e-01 1.0387481349e+00 -5.4063518425e-01
1.7079984409e-02 7.1383543721e-01 3.1916167329e-01
1.7080400380e-02 7.1383678571e-01 3.1916387206e-01
1.7080745608e-02 7.1383545866e-01 3.1916176814e-01
1.7081054669e-02 7.1383552472e-01 3.1916322922e-01
1.7082830732e-02 7.1383642008e-01 3.1916236825e-01
1.7082655612e-02 7.1383705454e-01 3.1916457227e-01
1.7083236821e-02 7.1383556246e-01 3.1916231162e-01
1.7083671471e-02 7.1383680690e-01 3.1916427623e-01
6.4798085556e-01 4.1560609826e-01 6.1971713689e-01
6.4798113769e-01 4.1560484796e-01 6.1972546759e-01
6.4798177814e-01 4.1561206432e-01 6.1971650681e-01
6.4798195427e-01 4.1561094980e-01 6.1972483516e-01
6.4797709351e-01 4.1560537548e-01 6.1971773352e-01
6.4797799549e-01 4.1560360130e-01 6.1972545607e-01
6.4797805053e-01 4.1561140472e-01 6.1971666153e-01
6.4797824927e-01 4.1561005048e-01 6.1972471724e-01
-5.4981628599e-01 -2.1382437059e+00 1.0793743279e+00
-5.4981779437e-01 -2.1382433893e+00 1.0793762992e+00
-5.4981748464e-01 -2.1382486505e+00 1.0793742990e+00
-5.4981902059e-01 -2.1382483963e+00 1.0793766751e+00
-5.4981716604e-01 -2.1382446206e+00 1.0793745558e+00
-5.4981783120e-01 -2.1382442422e+00 1.0793767851e+00
-5.4981859116e-01 -2.1382498123e+00 1.0793750487e+00
-5.4981975517e-01 -2.1382489633e+00 1.0793771336e+00
3.7448334850e-01 -4.0179289600e-01 -7.1026780324e-01
3.7448484948e-01 -4.0179026024e-01 -7.1026651268e-01
3.7448676844e-01 -4.0179299405e-01 -7.1027243737e-01
3.7448900133e-01 -4.0179031743e-01 -7.1027219022e-01
3.7448389373e-01 -4.0179327555e-01 -7.1026710231e-01
3.7448588440e-01 -4.0179039404e-01 -7.1026631992e-01
3.7448782883e-01 -4.0179292824e-01 -7.1027202686e-01
3.7448936388e-01 -4.0179033868e-01 -7.1027154300e-01
5.6455386692e-01 2.2307037652e+00 -3.0524769340e-01
5.6455438833e-01 2.2307035824e+00 -3.0524816104e-01
5.6455522140e-01 2.2306931506e+00 -3.0524385597e-01
5.6455596550e-01 2.2306933391e+00 -3.0524353932e-01
5.6455254565e-01 2.2307034576e+00 -3.0524863319e-01
5.6455310057e-01 2.2307029443e+00 -3.0524806304e-01
5.6455365626e-01 2.2306931341e+00 -3.0524476208e-01
5.6455437136e-01 2.2306919334e+00 -3.0524428189e-01
-2.9162005771e-01 5.1534666963e-01 -6.0444097871e-01
-2.9162051925e-01 5.1534693602e-01 -6.0444027665e-01
-2.9161914987e-01 5.1535786212e-01 -6.0444313815e-01
-2.9162014222e-01 5.1535821722e-01 -6.0444242852e-01
-2.9162033277e-01 5.1534726750e-01 -6.0444180727e-01
-2.9162107327e-01 5.1534738413e-01 -6.0444075940e-01
-2.9161866055e-01 5.1535822374e-01 -6.0444396675e-01
-2.9161963339e-01 5.1535809382e-01 -6.0444326000e-01
5.4427904330e-01 -3.8362817508e-01 -2.7158001511e-01
5.4428106704e-01 -3.8362864310e-01 -2.7158219798e-01
5.4427876107e-01 -3.8363354179e-01 -2.7158211501e-01
5.4428069595e-01 -3.8363353524e-01 -2.7158418819e-01
5.4426911942e-01 -3.8362780127e-01 -2.7158023784e-01
5.4427056018e-01 -3.8362856912e-01 -2.7158233096e-01
5.4426883567e-01 -3.8363192283e-01 -2.7158276090e-01
5.4427096005e-01 -3.8363282316e-01 -2.7158413375e-01
1.6814724869e-01 8.8517685815e-01 -1.6229143710e+00
1.6814665294e-01 8.8517772295e-01 -1.6229151140e+00
1.6814563306e-01 8.8517591660e-01 -1.6229166625e+00
1.6814520467e-01 8.8517545381e-01 -1.6229167832e+00
1.6814650756e-01 8.8517690419e-01 -1.6229146532e+00
1.6814657224e-01 8.8517711216e-01 -1.6229147290e+00
1.6814504802e-01 8.8517458375e-01 -1.6229163066e+00
1.6814470772e-01 8.8517506310e-01 -1.6229168075e+00
-1.3707099985e+00 5.4459075039e-01 2.9600023530e-01
-1.3707113607e+00 5.4458997922e-01 2.9599811939e-01
-1.3707103024e+00 5.4458914621e-01 2.9599845259e-01
-1.3707117172e+00 5.4458871348e-01 2.9599658789e-01
-1.3707192832e+00 5.4459176714e-01 2.9600271779e-01
-1.3707209475e+00 5.4459180109e-01 2.9600045931e-01
-1.3707194388e+00 5.4459014030e-01 2.9600169644e-01
-1.3707212225e+00 5.4458986956e-01 2.9599855242e-01
-4.7217238976e-01 1.0611896739e+00 1.0398625790e-01
-4.7216967868e-01 1.0611865077e+00 1.0398216329e-01
-4.7217094674e-01 1.0611917771e+00 1.0398833547e-01
-4.7216760926e-01 1.0611874425e+00 1.0398498796e-01
-4.7217134611e-01 1.0611903794e+00 1.0398627802e-01
-4.7216936826e-01 1.0611874417e+00 1.0398282501e-01
-4.7217021258e-01 1.0611916958e+00 1.0398861269e-01
-4.7216685745e-01 1.0611887344e+00 1.0398505355e-01
1.7436361780e-01 1.1239776442e+00 -1.6556854752e-01
1.7436339758e-01 1.1239774731e+00 -1.6556808142e-01
1.7436358645e-01 1.1239770758e+00 -1.6556848873e-01
1.7436407089e-01 1.1239771480e+00 -1.6556841918e-01
1.7435464740e-01 1.1239774912e+00 -1.6556874553e-01
1.7435447444e-01 1.1239773215e+00 -1.6556904379e-01
1.7435437461e-01 1.1239775006e+00 -1.6556822442e-01
1.7435431021e-01 1.1239773926e+00 -1.6556906856e-01
-2.0957275681e+00 -7.6358077690e-01 -1.2288007846e+00
-2.0957262110e+00 -7.6357929178e-01 -1.2287944960e+00
-2.0957287709e+00 -7.6358286039e-01 -1.2288031789e+00
-2.0957289251e+00 -7.6358210577e-01 -1.2287958153e+00
-2.0957280382e+00 -7.6358024899e-01 -1.2288006065e+00
-2.0957271661e+00 -7.6357885827e-01 -1.2287943035e+00
-2.0957288271e+00 -7.6358227840e-01 -1.2288029482e+00
-2.0957286463e+00 -7.6358205096e-01 -1.2287962767e+00
-2.3910198558e-01 1.0139552227e+00 6.5058771196e-01
-2.3910270685e-01 1.0139584941e+00 6.5059617558e-01
-2.3909989602e-01 1.0139620159e+00 6.5058859749e-01
-2.3910116309e-01 1.0139643483e+00 6.5059642573e-01
-2.3911471589e-01 1.0139572922e+00 6.5058853630e-01
-2.3911630787e-01 1.0139605221e+00 6.5059686451e-01
-2.3911302999e-01 1.0139635488e+00 6.5058886077e-01
-2.3911457618e-01 1.0139658970e+00 6.5059640029e-01
-3.9191951961e-01 6.0034247977e-01 4.9365949756e-01
-3.9192030258e-01 6.0034131085e-01 4.9365852043e-01
-3.9191623841e-01 6.0034616054e-01 4.9366108393e-01
-3.9191765232e-01 6.0034530220e-01 4.9366060421e-01
-3.9191826838e-01 6.0034334487e-01 4.9365829711e-01
-3.9191896242e-01 6.0034233152e-01 4.9365743629e-01
-3.9191556587e-01 6.0034619086e-01 4.9366009361e-01
-3.9191547664e-01 6.0034583094e-01 4.9365966230e-01
2.3883539096e+00 1.3284494274e+00 3.0774507665e-01
2.3883531657e+00 1.3284507057e+00 3.0775028124e-01
2.3883543387e+00 1.3284484907e+00 3.0774483031e-01
2.3883532371e+00 1.3284504976e+00 3.0775041290e-01
2.3883547654e+00 1.3284491017e+00 3.0774405068e-01
2.3883529743e+00 1.3284507822e+00 3.0774951346e-01
2.3883550403e+00 1.3284488073e+00 3.0774352248e-01
2.3883534533e+00 1.3284500581e+00 3.0774927887e-01
8.2066854964e-01 2.7805180026e+00 -5.8440045424e-01
8.2066943714e-01 2.7805217596e+00 -5.8438919511e-01
8.2066800937e-01 2.7805188043e+00 -5.8440730915e-01
8.2066877163e-01 2.7805228363e+00 -5.8439600833e-01
8.2067418483e-01 2.7805207907e+00 -5.8439484388e-01
8.2067496182e-01 2.7805248180e+00 -5.8438382160e-01
8.2067349663e-01 2.7805216704e+00 -5.8440227359e-01
8.2067441902e-01 2.7805254037e+00 -5.8439144566e-01
1.1214926573e+00 3.4256879825e-01 -1.6665212055e-01
1.1214927951e+00 3.4256918468e-01 -1.6665260363e-01
1.1214925348e+00 3.4256784025e-01 -1.6665142075e-01
1.1214936148e+00 3.4256862118e-01 -1.6665198008e-01
1.1214926992e+00 3.4256932127e-01 -1.6665339408e-01
1.1214934414e+00 3.4257014744e-01 -1.6665383982e-01
1.1214922043e+00 3.4256902035e-01 -1.6665310309e-01
1.1214931657e+00 3.4256977856e-01 -1.6665348260e-01
1.0069475867e-01 -3.4232068081e-01 -1.3739692001e+00
1.0069580898e-01 -3.4232007732e-01 -1.3739743368e+00
1.0069508143e-01 -3.4231288419e-01 -1.3739713544e+00
1.0069658548e-01 -3.4231227859e-01 -1.3739767721e+00
1.0069828265e-01 -3.4232176681e-01 -1.3739707897e+00
1.0069912122e-01 -3.4232127615e-01 -1.3739764687e+00
1.0069838192e-01 -3.4231328153e-01 -1.3739733404e+00
1.0069910414e-01 -3.4231329211e-01 -1.3739783840e+00
3.5813442404e-01 -4.8978575146e-01 -2.1115890639e-01
3.5813575622e-01 -4.8978337408e-01 -2.1116344036e-01
3.5813530956e-01 -4.8978296874e-01 -2.1115783077e-01
3.5813533585e-01 -4.8977978299e-01 -2.1116148295e-01
3.5813446177e-01 -4.8978590753e-01 -2.1115808860e-01
3.5813545180e-01 -4.8978329755e-01 -2.1116309030e-01
3.5813532639e-01 -4.8978317464e-01 -2.1115715687e-01
3.5813602760e-01 -4.8978024379e-01 -2.1116044353e-01
-2.4792378001e+00 1.1717282598e+00 2.2718248869e+00
-2.4792372135e+00 1.1717263418e+00 2.2718275467e+00
-2.4792319613e+00 1.1717229150e+00 2.2718185667e+00
-2.4792311453e+00 1.1717220101e+00 2.2718218256e+00
-2.4792340334e+00 1.1717302345e+00 2.2718271254e+00
-2.4792336086e+00 1.1717279316e+00 2.2718303733e+00
-2.4792272512e+00 1.1717257453e+00 2.2718211806e+00
-2.4792271200e+00 1.1717235133e+00 2.2718238197e+00
-1.1968766953e+00 1.3521294380e+00 -1.1883772230e+00
-1.1968739579e+00 1.3521267359e+00 -1.1883820296e+00
-1.1968770955e+00 1.3521283215e+00 -1.1883777717e+00
-1.1968738145e+00 1.3521258033e+00 -1.1883815008e+00
-1.1968785531e+00 1.3521290808e+00 -1.1883781266e+00
-1.1968752334e+00 1.3521259118e+00 -1.1883824343e+00
-1.1968782573e+00 1.3521274276e+00 -1.1883785924e+00
-1.1968755539e+00 1.3521255161e+00 -1.1883821108e+00
-6.4956645765e-01 -1.0703018635e+00 1.0428485855e+00
-6.4956650163e-01 -1.0703026429e+00 1.0428482995e+00
-6.4956528007e-01 -1.0703038134e+00 1.0428471702e+00
-6.4956548389e-01 -1.0703043313e+00 1.0428460389e+00
-6.4957102359e-01 -1.0703011827e+00 1.0428511514e+00
-6.4957094445e-01 -1.0703014685e+00 1.0428498968e+00
-6.4956982222e-01 -1.0703026422e+00 1.0428494147e+00
-6.4956971496e-01 -1.0703025738e+00 1.0428480359e+00
