1.0547035592e+02
1.3395299189e+01
5.8062709638e+01
-1.5032385815e+00
-2.8730615989e+01
3.0951706123e+00
1.1867505079e+02
-2.2874698330e+00
4.2222241248e+01
-1.8747150479e+00
-3.3053622568e+01
4.9253826752e-01
9.5002119871e+01
-1.4884545119e+00
5.3215855262e+01
-2.7307674792e+00
-3.0044338172e+01
-2.1407752073e+00
1.1652677490e+02
1.3257545770e+00
6.0976954560e+01
3.9092587599e-01
-3.8960347803e+01
-1.8500861580e+00
1.1083633590e+02
6.0183254209e+00
5.2362963668e+01
1.1315472951e+00
-3.8034796794e+01
-4.5583582279e+00
