5.6125250183e-01 -4.9571139103e-01 4.7280508279e-01
5.6125288190e-01 -4.9571218721e-01 4.7280381995e-01
5.6125277616e-01 -4.9570844663e-01 4.7280601964e-01
5.6125318959e-01 -4.9570919704e-01 4.7280460104e-01
5.6125235130e-01 -4.9571084958e-01 4.7280523727e-01
5.6125261900e-01 -4.9571137518e-01 4.7280357451e-01
5.6125246196e-01 -4.9570809678e-01 4.7280600757e-01
5.6125327728e-01 -4.9570894981e-01 4.7280434162e-01
-6.6688917015e-01 -7.5135786743e-02 -6.1456235947e-01
-6.6688890973e-01 -7.5135798592e-02 -6.1456193162e-01
-6.6689009797e-01 -7.5137765456e-02 -6.1456241211e-01
-6.6688986619e-01 -7.5138241573e-02 -6.1456224732e-01
-6.6688939055e-01 -7.5136080196e-02 -6.1456232902e-01
-6.6688932968e-01 -7.5135913317e-02 -6.1456196816e-01
-6.6689080973e-01 -7.5138053308e-02 -6.1456243427e-01
-6.6689047868e-01 -7.5138518780e-02 -6.1456212625e-01
-7.7268056005e-01 -5.6770380613e-01 -3.7633233995e-01
-7.7268387955e-01 -5.6770555531e-01 -3.7633631357e-01
-7.7268137053e-01 -5.6770404013e-01 -3.7633245546e-01
-7.7268522079e-01 -5.6770613405e-01 -3.7633671557e-01
-7.7268197141e-01 -5.6770495524e-01 -3.7633287003e-01
-7.7268512470e-01 -5.6770709277e-01 -3.7633730016e-01
-7.7268296495e-01 -5.6770553157e-01 -3.7633351803e-01
-7.7268637751e-01 -5.6770715714e-01 -3.7633725524e-01
9.5606910622e-01 -8.4272721567e-02 -9.8355418758e-02
9.5606919944e-01 -8.4273156765e-02 -9.8355909264e-02
9.5607057022e-01 -8.4271584466e-02 -9.8353413007e-02
9.5607055000e-01 -8.4272252517e-02 -9.8354181582e-02
9.5606963623e-01 -8.4272096396e-02 -9.8355427434e-02
9.5606999725e-01 -8.4272749170e-02 -9.8356140546e-02
9.5607119712e-01 -8.4271124365e-02 -9.8353528669e-02
9.5607129870e-01 -8.4271875062e-02 -9.8354223019e-02
-7.3035114659e-02 -5.0058240948e-01 2.7085059517e-01
-7.3033950808e-02 -5.0058200059e-01 2.7085007330e-01
-7.3034692675e-02 -5.0058252383e-01 2.7085117998e-01
-7.3033305101e-02 -5.0058183765e-01 2.7085070113e-01
-7.3033025258e-02 -5.0058289263e-01 2.7084939256e-01
-7.3031744725e-02 -5.0058246137e-01 2.7084934377e-01
-7.3032334234e-02 -5.0058285332e-01 2.7085012030e-01
-7.3030961233e-02 -5.0058243072e-01 2.7084985533e-01
-1.0628928211e+00 9.4561310954e-01 1.0488203505e+00
-1.0628949327e+00 9.4561606593e-01 1.0488256638e+00
-1.0628906273e+00 9.4561116814e-01 1.0488185352e+00
-1.0628926683e+00 9.4561378700e-01 1.0488237712e+00
-1.0628880767e+00 9.4561138228e-01 1.0488171183e+00
-1.0628905251e+00 9.4561417178e-01 1.0488224246e+00
-1.0628860620e+00 9.4560936971e-01 1.0488154452e+00
-1.0628884158e+00 9.4561210336e-01 1.0488203441e+00
6.1315928397e-01 1.6750709409e-01 7.9737238942e-01
6.1315978372e-01 1.6750788912e-01 7.9737387594e-01
6.1315950068e-01 1.6750782338e-01 7.9737353768e-01
6.1315973778e-01 1.6750832613e-01 7.9737468372e-01
6.1316074035e-01 1.6750882031e-01 7.9737286251e-01
6.1316096205e-01 1.6750960143e-01 7.9737462131e-01
6.1316067039e-01 1.6750960008e-01 7.9737409923e-01
6.1316086684e-01 1.6751013702e-01 7.9737580062e-01
5.0480510386e-01 -1.1426853303e-01 -8.2144605578e-02
5.0480469606e-01 -1.1426870197e-01 -8.2145085525e-02
5.0480478152e-01 -1.1426972081e-01 -8.2143964980e-02
5.0480452277e-01 -1.1426983511e-01 -8.2144495118e-02
5.0480516575e-01 -1.1426900169e-01 -8.2143904484e-02
5.0480484141e-01 -1.1426893034e-01 -8.2144660215e-02
5.0480501961e-01 -1.1427015755e-01 -8.2143392233e-02
5.0480445206e-01 -1.1427053647e-01 -8.2143805639e-02
-4.6106206821e-01 3.8457643019e-01 -6.2394128717e-01
-4.6106343892e-01 3.8457613312e-01 -6.2394173256e-01
-4.6106351957e-01 3.8457471033e-01 -6.2394213244e-01
-4.6106487308e-01 3.8457458708e-01 -6.2394275749e-01
-4.6106117611e-01 3.8457630418e-01 -6.2394119482e-01
-4.6106255627e-01 3.8457623598e-01 -6.2394199902e-01
-4.6106270635e-01 3.8457447466e-01 -6.2394210666e-01
-4.6106397203e-01 3.8457461826e-01 -6.2394290371e-01
-1.3261699431e+00 -1.2338703106e+00 -1.1595133458e+00
-1.3261697150e+00 -1.2338710029e+00 -1.1595155650e+00
-1.3261690297e+00 -1.2338697980e+00 -1.1595127489e+00
-1.3261685344e+00 -1.2338703333e+00 -1.1595154046e+00
-1.3261671458e+00 -1.2338691138e+00 -1.1595088296e+00
-1.3261669854e+00 -1.2338697995e+00 -1.1595108997e+00
-1.3261662380e+00 -1.2338682592e+00 -1.1595082499e+00
-1.3261660182e+00 -1.2338690960e+00 -1.1595106904e+00
5.8599330857e-01 -1.0975554474e-01 -6.9839086176e-01
5.8599439017e-01 -1.0975516454e-01 -6.9839201635e-01
5.8599290842e-01 -1.0975414797e-01 -6.9839009422e-01
5.8599414868e-01 -1.0975411336e-01 -6.9839130329e-01
5.8598875067e-01 -1.0975373774e-01 -6.9838862642e-01
5.8598991683e-01 -1.0975391866e-01 -6.9838979975e-01
5.8598827048e-01 -1.0975281135e-01 -6.9838794219e-01
5.8598924885e-01 -1.0975257868e-01 -6.9838934380e-01
-2.0694369100e-01 1.2096407013e-01 -1.4123897980e-01
-2.0694221176e-01 1.2096641968e-01 -1.4123656941e-01
-2.0694327759e-01 1.2096509126e-01 -1.4123826756e-01
-2.0694154516e-01 1.2096760206e-01 -1.4123571679e-01
-2.0694305583e-01 1.2096420087e-01 -1.4123926500e-01
-2.0694188960e-01 1.2096643295e-01 -1.4123673811e-01
-2.0694259148e-01 1.2096511397e-01 -1.4123826381e-01
-2.0694117707e-01 1.2096740041e-01 -1.4123604109e-01
5.7023563442e-02 -2.5491091226e-01 -2.4850145171e-01
5.7023946776e-02 -2.5491153210e-01 -2.4850076981e-01
5.7023839800e-02 -2.5491164109e-01 -2.4850252773e-01
5.7024296200e-02 -2.5491153522e-01 -2.4850140294e-01
5.7025154096e-02 -2.5491084390e-01 -2.4850174385e-01
5.7025554146e-02 -2.5491092089e-01 -2.4850109396e-01
5.7025620624e-02 -2.5491109337e-01 -2.4850185351e-01
5.7026148276e-02 -2.5491128270e-01 -2.4850163349e-01
3.9047242890e-01 1.2533806228e-01 2.7311340474e-01
3.9047201573e-01 1.2533833153e-01 2.7311184687e-01
3.9047252377e-01 1.2533793649e-01 2.7311322440e-01
3.9047264185e-01 1.2533815900e-01 2.7311170223e-01
3.9047238746e-01 1.2533798892e-01 2.7311317233e-01
3.9047243565e-01 1.2533815096e-01 2.7311130325e-01
3.9047307180e-01 1.2533801271e-01 2.7311307646e-01
3.9047241230e-01 1.2533840944e-01 2.7311107529e-01
5.1419231978e-01 3.2092577140e-01 9.0910107918e-01
5.1419373951e-01 3.2092564302e-01 9.0910800796e-01
5.1419178817e-01 3.2092347687e-01 9.0910222596e-01
5.1419343615e-01 3.2092357715e-01 9.0910889826e-01
5.1419259957e-01 3.2092593146e-01 9.0910099268e-01
5.1419426060e-01 3.2092582933e-01 9.0910771276e-01
5.1419217819e-01 3.2092373912e-01 9.0910229977e-01
5.1419366687e-01 3.2092371616e-01 9.0910918450e-01
7.0281125266e-02 -4.0835699081e-01 8.9960064627e-01
7.0281530193e-02 -4.0835833802e-01 8.9960159556e-01
7.0279776037e-02 -4.0835813091e-01 8.9960084478e-01
7.0280361417e-02 -4.0835966263e-01 8.9960141328e-01
7.0280592514e-02 -4.0835655784e-01 8.9960078456e-01
7.0280971881e-02 -4.0835806823e-01 8.9960122262e-01
7.0279153935e-02 -4.0835784778e-01 8.9960092407e-01
7.0279797635e-02 -4.0835939553e-01 8.9960136094e-01
1.4480522009e-01 1.5688295477e-02 1.4312756056e-01
1.4480566756e-01 1.5687211025e-02 1.4312751674e-01
1.4480502136e-01 1.5687407723e-02 1.4312746969e-01
1.4480582298e-01 1.5686133217e-02 1.4312737255e-01
1.4480593501e-01 1.5688587597e-02 1.4312625390e-01
1.4480636964e-01 1.5687559093e-02 1.4312628319e-01
1.4480592423e-01 1.5687836370e-02 1.4312634937e-01
1.4480627914e-01 1.5686674574e-02 1.4312622491e-01
4.0607883048e-01 4.3785017933e-01 1.6400602661e-01
4.0607943711e-01 4.3785031083e-01 1.6400480376e-01
4.0607896959e-01 4.3784992031e-01 1.6400533964e-01
4.0607953856e-01 4.3784994758e-01 1.6400422239e-01
4.0607944365e-01 4.3784957786e-01 1.6400580422e-01
4.0608007310e-01 4.3784978659e-01 1.6400463947e-01
4.0607994769e-01 4.3784903296e-01 1.6400527856e-01
4.0608029035e-01 4.3784947822e-01 1.6400414087e-01
1.4471300780e-01 -2.7159354308e-01 2.0693865713e-01
1.4471307645e-01 -2.7159443624e-01 2.0693976722e-01
1.4471283372e-01 -2.7159436057e-01 2.0693891240e-01
1.4471301715e-01 -2.7159523173e-01 2.0693941376e-01
1.4471083441e-01 -2.7159429108e-01 2.0693819861e-01
1.4471091862e-01 -2.7159476579e-01 2.0693951169e-01
1.4471048937e-01 -2.7159488702e-01 2.0693803152e-01
1.4471058332e-01 -2.7159537946e-01 2.0693947071e-01
3.0843467269e-01 -7.2582619624e-02 3.7482777342e-02
3.0843453292e-01 -7.2582783663e-02 3.7482579295e-02
3.0843430851e-01 -7.2581502697e-02 3.7483970538e-02
3.0843447639e-01 -7.2581935731e-02 3.7483569403e-02
3.0843454494e-01 -7.2582697419e-02 3.7482893124e-02
3.0843497755e-01 -7.2582780273e-02 3.7482724161e-02
3.0843438966e-01 -7.2581985405e-02 3.7484176487e-02
3.0843458432e-01 -7.2582052718e-02 3.7484025266e-02
-8.6642530616e-01 -1.3244334164e-01 -5.9822697312e-01
-8.6642571727e-01 -1.3244037693e-01 -5.9822097510e-01
-8.6642446344e-01 -1.3244212131e-01 -5.9822501048e-01
-8.6642479744e-01 -1.3243920921e-01 -5.9821957580e-01
-8.6642489717e-01 -1.3244358363e-01 -5.9822605464e-01
-8.6642519847e-01 -1.3244061123e-01 -5.9822040039e-01
-8.6642407243e-01 -1.3244222137e-01 -5.9822441284e-01
-8.6642456366e-01 -1.3243960779e-01 -5.9821851118e-01
-1.6073608609e-01 3.1510524809e-01 -6.0077910783e-01
-1.6073616483e-01 3.1510467865e-01 -6.0077899523e-01
-1.6073638637e-01 3.1510753676e-01 -6.0078161670e-01
-1.6073661670e-01 3.1510684089e-01 -6.0078167485e-01
-1.6073741870e-01 3.1510566727e-01 -6.0077941464e-01
-1.6073726470e-01 3.1510472990e-01 -6.0077973853e-01
-1.6073778529e-01 3.1510769208e-01 -6.0078214403e-01
-1.6073767045e-01 3.1510679768e-01 -6.0078237683e-01
3.0603332930e-02 1.5185725610e-01 -7.5284397870e-01
3.0603652033e-02 1.5185644009e-01 -7.5284505531e-01
3.0602953109e-02 1.5186146760e-01 -7.5284521090e-01
3.0603806271e-02 1.5186013506e-01 -7.5284652555e-01
3.0603722125e-02 1.5185739572e-01 -7.5284372793e-01
3.0604519300e-02 1.5185648721e-01 -7.5284497207e-01
3.0603298090e-02 1.5186152134e-01 -7.5284495801e-01
3.0604214821e-02 1.5186032899e-01 -7.5284629560e-01
4.6333104618e-01 -6.1237495898e-01 -7.8710520534e-01
4.6333070792e-01 -6.1237303284e-01 -7.8710482627e-01
4.6333000053e-01 -6.1237113306e-01 -7.8710534021e-01
4.6332945989e-01 -6.1236976666e-01 -7.8710466302e-01
4.6333315891e-01 -6.1237599551e-01 -7.8710702473e-01
4.6333287626e-01 -6.1237441527e-01 -7.8710635968e-01
4.6333207349e-01 -6.1237238045e-01 -7.8710712556e-01
4.6333116904e-01 -6.1237111620e-01 -7.8710658782e-01
-1.9894368494e-02 -1.9664134381e-01 -8.1395431541e-01
-1.9893902166e-02 -1.9664306417e-01 -8.1395148898e-01
-1.9895039974e-02 -1.9664154184e-01 -8.1395473627e-01
-1.9894624227e-02 -1.9664320920e-01 -8.1395191921e-01
-1.9891881848e-02 -1.9664023925e-01 -8.1395365330e-01
-1.9891109562e-02 -1.9664208796e-01 -8.1395081330e-01
-1.9892488789e-02 -1.9664047312e-01 -8.1395415108e-01
-1.9892165733e-02 -1.9664198252e-01 -8.1395093918e-01
1.2683775610e-01 -5.8731197425e-01 3.7392314971e-01
1.2683628662e-01 -5.8731261698e-01 3.7392623105e-01
1.2683755219e-01 -5.8731257051e-01 3.7392259384e-01
1.2683603026e-01 -5.8731266052e-01 3.7392593847e-01
1.2683835625e-01 -5.8731273837e-01 3.7392278572e-01
1.2683718284e-01 -5.8731301133e-01 3.7392585929e-01
1.2683831664e-01 -5.8731312324e-01 3.7392234904e-01
1.2683698552e-01 -5.8731299788e-01 3.7392516542e-01
5.1637077751e-01 4.3352363602e-01 2.4871945424e-01
5.1637114529e-01 4.3352316203e-01 2.4871942189e-01
5.1637042017e-01 4.3352478586e-01 2.4872001674e-01
5.1637117176e-01 4.3352411403e-01 2.4871964944e-01
5.1636800881e-01 4.3352289583e-01 2.4871787136e-01
5.1636833913e-01 4.3352238421e-01 2.4871782782e-01
5.1636768192e-01 4.3352380013e-01 2.4871814962e-01
5.1636859664e-01 4.3352340000e-01 2.4871833997e-01
-5.3671676956e-01 -3.0203745222e-01 4.2496521914e-01
-5.3671670331e-01 -3.0203596070e-01 4.2496522718e-01
-5.3671701971e-01 -3.0203737382e-01 4.2496587189e-01
-5.3671676581e-01 -3.0203589702e-01 4.2496614106e-01
-5.3671733544e-01 -3.0203723275e-01 4.2496486616e-01
-5.3671742170e-01 -3.0203617668e-01 4.2496516530e-01
-5.3671786572e-01 -3.0203715914e-01 4.2496559341e-01
-5.3671766515e-01 -3.0203602908e-01 4.2496596018e-01
1.1935491457e-01 3.9637639787e-01 -4.9433045451e-01
1.1935504851e-01 3.9637671364e-01 -4.9433124847e-01
1.1935544930e-01 3.9637871528e-01 -4.9433380575e-01
1.1935544836e-01 3.9637932382e-01 -4.9433412316e-01
1.1935531179e-01 3.9637676900e-01 -4.9433044418e-01
1.1935537882e-01 3.9637758859e-01 -4.9433133076e-01
1.1935588283e-01 3.9637968901e-01 -4.9433378171e-01
1.1935586794e-01 3.9638024756e-01 -4.9433385718e-01
6.8333701786e-01 -6.9354721903e-01 8.4711308201e-01
6.8333685877e-01 -6.9354649793e-01 8.4711368585e-01
6.8333720357e-01 -6.9354779779e-01 8.4711406298e-01
6.8333725198e-01 -6.9354722997e-01 8.4711438955e-01
6.8333700287e-01 -6.9354723655e-01 8.4711339683e-01
6.8333666446e-01 -6.9354662132e-01 8.4711398420e-01
6.8333718932e-01 -6.9354771512e-01 8.4711383341e-01
6.8333723417e-01 -6.9354713305e-01 8.4711460467e-01
-1.0761541272e+00 -2.7406000192e-02 -1.1658697243e+00
-1.0761552235e+00 -2.7405489434e-02 -1.1658711850e+00
-1.0761540193e+00 -2.7407012843e-02 -1.1658708666e+00
-1.0761552577e+00 -2.7406050312e-02 -1.1658721793e+00
-1.0761534844e+00 -2.7406690058e-02 -1.1658701170e+00
-1.0761544658e+00 -2.7405746871e-02 -1.1658716138e+00
-1.0761530401e+00 -2.7407254220e-02 -1.1658712215e+00
-1.0761545834e+00 -2.7406574441e-02 -1.1658726329e+00
-3.8528526760e-01 6.9694790947e-02 -4.8324764474e-01
-3.8528363921e-01 6.9694255891e-02 -4.8324735409e-01
-3.8528504079e-01 6.9693282716e-02 -4.8324863707e-01
-3.8528348290e-01 6.9692783156e-02 -4.8324794973e-01
-3.8528505451e-01 6.9694777790e-02 -4.8324684404e-01
-3.8528340725e-01 6.9693936017e-02 -4.8324669825e-01
-3.8528456653e-01 6.9693179911e-02 -4.8324776050e-01
-3.8528306560e-01 6.9692884082e-02 -4.8324719784e-01
6.8725571015e-01 4.4545785163e-01 1.3413918400e+00
6.8725410586e-01 4.4545636331e-01 1.3413915708e+00
6.8725394800e-01 4.4545582457e-01 1.3413906741e+00
6.8725239993e-01 4.4545483435e-01 1.3413902008e+00
6.8725626044e-01 4.4545798844e-01 1.3413910233e+00
6.8725469913e-01 4.4545670367e-01 1.3413907288e+00
6.8725473794e-01 4.4545631702e-01 1.3413897964e+00
6.8725305879e-01 4.4545511022e-01 1.3413894235e+00
-4.6058074545e-01 1.0502770964e-02 4.2023132174e-01
-4.6057985482e-01 1.0503418650e-02 4.2022966973e-01
-4.6058065237e-01 1.0502955881e-02 4.2023170751e-01
-4.6057983939e-01 1.0503830999e-02 4.2023012089e-01
-4.6058038144e-01 1.0503985612e-02 4.2023078728e-01
-4.6057971155e-01 1.0504205635e-02 4.2022908893e-01
-4.6058030198e-01 1.0503954253e-02 4.2023097901e-01
-4.6057940433e-01 1.0504339266e-02 4.2022923678e-01
-2.8113562463e-01 -3.4985215831e-01 -3.5940149752e-01
-2.8113290100e-01 -3.4985176874e-01 -3.5939762745e-01
-2.8113666859e-01 -3.4985297224e-01 -3.5940209242e-01
-2.8113415395e-01 -3.4985272965e-01 -3.5939823446e-01
-2.8113539896e-01 -3.4985241645e-01 -3.5940020970e-01
-2.8113293493e-01 -3.4985199251e-01 -3.5939649978e-01
-2.8113654401e-01 -3.4985287606e-01 -3.5940132484e-01
-2.8113426364e-01 -3.4985251125e-01 -3.5939700607e-01
-6.5233330387e-01 6.5035484989e-01 9.7329236935e-01
-6.5233349043e-01 6.5035543442e-01 9.7329101042e-01
-6.5233192988e-01 6.5035461762e-01 9.7329082734e-01
-6.5233184804e-01 6.5035514111e-01 9.7328946023e-01
-6.5233910790e-01 6.5035536034e-01 9.7329496353e-01
-6.5233923763e-01 6.5035586114e-01 9.7329363874e-01
-6.5233753235e-01 6.5035520025e-01 9.7329365647e-01
-6.5233772764e-01 6.5035555955e-01 9.7329212828e-01
-1.1586404488e+00 -2.3628846456e-01 -8.7298129154e-04
-1.1586417514e+00 -2.3628850304e-01 -8.7402745985e-04
-1.1586423838e+00 -2.3629000002e-01 -8.7407353487e-04
-1.1586436072e+00 -2.3628969476e-01 -8.7557281088e-04
-1.1586401057e+00 -2.3628868096e-01 -8.7349136226e-04
-1.1586414449e+00 -2.3628847370e-01 -8.7467631750e-04
-1.1586416549e+00 -2.3628974470e-01 -8.7489672099e-04
-1.1586429701e+00 -2.3628988338e-01 -8.7621726413e-04
8.1018751225e-01 1.6507167287e-01 -1.8913611965e-02
8.1018799958e-01 1.6507168340e-01 -1.8914763409e-02
8.1018690434e-01 1.6507231184e-01 -1.8913072675e-02
8.1018731212e-01 1.6507206065e-01 -1.8913801751e-02
8.1018829610e-01 1.6507129912e-01 -1.8914071110e-02
8.1018877284e-01 1.6507133291e-01 -1.8915341002e-02
8.1018735499e-01 1.6507211810e-01 -1.8913489051e-02
8.1018777118e-01 1.6507182459e-01 -1.8914636503e-02
-1.0707477410e+00 2.0746352612e-02 1.3583400987e-01
-1.0707447695e+00 2.0744989939e-02 1.3583175891e-01
-1.0707459957e+00 2.0745158023e-02 1.3583245528e-01
-1.0707433391e+00 2.0743846241e-02 1.3582989362e-01
-1.0707545145e+00 2.0746273609e-02 1.3583482896e-01
-1.0707519906e+00 2.0744824653e-02 1.3583244780e-01
-1.0707529608e+00 2.0744840935e-02 1.3583309100e-01
-1.0707504378e+00 2.0743574993e-02 1.3583068157e-01
3.0196564206e-01 5.3003187573e-01 -7.0535236560e-01
3.0196443387e-01 5.3003228543e-01 -7.0535337089e-01
3.0196586489e-01 5.3003215528e-01 -7.0535165461e-01
3.0196440576e-01 5.3003284942e-01 -7.0535282308e-01
3.0196464436e-01 5.3003203846e-01 -7.0535301757e-01
3.0196354231e-01 5.3003216980e-01 -7.0535415452e-01
3.0196479977e-01 5.3003236454e-01 -7.0535258923e-01
3.0196332697e-01 5.3003277872e-01 -7.0535359648e-01
2.5384863853e-02 -3.5840092261e-01 2.2598626451e-01
2.5385217364e-02 -3.5840130566e-01 2.2598426734e-01
2.5385143451e-02 -3.5839845181e-01 2.2598467707e-01
2.5385538349e-02 -3.5839879273e-01 2.2598285966e-01
2.5381812192e-02 -3.5840164401e-01 2.2598572704e-01
2.5382415516e-02 -3.5840198122e-01 2.2598414092e-01
2.5382172756e-02 -3.5839923295e-01 2.2598461170e-01
2.5382605588e-02 -3.5839954249e-01 2.2598297342e-01
-1.1581708541e-01 -2.1134726564e-01 -3.2826357956e-03
-1.1581686540e-01 -2.1134807176e-01 -3.2830852104e-03
-1.1581703823e-01 -2.1134794303e-01 -3.2828278010e-03
-1.1581660631e-01 -2.1134861631e-01 -3.2830368251e-03
-1.1581651540e-01 -2.1134729926e-01 -3.2818412106e-03
-1.1581640464e-01 -2.1134800398e-01 -3.2823815786e-03
-1.1581666836e-01 -2.1134748719e-01 -3.2818974150e-03
-1.1581662567e-01 -2.1134863231e-01 -3.2825172829e-03
-8.9706673036e-02 3.4942352483e-01 -5.2623075069e-01
-8.9706973160e-02 3.4942378765e-01 -5.2623144833e-01
-8.9706430916e-02 3.4942742958e-01 -5.2623094246e-01
-8.9706623201e-02 3.4942745511e-01 -5.2623217964e-01
-8.9705609706e-02 3.4942374753e-01 -5.2622993743e-01
-8.9705984845e-02 3.4942419401e-01 -5.2623039682e-01
-8.9705288764e-02 3.4942752006e-01 -5.2623017969e-01
-8.9705527341e-02 3.4942800630e-01 -5.2623088909e-01
-5.5299210522e-01 -5.3583895635e-01 -3.5588635132e-01
-5.5299162066e-01 -5.3583837104e-01 -3.5588702159e-01
-5.5299185705e-01 -5.3584046474e-01 -3.5588626868e-01
-5.5299123639e-01 -5.3584004927e-01 -3.5588679895e-01
-5.5299216203e-01 -5.3583879628e-01 -3.5588634369e-01
-5.5299163578e-01 -5.3583841421e-01 -3.5588682829e-01
-5.5299200880e-01 -5.3584074273e-01 -3.5588640743e-01
-5.5299162440e-01 -5.3584018109e-01 -3.5588696903e-01
-5.0239770735e-01 -3.0282320004e-01 1.0015223308e+00
-5.0239803385e-01 -3.0282460489e-01 1.0015214046e+00
-5.0239774740e-01 -3.0282320696e-01 1.0015231925e+00
-5.0239797523e-01 -3.0282435080e-01 1.0015218728e+00
-5.0240117976e-01 -3.0282154210e-01 1.0015244598e+00
-5.0240120420e-01 -3.0282266383e-01 1.0015236055e+00
-5.0240108949e-01 -3.0282118022e-01 1.0015247694e+00
-5.0240100124e-01 -3.0282236581e-01 1.0015237135e+00
1.0937326975e+00 -5.3460076468e-01 -9.5252567917e-01
1.0937261153e+00 -5.3459644944e-01 -9.5251920924e-01
1.0937326454e+00 -5.3460088964e-01 -9.5252675790e-01
1.0937266886e+00 -5.3459698252e-01 -9.5252008578e-01
1.0937331134e+00 -5.3460083052e-01 -9.5252576210e-01
1.0937270292e+00 -5.3459687622e-01 -9.5251963229e-01
1.0937339538e+00 -5.3460126501e-01 -9.5252649460e-01
1.0937276412e+00 -5.3459717862e-01 -9.5252043157e-01
-7.4743970749e-01 -9.4773482974e-02 -1.3909826275e-01
-7.4743970265e-01 -9.4773656228e-02 -1.3909910986e-01
-7.4744022731e-01 -9.4773397142e-02 -1.3909815825e-01
-7.4744013607e-01 -9.4773480485e-02 -1.3909915690e-01
-7.4744050818e-01 -9.4773623794e-02 -1.3909835657e-01
-7.4744030958e-01 -9.4774138367e-02 -1.3909943680e-01
-7.4744124862e-01 -9.4773466178e-02 -1.3909848086e-01
-7.4744091960e-01 -9.4774073324e-02 -1.3909953790e-01
-3.6626850125e-01 1.4322707894e-01 1.0070952859e+00
-3.6626977824e-01 1.4322646643e-01 1.0071013481e+00
-3.6626896822e-01 1.4322650932e-01 1.0070950540e+00
-3.6627048051e-01 1.4322577789e-01 1.0071008383e+00
-3.6626668196e-01 1.4322834106e-01 1.0070961829e+00
-3.6626822394e-01 1.4322759868e-01 1.0071019464e+00
-3.6626727400e-01 1.4322750352e-01 1.0070955804e+00
-3.6626909721e-01 1.4322673138e-01 1.0071015650e+00
8.9657507365e-01 -1.1336116647e-01 1.9111850520e+00
8.9657656052e-01 -1.1336466798e-01 1.9112014897e+00
8.9657799540e-01 -1.1336245601e-01 1.9111850825e+00
8.9657879649e-01 -1.1336735454e-01 1.9112014267e+00
8.9657959876e-01 -1.1336152531e-01 1.9111838158e+00
8.9658090329e-01 -1.1336546630e-01 1.9111997857e+00
8.9658221919e-01 -1.1336330356e-01 1.9111844414e+00
8.9658253466e-01 -1.1336697625e-01 1.9112001016e+00
-4.2120102689e-01 -6.1000086100e-01 1.9662779178e-01
-4.2120011554e-01 -6.1000288538e-01 1.9662816392e-01
-4.2120547475e-01 -6.0998637464e-01 1.9663492101e-01
-4.2120708426e-01 -6.0998839938e-01 1.9663495701e-01
-4.2120284770e-01 -6.0999969582e-01 1.9663294780e-01
-4.2120421484e-01 -6.1000181127e-01 1.9663338489e-01
-4.2120740838e-01 -6.0998479838e-01 1.9664053118e-01
-4.2120921487e-01 -6.0998620160e-01 1.9664063904e-01
-1.2566620995e+00 9.5779786050e-01 9.8437156982e-01
-1.2566653000e+00 9.5779844819e-01 9.8437383990e-01
-1.2566661251e+00 9.5780919153e-01 9.8437665428e-01
-1.2566711424e+00 9.5780953425e-01 9.8437965476e-01
-1.2566867961e+00 9.5780024777e-01 9.8437492368e-01
-1.2566912808e+00 9.5780190660e-01 9.8437731096e-01
-1.2566911622e+00 9.5781355831e-01 9.8438087021e-01
-1.2566957386e+00 9.5781217593e-01 9.8438369942e-01
1.4842778432e+00 -4.0969236541e-01 -1.4179313723e+00
1.4842728012e+00 -4.0969364585e-01 -1.4179167037e+00
1.4842809094e+00 -4.0968778298e-01 -1.4179318250e+00
1.4842747735e+00 -4.0968938099e-01 -1.4179175146e+00
1.4842853739e+00 -4.0969252400e-01 -1.4179365328e+00
1.4842778620e+00 -4.0969365205e-01 -1.4179226627e+00
1.4842877675e+00 -4.0968757221e-01 -1.4179374295e+00
1.4842816354e+00 -4.0968930408e-01 -1.4179234219e+00
1.5236570464e+00 -7.1585381307e-01 -2.6859558433e-01
1.5236566800e+00 -7.1585495231e-01 -2.6859565651e-01
1.5236611984e+00 -7.1585705329e-01 -2.6859643017e-01
1.5236605570e+00 -7.1585683259e-01 -2.6859694052e-01
1.5236653482e+00 -7.1585319987e-01 -2.6859783865e-01
1.5236653535e+00 -7.1585393017e-01 -2.6859793161e-01
1.5236697083e+00 -7.1585615799e-01 -2.6859926134e-01
1.5236686066e+00 -7.1585631417e-01 -2.6859888525e-01
-1.7762133735e+00 4.2717385686e-01 -2.5706630620e-01
-1.7762156810e+00 4.2718255076e-01 -2.5705271035e-01
-1.7762164228e+00 4.2718744995e-01 -2.5705937169e-01
-1.7762182708e+00 4.2719507827e-01 -2.5704426044e-01
-1.7762110911e+00 4.2717261148e-01 -2.5706720951e-01
-1.7762134872e+00 4.2718064971e-01 -2.5705288823e-01
-1.7762131932e+00 4.2718568616e-01 -2.5705917762e-01
-1.7762162688e+00 4.2719332705e-01 -2.5704526493e-01
-1.6330375609e+00 1.8217355337e+00 4.5824452913e-01
-1.6330391237e+00 1.8217344767e+00 4.5824123758e-01
-1.6330415152e+00 1.8217318913e+00 4.5824404010e-01
-1.6330423111e+00 1.8217314754e+00 4.5823921026e-01
-1.6330300044e+00 1.8217398618e+00 4.5824939541e-01
-1.6330314521e+00 1.8217388776e+00 4.5824596325e-01
-1.6330346354e+00 1.8217348198e+00 4.5824889778e-01
-1.6330351502e+00 1.8217350556e+00 4.5824440103e-01
-2.2224278568e+00 -2.2890266772e-01 8.5718441139e-01
-2.2224325171e+00 -2.2889211603e-01 8.5720332894e-01
-2.2224320561e+00 -2.2888453161e-01 8.5719625604e-01
-2.2224357935e+00 -2.2887399908e-01 8.5721369235e-01
-2.2224219835e+00 -2.2890196310e-01 8.5718953199e-01
-2.2224260114e+00 -2.2889207719e-01 8.5720795846e-01
-2.2224258220e+00 -2.2888284982e-01 8.5720087427e-01
-2.2224300912e+00 -2.2887276001e-01 8.5721795046e-01
2.0080758605e+00 -1.5547102476e-01 -3.4530219126e-01
2.0080755693e+00 -1.5547085635e-01 -3.4530431506e-01
2.0080741847e+00 -1.5547385417e-01 -3.4530264650e-01
2.0080737120e+00 -1.5547387717e-01 -3.4530364629e-01
2.0080846117e+00 -1.5546924435e-01 -3.4530413472e-01
2.0080839641e+00 -1.5546885145e-01 -3.4530600734e-01
2.0080828306e+00 -1.5547182938e-01 -3.4530440458e-01
2.0080825582e+00 -1.5547151438e-01 -3.4530502269e-01
-1.0185620728e+00 1.0599256115e-01 -2.8041895234e-01
-1.0185604689e+00 1.0598799898e-01 -2.8040363485e-01
-1.0185575619e+00 1.0598203324e-01 -2.8041647162e-01
-1.0185557206e+00 1.0597600612e-01 -2.8040039505e-01
-1.0185645441e+00 1.0599229503e-01 -2.8041784335e-01
-1.0185630558e+00 1.0598601422e-01 -2.8040235118e-01
-1.0185597358e+00 1.0598076180e-01 -2.8041589605e-01
-1.0185593853e+00 1.0597521835e-01 -2.8040059109e-01
1.3670446120e+00 8.1605127580e-01 -7.7536495150e-01
1.3670461265e+00 8.1605206086e-01 -7.7536444052e-01
1.3670469538e+00 8.1604831163e-01 -7.7536906876e-01
1.3670468513e+00 8.1604753072e-01 -7.7536778755e-01
1.3670236747e+00 8.1605510727e-01 -7.7535605066e-01
1.3670245151e+00 8.1605521822e-01 -7.7535504782e-01
1.3670256867e+00 8.1604941830e-01 -7.7536014913e-01
1.3670254931e+00 8.1605072674e-01 -7.7535902312e-01
-1.0505037296e-01 -3.0081719756e-01 -1.0381444799e+00
-1.0505019538e-01 -3.0081488837e-01 -1.0381435152e+00
-1.0505661357e-01 -3.0081371239e-01 -1.0381408648e+00
-1.0505626920e-01 -3.0081130662e-01 -1.0381397457e+00
-1.0505006317e-01 -3.0081395321e-01 -1.0381455436e+00
-1.0505068710e-01 -3.0081124283e-01 -1.0381444775e+00
-1.0505781996e-01 -3.0081158079e-01 -1.0381408988e+00
-1.0505718385e-01 -3.0080884394e-01 -1.0381398823e+00
-1.5676905034e+00 -2.1336716323e-01 1.6627812886e-01
-1.5676888828e+00 -2.1336739487e-01 1.6627808597e-01
-1.5676875771e+00 -2.1335463205e-01 1.6628710281e-01
-1.5676861112e+00 -2.1335470516e-01 1.6628633235e-01
-1.5676822790e+00 -2.1336784885e-01 1.6627598616e-01
-1.5676804591e+00 -2.1336800386e-01 1.6627599130e-01
-1.5676803805e+00 -2.1335600799e-01 1.6628476709e-01
-1.5676787862e+00 -2.1335598206e-01 1.6628516428e-01
1.2790920980e+00 -2.6015801020e-01 -3.7281491295e-01
1.2790914449e+00 -2.6015760123e-01 -3.7281539309e-01
1.2790962960e+00 -2.6016659592e-01 -3.7281777581e-01
1.2790944335e+00 -2.6016565053e-01 -3.7281898737e-01
1.2791004851e+00 -2.6015926853e-01 -3.7281748140e-01
1.2791001308e+00 -2.6015943217e-01 -3.7281872327e-01
1.2791046171e+00 -2.6016732452e-01 -3.7282083001e-01
1.2791038144e+00 -2.6016733292e-01 -3.7282140417e-01
-9.7407397693e-01 -1.3551711548e+00 9.0646479699e-02
-9.7406771643e-01 -1.3551690555e+00 9.0661381743e-02
-9.7407391965e-01 -1.3551685228e+00 9.0648698507e-02
-9.7406841752e-01 -1.3551653575e+00 9.0663354552e-02
-9.7407222759e-01 -1.3551707966e+00 9.0646624309e-02
-9.7406557861e-01 -1.3551690243e+00 9.0661471947e-02
-9.7407226522e-01 -1.3551682970e+00 9.0649341268e-02
-9.7406662598e-01 -1.3551656440e+00 9.0663158298e-02
-1.3971147991e+00 2.9953523647e-01 1.7629500743e-01
-1.3971055053e+00 2.9954989439e-01 1.7631144362e-01
-1.3971180238e+00 2.9952814436e-01 1.7628887280e-01
-1.3971101706e+00 2.9954183198e-01 1.7630419040e-01
-1.3971407887e+00 2.9953221729e-01 1.7629396906e-01
-1.3971327818e+00 2.9954723654e-01 1.7630937162e-01
-1.3971456778e+00 2.9952566240e-01 1.7628686897e-01
-1.3971377196e+00 2.9953929441e-01 1.7630200172e-01
-2.4533915367e-01 8.6958055602e-01 6.0299221122e-01
-2.4533994444e-01 8.6957469625e-01 6.0300644678e-01
-2.4533951965e-01 8.6958088447e-01 6.0299231386e-01
-2.4534066578e-01 8.6957516618e-01 6.0300602744e-01
-2.4535551838e-01 8.6958268027e-01 6.0299411394e-01
-2.4535648396e-01 8.6957647432e-01 6.0300778001e-01
-2.4535639804e-01 8.6958332448e-01 6.0299397195e-01
-2.4535740192e-01 8.6957715408e-01 6.0300759798e-01
1.4529465826e-01 9.1117934573e-01 -1.0330364497e+00
1.4529057495e-01 9.1117708720e-01 -1.0330386765e+00
1.4529463022e-01 9.1117590785e-01 -1.0330364455e+00
1.4529118270e-01 9.1117394965e-01 -1.0330386507e+00
1.4529437679e-01 9.1117822111e-01 -1.0330362019e+00
1.4529063136e-01 9.1117735369e-01 -1.0330381964e+00
1.4529553208e-01 9.1117575908e-01 -1.0330364209e+00
1.4529215301e-01 9.1117402028e-01 -1.0330386395e+00
-1.0029922711e+00 7.0729173265e-02 -2.5098345027e+00
-1.0029984199e+00 7.0725672001e-02 -2.5098352922e+00
-1.0029912360e+00 7.0732256653e-02 -2.5098358399e+00
-1.0029973460e+00 7.0728464621e-02 -2.5098368500e+00
-1.0029834723e+00 7.0727692327e-02 -2.5098356959e+00
-1.0029890037e+00 7.0724534181e-02 -2.5098359883e+00
-1.0029819703e+00 7.0730524158e-02 -2.5098369153e+00
-1.0029879409e+00 7.0727327804e-02 -2.5098379330e+00
-2.0341366188e+00 -1.0499125779e+00 6.0175855492e-01
-2.0341359049e+00 -1.0499126817e+00 6.0176033904e-01
-2.0341352210e+00 -1.0499154332e+00 6.0176087649e-01
-2.0341344734e+00 -1.0499160527e+00 6.0176170672e-01
-2.0341377322e+00 -1.0499123735e+00 6.0175945781e-01
-2.0341358205e+00 -1.0499137876e+00 6.0176099249e-01
-2.0341374136e+00 -1.0499157773e+00 6.0176059986e-01
-2.0341361356e+00 -1.0499162818e+00 6.0176124450e-01
-3.7879455905e-01 6.9678266696e-01 -8.2394736530e-01
-3.7879652703e-01 6.9677899746e-01 -8.2394013126e-01
-3.7879469828e-01 6.9678327024e-01 -8.2394746604e-01
-3.7879646643e-01 6.9678069047e-01 -8.2393956341e-01
-3.7878974319e-01 6.9678172927e-01 -8.2394529735e-01
-3.7879056468e-01 6.9677851803e-01 -8.2393855819e-01
-3.7878987073e-01 6.9678231449e-01 -8.2394592502e-01
-3.7879147420e-01 6.9677984117e-01 -8.2393871981e-01
1.8020394709e+00 5.8896266927e-02 -1.1507673134e+00
1.8020415305e+00 5.8894281030e-02 -1.1507707663e+00
1.8020400867e+00 5.8893272886e-02 -1.1507697315e+00
1.8020432468e+00 5.8890799841e-02 -1.1507728604e+00
1.8020478291e+00 5.8894864685e-02 -1.1507674730e+00
1.8020513016e+00 5.8891342722e-02 -1.1507714244e+00
1.8020499297e+00 5.8890873906e-02 -1.1507691776e+00
1.8020526906e+00 5.8888767920e-02 -1.1507728412e+00
-1.0933920412e+00 5.0334555590e-01 5.6385593513e-01
-1.0933929333e+00 5.0334606582e-01 5.6385402299e-01
-1.0933896631e+00 5.0334888818e-01 5.6385832623e-01
-1.0933916038e+00 5.0334825991e-01 5.6385589438e-01
-1.0934168680e+00 5.0334271949e-01 5.6385304811e-01
-1.0934184972e+00 5.0334366811e-01 5.6385129457e-01
-1.0934154673e+00 5.0334562757e-01 5.6385594311e-01
-1.0934161639e+00 5.0334546907e-01 5.6385272809e-01
-7.1318834737e-01 2.3950271495e+00 1.5053078196e+00
-7.1318897650e-01 2.3950228516e+00 1.5052932308e+00
-7.1319213379e-01 2.3950210134e+00 1.5053051286e+00
-7.1319215480e-01 2.3950176983e+00 1.5052910896e+00
-7.1318034774e-01 2.3950321159e+00 1.5053101436e+00
-7.1318036810e-01 2.3950274812e+00 1.5052962851e+00
-7.1318326860e-01 2.3950253078e+00 1.5053089655e+00
-7.1318380183e-01 2.3950212818e+00 1.5052948168e+00
2.2540752312e+00 1.3447912273e+00 1.9175571006e+00
2.2540791031e+00 1.3447975634e+00 1.9175718874e+00
2.2540748586e+00 1.3447919419e+00 1.9175573535e+00
2.2540789010e+00 1.3447974362e+00 1.9175718073e+00
2.2540771274e+00 1.3447960604e+00 1.9175555820e+00
2.2540812033e+00 1.3448005564e+00 1.9175708625e+00
2.2540765943e+00 1.3447945703e+00 1.9175560654e+00
2.2540813162e+00 1.3448015591e+00 1.9175709112e+00
-2.9206444495e+00 -6.7336757701e-01 -2.5237738726e-01
-2.9206437983e+00 -6.7336671432e-01 -2.5237724414e-01
-2.9206444252e+00 -6.7337011486e-01 -2.5238103774e-01
-2.9206443036e+00 -6.7336924454e-01 -2.5238058309e-01
-2.9206435014e+00 -6.7336989348e-01 -2.5237752033e-01
-2.9206423679e+00 -6.7336847020e-01 -2.5237627233e-01
-2.9206434569e+00 -6.7337342622e-01 -2.5238094515e-01
-2.9206440474e+00 -6.7337252723e-01 -2.5238038469e-01
-2.6167803819e+00 -6.0169128604e-01 1.4099174448e-01
-2.6167776213e+00 -6.0169445310e-01 1.4098917307e-01
-2.6167780353e+00 -6.0169505776e-01 1.4099024787e-01
-2.6167751964e+00 -6.0169845369e-01 1.4098758272e-01
-2.6167775756e+00 -6.0169446222e-01 1.4099047844e-01
-2.6167740272e+00 -6.0169786474e-01 1.4098784060e-01
-2.6167743071e+00 -6.0169733508e-01 1.4098971093e-01
-2.6167722632e+00 -6.0170198922e-01 1.4098621663e-01
-1.1973333782e-01 2.4088542328e+00 2.3671806091e-01
-1.1973223470e-01 2.4088514750e+00 2.3674014594e-01
-1.1973661411e-01 2.4088505594e+00 2.3671544346e-01
-1.1973514753e-01 2.4088491608e+00 2.3673836699e-01
-1.1972715012e-01 2.4088519304e+00 2.3671297300e-01
-1.1972542339e-01 2.4088500901e+00 2.3673516593e-01
-1.1972859663e-01 2.4088475058e+00 2.3671040378e-01
-1.1972797869e-01 2.4088461273e+00 2.3673327541e-01
4.7899927879e-01 -1.2791658432e+00 -1.8692407644e-01
4.7900274781e-01 -1.2791649851e+00 -1.8693389499e-01
4.7900077071e-01 -1.2791746596e+00 -1.8692054911e-01
4.7900295978e-01 -1.2791734425e+00 -1.8692988528e-01
4.7900000720e-01 -1.2791673002e+00 -1.8692635524e-01
4.7900313903e-01 -1.2791672589e+00 -1.8693629486e-01
4.7900095905e-01 -1.2791754035e+00 -1.8692215413e-01
4.7900400457e-01 -1.2791752306e+00 -1.8693201003e-01
1.5340895499e+00 -3.7174168509e-01 -6.5500643606e-01
1.5340913991e+00 -3.7174432562e-01 -6.5501011571e-01
1.5340892008e+00 -3.7174439267e-01 -6.5500455737e-01
1.5340922836e+00 -3.7174734008e-01 -6.5500875626e-01
1.5340947820e+00 -3.7173898212e-01 -6.5500514145e-01
1.5340960272e+00 -3.7174055824e-01 -6.5500887904e-01
1.5340936595e+00 -3.7174221013e-01 -6.5500320452e-01
1.5340959970e+00 -3.7174499534e-01 -6.5500694047e-01
-1.3714580919e+00 2.1073247083e+00 -1.1645331618e+00
-1.3714617623e+00 2.1073351513e+00 -1.1645427730e+00
-1.3714585406e+00 2.1073242248e+00 -1.1645318587e+00
-1.3714618880e+00 2.1073337363e+00 -1.1645417836e+00
-1.3714582352e+00 2.1073239579e+00 -1.1645316536e+00
-1.3714623073e+00 2.1073329181e+00 -1.1645403746e+00
-1.3714584168e+00 2.1073210053e+00 -1.1645314761e+00
-1.3714625892e+00 2.1073319171e+00 -1.1645402525e+00
1.7102287233e+00 -6.0205328935e-01 -1.4998392576e+00
1.7102289482e+00 -6.0205420860e-01 -1.4998416973e+00
1.7102285070e+00 -6.0205371239e-01 -1.4998385629e+00
1.7102285443e+00 -6.0205403015e-01 -1.4998418354e+00
1.7102305512e+00 -6.0205750378e-01 -1.4998373746e+00
1.7102312686e+00 -6.0205787157e-01 -1.4998407673e+00
1.7102303310e+00 -6.0205689170e-01 -1.4998368022e+00
1.7102301205e+00 -6.0205830136e-01 -1.4998397238e+00
-1.2922345550e+00 2.6739460309e+00 1.9337427370e+00
-1.2922327575e+00 2.6739444875e+00 1.9337437853e+00
-1.2922364368e+00 2.6739448290e+00 1.9337430069e+00
-1.2922350204e+00 2.6739432851e+00 1.9337441205e+00
-1.2922369881e+00 2.6739458714e+00 1.9337440948e+00
-1.2922357478e+00 2.6739440681e+00 1.9337448450e+00
-1.2922384879e+00 2.6739434969e+00 1.9337437846e+00
-1.2922377398e+00 2.6739428526e+00 1.9337451025e+00
1.8923612592e+00 1.0678209535e+00 1.1807317208e+00
1.8923607922e+00 1.0678186267e+00 1.1807309738e+00
1.8923615700e+00 1.0678194722e+00 1.1807314526e+00
1.8923625274e+00 1.0678161093e+00 1.1807304881e+00
1.8923609012e+00 1.0678229958e+00 1.1807345659e+00
1.8923616395e+00 1.0678212714e+00 1.1807333059e+00
1.8923630664e+00 1.0678214831e+00 1.1807336537e+00
1.8923634706e+00 1.0678191472e+00 1.1807323708e+00
-7.9578669665e-02 1.6597982705e+00 -2.2996487155e+00
-7.9577727633e-02 1.6597987916e+00 -2.2996492046e+00
-7.9579050171e-02 1.6597954772e+00 -2.2996491648e+00
-7.9578040571e-02 1.6597954629e+00 -2.2996499187e+00
-7.9591500986e-02 1.6597993923e+00 -2.2996465158e+00
-7.9590331626e-02 1.6598001214e+00 -2.2996472556e+00
-7.9590264037e-02 1.6597985785e+00 -2.2996471101e+00
-7.9589582525e-02 1.6597970382e+00 -2.2996474314e+00
-8.9740763200e-01 -3.0628455335e-01 -1.0468538910e-01
-8.9740817086e-01 -3.0628603379e-01 -1.0468794655e-01
-8.9741022864e-01 -3.0629028944e-01 -1.0468622112e-01
-8.9741144383e-01 -3.0629162569e-01 -1.0468914889e-01
-8.9742139969e-01 -3.0628971240e-01 -1.0468646047e-01
-8.9742205291e-01 -3.0629125370e-01 -1.0468947080e-01
-8.9742398893e-01 -3.0629503080e-01 -1.0468829929e-01
-8.9742508503e-01 -3.0629688294e-01 -1.0469092556e-01
9.3462611081e-01 -1.0129738154e+00 2.5760682861e+00
9.3462550816e-01 -1.0129744605e+00 2.5760665538e+00
9.3463016020e-01 -1.0129507181e+00 2.5760702730e+00
9.3462907449e-01 -1.0129519421e+00 2.5760691327e+00
9.3461118007e-01 -1.0129776950e+00 2.5760673207e+00
9.3461140608e-01 -1.0129779959e+00 2.5760657617e+00
9.3461422564e-01 -1.0129541440e+00 2.5760692915e+00
9.3461493370e-01 -1.0129550698e+00 2.5760683750e+00
4.7787438341e-01 -1.0606125633e+00 2.0861870623e+00
4.7787428080e-01 -1.0606114873e+00 2.0861855895e+00
4.7787484209e-01 -1.0606207869e+00 2.0861859467e+00
4.7787517423e-01 -1.0606197323e+00 2.0861833938e+00
4.7788179579e-01 -1.0606115181e+00 2.0861873388e+00
4.7788160722e-01 -1.0606116667e+00 2.0861856008e+00
4.7788371666e-01 -1.0606197238e+00 2.0861856599e+00
4.7788422560e-01 -1.0606176428e+00 2.0861837283e+00
2.2613524108e+00 -2.5131178508e+00 -1.4811658449e+00
2.2613609485e+00 -2.5131236290e+00 -1.4811721933e+00
2.2613510535e+00 -2.5130943381e+00 -1.4811709278e+00
2.2613593195e+00 -2.5130990175e+00 -1.4811768463e+00
2.2613691775e+00 -2.5131254512e+00 -1.4811741119e+00
2.2613774215e+00 -2.5131302607e+00 -1.4811794538e+00
2.2613676276e+00 -2.5131009161e+00 -1.4811780547e+00
2.2613758800e+00 -2.5131062227e+00 -1.4811838128e+00
1.3991900788e+00 -2.2267341073e+00 -1.9050263868e+00
1.3991965099e+00 -2.2267379921e+00 -1.9050293814e+00
1.3991911516e+00 -2.2267368394e+00 -1.9050257731e+00
1.3991973246e+00 -2.2267410716e+00 -1.9050291513e+00
1.3991646787e+00 -2.2267293278e+00 -1.9050235095e+00
1.3991705845e+00 -2.2267333769e+00 -1.9050270034e+00
1.3991656815e+00 -2.2267316039e+00 -1.9050235538e+00
1.3991720745e+00 -2.2267368181e+00 -1.9050267408e+00
1.1851016727e+00 1.4346320959e+00 -1.1649110502e+00
1.1851051834e+00 1.4346354320e+00 -1.1649168835e+00
1.1851008090e+00 1.4346497070e+00 -1.1649103411e+00
1.1851037268e+00 1.4346523506e+00 -1.1649166883e+00
1.1851047817e+00 1.4346324447e+00 -1.1649101649e+00
1.1851080480e+00 1.4346348507e+00 -1.1649165888e+00
1.1851039149e+00 1.4346485817e+00 -1.1649103110e+00
1.1851068073e+00 1.4346521461e+00 -1.1649164534e+00
-9.6735526928e-01 -2.2153301325e-01 -8.5906593723e-03
-9.6735898057e-01 -2.2152411385e-01 -8.5716352647e-03
-9.6735516771e-01 -2.2153290478e-01 -8.5899183542e-03
-9.6735909392e-01 -2.2152224239e-01 -8.5712591377e-03
-9.6735384943e-01 -2.2153244547e-01 -8.5907458930e-03
-9.6735716561e-01 -2.2152372719e-01 -8.5723245698e-03
-9.6735362509e-01 -2.2153280794e-01 -8.5906157632e-03
-9.6735589563e-01 -2.2152180192e-01 -8.5725919232e-03
-1.6005048828e+00 -3.2750672324e-01 -3.3808474250e-01
-1.6005075966e+00 -3.2750760488e-01 -3.3808715296e-01
-1.6005020191e+00 -3.2751899338e-01 -3.3807987023e-01
-1.6005054444e+00 -3.2751935378e-01 -3.3808274793e-01
-1.6005255636e+00 -3.2751239305e-01 -3.3809082877e-01
-1.6005285223e+00 -3.2751262836e-01 -3.3809339294e-01
-1.6005222640e+00 -3.2752429207e-01 -3.3808531914e-01
-1.6005256048e+00 -3.2752383430e-01 -3.3808889037e-01
1.6996154924e+00 1.1113212616e+00 -2.8695650219e-01
1.6996138977e+00 1.1113216979e+00 -2.8695582928e-01
1.6996248835e+00 1.1113424207e+00 -2.8695213188e-01
1.6996246212e+00 1.1113430225e+00 -2.8695180005e-01
1.6996151036e+00 1.1113228814e+00 -2.8695516310e-01
1.6996142669e+00 1.1113230820e+00 -2.8695381782e-01
1.6996251490e+00 1.1113444274e+00 -2.8695158050e-01
1.6996250482e+00 1.1113448191e+00 -2.8695066848e-01
1.1093134364e+00 8.2948396338e-01 2.4610848479e+00
1.1093130088e+00 8.2949251787e-01 2.4611011755e+00
1.1093127180e+00 8.2947245451e-01 2.4610838322e+00
1.1093123439e+00 8.2948064515e-01 2.4611004406e+00
1.1093190385e+00 8.2948859197e-01 2.4610840185e+00
1.1093181618e+00 8.2949655256e-01 2.4611009586e+00
1.1093189303e+00 8.2947583053e-01 2.4610843343e+00
1.1093183724e+00 8.2948436821e-01 2.4611015956e+00
-2.1414468403e+00 -1.6136686214e+00 1.5183227083e+00
-2.1414494817e+00 -1.6136695648e+00 1.5183213776e+00
-2.1414482734e+00 -1.6136615180e+00 1.5183250712e+00
-2.1414495477e+00 -1.6136636693e+00 1.5183218222e+00
-2.1414448181e+00 -1.6136716306e+00 1.5183233221e+00
-2.1414462131e+00 -1.6136723559e+00 1.5183210261e+00
-2.1414460998e+00 -1.6136652440e+00 1.5183238206e+00
-2.1414465190e+00 -1.6136664815e+00 1.5183213318e+00
-8.6591954563e-01 2.4520352823e+00 -1.2899456066e+00
-8.6592081291e-01 2.4520371572e+00 -1.2899458598e+00
-8.6591975434e-01 2.4520289282e+00 -1.2899451505e+00
-8.6592100755e-01 2.4520316692e+00 -1.2899463028e+00
-8.6591887196e-01 2.4520336053e+00 -1.2899427751e+00
-8.6592015684e-01 2.4520351642e+00 -1.2899441140e+00
-8.6591979923e-01 2.4520271754e+00 -1.2899435803e+00
-8.6592025310e-01 2.4520303841e+00 -1.2899438699e+00
-7.2087482175e-02 -2.3824406750e-01 -5.8809463658e-01
-7.2081446306e-02 -2.3824168358e-01 -5.8808393138e-01
-7.2088283887e-02 -2.3824169094e-01 -5.8809529697e-01
-7.2083168748e-02 -2.3823973695e-01 -5.8808455681e-01
-7.2086011263e-02 -2.3824294349e-01 -5.8809587909e-01
-7.2080492122e-02 -2.3824099956e-01 -5.8808408539e-01
-7.2086181025e-02 -2.3824111169e-01 -5.8809526685e-01
-7.2081532814e-02 -2.3823895945e-01 -5.8808426362e-01
3.8152039583e-01 6.2375870551e-01 1.1315737218e+00
3.8151997358e-01 6.2375783466e-01 1.1315726181e+00
3.8152076173e-01 6.2376512313e-01 1.1315744215e+00
3.8152036908e-01 6.2376514346e-01 1.1315725456e+00
3.8152227176e-01 6.2375713629e-01 1.1315732528e+00
3.8152255835e-01 6.2375682480e-01 1.1315709522e+00
3.8152306043e-01 6.2376447039e-01 1.1315727566e+00
3.8152232001e-01 6.2376385056e-01 1.1315716002e+00
9.8477600222e-01 5.6031292239e-01 7.2886550135e-01
9.8477823365e-01 5.6031119094e-01 7.2886301511e-01
9.8477617376e-01 5.6031148712e-01 7.2886593316e-01
9.8477868103e-01 5.6031043140e-01 7.2886377043e-01
9.8476788500e-01 5.6031104317e-01 7.2886047923e-01
9.8477129533e-01 5.6030938043e-01 7.2885727603e-01
9.8476847246e-01 5.6030993227e-01 7.2886133085e-01
9.8477088276e-01 5.6030803514e-01 7.2885853362e-01
-5.8469081017e-01 6.9882750957e-02 8.0063731479e-01
-5.8469082795e-01 6.9882676864e-02 8.0063728947e-01
-5.8469067032e-01 6.9882634369e-02 8.0063682696e-01
-5.8469104566e-01 6.9882794706e-02 8.0063729823e-01
-5.8469088011e-01 6.9883660125e-02 8.0063698146e-01
-5.8469094646e-01 6.9882536962e-02 8.0063748800e-01
-5.8469013722e-01 6.9882796865e-02 8.0063677641e-01
-5.8469063000e-01 6.9883029319e-02 8.0063643105e-01
-8.3799133166e-02 1.6866572567e+00 1.6562088219e+00
-8.3800309069e-02 1.6866597384e+00 1.6562018827e+00
-8.3800464822e-02 1.6866567411e+00 1.6562080337e+00
-8.3800867825e-02 1.6866600135e+00 1.6562016369e+00
-8.3798381860e-02 1.6866574141e+00 1.6562081537e+00
-8.3799759207e-02 1.6866596705e+00 1.6562013103e+00
-8.3799623665e-02 1.6866576593e+00 1.6562083175e+00
-8.3800743922e-02 1.6866589936e+00 1.6562011263e+00
-1.1442005354e+00 -6.3631582967e-01 -1.4938229474e+00
-1.1441982755e+00 -6.3631612623e-01 -1.4938133248e+00
-1.1441981583e+00 -6.3630560706e-01 -1.4938234851e+00
-1.1441967094e+00 -6.3630440210e-01 -1.4938139524e+00
-1.1442123658e+00 -6.3631774375e-01 -1.4938249556e+00
-1.1442115021e+00 -6.3631747515e-01 -1.4938160279e+00
-1.1442114766e+00 -6.3630750593e-01 -1.4938247830e+00
-1.1442097165e+00 -6.3630645924e-01 -1.4938161665e+00
-8.2302089500e-01 6.4943302414e-01 4.4708045792e-01
-8.2301971828e-01 6.4943325433e-01 4.4707844647e-01
-8.2301860681e-01 6.4944186042e-01 4.4708199290e-01
-8.2301777153e-01 6.4944134454e-01 4.4707984747e-01
-8.2301661973e-01 6.4943557974e-01 4.4708350614e-01
-8.2301485541e-01 6.4943537349e-01 4.4708129102e-01
-8.2301422380e-01 6.4944355603e-01 4.4708488984e-01
-8.2301332340e-01 6.4944393148e-01 4.4708311589e-01
1.6496363370e+00 7.3543597809e-02 -8.4081495009e-01
1.6496351097e+00 7.3545027167e-02 -8.4080621668e-01
1.6496369327e+00 7.3544030797e-02 -8.4081513564e-01
1.6496352131e+00 7.3545888049e-02 -8.4080613367e-01
1.6496368174e+00 7.3543577962e-02 -8.4081515400e-01
1.6496354320e+00 7.3544736470e-02 -8.4080624000e-01
1.6496367700e+00 7.3543738208e-02 -8.4081481069e-01
1.6496347610e+00 7.3545426383e-02 -8.4080598032e-01
1.7120603444e+00 6.8793891382e-01 -2.1848639052e-01
1.7120600090e+00 6.8793825865e-01 -2.1848797659e-01
1.7120603271e+00 6.8793932572e-01 -2.1848651858e-01
1.7120599594e+00 6.8793830208e-01 -2.1848744088e-01
1.7120554974e+00 6.8793928363e-01 -2.1848740336e-01
1.7120549059e+00 6.8793876184e-01 -2.1848899302e-01
1.7120564853e+00 6.8793919520e-01 -2.1848773664e-01
1.7120544285e+00 6.8793982347e-01 -2.1848910723e-01
-7.5467926111e-01 -9.2264889130e-01 -1.5964657114e+00
-7.5468401511e-01 -9.2264967431e-01 -1.5964711684e+00
-7.5467950728e-01 -9.2264932862e-01 -1.5964661325e+00
-7.5468389771e-01 -9.2264972531e-01 -1.5964715078e+00
-7.5467800747e-01 -9.2264978295e-01 -1.5964661661e+00
-7.5468283158e-01 -9.2265064604e-01 -1.5964714025e+00
-7.5467826812e-01 -9.2265093778e-01 -1.5964660941e+00
-7.5468269069e-01 -9.2265137793e-01 -1.5964705838e+00
-1.3396748570e-01 -1.4693528961e-01 1.2140576560e+00
-1.3396712650e-01 -1.4693473841e-01 1.2140569692e+00
-1.3396730674e-01 -1.4693468435e-01 1.2140573094e+00
-1.3396665993e-01 -1.4693500017e-01 1.2140563462e+00
-1.3396702527e-01 -1.4693410576e-01 1.2140570296e+00
-1.3396610250e-01 -1.4693505318e-01 1.2140567636e+00
-1.3396700935e-01 -1.4693459168e-01 1.2140565424e+00
-1.3396648448e-01 -1.4693440690e-01 1.2140566780e+00
-3.4563223456e-01 -2.1673880412e-02 -6.2463236146e-01
-3.4563089728e-01 -2.1674755578e-02 -6.2463552640e-01
-3.4563168526e-01 -2.1674793196e-02 -6.2463150715e-01
-3.4563053900e-01 -2.1675630378e-02 -6.2463437383e-01
-3.4563129678e-01 -2.1673630225e-02 -6.2463270003e-01
-3.4562973832e-01 -2.1674036709e-02 -6.2463606687e-01
-3.4563116342e-01 -2.1675395051e-02 -6.2463243350e-01
-3.4562919398e-01 -2.1675032128e-02 -6.2463576608e-01
-7.6735980050e-01 -1.1820068592e+00 -5.3143691241e-02
-7.6736412976e-01 -1.1820084838e+00 -5.3147549109e-02
-7.6735801252e-01 -1.1819994503e+00 -5.3140940961e-02
-7.6736265268e-01 -1.1820018657e+00 -5.3144436749e-02
-7.6735898656e-01 -1.1820066763e+00 -5.3143738692e-02
-7.6736362596e-01 -1.1820087213e+00 -5.3147231675e-02
-7.6735756881e-01 -1.1819998709e+00 -5.3140435635e-02
-7.6736273961e-01 -1.1820019708e+00 -5.3144696249e-02
1.2265961755e+00 5.3743205912e-01 1.8201545675e+00
1.2265945491e+00 5.3743516144e-01 1.8201631122e+00
1.2265932283e+00 5.3743814808e-01 1.8201582528e+00
1.2265913384e+00 5.3744210337e-01 1.8201666324e+00
1.2265896207e+00 5.3743546410e-01 1.8201584559e+00
1.2265878735e+00 5.3743928138e-01 1.8201668146e+00
1.2265861279e+00 5.3744215331e-01 1.8201621432e+00
1.2265842707e+00 5.3744549547e-01 1.8201701405e+00
1.3543533373e+00 -1.7826741364e+00 5.1651408353e-01
1.3543587197e+00 -1.7826769651e+00 5.1650864261e-01
1.3543529154e+00 -1.7826752345e+00 5.1651424046e-01
1.3543581282e+00 -1.7826774522e+00 5.1650925792e-01
1.3543415249e+00 -1.7826736715e+00 5.1651658494e-01
1.3543469301e+00 -1.7826755252e+00 5.1651154455e-01
1.3543418298e+00 -1.7826741836e+00 5.1651770535e-01
1.3543468484e+00 -1.7826766930e+00 5.1651289052e-01
3.1769922126e-02 -4.5919836162e-01 -7.1778733505e-01
3.1769791867e-02 -4.5919603659e-01 -7.1778040658e-01
3.1770802234e-02 -4.5919813457e-01 -7.1778769235e-01
3.1770341363e-02 -4.5919596049e-01 -7.1778064726e-01
3.1771225271e-02 -4.5919992588e-01 -7.1778673330e-01
3.1771457742e-02 -4.5919762800e-01 -7.1777995769e-01
3.1772021368e-02 -4.5919912560e-01 -7.1778733887e-01
3.1772235066e-02 -4.5919742276e-01 -7.1778083164e-01
8.9067737509e-01 1.7000508036e-01 -3.1223019065e-01
8.9067586229e-01 1.7000592721e-01 -3.1222162505e-01
8.9067718886e-01 1.7000478949e-01 -3.1223026434e-01
8.9067639453e-01 1.7000640416e-01 -3.1222145583e-01
8.9067810804e-01 1.7000575699e-01 -3.1223035792e-01
8.9067688246e-01 1.7000788846e-01 -3.1222162638e-01
8.9067771628e-01 1.7000548293e-01 -3.1222997536e-01
8.9067659631e-01 1.7000706388e-01 -3.1222166097e-01
-1.4963041914e+00 1.7091321751e-01 -1.2598950639e+00
-1.4963041493e+00 1.7091385298e-01 -1.2598955744e+00
-1.4963020399e+00 1.7091056034e-01 -1.2598968249e+00
-1.4963018574e+00 1.7091156627e-01 -1.2598980791e+00
-1.4963047049e+00 1.7091287470e-01 -1.2598945474e+00
-1.4963038140e+00 1.7091404332e-01 -1.2598961053e+00
-1.4963022249e+00 1.7091060074e-01 -1.2598971485e+00
-1.4963020680e+00 1.7091196468e-01 -1.2598980527e+00
-1.1265425347e+00 5.1582267706e-01 3.3399120525e-01
-1.1265398047e+00 5.1582015657e-01 3.3398498920e-01
-1.1265421257e+00 5.1582177045e-01 3.3399186207e-01
-1.1265402558e+00 5.1582152483e-01 3.3398506155e-01
-1.1265421818e+00 5.1582186489e-01 3.3399166155e-01
-1.1265397231e+00 5.1581994201e-01 3.3398554237e-01
-1.1265423500e+00 5.1582174312e-01 3.3399194318e-01
-1.1265397798e+00 5.1582101614e-01 3.3398519470e-01
2.0158608641e-01 4.4709649422e-01 -5.5155170220e-01
2.0158542104e-01 4.4709632003e-01 -5.5155206169e-01
2.0158541395e-01 4.4709381996e-01 -5.5155267396e-01
2.0158479684e-01 4.4709396091e-01 -5.5155347190e-01
2.0159026524e-01 4.4709626426e-01 -5.5155260220e-01
2.0158946414e-01 4.4709563126e-01 -5.5155317558e-01
2.0158903832e-01 4.4709309955e-01 -5.5155258918e-01
2.0158878193e-01 4.4709336886e-01 -5.5155390987e-01
1.7213089665e-01 -9.1449700857e-01 6.1022660811e-02
1.7212830846e-01 -9.1449904120e-01 6.1019773750e-02
1.7213069720e-01 -9.1449837807e-01 6.1021768022e-02
1.7212874019e-01 -9.1449987169e-01 6.1019026451e-02
1.7213126151e-01 -9.1449647666e-01 6.1021851856e-02
1.7212936728e-01 -9.1449781448e-01 6.1018860910e-02
1.7213234551e-01 -9.1449754638e-01 6.1021415489e-02
1.7212946308e-01 -9.1449866587e-01 6.1018095856e-02
1.4937371729e-01 4.4735921299e-01 8.4103215042e-01
1.4937573249e-01 4.4735812401e-01 8.4102944771e-01
1.4937341027e-01 4.4735949307e-01 8.4103293566e-01
1.4937567518e-01 4.4735827333e-01 8.4103024105e-01
1.4937965225e-01 4.4736326621e-01 8.4103704816e-01
1.4938226718e-01 4.4736116491e-01 8.4103382525e-01
1.4937958730e-01 4.4736209226e-01 8.4103813534e-01
1.4938270677e-01 4.4736108837e-01 8.4103510441e-01
9.1459814537e-01 1.4687966167e+00 -4.5064562099e-01
9.1459838734e-01 1.4687961367e+00 -4.5064574925e-01
9.1459386069e-01 1.4687939722e+00 -4.5064710089e-01
9.1459409537e-01 1.4687936392e+00 -4.5064707429e-01
9.1459938017e-01 1.4687964550e+00 -4.5064612485e-01
9.1459937523e-01 1.4687963941e+00 -4.5064608559e-01
9.1459515916e-01 1.4687940913e+00 -4.5064819221e-01
9.1459562957e-01 1.4687937934e+00 -4.5064767508e-01
5.0302740150e-01 2.2828707796e-01 -5.9522571458e-02
5.0302644726e-01 2.2828645661e-01 -5.9525002308e-02
5.0302763308e-01 2.2829407345e-01 -5.9520618925e-02
5.0302588659e-01 2.2829253154e-01 -5.9522711016e-02
5.0302953454e-01 2.2828639396e-01 -5.9523002195e-02
5.0302751276e-01 2.2828519036e-01 -5.9524738045e-02
5.0302879089e-01 2.2829354735e-01 -5.9520748318e-02
5.0302755634e-01 2.2829186273e-01 -5.9522578488e-02
3.0751173765e+00 2.3592080618e-01 3.3294007984e-01
3.0751175972e+00 2.3592015500e-01 3.3293786388e-01
3.0751160554e+00 2.3592492192e-01 3.3294039796e-01
3.0751168436e+00 2.3592443829e-01 3.3293771422e-01
3.0751167380e+00 2.3592064720e-01 3.3294093135e-01
3.0751174055e+00 2.3592103879e-01 3.3293820395e-01
3.0751160060e+00 2.3592520819e-01 3.3294043376e-01
3.0751169038e+00 2.3592540971e-01 3.3293765491e-01
7.4270588063e-01 -1.9887768751e+00 5.8890273833e-01
7.4270590340e-01 -1.9887762345e+00 5.8890268158e-01
7.4270514759e-01 -1.9887732124e+00 5.8890617585e-01
7.4270571551e-01 -1.9887727750e+00 5.8890434623e-01
7.4270990611e-01 -1.9887774495e+00 5.8890333245e-01
7.4270991584e-01 -1.9887775328e+00 5.8890267314e-01
7.4270972158e-01 -1.9887737815e+00 5.8890588202e-01
7.4270973117e-01 -1.9887731645e+00 5.8890534583e-01
4.3782153711e-01 -1.5787156571e+00 -3.8311625199e-01
4.3782202889e-01 -1.5787154707e+00 -3.8312025963e-01
4.3782183846e-01 -1.5787153368e+00 -3.8311606223e-01
4.3782267502e-01 -1.5787148323e+00 -3.8311974245e-01
4.3781910866e-01 -1.5787139866e+00 -3.8311440427e-01
4.3781922608e-01 -1.5787133144e+00 -3.8311810836e-01
4.3782025679e-01 -1.5787123033e+00 -3.8311360523e-01
4.3782019403e-01 -1.5787128306e+00 -3.8311860064e-01
-1.3404013557e+00 -6.1462152041e-01 9.9413012582e-02
-1.3404022390e+00 -6.1462130738e-01 9.9412760469e-02
-1.3404013779e+00 -6.1461265693e-01 9.9411061323e-02
-1.3404024589e+00 -6.1461227105e-01 9.9410549674e-02
-1.3403940918e+00 -6.1462224707e-01 9.9413037536e-02
-1.3403948045e+00 -6.1462103157e-01 9.9412650161e-02
-1.3403945394e+00 -6.1461434296e-01 9.9410961012e-02
-1.3403954607e+00 -6.1461437722e-01 9.9410458416e-02
-9.7725898867e-02 -3.4443623313e-01 -3.4348784318e-01
-9.7725853919e-02 -3.4443618490e-01 -3.4348772638e-01
-9.7724669245e-02 -3.4444194836e-01 -3.4348631482e-01
-9.7725494680e-02 -3.4444168837e-01 -3.4348607000e-01
-9.7719994088e-02 -3.4443429312e-01 -3.4348619290e-01
-9.7720156863e-02 -3.4443427958e-01 -3.4348591409e-01
-9.7719516991e-02 -3.4443972321e-01 -3.4348451914e-01
-9.7719755414e-02 -3.4444072276e-01 -3.4348467703e-01
-3.3987688708e+00 1.8460746019e+00 1.3281941651e+00
-3.3987763446e+00 1.8460773155e+00 1.3282009014e+00
-3.3987683959e+00 1.8460747044e+00 1.3281950989e+00
-3.3987765993e+00 1.8460782387e+00 1.3282016375e+00
-3.3987804102e+00 1.8460797827e+00 1.3282010800e+00
-3.3987878034e+00 1.8460831999e+00 1.3282080877e+00
-3.3987807087e+00 1.8460804616e+00 1.3282023031e+00
-3.3987882569e+00 1.8460839318e+00 1.3282079222e+00
-1.7183072604e+00 3.5017653241e-01 -2.1670511686e-01
-1.7183113273e+00 3.5018012231e-01 -2.1669825184e-01
-1.7183071047e+00 3.5017568674e-01 -2.1670575506e-01
-1.7183120099e+00 3.5017937493e-01 -2.1669942965e-01
-1.7182989291e+00 3.5017161073e-01 -2.1671015081e-01
-1.7183035456e+00 3.5017516628e-01 -2.1670307850e-01
-1.7182992254e+00 3.5017040406e-01 -2.1671162767e-01
-1.7183036193e+00 3.5017404986e-01 -2.1670468936e-01
-1.3679894014e-01 -2.5900989336e+00 6.6455726852e-01
-1.3679938368e-01 -2.5900982505e+00 6.6455726052e-01
-1.3679845240e-01 -2.5901000957e+00 6.6455698667e-01
-1.3679831689e-01 -2.5901003569e+00 6.6455692089e-01
-1.3680337396e-01 -2.5900985991e+00 6.6455596722e-01
-1.3680377133e-01 -2.5900975827e+00 6.6455589941e-01
-1.3680267592e-01 -2.5900996116e+00 6.6455594483e-01
-1.3680306271e-01 -2.5900993308e+00 6.6455586578e-01
7.8686857452e-01 1.1546607661e+00 -8.9237774787e-01
7.8686843738e-01 1.1546601532e+00 -8.9237897131e-01
7.8686787456e-01 1.1546591019e+00 -8.9237658176e-01
7.8686791659e-01 1.1546585947e+00 -8.9237867366e-01
7.8687336640e-01 1.1546626922e+00 -8.9237441054e-01
7.8687356165e-01 1.1546622531e+00 -8.9237547731e-01
7.8687293647e-01 1.1546608807e+00 -8.9237325120e-01
7.8687295503e-01 1.1546602281e+00 -8.9237500049e-01
2.3449378949e+00 -1.1813578572e+00 -6.3562503706e-02
2.3449375666e+00 -1.1813574248e+00 -6.3564323399e-02
2.3449378755e+00 -1.1813582670e+00 -6.3563100812e-02
2.3449376103e+00 -1.1813572135e+00 -6.3565217471e-02
2.3449378526e+00 -1.1813580910e+00 -6.3563335400e-02
2.3449377598e+00 -1.1813579731e+00 -6.3565226011e-02
2.3449384162e+00 -1.1813584821e+00 -6.3563035790e-02
2.3449374504e+00 -1.1813580461e+00 -6.3565298178e-02
-1.6764352496e-01 1.3497495878e+00 5.9222274117e-01
-1.6764377594e-01 1.3497492946e+00 5.9223010735e-01
-1.6764338514e-01 1.3497464930e+00 5.9222520878e-01
-1.6764377315e-01 1.3497459813e+00 5.9223287712e-01
-1.6764802626e-01 1.3497505000e+00 5.9222370428e-01
-1.6764859436e-01 1.3497491223e+00 5.9223072626e-01
-1.6764814532e-01 1.3497473910e+00 5.9222618389e-01
-1.6764892124e-01 1.3497468140e+00 5.9223319579e-01
-1.1877123195e+00 -3.2026220152e-01 2.1795617494e-01
-1.1877126635e+00 -3.2026210769e-01 2.1795568710e-01
-1.1877157577e+00 -3.2026540254e-01 2.1795267295e-01
-1.1877163846e+00 -3.2026558217e-01 2.1795279250e-01
-1.1877043645e+00 -3.2025831712e-01 2.1795858003e-01
-1.1877046814e+00 -3.2025809753e-01 2.1795793080e-01
-1.1877082823e+00 -3.2026204763e-01 2.1795561585e-01
-1.1877078176e+00 -3.2026198602e-01 2.1795466391e-01
1.4449924304e-01 1.5783353684e+00 1.2119269469e-02
1.4449791481e-01 1.5783349408e+00 1.2118255871e-02
1.4450104010e-01 1.5783460720e+00 1.2118986192e-02
1.4449989440e-01 1.5783445975e+00 1.2117296221e-02
1.4450135525e-01 1.5783347736e+00 1.2118847502e-02
1.4449954343e-01 1.5783337330e+00 1.2117255325e-02
1.4450335985e-01 1.5783447869e+00 1.2118181524e-02
1.4450181142e-01 1.5783443120e+00 1.2117001089e-02
-1.8223796681e-01 8.0511855856e-01 -4.1166125286e-01
-1.8223819994e-01 8.0511882809e-01 -4.1166166113e-01
-1.8223585644e-01 8.0511531665e-01 -4.1166420514e-01
-1.8223603114e-01 8.0511450664e-01 -4.1166467975e-01
-1.8223998162e-01 8.0511884065e-01 -4.1166127555e-01
-1.8223996622e-01 8.0511894684e-01 -4.1166163690e-01
-1.8223836925e-01 8.0511506440e-01 -4.1166455556e-01
-1.8223761543e-01 8.0511515454e-01 -4.1166465346e-01
2.8386661281e-01 2.0424294441e+00 4.1621662363e-01
2.8386722328e-01 2.0424308223e+00 4.1621469469e-01
2.8386568385e-01 2.0424394091e+00 4.1621814988e-01
2.8386663668e-01 2.0424407244e+00 4.1621527434e-01
2.8386698262e-01 2.0424285218e+00 4.1621650981e-01
2.8386789139e-01 2.0424289127e+00 4.1621453283e-01
2.8386721409e-01 2.0424387992e+00 4.1621743944e-01
2.8386759630e-01 2.0424392377e+00 4.1621494002e-01
-1.8330529044e-01 3.6730767019e-01 1.3257606402e+00
-1.8330540206e-01 3.6730876004e-01 1.3257579648e+00
-1.8330465335e-01 3.6730566029e-01 1.3257599936e+00
-1.8330446477e-01 3.6730617466e-01 1.3257578268e+00
-1.8330466979e-01 3.6730800810e-01 1.3257604223e+00
-1.8330386530e-01 3.6730994419e-01 1.3257580952e+00
-1.8330344293e-01 3.6730567094e-01 1.3257602384e+00
-1.8330366197e-01 3.6730751308e-01 1.3257573039e+00
9.6873260194e-02 3.1809926587e-01 8.4582369102e-01
9.6873942770e-02 3.1809986872e-01 8.4582424590e-01
9.6872335154e-02 3.1810083072e-01 8.4582473999e-01
9.6872716478e-02 3.1809967754e-01 8.4582480873e-01
9.6874795128e-02 3.1810127148e-01 8.4582609311e-01
9.6875052947e-02 3.1810114818e-01 8.4582573645e-01
9.6873777236e-02 3.1810167552e-01 8.4582638117e-01
9.6873897678e-02 3.1810136065e-01 8.4582613806e-01
8.7992024740e-01 -3.1525745580e-01 9.1342960812e-02
8.7991988724e-01 -3.1525860026e-01 9.1343220065e-02
8.7991999601e-01 -3.1525908956e-01 9.1342441456e-02
8.7991889164e-01 -3.1525988124e-01 9.1342802071e-02
8.7991993826e-01 -3.1525792195e-01 9.1342248253e-02
8.7991954825e-01 -3.1525884569e-01 9.1341816423e-02
8.7991944385e-01 -3.1525927342e-01 9.1341458859e-02
8.7991916311e-01 -3.1526011210e-01 9.1341699609e-02
-1.4133381297e+00 -9.5195891169e-01 -1.3103769743e-01
-1.4133396895e+00 -9.5196063274e-01 -1.3104300343e-01
-1.4133384146e+00 -9.5195816549e-01 -1.3103800308e-01
-1.4133401412e+00 -9.5196000691e-01 -1.3104326430e-01
-1.4133374709e+00 -9.5195960696e-01 -1.3103720265e-01
-1.4133393146e+00 -9.5196120666e-01 -1.3104227601e-01
-1.4133382710e+00 -9.5195891403e-01 -1.3103731432e-01
-1.4133391632e+00 -9.5196102063e-01 -1.3104266122e-01
3.9271037944e-01 -5.6641197237e-01 1.0913492844e+00
3.9271093099e-01 -5.6641150360e-01 1.0913577965e+00
3.9271043065e-01 -5.6641522581e-01 1.0913491621e+00
3.9271037307e-01 -5.6641433533e-01 1.0913579936e+00
3.9271646605e-01 -5.6641199283e-01 1.0913515141e+00
3.9271642667e-01 -5.6641062686e-01 1.0913596959e+00
3.9271516774e-01 -5.6641472116e-01 1.0913515382e+00
3.9271591988e-01 -5.6641304096e-01 1.0913599389e+00
4.7858279036e-01 -1.5703384999e+00 -2.1452947125e+00
4.7858783514e-01 -1.5703414411e+00 -2.1452982969e+00
4.7857840330e-01 -1.5703412581e+00 -2.1452972931e+00
4.7858330894e-01 -1.5703438603e+00 -2.1453007555e+00
4.7858339455e-01 -1.5703374354e+00 -2.1452955762e+00
4.7858808465e-01 -1.5703409783e+00 -2.1452990108e+00
4.7857907153e-01 -1.5703406348e+00 -2.1452985879e+00
4.7858357206e-01 -1.5703431993e+00 -2.1453025771e+00
-1.6005506120e+00 8.0854401016e-01 -1.2348756132e+00
-1.6005550958e+00 8.0853981890e-01 -1.2348807515e+00
-1.6005524819e+00 8.0853396260e-01 -1.2348703523e+00
-1.6005571526e+00 8.0853040562e-01 -1.2348749431e+00
-1.6005501628e+00 8.0854336902e-01 -1.2348769759e+00
-1.6005548264e+00 8.0853943792e-01 -1.2348814543e+00
-1.6005516677e+00 8.0853389809e-01 -1.2348709059e+00
-1.6005562464e+00 8.0853042969e-01 -1.2348751791e+00
-1.7030481681e+00 -1.1468479181e-01 7.6691138815e-01
-1.7030455331e+00 -1.1468672379e-01 7.6690808132e-01
-1.7030489131e+00 -1.1468660232e-01 7.6691116957e-01
-1.7030459491e+00 -1.1468838928e-01 7.6690768698e-01
-1.7030485435e+00 -1.1468365174e-01 7.6691055924e-01
-1.7030454269e+00 -1.1468594245e-01 7.6690795908e-01
-1.7030493749e+00 -1.1468519301e-01 7.6691046275e-01
-1.7030458935e+00 -1.1468766956e-01 7.6690723934e-01
1.4214072699e+00 1.0237671062e+00 -1.2272050317e+00
1.4214117106e+00 1.0237643416e+00 -1.2272079521e+00
1.4214078052e+00 1.0237584125e+00 -1.2271999887e+00
1.4214124239e+00 1.0237564430e+00 -1.2272031036e+00
1.4214076813e+00 1.0237667371e+00 -1.2272048072e+00
1.4214117521e+00 1.0237636631e+00 -1.2272073980e+00
1.4214084195e+00 1.0237586753e+00 -1.2271999673e+00
1.4214117156e+00 1.0237558721e+00 -1.2272017374e+00
6.0840884364e-01 -1.6056970352e+00 1.1539197291e-01
6.0840695851e-01 -1.6056985569e+00 1.1538914560e-01
6.0840906065e-01 -1.6056976187e+00 1.1539191086e-01
6.0840608158e-01 -1.6056982973e+00 1.1538849171e-01
6.0840957097e-01 -1.6056962375e+00 1.1539221422e-01
6.0840762242e-01 -1.6056976312e+00 1.1538872688e-01
6.0840945931e-01 -1.6056970749e+00 1.1539171770e-01
6.0840692508e-01 -1.6056982618e+00 1.1538835890e-01
-4.0934775689e-01 1.2787031978e+00 -3.4448699055e-01
-4.0934391125e-01 1.2787016447e+00 -3.4449048097e-01
-4.0934663753e-01 1.2787046297e+00 -3.4448653069e-01
-4.0934263625e-01 1.2787029051e+00 -3.4448971598e-01
-4.0935639170e-01 1.2787044142e+00 -3.4448659998e-01
-4.0935399363e-01 1.2787023220e+00 -3.4448961171e-01
-4.0935595586e-01 1.2787053131e+00 -3.4448560359e-01
-4.0935244216e-01 1.2787034106e+00 -3.4448913034e-01
-4.5965717202e-01 -8.8378505117e-01 -3.9493022045e-01
-4.5965723112e-01 -8.8378963194e-01 -3.9491660542e-01
-4.5965660913e-01 -8.8377762274e-01 -3.9493338763e-01
-4.5965757741e-01 -8.8378173143e-01 -3.9492057423e-01
-4.5965411789e-01 -8.8378658116e-01 -3.9493174662e-01
-4.5965464576e-01 -8.8379013173e-01 -3.9491831705e-01
-4.5965385371e-01 -8.8377909936e-01 -3.9493551729e-01
-4.5965450007e-01 -8.8378311262e-01 -3.9492173123e-01
-1.1204090641e-01 -2.3086738386e+00 7.8753020661e-01
-1.1204005139e-01 -2.3086763163e+00 7.8752702037e-01
-1.1204203257e-01 -2.3086728375e+00 7.8753241163e-01
-1.1204189762e-01 -2.3086744699e+00 7.8752884144e-01
-1.1204429218e-01 -2.3086724272e+00 7.8753172209e-01
-1.1204319700e-01 -2.3086755203e+00 7.8752850830e-01
-1.1204513048e-01 -2.3086708059e+00 7.8753322170e-01
-1.1204449129e-01 -2.3086732147e+00 7.8753072115e-01
-1.0153835030e+00 1.3011683911e+00 2.2765728730e-01
-1.0153836782e+00 1.3011680733e+00 2.2765774146e-01
-1.0153866414e+00 1.3011654971e+00 2.2765509403e-01
-1.0153868709e+00 1.3011653893e+00 2.2765551478e-01
-1.0153803703e+00 1.3011693473e+00 2.2766011951e-01
-1.0153806600e+00 1.3011697593e+00 2.2766047415e-01
-1.0153829739e+00 1.3011661778e+00 2.2765827502e-01
-1.0153836829e+00 1.3011666606e+00 2.2765906688e-01
-5.9943767843e-01 1.0974930315e+00 -6.2795139744e-02
-5.9944286844e-01 1.0974942577e+00 -6.2793709614e-02
-5.9943801100e-01 1.0974974592e+00 -6.2791752147e-02
-5.9944328967e-01 1.0974986233e+00 -6.2791122365e-02
-5.9943594093e-01 1.0974929799e+00 -6.2794925781e-02
-5.9944189807e-01 1.0974941277e+00 -6.2793824047e-02
-5.9943716592e-01 1.0974978180e+00 -6.2792185327e-02
-5.9944226675e-01 1.0974982043e+00 -6.2790644727e-02
-2.4685229078e-01 -2.1038473046e-01 -1.4260320302e+00
-2.4685142116e-01 -2.1038524417e-01 -1.4260327023e+00
-2.4685222527e-01 -2.1038520815e-01 -1.4260321111e+00
-2.4685231270e-01 -2.1038508947e-01 -1.4260326430e+00
-2.4685833596e-01 -2.1038589327e-01 -1.4260333632e+00
-2.4685729600e-01 -2.1038604262e-01 -1.4260334883e+00
-2.4685786893e-01 -2.1038512749e-01 -1.4260326403e+00
-2.4685752085e-01 -2.1038542825e-01 -1.4260329295e+00
2.7279025009e-01 1.1453414774e+00 -3.2227723350e-01
2.7279388827e-01 1.1453435289e+00 -3.2227390369e-01
2.7279037292e-01 1.1453465166e+00 -3.2227385298e-01
2.7279433231e-01 1.1453484256e+00 -3.2227041970e-01
2.7277776625e-01 1.1453401223e+00 -3.2227959661e-01
2.7278081840e-01 1.1453425358e+00 -3.2227647655e-01
2.7277784829e-01 1.1453447898e+00 -3.2227595894e-01
2.7278149316e-01 1.1453469362e+00 -3.2227232443e-01
7.9049317611e-01 4.0387358600e-01 -5.2011025117e-01
7.9049304253e-01 4.0387343661e-01 -5.2010983391e-01
7.9049296559e-01 4.0388011470e-01 -5.2010642785e-01
7.9049361260e-01 4.0387941999e-01 -5.2010651121e-01
7.9048256471e-01 4.0387357794e-01 -5.2010901140e-01
7.9048230735e-01 4.0387303045e-01 -5.2010835353e-01
7.9048178588e-01 4.0387973569e-01 -5.2010506894e-01
7.9048093193e-01 4.0387989099e-01 -5.2010487393e-01
-4.3012364811e-01 -3.2856213155e-01 4.5781539247e-01
-4.3012014890e-01 -3.2856267483e-01 4.5782077391e-01
-4.3012351265e-01 -3.2856265407e-01 4.5781527647e-01
-4.3011947019e-01 -3.2856289679e-01 4.5781988519e-01
-4.3012388121e-01 -3.2856248981e-01 4.5781584017e-01
-4.3011979774e-01 -3.2856264422e-01 4.5782034604e-01
-4.3012316188e-01 -3.2856257612e-01 4.5781503503e-01
-4.3012003599e-01 -3.2856340357e-01 4.5781988003e-01
1.0529079707e+00 1.3301412920e+00 8.4677043081e-01
1.0529013772e+00 1.3301374135e+00 8.4676882162e-01
1.0529119524e+00 1.3301474792e+00 8.4677435368e-01
1.0529049852e+00 1.3301434840e+00 8.4677171805e-01
1.0528988111e+00 1.3301366646e+00 8.4676472072e-01
1.0528928973e+00 1.3301328022e+00 8.4676233343e-01
1.0529028669e+00 1.3301426952e+00 8.4676850655e-01
1.0528960988e+00 1.3301395463e+00 8.4676588035e-01
-2.0434014755e+00 1.0898143495e+00 8.7271263161e-01
-2.0434018171e+00 1.0898144685e+00 8.7271283435e-01
-2.0434035296e+00 1.0898197963e+00 8.7271446633e-01
-2.0434026083e+00 1.0898195052e+00 8.7271460275e-01
-2.0433938400e+00 1.0898123513e+00 8.7270756385e-01
-2.0433942535e+00 1.0898118052e+00 8.7270749370e-01
-2.0433954340e+00 1.0898158745e+00 8.7270961623e-01
-2.0433952175e+00 1.0898154506e+00 8.7271032573e-01
-3.2941891954e-01 -1.2669955861e-01 2.9955694590e-01
-3.2941792064e-01 -1.2669533199e-01 2.9955776209e-01
-3.2941687403e-01 -1.2670167482e-01 2.9955463401e-01
-3.2941483832e-01 -1.2669843251e-01 2.9955431773e-01
-3.2941933342e-01 -1.2669921624e-01 2.9955721750e-01
-3.2941767341e-01 -1.2669515781e-01 2.9955769794e-01
-3.2941635642e-01 -1.2670160586e-01 2.9955492561e-01
-3.2941522539e-01 -1.2669779470e-01 2.9955484006e-01
5.1830884276e-01 3.4448228001e-01 -6.7394504683e-01
5.1830873700e-01 3.4448224424e-01 -6.7394612618e-01
5.1830905602e-01 3.4448123314e-01 -6.7394625396e-01
5.1830842092e-01 3.4448098403e-01 -6.7394711175e-01
5.1830346776e-01 3.4448346362e-01 -6.7394425809e-01
5.1830379089e-01 3.4448425986e-01 -6.7394509211e-01
5.1830307483e-01 3.4448132842e-01 -6.7394513116e-01
5.1830368933e-01 3.4448263639e-01 -6.7394543982e-01
4.8776926002e-01 8.4753886736e-01 8.9184467525e-01
4.8776912237e-01 8.4753972383e-01 8.9184325239e-01
4.8776615236e-01 8.4754313647e-01 8.9184549002e-01
4.8776597989e-01 8.4754314096e-01 8.9184399593e-01
4.8776954929e-01 8.4753806948e-01 8.9184510156e-01
4.8776904937e-01 8.4753792482e-01 8.9184360527e-01
4.8776661038e-01 8.4754205762e-01 8.9184579452e-01
4.8776661648e-01 8.4754326993e-01 8.9184471862e-01
6.2116611462e-01 -1.5216081177e-02 -1.1217716601e+00
6.2116359652e-01 -1.5217135329e-02 -1.1217706909e+00
6.2116352043e-01 -1.5218347729e-02 -1.1217741425e+00
6.2116161985e-01 -1.5219693568e-02 -1.1217737158e+00
6.2116587792e-01 -1.5216576865e-02 -1.1217715046e+00
6.2116394708e-01 -1.5217216478e-02 -1.1217717527e+00
6.2116421013e-01 -1.5218879234e-02 -1.1217747462e+00
6.2116173871e-01 -1.5219260488e-02 -1.1217737184e+00
-7.6744092260e-02 3.4945571888e-01 -1.5123359339e+00
-7.6742360063e-02 3.4945666261e-01 -1.5123384776e+00
-7.6743519739e-02 3.4946185117e-01 -1.5123333841e+00
-7.6741722987e-02 3.4946343880e-01 -1.5123365055e+00
-7.6741992340e-02 3.4945587243e-01 -1.5123377623e+00
-7.6740069912e-02 3.4945700580e-01 -1.5123409474e+00
-7.6740694851e-02 3.4946160377e-01 -1.5123358100e+00
-7.6738953421e-02 3.4946260240e-01 -1.5123391347e+00
-1.3031206102e+00 3.2419128513e-01 8.6645461805e-01
-1.3031199039e+00 3.2419157606e-01 8.6645270538e-01
-1.3031205674e+00 3.2419187779e-01 8.6645320264e-01
-1.3031203431e+00 3.2419208122e-01 8.6645191634e-01
-1.3031201928e+00 3.2419081998e-01 8.6645582226e-01
-1.3031192326e+00 3.2419095115e-01 8.6645343803e-01
-1.3031199081e+00 3.2419082808e-01 8.6645468261e-01
-1.3031202800e+00 3.2419162804e-01 8.6645274893e-01
5.2587522711e-01 7.2996534543e-01 -8.3123049398e-01
5.2587111846e-01 7.2997182115e-01 -8.3123142769e-01
5.2587494870e-01 7.2996543797e-01 -8.3123063159e-01
5.2587128040e-01 7.2997163748e-01 -8.3123067585e-01
5.2588083541e-01 7.2996288856e-01 -8.3123397312e-01
5.2587683443e-01 7.2996915653e-01 -8.3123413648e-01
5.2588003485e-01 7.2996299201e-01 -8.3123412503e-01
5.2587670483e-01 7.2996932024e-01 -8.3123407393e-01
-1.9970322989e+00 3.8611431038e-01 -5.8570745576e-01
-1.9970333712e+00 3.8611239471e-01 -5.8570519381e-01
-1.9970289133e+00 3.8612402292e-01 -5.8570805011e-01
-1.9970309514e+00 3.8612216662e-01 -5.8570512203e-01
-1.9970354657e+00 3.8611431582e-01 -5.8570536133e-01
-1.9970371550e+00 3.8611213520e-01 -5.8570244490e-01
-1.9970329865e+00 3.8612387742e-01 -5.8570605511e-01
-1.9970329899e+00 3.8612194689e-01 -5.8570272257e-01
1.0992608598e-02 5.9894397411e-01 1.5597355481e+00
1.0993589987e-02 5.9894255629e-01 1.5597325453e+00
1.0992567913e-02 5.9894180815e-01 1.5597351016e+00
1.0993549530e-02 5.9894017629e-01 1.5597325464e+00
1.0994965562e-02 5.9894421567e-01 1.5597360239e+00
1.0995600286e-02 5.9894336575e-01 1.5597330052e+00
1.0995019611e-02 5.9894138259e-01 1.5597355486e+00
1.0995136575e-02 5.9894081051e-01 1.5597331479e+00
1.4533091117e+00 -1.0517154522e+00 7.0660990902e-01
1.4533102415e+00 -1.0517150662e+00 7.0661034878e-01
1.4533083694e+00 -1.0517206685e+00 7.0661213943e-01
1.4533090420e+00 -1.0517190026e+00 7.0661239600e-01
1.4533144341e+00 -1.0517168834e+00 7.0660653297e-01
1.4533146010e+00 -1.0517154851e+00 7.0660685557e-01
1.4533133836e+00 -1.0517219514e+00 7.0660826672e-01
1.4533130597e+00 -1.0517200813e+00 7.0660873974e-01
7.7967292559e-01 -4.5385483796e-01 1.2130896166e+00
7.7967279374e-01 -4.5385444921e-01 1.2130891010e+00
7.7967321906e-01 -4.5385063489e-01 1.2130887936e+00
7.7967315824e-01 -4.5385034292e-01 1.2130889163e+00
7.7967388662e-01 -4.5385500867e-01 1.2130905243e+00
7.7967340346e-01 -4.5385558380e-01 1.2130901430e+00
7.7967373075e-01 -4.5385129385e-01 1.2130900691e+00
7.7967347627e-01 -4.5385141283e-01 1.2130894180e+00
1.2756273159e+00 1.1786020936e+00 1.0182186007e+00
1.2756243612e+00 1.1786029588e+00 1.0182134808e+00
1.2756272424e+00 1.1786012083e+00 1.0182140394e+00
1.2756246285e+00 1.1786012733e+00 1.0182092076e+00
1.2756261962e+00 1.1786020449e+00 1.0182192889e+00
1.2756237369e+00 1.1786024660e+00 1.0182140614e+00
1.2756267229e+00 1.1786003786e+00 1.0182140670e+00
1.2756244320e+00 1.1786017309e+00 1.0182093740e+00
-1.2646122790e+00 -8.2079044248e-01 -7.0724773103e-01
-1.2646075476e+00 -8.2078784086e-01 -7.0724670609e-01
-1.2646111623e+00 -8.2079137700e-01 -7.0724949983e-01
-1.2646064676e+00 -8.2078813933e-01 -7.0724790986e-01
-1.2646203510e+00 -8.2078740230e-01 -7.0724385650e-01
-1.2646152782e+00 -8.2078505991e-01 -7.0724225384e-01
-1.2646179201e+00 -8.2078811889e-01 -7.0724507499e-01
-1.2646135975e+00 -8.2078452049e-01 -7.0724438582e-01
2.2449485272e-01 -8.6704172148e-01 3.1945770181e-01
2.2449640823e-01 -8.6703989112e-01 3.1946105242e-01
2.2449430771e-01 -8.6704505765e-01 3.1945503994e-01
2.2449609428e-01 -8.6704281164e-01 3.1945977001e-01
2.2448714099e-01 -8.6704047592e-01 3.1945941412e-01
2.2448893223e-01 -8.6703854073e-01 3.1946378389e-01
2.2448681572e-01 -8.6704284631e-01 3.1945675388e-01
2.2448833295e-01 -8.6704182450e-01 3.1946173173e-01
1.2396816719e+00 2.0709964778e-01 -6.5099205843e-01
1.2396807317e+00 2.0710045840e-01 -6.5099265920e-01
1.2396846869e+00 2.0709635875e-01 -6.5099493566e-01
1.2396840236e+00 2.0709747130e-01 -6.5099531506e-01
1.2396819352e+00 2.0710013833e-01 -6.5099134612e-01
1.2396811198e+00 2.0710115278e-01 -6.5099224249e-01
1.2396846902e+00 2.0709661526e-01 -6.5099399295e-01
1.2396848881e+00 2.0709820656e-01 -6.5099471945e-01
8.9210798797e-01 1.9204623464e-03 -1.0094633622e+00
8.9210715098e-01 1.9202167549e-03 -1.0094636392e+00
8.9211099152e-01 1.9162144748e-03 -1.0094656033e+00
8.9211092559e-01 1.9168130725e-03 -1.0094660791e+00
8.9211610556e-01 1.9159179273e-03 -1.0094671372e+00
8.9211567420e-01 1.9172114724e-03 -1.0094669862e+00
8.9211920337e-01 1.9128945872e-03 -1.0094695720e+00
8.9211940389e-01 1.9123102047e-03 -1.0094698304e+00
-7.7505653058e-02 -7.4741420091e-01 4.7667134359e-01
-7.7505206172e-02 -7.4741357511e-01 4.7667502222e-01
-7.7505526975e-02 -7.4741387303e-01 4.7667013496e-01
-7.7504908506e-02 -7.4741261310e-01 4.7667407162e-01
-7.7505577891e-02 -7.4741463848e-01 4.7667137280e-01
-7.7504662116e-02 -7.4741346288e-01 4.7667592562e-01
-7.7504700713e-02 -7.4741432784e-01 4.7667059117e-01
-7.7504759072e-02 -7.4741318970e-01 4.7667451051e-01
3.4030631387e-01 -1.9783556025e+00 1.5715546396e-01
3.4030669386e-01 -1.9783560823e+00 1.5715501412e-01
3.4030697508e-01 -1.9783557492e+00 1.5715752299e-01
3.4030694005e-01 -1.9783558038e+00 1.5715776361e-01
3.4030630999e-01 -1.9783557064e+00 1.5715566129e-01
3.4030649185e-01 -1.9783554132e+00 1.5715530433e-01
3.4030630805e-01 -1.9783560420e+00 1.5715761179e-01
3.4030668019e-01 -1.9783562140e+00 1.5715699644e-01
7.5106241289e-01 -6.4114435917e-01 -2.2281826168e-01
7.5105655440e-01 -6.4114386737e-01 -2.2281704366e-01
7.5106359432e-01 -6.4115139076e-01 -2.2282094613e-01
7.5105772261e-01 -6.4115033422e-01 -2.2281978967e-01
7.5106255047e-01 -6.4114464767e-01 -2.2281882828e-01
7.5105551523e-01 -6.4114356143e-01 -2.2281698661e-01
7.5106315187e-01 -6.4115129585e-01 -2.2282119261e-01
7.5105754904e-01 -6.4115031623e-01 -2.2281943732e-01
6.2388082022e-01 -1.3643818438e+00 3.4015452548e-01
6.2387840328e-01 -1.3643811885e+00 3.4014988070e-01
6.2388096073e-01 -1.3643825319e+00 3.4015412789e-01
6.2387930181e-01 -1.3643817352e+00 3.4014973599e-01
6.2388037758e-01 -1.3643814233e+00 3.4015511101e-01
6.2387774496e-01 -1.3643810721e+00 3.4014992926e-01
6.2388079713e-01 -1.3643819677e+00 3.4015422391e-01
6.2387795849e-01 -1.3643819625e+00 3.4014925836e-01
1.7841277449e+00 -8.6559421693e-01 -4.8367663942e-02
1.7841338664e+00 -8.6559800046e-01 -4.8372684480e-02
1.7841323309e+00 -8.6559657253e-01 -4.8371553756e-02
1.7841380256e+00 -8.6560008014e-01 -4.8377312458e-02
1.7841281830e+00 -8.6559391997e-01 -4.8367313434e-02
1.7841343330e+00 -8.6559771688e-01 -4.8372757579e-02
1.7841329975e+00 -8.6559630926e-01 -4.8370985500e-02
1.7841382162e+00 -8.6559950777e-01 -4.8376520821e-02
-7.7777575567e-03 3.1514734154e-01 -8.4963842675e-01
-7.7783311302e-03 3.1514613836e-01 -8.4964195364e-01
-7.7762885632e-03 3.1514661090e-01 -8.4963772411e-01
-7.7781075494e-03 3.1514664333e-01 -8.4964124011e-01
-7.7827530079e-03 3.1514744195e-01 -8.4963735015e-01
-7.7839394591e-03 3.1514703863e-01 -8.4964102208e-01
-7.7830731354e-03 3.1514766326e-01 -8.4963681584e-01
-7.7836175683e-03 3.1514716044e-01 -8.4964054838e-01
1.1987746760e+00 1.7143126733e-01 -8.0926960924e-01
1.1987748170e+00 1.7143150088e-01 -8.0927037265e-01
1.1987744008e+00 1.7143196461e-01 -8.0926967333e-01
1.1987748236e+00 1.7143158759e-01 -8.0927093539e-01
1.1987752707e+00 1.7143108543e-01 -8.0927007776e-01
1.1987753976e+00 1.7143158818e-01 -8.0927067392e-01
1.1987753897e+00 1.7143130509e-01 -8.0927012048e-01
1.1987747861e+00 1.7143156435e-01 -8.0927138043e-01
1.3758614196e+00 2.7097817741e-01 -3.3125270369e-01
1.3758671158e+00 2.7098136437e-01 -3.3124800421e-01
1.3758601733e+00 2.7097846264e-01 -3.3125174309e-01
1.3758655102e+00 2.7098207025e-01 -3.3124643286e-01
1.3758621312e+00 2.7097818181e-01 -3.3125333119e-01
1.3758679546e+00 2.7098132804e-01 -3.3124793749e-01
1.3758610921e+00 2.7097843659e-01 -3.3125211739e-01
1.3758660269e+00 2.7098188962e-01 -3.3124760683e-01
-9.5544283770e-01 -1.0349456878e+00 1.4870540175e+00
-9.5544262798e-01 -1.0349400251e+00 1.4870500692e+00
-9.5544232765e-01 -1.0349447371e+00 1.4870544517e+00
-9.5544249483e-01 -1.0349398580e+00 1.4870504245e+00
-9.5544234992e-01 -1.0349457922e+00 1.4870541028e+00
-9.5544266427e-01 -1.0349399672e+00 1.4870495323e+00
-9.5544173176e-01 -1.0349452169e+00 1.4870537308e+00
-9.5544215599e-01 -1.0349399931e+00 1.4870499573e+00
-1.5400842637e-01 2.0541547109e-02 -1.3040737932e+00
-1.5400944545e-01 2.0542642152e-02 -1.3040750892e+00
-1.5400789552e-01 2.0541491472e-02 -1.3040723592e+00
-1.5400875426e-01 2.0543050043e-02 -1.3040749782e+00
-1.5400355132e-01 2.0538703088e-02 -1.3040757791e+00
-1.5400404413e-01 2.0540053452e-02 -1.3040778468e+00
-1.5400360485e-01 2.0538959174e-02 -1.3040745977e+00
-1.5400326012e-01 2.0540345350e-02 -1.3040770273e+00
-4.2507423147e-01 -1.0106905381e-01 -9.6287147449e-01
-4.2507422237e-01 -1.0106990581e-01 -9.6287299939e-01
-4.2507370930e-01 -1.0106283634e-01 -9.6286942980e-01
-4.2507275861e-01 -1.0106380274e-01 -9.6287127019e-01
-4.2508224823e-01 -1.0106974695e-01 -9.6287248119e-01
-4.2508202008e-01 -1.0107153797e-01 -9.6287351234e-01
-4.2508206490e-01 -1.0106326295e-01 -9.6287096070e-01
-4.2508165585e-01 -1.0106508007e-01 -9.6287155778e-01
5.0742486822e-01 -2.9829456560e+00 1.3933726952e+00
5.0742597633e-01 -2.9829490280e+00 1.3933785136e+00
5.0742552025e-01 -2.9829457460e+00 1.3933716752e+00
5.0742599549e-01 -2.9829489879e+00 1.3933782945e+00
5.0742638660e-01 -2.9829424860e+00 1.3933752309e+00
5.0742629406e-01 -2.9829455634e+00 1.3933805558e+00
5.0742657911e-01 -2.9829415389e+00 1.3933753343e+00
5.0742725812e-01 -2.9829455582e+00 1.3933812218e+00
5.1543482379e-01 -2.3349652721e+00 -6.0443798901e-01
5.1543610680e-01 -2.3349657115e+00 -6.0443978047e-01
5.1543468861e-01 -2.3349641371e+00 -6.0443835990e-01
5.1543603086e-01 -2.3349651745e+00 -6.0443985578e-01
5.1543425415e-01 -2.3349645464e+00 -6.0443779159e-01
5.1543550095e-01 -2.3349656151e+00 -6.0443949765e-01
5.1543473018e-01 -2.3349646899e+00 -6.0443742373e-01
5.1543559262e-01 -2.3349654923e+00 -6.0443949910e-01
5.4475627370e-01 -1.1091975937e-01 3.0811044534e-01
5.4475610343e-01 -1.1092041497e-01 3.0810761316e-01
5.4475580933e-01 -1.1092034772e-01 3.0811088177e-01
5.4475548109e-01 -1.1092043907e-01 3.0810888269e-01
5.4475632664e-01 -1.1091984071e-01 3.0810875557e-01
5.4475648365e-01 -1.1092041389e-01 3.0810732777e-01
5.4475596568e-01 -1.1092103142e-01 3.0811030104e-01
5.4475658014e-01 -1.1092117479e-01 3.0810784968e-01
-6.5085540179e-02 -1.3866550304e+00 6.4609336535e-01
-6.5086179419e-02 -1.3866510372e+00 6.4609070577e-01
-6.5085806239e-02 -1.3866548935e+00 6.4609324201e-01
-6.5085907632e-02 -1.3866502574e+00 6.4609052370e-01
-6.5082578317e-02 -1.3866542907e+00 6.4609350083e-01
-6.5083630156e-02 -1.3866498027e+00 6.4609104903e-01
-6.5082837133e-02 -1.3866538479e+00 6.4609329935e-01
-6.5083538418e-02 -1.3866503755e+00 6.4609030376e-01
6.3333129325e-01 8.1233204348e-01 -5.6689402172e-01
6.3332965182e-01 8.1233176929e-01 -5.6689704790e-01
6.3333212848e-01 8.1233258788e-01 -5.6689421560e-01
6.3333036874e-01 8.1233207550e-01 -5.6689685832e-01
6.3333199714e-01 8.1233212456e-01 -5.6689431626e-01
6.3333070998e-01 8.1233178646e-01 -5.6689689362e-01
6.3333277375e-01 8.1233285890e-01 -5.6689445566e-01
6.3333076978e-01 8.1233204564e-01 -5.6689726678e-01
1.4318319587e+00 5.0374291211e-01 -1.3380627208e-01
1.4318326111e+00 5.0374205122e-01 -1.3380755301e-01
1.4318334798e+00 5.0375165581e-01 -1.3380512037e-01
1.4318340282e+00 5.0375189384e-01 -1.3380695274e-01
1.4318343996e+00 5.0374080663e-01 -1.3380868042e-01
1.4318350386e+00 5.0374110657e-01 -1.3380931280e-01
1.4318355096e+00 5.0375025087e-01 -1.3380702199e-01
1.4318358734e+00 5.0374973643e-01 -1.3380833572e-01
1.1266110135e+00 -7.2956684659e-01 1.0436926034e-01
1.1266104423e+00 -7.2956709946e-01 1.0436942631e-01
1.1266092376e+00 -7.2956671804e-01 1.0436924051e-01
1.1266105412e+00 -7.2956714046e-01 1.0436974369e-01
1.1266100430e+00 -7.2956588826e-01 1.0436971673e-01
1.1266103743e+00 -7.2956614073e-01 1.0436944296e-01
1.1266102340e+00 -7.2956538539e-01 1.0436882625e-01
1.1266103331e+00 -7.2956576795e-01 1.0436919109e-01
-6.4386154946e-01 9.8193934478e-02 1.9059303812e+00
-6.4386373093e-01 9.8195434002e-02 1.9059258340e+00
-6.4386166332e-01 9.8193395013e-02 1.9059303980e+00
-6.4386390049e-01 9.8195637827e-02 1.9059266699e+00
-6.4386173105e-01 9.8193580598e-02 1.9059306351e+00
-6.4386398704e-01 9.8195361646e-02 1.9059267677e+00
-6.4386171376e-01 9.8193296486e-02 1.9059308679e+00
-6.4386410922e-01 9.8195185398e-02 1.9059270261e+00
-3.3030780098e-02 -7.6909642138e-01 -1.9174851493e+00
-3.3029701042e-02 -7.6909432014e-01 -1.9174752018e+00
-3.3029569440e-02 -7.6908891735e-01 -1.9174825094e+00
-3.3028279312e-02 -7.6908633526e-01 -1.9174726984e+00
-3.3029824624e-02 -7.6909904995e-01 -1.9174862286e+00
-3.3027201560e-02 -7.6909679478e-01 -1.9174762463e+00
-3.3027051900e-02 -7.6909104839e-01 -1.9174840634e+00
-3.3026162708e-02 -7.6908822595e-01 -1.9174746277e+00
-9.6180334510e-01 1.4991055640e+00 1.2308961504e-01
-9.6180286279e-01 1.4991074773e+00 1.2308863262e-01
-9.6180309775e-01 1.4991058503e+00 1.2309012559e-01
-9.6180278480e-01 1.4991073850e+00 1.2308825160e-01
-9.6180143454e-01 1.4991070538e+00 1.2309011324e-01
-9.6180124267e-01 1.4991088493e+00 1.2308848241e-01
-9.6180102499e-01 1.4991074692e+00 1.2309031863e-01
-9.6180235160e-01 1.4991088410e+00 1.2308871592e-01
