1.2455152182e-01 2.4163814915e-01 1.4642336289e-01
1.2455085733e-01 2.4163814751e-01 1.4642061115e-01
1.2455083842e-01 2.4163156784e-01 1.4642486009e-01
1.2455047346e-01 2.4163184872e-01 1.4642240364e-01
1.2454327662e-01 2.4163795590e-01 1.4642468735e-01
1.2454274121e-01 2.4163798747e-01 1.4642194842e-01
1.2454268825e-01 2.4163182811e-01 1.4642672525e-01
1.2454218423e-01 2.4163189607e-01 1.4642399840e-01
-6.5312600517e-01 1.9941111117e-02 3.6271633453e-01
-6.5312248844e-01 1.9937545390e-02 3.6272534318e-01
-6.5312627626e-01 1.9940648383e-02 3.6271871066e-01
-6.5312276492e-01 1.9936937556e-02 3.6272779670e-01
-6.5313150804e-01 1.9940355531e-02 3.6271858154e-01
-6.5312810732e-01 1.9936504664e-02 3.6272744704e-01
-6.5313219742e-01 1.9940127752e-02 3.6272131375e-01
-6.5312881104e-01 1.9936363144e-02 3.6273024886e-01
-8.3769826419e-01 -2.2894160558e+00 -3.4507730967e+00
-8.3769676322e-01 -2.2894150016e+00 -3.4507775890e+00
-8.3770018933e-01 -2.2894188445e+00 -3.4507716091e+00
-8.3769868734e-01 -2.2894178041e+00 -3.4507761340e+00
-8.3769332212e-01 -2.2894182987e+00 -3.4507708302e+00
-8.3769183230e-01 -2.2894172559e+00 -3.4507753279e+00
-8.3769524298e-01 -2.2894211004e+00 -3.4507693479e+00
-8.3769375216e-01 -2.2894200712e+00 -3.4507738783e+00
-8.0284436989e-01 -1.6748861622e-01 2.0792030403e+00
-8.0284496958e-01 -1.6749069139e-01 2.0791950868e+00
-8.0284433686e-01 -1.6748315428e-01 2.0792062090e+00
-8.0284462386e-01 -1.6748550424e-01 2.0791983222e+00
-8.0283826587e-01 -1.6748608585e-01 2.0792022923e+00
-8.0283861111e-01 -1.6748825355e-01 2.0791941190e+00
-8.0283738037e-01 -1.6748073232e-01 2.0792051188e+00
-8.0283793612e-01 -1.6748298893e-01 2.0791975347e+00
-8.2409527080e-01 -8.8033066669e-01 -7.0499374780e+00
-8.2409282319e-01 -8.8032806237e-01 -7.0499432483e+00
-8.2409489016e-01 -8.8033350119e-01 -7.0499397377e+00
-8.2409244225e-01 -8.8033089149e-01 -7.0499455008e+00
-8.2409596955e-01 -8.8032856436e-01 -7.0499361302e+00
-8.2409360336e-01 -8.8032612813e-01 -7.0499417056e+00
-8.2409565324e-01 -8.8033109014e-01 -7.0499380814e+00
-8.2409328704e-01 -8.8032865387e-01 -7.0499436569e+00
2.0746643878e-01 -4.5673349434e-01 -5.5445336330e-01
2.0746426081e-01 -4.5673327635e-01 -5.5446136026e-01
2.0746669450e-01 -4.5673092490e-01 -5.5445052703e-01
2.0746468341e-01 -4.5673062766e-01 -5.5445865522e-01
2.0747168899e-01 -4.5673723118e-01 -5.5444858471e-01
2.0746944309e-01 -4.5673699691e-01 -5.5445655784e-01
2.0747136225e-01 -4.5673432504e-01 -5.5444531464e-01
2.0746924539e-01 -4.5673402077e-01 -5.5445339243e-01
2.1539935502e+00 -2.6746309914e-01 -2.9465597242e+00
2.1539920410e+00 -2.6746172399e-01 -2.9465632525e+00
2.1539960942e+00 -2.6746532151e-01 -2.9465570536e+00
2.1539947627e+00 -2.6746405761e-01 -2.9465607458e+00
2.1539926830e+00 -2.6746215228e-01 -2.9465556742e+00
2.1539913664e+00 -2.6746064061e-01 -2.9465595026e+00
2.1539953163e+00 -2.6746485461e-01 -2.9465534270e+00
2.1539939992e+00 -2.6746334355e-01 -2.9465572559e+00
-3.8921452288e-02 1.3786809941e-02 1.5873385331e+00
-3.8923516845e-02 1.3785526475e-02 1.5873343786e+00
-3.8921423595e-02 1.3783734219e-02 1.5873424393e+00
-3.8923311002e-02 1.3782588742e-02 1.5873384286e+00
-3.8924453672e-02 1.3786179394e-02 1.5873383041e+00
-3.8926384498e-02 1.3784974614e-02 1.5873338786e+00
-3.8924421150e-02 1.3783104875e-02 1.5873422048e+00
-3.8926174824e-02 1.3782038084e-02 1.5873379231e+00
6.0733389984e-01 -1.4583642517e+00 -1.3752331008e+00
6.0733641107e-01 -1.4583661311e+00 -1.3752339420e+00
6.0733273828e-01 -1.4583655076e+00 -1.3752332060e+00
6.0733524447e-01 -1.4583673864e+00 -1.3752340533e+00
6.0732806362e-01 -1.4583645507e+00 -1.3752341815e+00
6.0733058675e-01 -1.4583663821e+00 -1.3752349449e+00
6.0732684239e-01 -1.4583658777e+00 -1.3752345197e+00
6.0732936048e-01 -1.4583677085e+00 -1.3752352892e+00
5.9945232035e-01 1.2058698185e+00 -9.4957715286e-01
5.9945363163e-01 1.2058770160e+00 -9.4958563109e-01
5.9945243759e-01 1.2058689419e+00 -9.4957567871e-01
5.9945376579e-01 1.2058759031e+00 -9.4958391381e-01
5.9944126335e-01 1.2058723489e+00 -9.4957751304e-01
5.9944305869e-01 1.2058791312e+00 -9.4958521857e-01
5.9944167328e-01 1.2058713554e+00 -9.4957567212e-01
5.9944320839e-01 1.2058779853e+00 -9.4958359500e-01
-3.3878832731e-01 -1.6969044413e+00 1.4324421192e+00
-3.3878687706e-01 -1.6969037295e+00 1.4324380772e+00
-3.3878769451e-01 -1.6969044201e+00 1.4324430990e+00
-3.3878623111e-01 -1.6969036924e+00 1.4324390686e+00
-3.3879285070e-01 -1.6969050088e+00 1.4324452201e+00
-3.3879116810e-01 -1.6969047544e+00 1.4324413996e+00
-3.3879221593e-01 -1.6969051068e+00 1.4324462616e+00
-3.3879053321e-01 -1.6969048521e+00 1.4324424412e+00
-3.4640146280e-02 1.3506958186e+00 -1.5661440359e+00
-3.4638788587e-02 1.3506985525e+00 -1.5661503285e+00
-3.4636558574e-02 1.3506963321e+00 -1.5661448225e+00
-3.4635199432e-02 1.3506990664e+00 -1.5661511159e+00
-3.4635143424e-02 1.3506981737e+00 -1.5661448160e+00
-3.4633737204e-02 1.3507009188e+00 -1.5661510922e+00
-3.4631524909e-02 1.3506986428e+00 -1.5661456651e+00
-3.4630119580e-02 1.3507013887e+00 -1.5661519419e+00
3.0476327220e-01 5.0288970587e-01 -1.2352060190e+00
3.0476278800e-01 5.0288816554e-01 -1.2352136548e+00
3.0476499085e-01 5.0289278297e-01 -1.2352029385e+00
3.0476443571e-01 5.0289086790e-01 -1.2352101454e+00
3.0477204088e-01 5.0288852810e-01 -1.2352031661e+00
3.0477159536e-01 5.0288693430e-01 -1.2352108215e+00
3.0477424528e-01 5.0289181768e-01 -1.2352005772e+00
3.0477356171e-01 5.0288990332e-01 -1.2352078353e+00
-1.7495025164e+00 8.5034422495e-01 -5.9712048830e+00
-1.7495007961e+00 8.5034377409e-01 -5.9712114896e+00
-1.7495021497e+00 8.5034403347e-01 -5.9712068802e+00
-1.7495004361e+00 8.5034357606e-01 -5.9712134872e+00
-1.7494995637e+00 8.5034501377e-01 -5.9712019483e+00
-1.7494978409e+00 8.5034456385e-01 -5.9712085515e+00
-1.7494991999e+00 8.5034482713e-01 -5.9712039421e+00
-1.7494975412e+00 8.5034438572e-01 -5.9712105206e+00
3.4617111132e-01 1.0201612022e+00 9.4700428778e-01
3.4616739037e-01 1.0201580488e+00 9.4700092032e-01
3.4617086533e-01 1.0201624173e+00 9.4700647841e-01
3.4616713570e-01 1.0201593518e+00 9.4700311889e-01
3.4616833603e-01 1.0201624707e+00 9.4700697125e-01
3.4616448833e-01 1.0201593872e+00 9.4700351683e-01
3.4616804781e-01 1.0201638101e+00 9.4700924781e-01
3.4616420996e-01 1.0201607630e+00 9.4700578488e-01
9.2175655326e-01 1.1093732093e+00 -3.8317903914e+00
9.2175253927e-01 1.1093750301e+00 -3.8317959340e+00
9.2175181280e-01 1.1093756814e+00 -3.8317887995e+00
9.2174784726e-01 1.1093774573e+00 -3.8317946089e+00
9.2175890890e-01 1.1093734266e+00 -3.8317867663e+00
9.2175491500e-01 1.1093752536e+00 -3.8317923185e+00
9.2175414340e-01 1.1093757960e+00 -3.8317851900e+00
9.2175017811e-01 1.1093775759e+00 -3.8317909965e+00
-8.3630100483e-01 -6.3095452279e-01 -1.5371235857e+00
-8.3630380359e-01 -6.3095349350e-01 -1.5371291090e+00
-8.3630006394e-01 -6.3095377698e-01 -1.5371222245e+00
-8.3630285509e-01 -6.3095274289e-01 -1.5371277411e+00
-8.3630979246e-01 -6.3095647956e-01 -1.5371244786e+00
-8.3631263365e-01 -6.3095510221e-01 -1.5371302370e+00
-8.3630883681e-01 -6.3095594473e-01 -1.5371234012e+00
-8.3631168643e-01 -6.3095456240e-01 -1.5371291653e+00
-6.4234333231e-03 5.1879056912e-01 -4.6884375876e-02
-6.4210290410e-03 5.1878930575e-01 -4.6893227888e-02
-6.4237528582e-03 5.1878618153e-01 -4.6886904390e-02
-6.4213581850e-03 5.1878498288e-01 -4.6895696469e-02
-6.4285589836e-03 5.1879004913e-01 -4.6883213933e-02
-6.4262093414e-03 5.1878882272e-01 -4.6892076773e-02
-6.4288470191e-03 5.1878571083e-01 -4.6885683918e-02
-6.4264705379e-03 5.1878448222e-01 -4.6894574566e-02
-1.0732584026e-01 -3.9799019241e-01 -1.6738125559e+00
-1.0732593965e-01 -3.9799253180e-01 -1.6738174969e+00
-1.0732698607e-01 -3.9798589104e-01 -1.6738137151e+00
-1.0732677827e-01 -3.9798834105e-01 -1.6738187917e+00
-1.0732294635e-01 -3.9799351653e-01 -1.6738128239e+00
-1.0732304867e-01 -3.9799588564e-01 -1.6738177481e+00
-1.0732377898e-01 -3.9798909553e-01 -1.6738137904e+00
-1.0732357886e-01 -3.9799155457e-01 -1.6738188556e+00
-2.5462798700e-01 6.3466219552e-02 -5.6153049061e-01
-2.5462349281e-01 6.3467797940e-02 -5.6153583361e-01
-2.5462686112e-01 6.3460843200e-02 -5.6153475448e-01
-2.5462235962e-01 6.3462424319e-02 -5.6154009750e-01
-2.5462566080e-01 6.3467574488e-02 -5.6153480408e-01
-2.5462116390e-01 6.3469152049e-02 -5.6154015816e-01
-2.5462452814e-01 6.3462194666e-02 -5.6153907192e-01
-2.5462003730e-01 6.3463782811e-02 -5.6154441559e-01
5.1695459788e-01 7.6013543723e-01 -1.2175352718e-02
5.1695541662e-01 7.6013564735e-01 -1.2179618481e-02
5.1695331773e-01 7.6013708005e-01 -1.2175936649e-02
5.1695414125e-01 7.6013728458e-01 -1.2180200419e-02
5.1694775331e-01 7.6013619213e-01 -1.2175588607e-02
5.1694862138e-01 7.6013633649e-01 -1.2179944880e-02
5.1694656540e-01 7.6013808300e-01 -1.2176567447e-02
5.1694740906e-01 7.6013826038e-01 -1.2180866312e-02
-7.0628684776e-01 1.5005621879e-01 -2.0026565049e+00
-7.0628933581e-01 1.5005702348e-01 -2.0026633257e+00
-7.0628758285e-01 1.5005172703e-01 -2.0026604943e+00
-7.0629010181e-01 1.5005252441e-01 -2.0026673327e+00
-7.0628511464e-01 1.5005667400e-01 -2.0026557826e+00
-7.0628762168e-01 1.5005750350e-01 -2.0026625937e+00
-7.0628582588e-01 1.5005183689e-01 -2.0026601660e+00
-7.0628836396e-01 1.5005265912e-01 -2.0026669948e+00
6.4360751308e-01 1.0274345149e+00 1.0704436449e+00
6.4360876505e-01 1.0274346277e+00 1.0704351176e+00
6.4360844766e-01 1.0274356483e+00 1.0704450492e+00
6.4360976425e-01 1.0274357291e+00 1.0704366233e+00
6.4361426858e-01 1.0274345819e+00 1.0704425036e+00
6.4361550872e-01 1.0274348067e+00 1.0704340312e+00
6.4361520009e-01 1.0274357180e+00 1.0704439067e+00
6.4361648503e-01 1.0274359464e+00 1.0704354818e+00
-7.2413567371e-02 -1.8920136143e-02 3.6542278802e+00
-7.2417300270e-02 -1.8920294088e-02 3.6542225282e+00
-7.2413141662e-02 -1.8923882284e-02 3.6542249955e+00
-7.2416891235e-02 -1.8924063320e-02 3.6542196082e+00
-7.2403871491e-02 -1.8921734761e-02 3.6542254922e+00
-7.2407641983e-02 -1.8921884259e-02 3.6542201685e+00
-7.2403391698e-02 -1.8925520347e-02 3.6542225538e+00
-7.2407165808e-02 -1.8925668073e-02 3.6542172290e+00
-1.5377231971e+00 -1.5829706691e+00 1.1545664850e+00
-1.5377243664e+00 -1.5829765483e+00 1.1545729512e+00
-1.5377238006e+00 -1.5829705006e+00 1.1545605386e+00
-1.5377247993e+00 -1.5829765976e+00 1.1545672628e+00
-1.5377167788e+00 -1.5829678724e+00 1.1545634149e+00
-1.5377179787e+00 -1.5829737337e+00 1.1545699298e+00
-1.5377173855e+00 -1.5829677000e+00 1.1545574695e+00
-1.5377184046e+00 -1.5829737804e+00 1.1545642392e+00
-8.3626530028e-01 1.8879863112e+00 -8.0742900750e-01
-8.3627007911e-01 1.8879896051e+00 -8.0743565003e-01
-8.3626657770e-01 1.8879868597e+00 -8.0743123198e-01
-8.3627128856e-01 1.8879901797e+00 -8.0743792668e-01
-8.3627148213e-01 1.8879877958e+00 -8.0742629325e-01
-8.3627626731e-01 1.8879911204e+00 -8.0743310359e-01
-8.3627275710e-01 1.8879883059e+00 -8.0742867656e-01
-8.3627748749e-01 1.8879916680e+00 -8.0743539008e-01
1.3511472570e-01 -2.0277184955e+00 1.9838752865e+00
1.3511379685e-01 -2.0277173765e+00 1.9838677539e+00
1.3511446888e-01 -2.0277199929e+00 1.9838750620e+00
1.3511354034e-01 -2.0277188743e+00 1.9838675295e+00
1.3511309131e-01 -2.0277193166e+00 1.9838735770e+00
1.3511208883e-01 -2.0277181776e+00 1.9838660544e+00
1.3511283535e-01 -2.0277208155e+00 1.9838733493e+00
1.3511183364e-01 -2.0277196760e+00 1.9838658263e+00
7.9587614458e-02 1.7835358658e+00 4.9199377068e-01
7.9590768739e-02 1.7835367513e+00 4.9199002167e-01
7.9589868392e-02 1.7835427478e+00 4.9199548528e-01
7.9593029403e-02 1.7835437111e+00 4.9199170559e-01
7.9588473801e-02 1.7835396068e+00 4.9198902492e-01
7.9591593318e-02 1.7835404945e+00 4.9198521917e-01
7.9590559683e-02 1.7835463565e+00 4.9199090756e-01
7.9593710749e-02 1.7835473163e+00 4.9198713429e-01
-1.3706328344e+00 -1.1121800614e+00 1.7583252467e-02
-1.3706297581e+00 -1.1121779609e+00 1.7576248910e-02
-1.3706322385e+00 -1.1121769075e+00 1.7582090901e-02
-1.3706286860e+00 -1.1121754876e+00 1.7574304507e-02
-1.3706325696e+00 -1.1121806937e+00 1.7579467987e-02
-1.3706294642e+00 -1.1121785459e+00 1.7572481663e-02
-1.3706319743e+00 -1.1121774668e+00 1.7578391711e-02
-1.3706283625e+00 -1.1121760666e+00 1.7570587646e-02
-1.1809463929e+00 1.2804221699e+00 -2.1633601485e+00
-1.1809452697e+00 1.2804186183e+00 -2.1633643583e+00
-1.1809446663e+00 1.2804262819e+00 -2.1633586463e+00
-1.1809436105e+00 1.2804227073e+00 -2.1633628171e+00
-1.1809487530e+00 1.2804230860e+00 -2.1633586526e+00
-1.1809476354e+00 1.2804195351e+00 -2.1633628739e+00
-1.1809471978e+00 1.2804272759e+00 -2.1633574148e+00
-1.1809461475e+00 1.2804237020e+00 -2.1633615973e+00
1.9553564418e+00 -2.0701193760e+00 -2.0925393935e+00
1.9553571481e+00 -2.0701189345e+00 -2.0925444730e+00
1.9553565378e+00 -2.0701205718e+00 -2.0925435707e+00
1.9553572375e+00 -2.0701201191e+00 -2.0925486506e+00
1.9553598031e+00 -2.0701183108e+00 -2.0925368330e+00
1.9553603694e+00 -2.0701177697e+00 -2.0925417929e+00
1.9553598975e+00 -2.0701195042e+00 -2.0925410151e+00
1.9553604582e+00 -2.0701189576e+00 -2.0925459744e+00
4.3590289382e-01 1.2701759907e+00 -2.2235473448e+00
4.3590297004e-01 1.2701763078e+00 -2.2235527332e+00
4.3590110809e-01 1.2701851152e+00 -2.2235482249e+00
4.3590124277e-01 1.2701854270e+00 -2.2235535439e+00
4.3590809238e-01 1.2701741420e+00 -2.2235497465e+00
4.3590805604e-01 1.2701744004e+00 -2.2235550896e+00
4.3590635079e-01 1.2701832212e+00 -2.2235507918e+00
4.3590641322e-01 1.2701834825e+00 -2.2235561151e+00
2.3384807409e-01 -1.9651991348e+00 -2.9667906427e+00
2.3384572907e-01 -1.9651969584e+00 -2.9667927115e+00
2.3384595195e-01 -1.9651975566e+00 -2.9667887637e+00
2.3384365929e-01 -1.9651952865e+00 -2.9667907488e+00
2.3384444157e-01 -1.9651979306e+00 -2.9667935570e+00
2.3384191533e-01 -1.9651956318e+00 -2.9667960155e+00
2.3384213522e-01 -1.9651961995e+00 -2.9667919379e+00
2.3383985870e-01 -1.9651939989e+00 -2.9667939889e+00
3.1390836069e+00 5.9826456484e-01 1.4058874394e+00
3.1390838095e+00 5.9826039911e-01 1.4058789937e+00
3.1390824365e+00 5.9826659687e-01 1.4058912260e+00
3.1390826383e+00 5.9826243281e-01 1.4058827791e+00
3.1390902414e+00 5.9826499209e-01 1.4058852465e+00
3.1390905280e+00 5.9826051179e-01 1.4058770152e+00
3.1390890691e+00 5.9826702744e-01 1.4058890355e+00
3.1390893549e+00 5.9826254880e-01 1.4058808029e+00
5.0723956253e-01 -1.7256051575e+00 1.4824844303e+00
5.0723867996e-01 -1.7256044486e+00 1.4824856068e+00
5.0723993128e-01 -1.7256059029e+00 1.4824872929e+00
5.0723897779e-01 -1.7256050860e+00 1.4824884762e+00
5.0723914112e-01 -1.7256058601e+00 1.4824870055e+00
5.0723822596e-01 -1.7256051094e+00 1.4824881996e+00
5.0723937383e-01 -1.7256065428e+00 1.4824896086e+00
5.0723838775e-01 -1.7256056840e+00 1.4824908095e+00
3.6647142333e-01 1.0318342451e+00 1.7420713558e+00
3.6647383535e-01 1.0318299549e+00 1.7420685169e+00
3.6647121812e-01 1.0318414228e+00 1.7420721675e+00
3.6647369597e-01 1.0318373039e+00 1.7420693609e+00
3.6647183334e-01 1.0318338292e+00 1.7420747000e+00
3.6647424601e-01 1.0318295362e+00 1.7420718565e+00
3.6647187014e-01 1.0318407170e+00 1.7420756852e+00
3.6647418413e-01 1.0318365755e+00 1.7420730079e+00
-2.3395613328e-02 -1.2761912702e+00 2.1083302203e+00
-2.3392281314e-02 -1.2761910392e+00 2.1083289703e+00
-2.3395179427e-02 -1.2761941064e+00 2.1083312445e+00
-2.3391768283e-02 -1.2761938804e+00 2.1083299901e+00
-2.3398271742e-02 -1.2761910461e+00 2.1083310168e+00
-2.3394934132e-02 -1.2761909085e+00 2.1083299432e+00
-2.3397721870e-02 -1.2761941678e+00 2.1083320753e+00
-2.3394434823e-02 -1.2761939939e+00 2.1083310198e+00
-2.9045416053e+00 -8.6631634015e-03 6.1775408716e-02
-2.9045387505e+00 -8.6638908908e-03 6.1770464231e-02
-2.9045408362e+00 -8.6627702365e-03 6.1775293658e-02
-2.9045379346e+00 -8.6635956564e-03 6.1770350572e-02
-2.9045399201e+00 -8.6630616559e-03 6.1774362918e-02
-2.9045370447e+00 -8.6637580837e-03 6.1769465155e-02
-2.9045391612e+00 -8.6626795345e-03 6.1774247093e-02
-2.9045362387e+00 -8.6634739541e-03 6.1769350510e-02
-1.4216982709e+00 -1.3366679153e-01 2.7806684780e+00
-1.4216969909e+00 -1.3366213523e-01 2.7806787613e+00
-1.4216966764e+00 -1.3366417257e-01 2.7806677445e+00
-1.4216957191e+00 -1.3365967773e-01 2.7806775529e+00
-1.4216895368e+00 -1.3366583896e-01 2.7806636813e+00
-1.4216885375e+00 -1.3366118720e-01 2.7806736339e+00
-1.4216876995e+00 -1.3366295016e-01 2.7806624874e+00
-1.4216870108e+00 -1.3365890362e-01 2.7806723737e+00
6.0568178981e-01 1.5239480288e-02 2.0221544937e+00
6.0567527804e-01 1.5240118220e-02 2.0221485492e+00
6.0568310146e-01 1.5239750552e-02 2.0221562476e+00
6.0567658406e-01 1.5240391432e-02 2.0221503081e+00
6.0567988934e-01 1.5240656820e-02 2.0221502937e+00
6.0567327972e-01 1.5241186181e-02 2.0221445650e+00
6.0568116551e-01 1.5241139702e-02 2.0221523699e+00
6.0567462225e-01 1.5241720624e-02 2.0221466985e+00
9.9839920558e-01 -1.4974762610e-01 -1.3991020182e+00
9.9840256751e-01 -1.4974566214e-01 -1.3990869909e+00
9.9839774828e-01 -1.4974601168e-01 -1.3991002196e+00
9.9840115744e-01 -1.4974380766e-01 -1.3990853750e+00
9.9839838601e-01 -1.4974827367e-01 -1.3991021243e+00
9.9840168714e-01 -1.4974626652e-01 -1.3990870064e+00
9.9839691934e-01 -1.4974662839e-01 -1.3991003366e+00
9.9840029657e-01 -1.4974443723e-01 -1.3990853719e+00
5.3434095311e-01 2.3316272704e+00 9.1558857608e-01
5.3434097971e-01 2.3316285100e+00 9.1558522646e-01
5.3433744303e-01 2.3316198067e+00 9.1558348190e-01
5.3433746872e-01 2.3316210471e+00 9.1558013040e-01
5.3433680723e-01 2.3316275217e+00 9.1558840234e-01
5.3433709638e-01 2.3316286575e+00 9.1558492601e-01
5.3433329557e-01 2.3316200589e+00 9.1558330248e-01
5.3433358530e-01 2.3316211946e+00 9.1557983000e-01
-1.4791937886e+00 -1.1478438233e+00 3.3562532940e+00
-1.4791919870e+00 -1.1478451195e+00 3.3562711481e+00
-1.4791939628e+00 -1.1478392763e+00 3.3562527978e+00
-1.4791914935e+00 -1.1478406575e+00 3.3562699712e+00
-1.4791931163e+00 -1.1478450300e+00 3.3562539755e+00
-1.4791914538e+00 -1.1478463841e+00 3.3562720897e+00
-1.4791932514e+00 -1.1478404586e+00 3.3562535553e+00
-1.4791909319e+00 -1.1478419180e+00 3.3562708713e+00
-1.4011171476e+00 2.4639449114e+00 -4.1636359324e+00
-1.4011190045e+00 2.4639483138e+00 -4.1636310726e+00
-1.4011168689e+00 2.4639397845e+00 -4.1636347840e+00
-1.4011187514e+00 2.4639431766e+00 -4.1636299556e+00
-1.4011178728e+00 2.4639464272e+00 -4.1636350954e+00
-1.4011196078e+00 2.4639497676e+00 -4.1636302773e+00
-1.4011175023e+00 2.4639411906e+00 -4.1636338954e+00
-1.4011193389e+00 2.4639445792e+00 -4.1636290938e+00
3.6723419619e-02 8.9576485254e-01 -1.3075197004e-01
3.6723438787e-02 8.9576194149e-01 -1.3075066592e-01
3.6723573956e-02 8.9576541763e-01 -1.3074915853e-01
3.6723632971e-02 8.9576261716e-01 -1.3074790792e-01
3.6724875466e-02 8.9576273619e-01 -1.3075358672e-01
3.6724874186e-02 8.9575985391e-01 -1.3075233109e-01
3.6725119464e-02 8.9576328264e-01 -1.3075079450e-01
3.6725158029e-02 8.9576051093e-01 -1.3074959237e-01
-6.3222916470e-01 -7.0577265046e-01 1.5503850965e+00
-6.3223125102e-01 -7.0577357010e-01 1.5503791217e+00
-6.3222738542e-01 -7.0577470895e-01 1.5503847068e+00
-6.3222965443e-01 -7.0577575431e-01 1.5503785032e+00
-6.3222589335e-01 -7.0577194211e-01 1.5503823954e+00
-6.3222795353e-01 -7.0577289802e-01 1.5503764006e+00
-6.3222411419e-01 -7.0577400058e-01 1.5503820058e+00
-6.3222635707e-01 -7.0577508222e-01 1.5503757821e+00
1.0617784232e+00 -1.1203671829e+00 4.5534621018e+00
1.0617757588e+00 -1.1203645769e+00 4.5534612762e+00
1.0617796620e+00 -1.1203594156e+00 4.5534661153e+00
1.0617769321e+00 -1.1203571304e+00 4.5534656450e+00
1.0617845031e+00 -1.1203661763e+00 4.5534602750e+00
1.0617818263e+00 -1.1203636513e+00 4.5534594258e+00
1.0617856212e+00 -1.1203582298e+00 4.5534641536e+00
1.0617829412e+00 -1.1203556529e+00 4.5534634195e+00
1.6220438992e-01 9.9795465692e-01 9.4268737378e-01
1.6220441093e-01 9.9795131693e-01 9.4268024804e-01
1.6220416713e-01 9.9794996490e-01 9.4268643744e-01
1.6220437379e-01 9.9794651093e-01 9.4267915638e-01
1.6220865074e-01 9.9795371201e-01 9.4268645436e-01
1.6220866964e-01 9.9795037169e-01 9.4267932326e-01
1.6220842661e-01 9.9794901860e-01 9.4268552530e-01
1.6220863118e-01 9.9794556431e-01 9.4267823902e-01
-1.0088918881e+01 2.1677921321e+00 -1.6072088788e+00
-1.0088928658e+01 2.1677910699e+00 -1.6071934587e+00
-1.0088922564e+01 2.1677936447e+00 -1.6072126557e+00
-1.0088933059e+01 2.1677929955e+00 -1.6071977107e+00
-1.0088915574e+01 2.1677830330e+00 -1.6072067202e+00
-1.0088924497e+01 2.1677817622e+00 -1.6071911776e+00
-1.0088919351e+01 2.1677845439e+00 -1.6072105990e+00
-1.0088928923e+01 2.1677839070e+00 -1.6071953737e+00
3.3713576757e+00 1.5079154980e+00 3.0693125600e-01
3.3713600681e+00 1.5079137912e+00 3.0695626613e-01
3.3713623000e+00 1.5079626716e+00 3.0692787235e-01
3.3713654166e+00 1.5079613040e+00 3.0695336963e-01
3.3713816794e+00 1.5079139503e+00 3.0693129835e-01
3.3713839531e+00 1.5079121032e+00 3.0695623739e-01
3.3713863542e+00 1.5079606164e+00 3.0692782560e-01
3.3713896448e+00 1.5079593047e+00 3.0695353119e-01
5.1242064274e+00 7.6974043827e-01 -1.3978857090e+00
5.1242110631e+00 7.6973737506e-01 -1.3979149270e+00
5.1242071894e+00 7.6974725072e-01 -1.3978958294e+00
5.1242118329e+00 7.6974419748e-01 -1.3979250346e+00
5.1241664045e+00 7.6973595632e-01 -1.3978907159e+00
5.1241723845e+00 7.6973291307e-01 -1.3979198727e+00
5.1241671792e+00 7.6974267103e-01 -1.3979011875e+00
5.1241731686e+00 7.6973961205e-01 -1.3979300948e+00
1.6755860897e+00 2.4954989399e+00 5.4804993214e-01
1.6755890927e+00 2.4954958801e+00 5.4807128809e-01
1.6755887577e+00 2.4955166417e+00 5.4803545139e-01
1.6755924982e+00 2.4955130647e+00 5.4805624012e-01
1.6755936272e+00 2.4955023361e+00 5.4804591564e-01
1.6755969587e+00 2.4954995990e+00 5.4806702194e-01
1.6755967235e+00 2.4955201966e+00 5.4803127988e-01
1.6756004618e+00 2.4955167486e+00 5.4805196785e-01
-3.7246995982e-01 2.2339876231e+00 5.9144559950e-02
-3.7246239434e-01 2.2339907510e+00 5.9131253390e-02
-3.7247297419e-01 2.2339779741e+00 5.9137058814e-02
-3.7246550843e-01 2.2339810964e+00 5.9123663788e-02
-3.7244381947e-01 2.2339966278e+00 5.9143257084e-02
-3.7243656819e-01 2.2339995543e+00 5.9130077442e-02
-3.7244696833e-01 2.2339869908e+00 5.9135950949e-02
-3.7243980665e-01 2.2339899179e+00 5.9122685028e-02
7.9800181849e-01 -1.9629841218e+00 3.8120288005e+00
7.9800162488e-01 -1.9629876492e+00 3.8120429445e+00
7.9801450886e-01 -1.9629801340e+00 3.8120246635e+00
7.9801430147e-01 -1.9629836667e+00 3.8120388201e+00
7.9797956162e-01 -1.9629902313e+00 3.8120286393e+00
7.9797939699e-01 -1.9629937762e+00 3.8120428594e+00
7.9799128697e-01 -1.9629858314e+00 3.8120251691e+00
7.9799111481e-01 -1.9629893897e+00 3.8120394078e+00
2.5163951381e-01 -1.0733057054e+00 -6.4244795466e-01
2.5164807279e-01 -1.0733089708e+00 -6.4245114857e-01
2.5164547431e-01 -1.0733156184e+00 -6.4244955174e-01
2.5165402817e-01 -1.0733188803e+00 -6.4245276538e-01
2.5166455237e-01 -1.0733130152e+00 -6.4243472390e-01
2.5167315039e-01 -1.0733163501e+00 -6.4243799968e-01
2.5167012886e-01 -1.0733217469e+00 -6.4243628227e-01
2.5167872104e-01 -1.0733250764e+00 -6.4243957808e-01
-6.2638666461e+00 5.2842508245e-01 1.7214194744e+00
-6.2638566083e+00 5.2843023106e-01 1.7214466938e+00
-6.2638752395e+00 5.2842675066e-01 1.7214182923e+00
-6.2638651824e+00 5.2843191051e-01 1.7214454772e+00
-6.2638496690e+00 5.2843472765e-01 1.7214275869e+00
-6.2638396309e+00 5.2843987742e-01 1.7214548073e+00
-6.2638582652e+00 5.2843639369e-01 1.7214264006e+00
-6.2638482080e+00 5.2844155467e-01 1.7214535865e+00
3.7248536643e+00 -5.3960641893e+00 6.1880039637e-01
3.7248509863e+00 -5.3960574356e+00 6.1881913849e-01
3.7248581640e+00 -5.3960613584e+00 6.1879039256e-01
3.7248556486e+00 -5.3960557192e+00 6.1880993108e-01
3.7248056445e+00 -5.3960697684e+00 6.1879745577e-01
3.7248029024e+00 -5.3960632809e+00 6.1881653362e-01
3.7248101454e+00 -5.3960669363e+00 6.1878745590e-01
3.7248075323e+00 -5.3960616197e+00 6.1880721474e-01
-7.4275595658e-01 6.1450715116e+00 3.9868343204e+00
-7.4274328740e-01 6.1450782629e+00 3.9868738543e+00
-7.4275868781e-01 6.1450564310e+00 3.9868391908e+00
-7.4274599752e-01 6.1450630386e+00 3.9868781708e+00
-7.4280257918e-01 6.1450655864e+00 3.9868274565e+00
-7.4279014724e-01 6.1450712895e+00 3.9868670052e+00
-7.4280543540e-01 6.1450504857e+00 3.9868318405e+00
-7.4279295111e-01 6.1450560463e+00 3.9868716060e+00
-3.2379741235e+00 -6.3156421548e+00 -1.6295924387e-02
-3.2379742259e+00 -6.3156470431e+00 -1.6290164881e-02
-3.2379775441e+00 -6.3156440272e+00 -1.6308086115e-02
-3.2379773664e+00 -6.3156499281e+00 -1.6301702696e-02
-3.2379678531e+00 -6.3156651895e+00 -1.6306373181e-02
-3.2379667254e+00 -6.3156694016e+00 -1.6299727300e-02
-3.2379713347e+00 -6.3156670488e+00 -1.6318518031e-02
-3.2379699085e+00 -6.3156722969e+00 -1.6311282758e-02
-8.5050418357e-01 1.8828126858e+00 -4.3848683462e-01
-8.5050176665e-01 1.8828097603e+00 -4.3850087496e-01
-8.5049884102e-01 1.8828156201e+00 -4.3848559149e-01
-8.5049652764e-01 1.8828127777e+00 -4.3849934678e-01
-8.5047415302e-01 1.8828281582e+00 -4.3850017094e-01
-8.5047226636e-01 1.8828251840e+00 -4.3851430558e-01
-8.5046882462e-01 1.8828310758e+00 -4.3849888990e-01
-8.5046705169e-01 1.8828281833e+00 -4.3851274083e-01
4.2834437150e+00 -3.9799484596e+00 1.3463673162e+00
4.2834445550e+00 -3.9799387874e+00 1.3463579199e+00
4.2834457131e+00 -3.9799489408e+00 1.3463616332e+00
4.2834465426e+00 -3.9799392475e+00 1.3463522183e+00
4.2834594931e+00 -3.9799403580e+00 1.3463769597e+00
4.2834603605e+00 -3.9799305995e+00 1.3463675278e+00
4.2834614678e+00 -3.9799408166e+00 1.3463712710e+00
4.2834623486e+00 -3.9799310585e+00 1.3463618258e+00
-7.2311855662e+00 4.1551030682e+00 -9.8742681811e-01
-7.2311920119e+00 4.1551097453e+00 -9.8741834339e-01
-7.2311844152e+00 4.1551206459e+00 -9.8742342416e-01
-7.2311902826e+00 4.1551273129e+00 -9.8741578170e-01
-7.2312114149e+00 4.1550997538e+00 -9.8741752081e-01
-7.2312178354e+00 4.1551063768e+00 -9.8740917199e-01
-7.2312106521e+00 4.1551159194e+00 -9.8741462180e-01
-7.2312165744e+00 4.1551219901e+00 -9.8740713844e-01
8.1761654194e-01 -2.4229070912e+00 -1.4220285538e+00
8.1762029692e-01 -2.4229056135e+00 -1.4220181318e+00
8.1761198574e-01 -2.4229023202e+00 -1.4220322712e+00
8.1761576478e-01 -2.4229008676e+00 -1.4220219577e+00
8.1762335561e-01 -2.4229021683e+00 -1.4220227315e+00
8.1762711742e-01 -2.4229007883e+00 -1.4220126715e+00
8.1761876697e-01 -2.4228973586e+00 -1.4220264445e+00
8.1762255672e-01 -2.4228959872e+00 -1.4220164902e+00
1.0485449507e+01 -1.3384093756e+00 -3.5538448126e-01
1.0485448826e+01 -1.3384114143e+00 -3.5540377235e-01
1.0485439944e+01 -1.3384154461e+00 -3.5538054324e-01
1.0485439339e+01 -1.3384174783e+00 -3.5539975271e-01
1.0485481333e+01 -1.3384224143e+00 -3.5539058178e-01
1.0485481195e+01 -1.3384240507e+00 -3.5540917908e-01
1.0485473101e+01 -1.3384284167e+00 -3.5538653804e-01
1.0485472240e+01 -1.3384304358e+00 -3.5540560089e-01
3.0954653688e+00 2.0168481825e+00 -2.5635084283e-01
3.0954634117e+00 2.0168438547e+00 -2.5634432286e-01
3.0954635425e+00 2.0168249765e+00 -2.5635871785e-01
3.0954616799e+00 2.0168202870e+00 -2.5635229889e-01
3.0954739399e+00 2.0168560162e+00 -2.5634667487e-01
3.0954717726e+00 2.0168517682e+00 -2.5634006708e-01
3.0954732584e+00 2.0168333226e+00 -2.5635371376e-01
3.0954712168e+00 2.0168287683e+00 -2.5634713089e-01
5.7843738966e-01 6.8254200304e-01 -2.6550799085e+00
5.7843658346e-01 6.8253732406e-01 -2.6550643768e+00
5.7842916431e-01 6.8257469944e-01 -2.6550724303e+00
5.7842759392e-01 6.8257048693e-01 -2.6550566375e+00
5.7838811658e-01 6.8253007791e-01 -2.6550978657e+00
5.7838721905e-01 6.8252563143e-01 -2.6550822752e+00
5.7838005205e-01 6.8256357809e-01 -2.6550907387e+00
5.7837881336e-01 6.8255946320e-01 -2.6550751243e+00
9.5675600167e-01 1.7833719159e+00 -2.2802311818e+00
9.5675815165e-01 1.7833552493e+00 -2.2802302280e+00
9.5675190220e-01 1.7833554298e+00 -2.2802359520e+00
9.5675403083e-01 1.7833387615e+00 -2.2802349822e+00
9.5678187588e-01 1.7833731835e+00 -2.2802224538e+00
9.5678399586e-01 1.7833567815e+00 -2.2802214373e+00
9.5677765485e-01 1.7833565914e+00 -2.2802272658e+00
9.5677975348e-01 1.7833401878e+00 -2.2802262333e+00
-4.8542633217e+00 -1.5985466518e+00 -1.3060598841e+00
-4.8542647796e+00 -1.5985469802e+00 -1.3060548716e+00
-4.8542659069e+00 -1.5985433230e+00 -1.3060575424e+00
-4.8542673821e+00 -1.5985437538e+00 -1.3060525180e+00
-4.8542488167e+00 -1.5985467437e+00 -1.3060534458e+00
-4.8542502798e+00 -1.5985470506e+00 -1.3060484763e+00
-4.8542513318e+00 -1.5985432805e+00 -1.3060511892e+00
-4.8542528121e+00 -1.5985436898e+00 -1.3060462078e+00
-6.5427548813e+00 7.2950000885e+00 8.1634468477e-01
-6.5427555724e+00 7.2949881007e+00 8.1635846855e-01
-6.5427610426e+00 7.2949950674e+00 8.1634990496e-01
-6.5427617225e+00 7.2949831559e+00 8.1636380353e-01
-6.5427491065e+00 7.2949970504e+00 8.1633507829e-01
-6.5427498266e+00 7.2949848217e+00 8.1634841481e-01
-6.5427552667e+00 7.2949920303e+00 8.1634029913e-01
-6.5427559717e+00 7.2949798766e+00 8.1635374815e-01
3.7611032916e+00 4.1149528086e-01 -2.0237172832e+00
3.7611092113e+00 4.1150488825e-01 -2.0237052678e+00
3.7611183656e+00 4.1149280637e-01 -2.0237193496e+00
3.7611238921e+00 4.1150241167e-01 -2.0237073621e+00
3.7611340038e+00 4.1149268952e-01 -2.0237296500e+00
3.7611398065e+00 4.1150230120e-01 -2.0237173941e+00
3.7611494281e+00 4.1149173092e-01 -2.0237324142e+00
3.7611547524e+00 4.1149986564e-01 -2.0237194505e+00
6.8474969105e+00 -1.0628684485e+00 -6.3749662552e-01
6.8474960365e+00 -1.0628767244e+00 -6.3748755373e-01
6.8475098176e+00 -1.0628829511e+00 -6.3749643179e-01
6.8475088977e+00 -1.0628911058e+00 -6.3748751261e-01
6.8475080759e+00 -1.0628668683e+00 -6.3749666611e-01
6.8475071988e+00 -1.0628751310e+00 -6.3748776139e-01
6.8475210067e+00 -1.0628815873e+00 -6.3749653076e-01
6.8475200211e+00 -1.0628896003e+00 -6.3748759732e-01
-1.8338697360e+00 7.0480642901e+00 -2.4039516704e-01
-1.8338766718e+00 7.0480711844e+00 -2.4036461926e-01
-1.8338740148e+00 7.0480600246e+00 -2.4039241305e-01
-1.8338810029e+00 7.0480672017e+00 -2.4036218428e-01
-1.8339243937e+00 7.0480634206e+00 -2.4038875857e-01
-1.8339310668e+00 7.0480695727e+00 -2.4035890676e-01
-1.8339288598e+00 7.0480592154e+00 -2.4038633106e-01
-1.8339355331e+00 7.0480653638e+00 -2.4035644103e-01
-1.6905599435e-02 -8.4082232094e+00 -4.6012324049e+00
-1.6913205045e-02 -8.4082165579e+00 -4.6012354334e+00
-1.6898419987e-02 -8.4082371938e+00 -4.6012307515e+00
-1.6905971477e-02 -8.4082303319e+00 -4.6012336754e+00
-1.6904589341e-02 -8.4082329056e+00 -4.6012330843e+00
-1.6912141843e-02 -8.4082260947e+00 -4.6012361735e+00
-1.6898143456e-02 -8.4082461654e+00 -4.6012315665e+00
-1.6905641839e-02 -8.4082391441e+00 -4.6012345511e+00
-1.7298309540e+00 1.9606860766e+00 3.3678604311e-01
-1.7298375212e+00 1.9607010671e+00 3.3680579815e-01
-1.7298264446e+00 1.9606513999e+00 3.3677938690e-01
-1.7298315057e+00 1.9606658124e+00 3.3679832451e-01
-1.7298326354e+00 1.9606979172e+00 3.3679710141e-01
-1.7298398425e+00 1.9607136875e+00 3.3681642724e-01
-1.7298281408e+00 1.9606632396e+00 3.3679045854e-01
-1.7298338281e+00 1.9606784343e+00 3.3680895089e-01
-8.4534690810e+00 -7.9750801258e+00 4.8452173390e-01
-8.4534612018e+00 -7.9750796559e+00 4.8451144381e-01
-8.4534747320e+00 -7.9750882848e+00 4.8452303721e-01
-8.4534668663e+00 -7.9750877995e+00 4.8451274287e-01
-8.4534401127e+00 -7.9750803809e+00 4.8453553227e-01
-8.4534322255e+00 -7.9750798975e+00 4.8452524666e-01
-8.4534456134e+00 -7.9750886149e+00 4.8453685967e-01
-8.4534377397e+00 -7.9750881159e+00 4.8452656981e-01
-1.9973895811e+00 2.1751590165e+00 1.2660459768e+00
-1.9973869244e+00 2.1751697040e+00 1.2660602483e+00
-1.9973858188e+00 2.1751569607e+00 1.2660431519e+00
-1.9973826807e+00 2.1751675404e+00 1.2660573031e+00
-1.9973712890e+00 2.1751722540e+00 1.2660507218e+00
-1.9973685371e+00 2.1751829398e+00 1.2660648459e+00
-1.9973675630e+00 2.1751701898e+00 1.2660479902e+00
-1.9973642350e+00 2.1751808865e+00 1.2660619911e+00
-4.1656948033e+00 1.2934951217e+00 3.3320152042e-01
-4.1656827383e+00 1.2934987724e+00 3.3320189950e-01
-4.1656975310e+00 1.2935145029e+00 3.3321339686e-01
-4.1656854531e+00 1.2935180323e+00 3.3321388416e-01
-4.1656856919e+00 1.2935014944e+00 3.3319541276e-01
-4.1656736543e+00 1.2935051718e+00 3.3319578706e-01
-4.1656884196e+00 1.2935210087e+00 3.3320780959e-01
-4.1656763435e+00 1.2935245423e+00 3.3320829957e-01
-3.4495409511e+00 -4.6336625947e+00 -4.2454714313e-01
-3.4495366229e+00 -4.6336613384e+00 -4.2452675451e-01
-3.4495421216e+00 -4.6336763522e+00 -4.2454975334e-01
-3.4495379661e+00 -4.6336750650e+00 -4.2452953758e-01
-3.4495319640e+00 -4.6336685072e+00 -4.2455289832e-01
-3.4495280305e+00 -4.6336662462e+00 -4.2453271695e-01
-3.4495333201e+00 -4.6336822954e+00 -4.2455559500e-01
-3.4495296685e+00 -4.6336799989e+00 -4.2453542065e-01
1.0557738556e+01 -5.5525809384e+00 1.3224307335e+00
1.0557733783e+01 -5.5525781340e+00 1.3224292697e+00
1.0557723209e+01 -5.5525869465e+00 1.3224377256e+00
1.0557718390e+01 -5.5525841140e+00 1.3224362981e+00
1.0557729009e+01 -5.5525650426e+00 1.3224229887e+00
1.0557725128e+01 -5.5525627418e+00 1.3224207565e+00
1.0557714003e+01 -5.5525712914e+00 1.3224301023e+00
1.0557710077e+01 -5.5525689524e+00 1.3224279135e+00
8.7927379534e+00 5.1746753476e-01 1.8102366745e+00
8.7927261272e+00 5.1747574026e-01 1.8102620313e+00
8.7927432502e+00 5.1744664757e-01 1.8102418618e+00
8.7927306457e+00 5.1745332804e-01 1.8102666485e+00
8.7927224477e+00 5.1745975391e-01 1.8102339087e+00
8.7927106289e+00 5.1746761937e-01 1.8102590770e+00
8.7927277289e+00 5.1743885078e-01 1.8102387497e+00
8.7927151407e+00 5.1744618472e-01 1.8102626208e+00
3.5488017784e+00 -2.2104580910e+00 1.8424208780e+00
3.5488139564e+00 -2.2104479887e+00 1.8424381856e+00
3.5487995019e+00 -2.2103859718e+00 1.8424255631e+00
3.5488111766e+00 -2.2103749856e+00 1.8424430342e+00
3.5488438136e+00 -2.2104492272e+00 1.8424203495e+00
3.5488558592e+00 -2.2104388295e+00 1.8424376654e+00
3.5488406029e+00 -2.2103781947e+00 1.8424238396e+00
3.5488520033e+00 -2.2103671827e+00 1.8424413185e+00
2.2828576294e+00 6.1561807524e+00 2.6785940901e+00
2.2828551925e+00 6.1561710294e+00 2.6785822018e+00
2.2828460181e+00 6.1561633609e+00 2.6785905716e+00
2.2828435802e+00 6.1561536346e+00 2.6785787002e+00
2.2828675980e+00 6.1561818417e+00 2.6785998343e+00
2.2828649947e+00 6.1561705989e+00 2.6785885696e+00
2.2828560001e+00 6.1561644538e+00 2.6785966542e+00
2.2828533958e+00 6.1561532076e+00 2.6785854065e+00
-8.1985203343e-01 -2.0322908899e+00 -3.2387718800e-01
-8.1985704671e-01 -2.0322816376e+00 -3.2388612195e-01
-8.1984808438e-01 -2.0322789474e+00 -3.2387572973e-01
-8.1985308182e-01 -2.0322696983e+00 -3.2388466534e-01
-8.1984072738e-01 -2.0323031068e+00 -3.2387990584e-01
-8.1984573687e-01 -2.0322938560e+00 -3.2388883861e-01
-8.1983664483e-01 -2.0322909750e+00 -3.2387843194e-01
-8.1984163850e-01 -2.0322817272e+00 -3.2388736634e-01
-9.8139037062e-01 2.0046474236e+00 -5.2291766243e-01
-9.8139168360e-01 2.0046431185e+00 -5.2293318909e-01
-9.8138533592e-01 2.0046177314e+00 -5.2291592329e-01
-9.8138734042e-01 2.0046130058e+00 -5.2293044792e-01
-9.8139424972e-01 2.0046640672e+00 -5.2292273612e-01
-9.8139556316e-01 2.0046597621e+00 -5.2293826282e-01
-9.8138878774e-01 2.0046340878e+00 -5.2292082108e-01
-9.8139079268e-01 2.0046293622e+00 -5.2293534571e-01
-6.2480548451e-01 3.1037847197e+00 -8.1233636293e-02
-6.2479950994e-01 3.1037866415e+00 -8.1253857447e-02
-6.2480029416e-01 3.1037904749e+00 -8.1240043315e-02
-6.2479440728e-01 3.1037924907e+00 -8.1260216205e-02
-6.2481325194e-01 3.1037831603e+00 -8.1232508382e-02
-6.2480729340e-01 3.1037850785e+00 -8.1252717305e-02
-6.2480810603e-01 3.1037888555e+00 -8.1238825857e-02
-6.2480223518e-01 3.1037908678e+00 -8.1258986516e-02
2.7179407958e+00 -1.1782169564e+00 2.6416661076e+00
2.7179494864e+00 -1.1782182467e+00 2.6416612911e+00
2.7179477350e+00 -1.1782234105e+00 2.6416610937e+00
2.7179572468e+00 -1.1782234498e+00 2.6416564989e+00
2.7179480560e+00 -1.1782153294e+00 2.6416679937e+00
2.7179558355e+00 -1.1782158753e+00 2.6416634369e+00
2.7179547833e+00 -1.1782215988e+00 2.6416628969e+00
2.7179632016e+00 -1.1782217017e+00 2.6416588411e+00
5.5359529421e-01 6.6670016026e-02 1.1107040238e+00
5.5359271701e-01 6.6676464997e-02 1.1106921747e+00
5.5359243694e-01 6.6718966305e-02 1.1107033358e+00
5.5359055920e-01 6.6725424008e-02 1.1106918876e+00
5.5361339125e-01 6.6675627671e-02 1.1106983710e+00
5.5361172661e-01 6.6682370688e-02 1.1106871455e+00
5.5361223097e-01 6.6723536528e-02 1.1106991080e+00
5.5360944139e-01 6.6729701959e-02 1.1106870591e+00
-9.0726443711e+00 4.7318642725e+00 1.4354140009e+00
-9.0726504156e+00 4.7318529547e+00 1.4354057595e+00
-9.0726409089e+00 4.7318736736e+00 1.4353929612e+00
-9.0726469820e+00 4.7318623649e+00 1.4353847135e+00
-9.0726154806e+00 4.7318606702e+00 1.4354050137e+00
-9.0726215355e+00 4.7318494612e+00 1.4353967634e+00
-9.0726118409e+00 4.7318695795e+00 1.4353842318e+00
-9.0726179245e+00 4.7318583797e+00 1.4353759751e+00
6.5201210037e+00 -6.9166338599e+00 8.8929537156e-01
6.5201240409e+00 -6.9166395487e+00 8.8927466627e-01
6.5201164327e+00 -6.9166543447e+00 8.8929801296e-01
6.5201199690e+00 -6.9166596425e+00 8.8927810036e-01
6.5201152239e+00 -6.9166370088e+00 8.8928761415e-01
6.5201183710e+00 -6.9166426708e+00 8.8926707202e-01
6.5201106719e+00 -6.9166575735e+00 8.8929028384e-01
6.5201143182e+00 -6.9166628440e+00 8.8927053390e-01
1.9602927026e+00 7.1565750528e+00 2.4082412931e+00
1.9602893386e+00 7.1565749224e+00 2.4082280994e+00
1.9602855668e+00 7.1566321856e+00 2.4082508304e+00
1.9602822670e+00 7.1566318351e+00 2.4082374806e+00
1.9603197897e+00 7.1565744325e+00 2.4082432738e+00
1.9603175065e+00 7.1565749210e+00 2.4082308505e+00
1.9603134614e+00 7.1566314987e+00 2.4082524831e+00
1.9603112501e+00 7.1566317788e+00 2.4082399188e+00
9.8347467055e-01 -6.4982808044e+00 -3.6336511700e+00
9.8347149739e-01 -6.4982863135e+00 -3.6336625463e+00
9.8346882191e-01 -6.4982682561e+00 -3.6336477663e+00
9.8346537553e-01 -6.4982745138e+00 -3.6336593809e+00
9.8349094683e-01 -6.4982849012e+00 -3.6336532313e+00
9.8348781682e-01 -6.4982904081e+00 -3.6336646201e+00
9.8348532715e-01 -6.4982722268e+00 -3.6336500694e+00
9.8348194645e-01 -6.4982784748e+00 -3.6336617010e+00
-3.2312243738e+00 9.8037193267e-01 -5.0140271710e-01
-3.2312288190e+00 9.8037290681e-01 -5.0142259106e-01
-3.2312218864e+00 9.8038270122e-01 -5.0139667919e-01
-3.2312261889e+00 9.8038391965e-01 -5.0141653254e-01
-3.2312583576e+00 9.8037136325e-01 -5.0140703183e-01
-3.2312633278e+00 9.8037134473e-01 -5.0142806403e-01
-3.2312562681e+00 9.8038204210e-01 -5.0140115635e-01
-3.2312611053e+00 9.8038219825e-01 -5.0142219371e-01
-1.0425514643e+00 -1.9973814952e+00 -3.2720911377e-01
-1.0425485474e+00 -1.9973848502e+00 -3.2721526162e-01
-1.0425454571e+00 -1.9974040231e+00 -3.2720416063e-01
-1.0425421246e+00 -1.9974075321e+00 -3.2721038427e-01
-1.0425691303e+00 -1.9973732953e+00 -3.2720396176e-01
-1.0425658590e+00 -1.9973771111e+00 -3.2721012688e-01
-1.0425617106e+00 -1.9973952821e+00 -3.2719812865e-01
-1.0425587450e+00 -1.9973991180e+00 -3.2720421105e-01
5.1152677126e-01 2.5196100709e-01 1.3175493574e+00
5.1152349377e-01 2.5195975417e-01 1.3175296527e+00
5.1153287664e-01 2.5196388407e-01 1.3175550180e+00
5.1152983628e-01 2.5196278299e-01 1.3175353538e+00
5.1150181222e-01 2.5195824132e-01 1.3175414968e+00
5.1149718982e-01 2.5195932103e-01 1.3175218787e+00
5.1150795710e-01 2.5196111775e-01 1.3175471976e+00
5.1150332693e-01 2.5196221305e-01 1.3175275866e+00
-3.4139972513e+00 -7.4584644121e+00 3.3594043530e+00
-3.4140035963e+00 -7.4584691228e+00 3.3594000574e+00
-3.4139966097e+00 -7.4584880893e+00 3.3594022595e+00
-3.4140029447e+00 -7.4584927982e+00 3.3593979676e+00
-3.4139679493e+00 -7.4584671977e+00 3.3593916752e+00
-3.4139743035e+00 -7.4584725559e+00 3.3593878268e+00
-3.4139665103e+00 -7.4584911196e+00 3.3593890215e+00
-3.4139728544e+00 -7.4584964761e+00 3.3593851766e+00
2.5494090458e+00 5.3625450091e+00 5.4532628188e-01
2.5494059818e+00 5.3625519384e+00 5.4532405974e-01
2.5494056337e+00 5.3625575778e+00 5.4532728576e-01
2.5494021154e+00 5.3625646803e+00 5.4532511581e-01
2.5494471132e+00 5.3625363520e+00 5.4532192407e-01
2.5494446629e+00 5.3625440361e+00 5.4531895369e-01
2.5494436428e+00 5.3625490291e+00 5.4532302703e-01
2.5494407750e+00 5.3625567853e+00 5.4532000750e-01
-2.0694436968e+00 4.7703376636e+00 1.8431796571e+01
-2.0694491386e+00 4.7703409906e+00 1.8431799127e+01
-2.0694481243e+00 4.7703214002e+00 1.8431795325e+01
-2.0694535501e+00 4.7703246839e+00 1.8431797889e+01
-2.0694277617e+00 4.7703450214e+00 1.8431796452e+01
-2.0694334770e+00 4.7703483730e+00 1.8431799104e+01
-2.0694321951e+00 4.7703286537e+00 1.8431795263e+01
-2.0694379167e+00 4.7703319865e+00 1.8431797905e+01
-1.1499124414e+00 -2.3767144469e+00 1.6297362217e+01
-1.1499192471e+00 -2.3767194321e+00 1.6297358417e+01
-1.1499029732e+00 -2.3767087901e+00 1.6297355269e+01
-1.1499097797e+00 -2.3767141983e+00 1.6297351771e+01
-1.1499287260e+00 -2.3767226581e+00 1.6297356869e+01
-1.1499351813e+00 -2.3767285276e+00 1.6297353970e+01
-1.1499192410e+00 -2.3767171702e+00 1.6297350093e+01
-1.1499257734e+00 -2.3767231042e+00 1.6297347117e+01
2.0942080878e+00 1.8989032583e+00 1.7593027125e+01
2.0942114672e+00 1.8989059725e+00 1.7593053294e+01
2.0942055032e+00 1.8989029968e+00 1.7593025678e+01
2.0942088665e+00 1.8989057175e+00 1.7593051846e+01
2.0941997167e+00 1.8989024967e+00 1.7593030276e+01
2.0942029774e+00 1.8989053073e+00 1.7593056091e+01
2.0941973313e+00 1.8989021439e+00 1.7593028862e+01
2.0942005459e+00 1.8989049203e+00 1.7593054698e+01
4.1473646736e+00 -3.0051976846e+00 1.8870567421e+01
4.1473736213e+00 -3.0052014093e+00 1.8870567277e+01
4.1473593789e+00 -3.0052004465e+00 1.8870569077e+01
4.1473682480e+00 -3.0052041228e+00 1.8870568951e+01
4.1473549462e+00 -3.0052012614e+00 1.8870567059e+01
4.1473640351e+00 -3.0052043781e+00 1.8870566729e+01
4.1473496024e+00 -3.0052040068e+00 1.8870568725e+01
4.1473586857e+00 -3.0052071242e+00 1.8870568395e+01
-1.1218600808e+00 -7.0053506754e+00 1.6326520262e+01
-1.1218625068e+00 -7.0053448698e+00 1.6326507941e+01
-1.1218676368e+00 -7.0053525330e+00 1.6326512181e+01
-1.1218700444e+00 -7.0053467041e+00 1.6326499811e+01
-1.1218672427e+00 -7.0053528170e+00 1.6326519911e+01
-1.1218696361e+00 -7.0053469708e+00 1.6326507565e+01
-1.1218749492e+00 -7.0053548454e+00 1.6326512150e+01
-1.1218773528e+00 -7.0053490121e+00 1.6326499787e+01
5.6755871428e-01 -1.0160268174e+00 2.3611935109e+01
5.6755339819e-01 -1.0160234315e+00 2.3611929003e+01
5.6756497948e-01 -1.0160356196e+00 2.3611934875e+01
5.6755966834e-01 -1.0160322374e+00 2.3611928765e+01
5.6755803955e-01 -1.0160270457e+00 2.3611931128e+01
5.6755267027e-01 -1.0160235484e+00 2.3611925042e+01
5.6756433070e-01 -1.0160357247e+00 2.3611931030e+01
5.6755896638e-01 -1.0160322312e+00 2.3611924939e+01
1.5778811929e-01 -1.6970147511e+00 1.7770305175e+01
1.5779541935e-01 -1.6970085352e+00 1.7770286468e+01
1.5779846578e-01 -1.6970335228e+00 1.7770297587e+01
1.5780550958e-01 -1.6970276739e+00 1.7770278962e+01
1.5776208962e-01 -1.6970104461e+00 1.7770311785e+01
1.5776921491e-01 -1.6970037209e+00 1.7770293275e+01
1.5777267790e-01 -1.6970295363e+00 1.7770304253e+01
1.5777959961e-01 -1.6970231611e+00 1.7770285784e+01
-2.9825204289e+00 -4.0137124109e+00 1.5361718504e+01
-2.9825146294e+00 -4.0137174801e+00 1.5361703293e+01
-2.9825093354e+00 -4.0137199880e+00 1.5361719881e+01
-2.9825036915e+00 -4.0137250796e+00 1.5361705063e+01
-2.9825062139e+00 -4.0137117438e+00 1.5361721568e+01
-2.9825004195e+00 -4.0137166142e+00 1.5361706607e+01
-2.9824951204e+00 -4.0137193210e+00 1.5361722946e+01
-2.9824894918e+00 -4.0137243668e+00 1.5361708163e+01
-6.2009969544e+00 -3.4763749454e-02 1.2838940662e+01
-6.2009960153e+00 -3.4764656700e-02 1.2838942118e+01
-6.2009916115e+00 -3.4741978265e-02 1.2838948194e+01
-6.2009905424e+00 -3.4742841425e-02 1.2838949352e+01
-6.2009889128e+00 -3.4771608679e-02 1.2838946654e+01
-6.2009879562e+00 -3.4772470152e-02 1.2838948090e+01
-6.2009832894e+00 -3.4749780149e-02 1.2838953787e+01
-6.2009823845e+00 -3.4750630128e-02 1.2838955068e+01
-3.3786349869e+00 -2.4614164201e+00 1.5283219075e+01
-3.3786400987e+00 -2.4614120564e+00 1.5283223953e+01
-3.3786320287e+00 -2.4613868978e+00 1.5283210364e+01
-3.3786370115e+00 -2.4613833723e+00 1.5283214082e+01
-3.3786164927e+00 -2.4614136574e+00 1.5283218710e+01
-3.3786219805e+00 -2.4614095560e+00 1.5283223310e+01
-3.3786132153e+00 -2.4613845345e+00 1.5283209349e+01
-3.3786183290e+00 -2.4613806812e+00 1.5283213457e+01
2.6888438150e+00 2.5404507659e+00 1.5687185326e+01
2.6888401362e+00 2.5404498003e+00 1.5687203028e+01
2.6888425828e+00 2.5404576766e+00 1.5687183300e+01
2.6888390392e+00 2.5404568272e+00 1.5687200931e+01
2.6888449052e+00 2.5404581614e+00 1.5687178777e+01
2.6888415448e+00 2.5404570674e+00 1.5687196160e+01
2.6888436807e+00 2.5404650781e+00 1.5687176749e+01
2.6888402777e+00 2.5404642955e+00 1.5687194136e+01
1.8620390494e+00 3.8989980590e-01 1.7623621453e+01
1.8620361491e+00 3.8990298617e-01 1.7623631085e+01
1.8620408350e+00 3.8990247512e-01 1.7623619217e+01
1.8620376866e+00 3.8990578978e-01 1.7623629105e+01
1.8620180987e+00 3.8989241862e-01 1.7623616507e+01
1.8620148168e+00 3.8989546219e-01 1.7623625537e+01
1.8620196541e+00 3.8989516269e-01 1.7623614748e+01
1.8620166619e+00 3.8989803360e-01 1.7623623459e+01
6.6852017037e+00 4.3531654504e+00 1.4180428891e+01
6.6851950716e+00 4.3531626503e+00 1.4180455422e+01
6.6852073994e+00 4.3531598499e+00 1.4180423655e+01
6.6852007231e+00 4.3531574135e+00 1.4180449945e+01
6.6851946981e+00 4.3531698153e+00 1.4180427104e+01
6.6851880420e+00 4.3531670579e+00 1.4180453615e+01
6.6852003807e+00 4.3531645295e+00 1.4180422233e+01
6.6851936684e+00 4.3531621434e+00 1.4180448505e+01
-3.0394119588e+00 1.2152441261e+00 1.7810312932e+01
-3.0394160428e+00 1.2152398417e+00 1.7810306920e+01
-3.0394131857e+00 1.2152462294e+00 1.7810311705e+01
-3.0394172272e+00 1.2152419480e+00 1.7810305673e+01
-3.0394336511e+00 1.2152429540e+00 1.7810311212e+01
-3.0394378007e+00 1.2152388778e+00 1.7810305268e+01
-3.0394351036e+00 1.2152447920e+00 1.7810309686e+01
-3.0394392975e+00 1.2152407499e+00 1.7810303717e+01
-6.4620615807e+00 3.6371608129e+00 2.0653473351e+01
-6.4620599351e+00 3.6371561677e+00 2.0653469543e+01
-6.4620681733e+00 3.6371588211e+00 2.0653473175e+01
-6.4620665014e+00 3.6371541340e+00 2.0653469309e+01
-6.4620648252e+00 3.6371585028e+00 2.0653471135e+01
-6.4620631777e+00 3.6371538632e+00 2.0653467329e+01
-6.4620714221e+00 3.6371565094e+00 2.0653470955e+01
-6.4620697482e+00 3.6371518280e+00 2.0653467090e+01
4.6104444738e+00 5.4398665405e+00 1.5572825894e+01
4.6104533522e+00 5.4398596310e+00 1.5572811781e+01
4.6104354502e+00 5.4398894160e+00 1.5572829528e+01
4.6104457130e+00 5.4398831225e+00 1.5572815771e+01
4.6104540535e+00 5.4398714445e+00 1.5572821225e+01
4.6104630050e+00 5.4398644313e+00 1.5572807176e+01
4.6104457964e+00 5.4398941652e+00 1.5572825046e+01
4.6104559340e+00 5.4398878739e+00 1.5572811364e+01
-2.1103968802e+00 1.9294026827e+00 -2.2219896883e+01
-2.1103895309e+00 1.9294065677e+00 -2.2219884328e+01
-2.1103996077e+00 1.9294119894e+00 -2.2219889727e+01
-2.1103922864e+00 1.9294159180e+00 -2.2219877181e+01
-2.1104209178e+00 1.9294046183e+00 -2.2219891617e+01
-2.1104133328e+00 1.9294082784e+00 -2.2219879116e+01
-2.1104233249e+00 1.9294141383e+00 -2.2219884384e+01
-2.1104157385e+00 1.9294178107e+00 -2.2219871867e+01
-1.1632400622e+00 -6.7837128236e+00 -1.5418983459e+01
-1.1632332563e+00 -6.7837154749e+00 -1.5418987505e+01
-1.1632406407e+00 -6.7837094653e+00 -1.5418980639e+01
-1.1632338523e+00 -6.7837120975e+00 -1.5418984734e+01
-1.1632260781e+00 -6.7837063135e+00 -1.5418988644e+01
-1.1632196418e+00 -6.7837083725e+00 -1.5418992719e+01
-1.1632266640e+00 -6.7837029605e+00 -1.5418985825e+01
-1.1632202465e+00 -6.7837050154e+00 -1.5418989912e+01
2.5386472653e+00 4.9251462931e+00 -1.7140062192e+01
2.5386475088e+00 4.9251506632e+00 -1.7140032506e+01
2.5386472800e+00 4.9251654639e+00 -1.7140051723e+01
2.5386469953e+00 4.9251701314e+00 -1.7140022582e+01
2.5386477499e+00 4.9251452860e+00 -1.7140059272e+01
2.5386475271e+00 4.9251493122e+00 -1.7140029839e+01
2.5386477894e+00 4.9251643408e+00 -1.7140048784e+01
2.5386470835e+00 4.9251688602e+00 -1.7140019718e+01
2.4818932648e+00 9.7047201449e-01 -1.4757767036e+01
2.4818940427e+00 9.7046893733e-01 -1.4757758481e+01
2.4818944094e+00 9.7045752909e-01 -1.4757765114e+01
2.4818951895e+00 9.7045449771e-01 -1.4757756561e+01
2.4818734186e+00 9.7047708198e-01 -1.4757762576e+01
2.4818742307e+00 9.7047418807e-01 -1.4757754064e+01
2.4818748338e+00 9.7046286935e-01 -1.4757760458e+01
2.4818756440e+00 9.7045992943e-01 -1.4757751944e+01
2.7773481734e+00 1.5589956661e+00 -1.4736143216e+01
2.7773398078e+00 1.5589944255e+00 -1.4736147452e+01
2.7773576493e+00 1.5590079199e+00 -1.4736137802e+01
2.7773492891e+00 1.5590066272e+00 -1.4736142040e+01
2.7773326117e+00 1.5589951074e+00 -1.4736145598e+01
2.7773245307e+00 1.5589930806e+00 -1.4736149441e+01
2.7773414775e+00 1.5590071275e+00 -1.4736140454e+01
2.7773333070e+00 1.5590061333e+00 -1.4736145126e+01
2.8586010415e+00 1.2719320291e+00 -1.5456846115e+01
2.8586062934e+00 1.2719339131e+00 -1.5456810760e+01
2.8585985743e+00 1.2719319634e+00 -1.5456849005e+01
2.8586039793e+00 1.2719337703e+00 -1.5456813902e+01
2.8586291285e+00 1.2719380333e+00 -1.5456837919e+01
2.8586364487e+00 1.2719402326e+00 -1.5456802682e+01
2.8586267019e+00 1.2719379635e+00 -1.5456840733e+01
2.8586341563e+00 1.2719399977e+00 -1.5456805764e+01
8.5333343221e-01 6.7972954471e-01 -1.8681277054e+01
8.5333671229e-01 6.7972775575e-01 -1.8681275087e+01
8.5333420255e-01 6.7975529205e-01 -1.8681267089e+01
8.5333724883e-01 6.7975420599e-01 -1.8681265278e+01
8.5332003024e-01 6.7972485808e-01 -1.8681279259e+01
8.5332327408e-01 6.7972277387e-01 -1.8681277547e+01
8.5332010195e-01 6.7975153524e-01 -1.8681269016e+01
8.5332346498e-01 6.7975007450e-01 -1.8681266922e+01
-1.0766289065e+00 -1.2142443975e+00 -1.9636499693e+01
-1.0766362721e+00 -1.2142461718e+00 -1.9636493888e+01
-1.0766307002e+00 -1.2142499518e+00 -1.9636497764e+01
-1.0766380777e+00 -1.2142514747e+00 -1.9636491586e+01
-1.0766327648e+00 -1.2142438319e+00 -1.9636502654e+01
-1.0766401377e+00 -1.2142454358e+00 -1.9636496969e+01
-1.0766346189e+00 -1.2142494885e+00 -1.9636500591e+01
-1.0766420038e+00 -1.2142508411e+00 -1.9636494533e+01
1.9913531056e+00 6.3675532053e-01 -1.8596905050e+01
1.9913609815e+00 6.3675894105e-01 -1.8596881395e+01
1.9913582540e+00 6.3674483323e-01 -1.8596896295e+01
1.9913660015e+00 6.3674821276e-01 -1.8596872585e+01
1.9913533354e+00 6.3675829603e-01 -1.8596907230e+01
1.9913613334e+00 6.3676099957e-01 -1.8596883531e+01
1.9913584060e+00 6.3674775193e-01 -1.8596898455e+01
1.9913663462e+00 6.3675027303e-01 -1.8596874689e+01
2.6689077299e-01 -7.1362482374e+00 -1.7055256820e+01
2.6688813862e-01 -7.1362478059e+00 -1.7055250559e+01
2.6689437949e-01 -7.1362409612e+00 -1.7055267965e+01
2.6689206026e-01 -7.1362408102e+00 -1.7055261177e+01
2.6688911070e-01 -7.1362548010e+00 -1.7055249675e+01
2.6688665953e-01 -7.1362545098e+00 -1.7055243011e+01
2.6689269346e-01 -7.1362475280e+00 -1.7055260560e+01
2.6689056145e-01 -7.1362474822e+00 -1.7055253675e+01
4.5874428961e-01 -1.5971859199e+00 -1.5944581447e+01
4.5874314203e-01 -1.5971896752e+00 -1.5944569285e+01
4.5874184663e-01 -1.5971910164e+00 -1.5944582957e+01
4.5874070375e-01 -1.5971948771e+00 -1.5944570734e+01
4.5874203445e-01 -1.5971776843e+00 -1.5944577591e+01
4.5874088340e-01 -1.5971814327e+00 -1.5944565423e+01
4.5873959516e-01 -1.5971827803e+00 -1.5944579097e+01
4.5873844840e-01 -1.5971866345e+00 -1.5944566867e+01
-2.4608367048e-01 -7.1372145422e+00 -1.5388271155e+01
-2.4608604344e-01 -7.1372105422e+00 -1.5388272030e+01
-2.4608711183e-01 -7.1372191715e+00 -1.5388273981e+01
-2.4608952962e-01 -7.1372155585e+00 -1.5388275243e+01
-2.4607572569e-01 -7.1372260581e+00 -1.5388269443e+01
-2.4607809826e-01 -7.1372220579e+00 -1.5388270317e+01
-2.4607916542e-01 -7.1372306841e+00 -1.5388272258e+01
-2.4608157815e-01 -7.1372270715e+00 -1.5388273524e+01
7.5248465576e-01 3.1456154718e+00 -1.6873786949e+01
7.5248186811e-01 3.1456113113e+00 -1.6873754848e+01
7.5248115668e-01 3.1456002610e+00 -1.6873781046e+01
7.5247785713e-01 3.1455960800e+00 -1.6873748622e+01
7.5249815798e-01 3.1456173816e+00 -1.6873788903e+01
7.5249493931e-01 3.1456129973e+00 -1.6873756253e+01
7.5249465681e-01 3.1456021928e+00 -1.6873783017e+01
7.5249093454e-01 3.1455977673e+00 -1.6873750019e+01
-2.8719402445e+00 -5.5730160350e-01 -1.7830669104e+01
-2.8719399480e+00 -5.5728658594e-01 -1.7830655101e+01
-2.8719448397e+00 -5.5730797169e-01 -1.7830664893e+01
-2.8719445060e+00 -5.5729284889e-01 -1.7830650597e+01
-2.8719310514e+00 -5.5729849224e-01 -1.7830665326e+01
-2.8719312544e+00 -5.5728472609e-01 -1.7830650976e+01
-2.8719356472e+00 -5.5730486177e-01 -1.7830661115e+01
-2.8719358114e+00 -5.5729099072e-01 -1.7830646473e+01
-6.2343425949e+00 5.0188895033e+00 -1.7711843335e+01
-6.2343448349e+00 5.0188923412e+00 -1.7711822896e+01
-6.2343357042e+00 5.0188661210e+00 -1.7711839624e+01
-6.2343389193e+00 5.0188687344e+00 -1.7711819917e+01
-6.2343861205e+00 5.0188891335e+00 -1.7711831145e+01
-6.2343893385e+00 5.0188932271e+00 -1.7711811609e+01
-6.2343802221e+00 5.0188656087e+00 -1.7711828242e+01
-6.2343824985e+00 5.0188699664e+00 -1.7711808067e+01
3.6994780899e+00 -2.3727840310e+00 -2.0194307099e+01
3.6994841912e+00 -2.3727840218e+00 -2.0194307597e+01
3.6994806356e+00 -2.3727855713e+00 -2.0194301746e+01
3.6994867550e+00 -2.3727854597e+00 -2.0194302273e+01
3.6994420090e+00 -2.3727854636e+00 -2.0194312072e+01
3.6994483801e+00 -2.3727854248e+00 -2.0194312518e+01
3.6994445888e+00 -2.3727870994e+00 -2.0194306822e+01
3.6994509382e+00 -2.3727871357e+00 -2.0194307199e+01
1.6614052903e+00 8.7901825001e-01 1.4638180657e+01
1.6613987766e+00 8.7901691126e-01 1.4638175019e+01
1.6613996396e+00 8.7900882596e-01 1.4638192637e+01
1.6613938547e+00 8.7900701405e-01 1.4638186524e+01
1.6613972730e+00 8.7902429259e-01 1.4638181612e+01
1.6613907339e+00 8.7902298691e-01 1.4638175940e+01
1.6613916314e+00 8.7901489701e-01 1.4638193610e+01
1.6613858211e+00 8.7901311825e-01 1.4638187462e+01
-5.6977639723e+00 7.6926285434e+00 1.6887520075e+01
-5.6977675389e+00 7.6926309957e+00 1.6887520431e+01
-5.6977640809e+00 7.6926637001e+00 1.6887510924e+01
-5.6977678715e+00 7.6926665038e+00 1.6887511307e+01
-5.6977605567e+00 7.6926246612e+00 1.6887522769e+01
-5.6977643516e+00 7.6926273922e+00 1.6887523051e+01
-5.6977603818e+00 7.6926599184e+00 1.6887513788e+01
-5.6977643202e+00 7.6926627253e+00 1.6887513922e+01
1.4934546712e+00 2.2622511845e+00 1.6589731770e+01
1.4934474345e+00 2.2622509531e+00 1.6589729763e+01
1.4934503258e+00 2.2622494413e+00 1.6589734546e+01
1.4934430795e+00 2.2622492036e+00 1.6589732529e+01
1.4934618558e+00 2.2622553882e+00 1.6589727976e+01
1.4934546952e+00 2.2622551899e+00 1.6589725953e+01
1.4934574998e+00 2.2622536375e+00 1.6589730743e+01
1.4934503298e+00 2.2622534330e+00 1.6589728712e+01
-1.6638840663e+00 2.9135826377e+00 1.8483994625e+01
-1.6638760092e+00 2.9135844923e+00 1.8484007884e+01
-1.6638803753e+00 2.9136054255e+00 1.8483989000e+01
-1.6638715308e+00 2.9136078996e+00 1.8484001236e+01
-1.6638781433e+00 2.9135802107e+00 1.8483996286e+01
-1.6638706959e+00 2.9135821823e+00 1.8484009440e+01
-1.6638753789e+00 2.9136034111e+00 1.8483990722e+01
-1.6638658466e+00 2.9136057691e+00 1.8484003165e+01
-1.4772431671e+00 -2.5345733785e+00 1.8334222129e+01
-1.4772366111e+00 -2.5345742841e+00 1.8334223747e+01
-1.4772382658e+00 -2.5345802681e+00 1.8334224718e+01
-1.4772320385e+00 -2.5345812341e+00 1.8334226232e+01
-1.4772360813e+00 -2.5345709357e+00 1.8334229493e+01
-1.4772295643e+00 -2.5345718777e+00 1.8334231130e+01
-1.4772311782e+00 -2.5345778265e+00 1.8334232083e+01
-1.4772249898e+00 -2.5345788289e+00 1.8334233615e+01
1.6651206875e+00 1.3159297595e+00 1.4258490273e+01
1.6651151825e+00 1.3159274173e+00 1.4258487486e+01
1.6651145905e+00 1.3159308020e+00 1.4258493980e+01
1.6651092456e+00 1.3159285961e+00 1.4258491374e+01
1.6651046630e+00 1.3159282620e+00 1.4258491057e+01
1.6651002070e+00 1.3159259813e+00 1.4258487964e+01
1.6650988045e+00 1.3159292791e+00 1.4258494945e+01
1.6650941601e+00 1.3159268265e+00 1.4258491653e+01
-6.6298971886e+00 -3.2891343944e+00 1.3278696921e+01
-6.6299031095e+00 -3.2891526399e+00 1.3278674594e+01
-6.6299028563e+00 -3.2891502734e+00 1.3278694341e+01
-6.6299087722e+00 -3.2891685255e+00 1.3278672007e+01
-6.6299362685e+00 -3.2891448406e+00 1.3278683177e+01
-6.6299423150e+00 -3.2891637962e+00 1.3278660781e+01
-6.6299417750e+00 -3.2891598010e+00 1.3278682515e+01
-6.6299478079e+00 -3.2891787986e+00 1.3278660144e+01
5.3411114743e+00 -1.6273242428e+00 1.7767682374e+01
5.3411147778e+00 -1.6273248752e+00 1.7767686658e+01
5.3411125637e+00 -1.6273221436e+00 1.7767687652e+01
5.3411161431e+00 -1.6273226595e+00 1.7767692289e+01
5.3411028154e+00 -1.6273249869e+00 1.7767686018e+01
5.3411060585e+00 -1.6273253892e+00 1.7767690694e+01
5.3411039086e+00 -1.6273228873e+00 1.7767691290e+01
5.3411074272e+00 -1.6273231736e+00 1.7767696317e+01
-5.3540546355e+00 6.8054270224e+00 1.7850820113e+01
-5.3540567107e+00 6.8054241234e+00 1.7850805870e+01
-5.3540540351e+00 6.8054202932e+00 1.7850812130e+01
-5.3540561612e+00 6.8054174034e+00 1.7850797904e+01
-5.3540481359e+00 6.8054240883e+00 1.7850820245e+01
-5.3540498881e+00 6.8054212653e+00 1.7850806027e+01
-5.3540475718e+00 6.8054172982e+00 1.7850812352e+01
-5.3540493749e+00 6.8054144843e+00 1.7850798152e+01
-5.8053287597e+00 -6.3245308384e+00 1.3515273501e+01
-5.8053228369e+00 -6.3245167342e+00 1.3515299743e+01
-5.8053248923e+00 -6.3245433145e+00 1.3515272124e+01
-5.8053185552e+00 -6.3245299124e+00 1.3515297825e+01
-5.8053529128e+00 -6.3245352372e+00 1.3515266392e+01
-5.8053495796e+00 -6.3245231009e+00 1.3515292985e+01
-5.8053491884e+00 -6.3245475364e+00 1.3515264901e+01
-5.8053454444e+00 -6.3245354041e+00 1.3515291085e+01
5.5896092743e-01 -3.0141978817e-01 1.6553704922e+01
5.5896223646e-01 -3.0142265075e-01 1.6553699573e+01
5.5896823134e-01 -3.0143566913e-01 1.6553699227e+01
5.5896918409e-01 -3.0143898088e-01 1.6553693757e+01
5.5895990285e-01 -3.0141707092e-01 1.6553706444e+01
5.5896121129e-01 -3.0141993430e-01 1.6553701096e+01
5.5896724398e-01 -3.0143313992e-01 1.6553700553e+01
5.5896819606e-01 -3.0143645238e-01 1.6553695085e+01
2.7147080352e+00 -5.9347348967e+00 1.3530665947e+01
2.7147067477e+00 -5.9347332831e+00 1.3530675150e+01
2.7147127176e+00 -5.9347501183e+00 1.3530666540e+01
2.7147114216e+00 -5.9347485287e+00 1.3530675754e+01
2.7147100992e+00 -5.9347428175e+00 1.3530657230e+01
2.7147094068e+00 -5.9347412124e+00 1.3530666372e+01
2.7147147811e+00 -5.9347580442e+00 1.3530657820e+01
2.7147140802e+00 -5.9347564630e+00 1.3530666974e+01
3.3143456992e+00 7.4204666251e-01 1.6527622426e+01
3.3143408094e+00 7.4204935794e-01 1.6527619807e+01
3.3143378727e+00 7.4205113302e-01 1.6527619755e+01
3.3143328666e+00 7.4205351415e-01 1.6527616972e+01
3.3143485825e+00 7.4204697461e-01 1.6527616387e+01
3.3143437561e+00 7.4204965594e-01 1.6527613773e+01
3.3143399684e+00 7.4205095126e-01 1.6527612826e+01
3.3143349923e+00 7.4205333889e-01 1.6527610028e+01
2.6866874658e+00 -1.6690880626e+00 1.5791142531e+01
2.6866823564e+00 -1.6690961944e+00 1.5791159976e+01
2.6866821567e+00 -1.6690897682e+00 1.5791142449e+01
2.6866770546e+00 -1.6690978108e+00 1.5791159808e+01
2.6866941707e+00 -1.6690916567e+00 1.5791145329e+01
2.6866884739e+00 -1.6690991913e+00 1.5791163276e+01
2.6866888747e+00 -1.6690932132e+00 1.5791145131e+01
2.6866831706e+00 -1.6691008192e+00 1.5791163111e+01
2.3526903746e+00 5.2228336876e+00 1.6573003969e+01
2.3526956462e+00 5.2228363998e+00 1.6572997363e+01
2.3526889293e+00 5.2228286270e+00 1.6572995655e+01
2.3526942323e+00 5.2228310982e+00 1.6572989290e+01
2.3526721923e+00 5.2228323081e+00 1.6573017248e+01
2.3526776885e+00 5.2228347652e+00 1.6573010467e+01
2.3526705515e+00 5.2228279072e+00 1.6573008145e+01
2.3526761782e+00 5.2228306246e+00 1.6573001189e+01
1.2056443166e+00 -1.7458321143e+00 1.5152873094e+01
1.2056577429e+00 -1.7458241790e+00 1.5152891113e+01
1.2056481564e+00 -1.7458205588e+00 1.5152875507e+01
1.2056615815e+00 -1.7458128808e+00 1.5152893405e+01
1.2056291787e+00 -1.7458233673e+00 1.5152885944e+01
1.2056428059e+00 -1.7458155996e+00 1.5152903582e+01
1.2056330889e+00 -1.7458120208e+00 1.5152888041e+01
1.2056464480e+00 -1.7458041088e+00 1.5152905898e+01
-5.0759722307e+00 9.6367932670e-01 -1.6861031322e+01
-5.0759726398e+00 9.6368144506e-01 -1.6860997677e+01
-5.0759735124e+00 9.6370788283e-01 -1.6861033670e+01
-5.0759761850e+00 9.6370907803e-01 -1.6860999648e+01
-5.0759572706e+00 9.6367697451e-01 -1.6861028140e+01
-5.0759577268e+00 9.6367873060e-01 -1.6860994870e+01
-5.0759589968e+00 9.6370527708e-01 -1.6861030872e+01
-5.0759612404e+00 9.6370661378e-01 -1.6860996513e+01
2.3559376425e+00 -4.5755817558e+00 -2.0895236320e+01
2.3559273047e+00 -4.5755839340e+00 -2.0895206358e+01
2.3559429762e+00 -4.5755886455e+00 -2.0895239955e+01
2.3559325968e+00 -4.5755907775e+00 -2.0895210043e+01
2.3559603215e+00 -4.5755723084e+00 -2.0895240702e+01
2.3559499130e+00 -4.5755748446e+00 -2.0895210052e+01
2.3559659303e+00 -4.5755796463e+00 -2.0895244317e+01
2.3559555094e+00 -4.5755821427e+00 -2.0895213708e+01
4.1838631972e+00 2.1910024026e+00 -1.7311693666e+01
4.1838617365e+00 2.1910063232e+00 -1.7311682892e+01
4.1838662059e+00 2.1910131837e+00 -1.7311694743e+01
4.1838646483e+00 2.1910157968e+00 -1.7311683216e+01
4.1838637269e+00 2.1910095884e+00 -1.7311690591e+01
4.1838621528e+00 2.1910133221e+00 -1.7311679831e+01
4.1838657042e+00 2.1910206801e+00 -1.7311690958e+01
4.1838641467e+00 2.1910232920e+00 -1.7311679432e+01
-3.4395239817e+00 6.3816065254e-01 -1.6446862705e+01
-3.4395283921e+00 6.3816614342e-01 -1.6446854565e+01
-3.4395245679e+00 6.3815827160e-01 -1.6446864395e+01
-3.4395290860e+00 6.3816384954e-01 -1.6446856155e+01
-3.4395390453e+00 6.3815261923e-01 -1.6446863493e+01
-3.4395433547e+00 6.3815805214e-01 -1.6446855003e+01
-3.4395400064e+00 6.3815017144e-01 -1.6446865315e+01
-3.4395443394e+00 6.3815558428e-01 -1.6446856866e+01
-5.0292415455e+00 5.9766326482e+00 -1.3886816580e+01
-5.0292421149e+00 5.9766290126e+00 -1.3886805164e+01
-5.0292405874e+00 5.9766327166e+00 -1.3886818125e+01
-5.0292411602e+00 5.9766290825e+00 -1.3886806711e+01
-5.0292424964e+00 5.9766307778e+00 -1.3886828546e+01
-5.0292430638e+00 5.9766271446e+00 -1.3886817127e+01
-5.0292415326e+00 5.9766303478e+00 -1.3886830258e+01
-5.0292421035e+00 5.9766267161e+00 -1.3886818840e+01
3.1760580441e+00 1.6224067492e+00 -1.4828306372e+01
3.1760586266e+00 1.6224135128e+00 -1.4828293526e+01
3.1760581229e+00 1.6224103744e+00 -1.4828315499e+01
3.1760587176e+00 1.6224171326e+00 -1.4828302653e+01
3.1760489561e+00 1.6224069978e+00 -1.4828316548e+01
3.1760494068e+00 1.6224139535e+00 -1.4828303383e+01
3.1760487331e+00 1.6224104530e+00 -1.4828325420e+01
3.1760491794e+00 1.6224174147e+00 -1.4828312245e+01
5.5959455129e+00 1.1288299120e+00 -1.3182946064e+01
5.5959657602e+00 1.1288336592e+00 -1.3182903624e+01
5.5959447427e+00 1.1288410301e+00 -1.3182951327e+01
5.5959650519e+00 1.1288448213e+00 -1.3182908878e+01
5.5959413663e+00 1.1288227415e+00 -1.3182952195e+01
5.5959618249e+00 1.1288264583e+00 -1.3182909989e+01
5.5959404568e+00 1.1288336464e+00 -1.3182957521e+01
5.5959611048e+00 1.1288376190e+00 -1.3182915246e+01
-3.0360447363e+00 5.1392712482e-02 -1.4952534256e+01
-3.0360323290e+00 5.1394258089e-02 -1.4952513547e+01
-3.0360487450e+00 5.1390603173e-02 -1.4952540910e+01
-3.0360366112e+00 5.1391668415e-02 -1.4952520190e+01
-3.0360590254e+00 5.1395853598e-02 -1.4952540694e+01
-3.0360464222e+00 5.1397754983e-02 -1.4952519690e+01
-3.0360629942e+00 5.1393660785e-02 -1.4952547564e+01
-3.0360505913e+00 5.1395130906e-02 -1.4952526494e+01
2.4298030559e+00 3.2287787905e+00 -1.8618683632e+01
2.4298093128e+00 3.2287854613e+00 -1.8618668573e+01
2.4298061596e+00 3.2287781395e+00 -1.8618684777e+01
2.4298124025e+00 3.2287847995e+00 -1.8618669736e+01
2.4298045425e+00 3.2287720798e+00 -1.8618691712e+01
2.4298108017e+00 3.2287787259e+00 -1.8618676678e+01
2.4298076465e+00 3.2287714287e+00 -1.8618692857e+01
2.4298138915e+00 3.2287780642e+00 -1.8618677841e+01
-2.8483903109e+00 -7.4118572430e-01 -1.4814851710e+01
-2.8483839325e+00 -7.4119109765e-01 -1.4814815240e+01
-2.8483816736e+00 -7.4116208096e-01 -1.4814858081e+01
-2.8483748044e+00 -7.4116684062e-01 -1.4814821067e+01
-2.8484160570e+00 -7.4118937403e-01 -1.4814861037e+01
-2.8484095294e+00 -7.4119485857e-01 -1.4814823658e+01
-2.8484066838e+00 -7.4116646948e-01 -1.4814867767e+01
-2.8483990034e+00 -7.4117104472e-01 -1.4814830195e+01
2.8468765824e+00 7.0890768219e+00 -1.8402253210e+01
2.8468762744e+00 7.0890741747e+00 -1.8402239323e+01
2.8468778624e+00 7.0890858006e+00 -1.8402248514e+01
2.8468773991e+00 7.0890837750e+00 -1.8402235187e+01
2.8469020250e+00 7.0890789309e+00 -1.8402254197e+01
2.8469017390e+00 7.0890764018e+00 -1.8402240286e+01
2.8469031765e+00 7.0890882612e+00 -1.8402249632e+01
2.8469027366e+00 7.0890863634e+00 -1.8402236260e+01
2.6592553302e+00 -5.4178143942e+00 -1.5953983156e+01
2.6592521657e+00 -5.4178139034e+00 -1.5953965565e+01
2.6592500826e+00 -5.4178027762e+00 -1.5953983462e+01
2.6592468026e+00 -5.4178023203e+00 -1.5953965547e+01
2.6592569148e+00 -5.4178243234e+00 -1.5953982918e+01
2.6592541091e+00 -5.4178238384e+00 -1.5953965337e+01
2.6592520203e+00 -5.4178127050e+00 -1.5953983228e+01
2.6592487411e+00 -5.4178122492e+00 -1.5953965310e+01
-9.6657953622e-01 -2.0087154480e+00 -1.7462709250e+01
-9.6658645851e-01 -2.0087237606e+00 -1.7462700464e+01
-9.6658250527e-01 -2.0087158876e+00 -1.7462709275e+01
-9.6658941645e-01 -2.0087242062e+00 -1.7462700473e+01
-9.6659621241e-01 -2.0087124970e+00 -1.7462709931e+01
-9.6660184967e-01 -2.0087201173e+00 -1.7462700291e+01
-9.6659910578e-01 -2.0087127710e+00 -1.7462709846e+01
-9.6660474372e-01 -2.0087203915e+00 -1.7462700207e+01
2.3362307194e-01 -4.9825560348e+00 -1.5320181995e+01
2.3362290278e-01 -4.9825538348e+00 -1.5320174014e+01
2.3361173302e-01 -4.9825595342e+00 -1.5320178694e+01
2.3361164958e-01 -4.9825573232e+00 -1.5320170770e+01
2.3362149492e-01 -4.9825536457e+00 -1.5320176568e+01
2.3362139503e-01 -4.9825515099e+00 -1.5320168178e+01
2.3361016169e-01 -4.9825571547e+00 -1.5320173270e+01
2.3361014753e-01 -4.9825550079e+00 -1.5320164938e+01
-3.1405784948e+00 2.9486711703e+00 -1.1584172678e+01
-3.1405755119e+00 2.9486669571e+00 -1.1584159763e+01
-3.1405789597e+00 2.9486706034e+00 -1.1584172441e+01
-3.1405759773e+00 2.9486663910e+00 -1.1584159527e+01
-3.1406071630e+00 2.9486724262e+00 -1.1584174464e+01
-3.1406040175e+00 2.9486683376e+00 -1.1584161678e+01
-3.1406077616e+00 2.9486719494e+00 -1.1584174334e+01
-3.1406045641e+00 2.9486678310e+00 -1.1584161548e+01
2.4051579636e+00 -1.1519448270e+01 -1.7504782432e+01
2.4051592123e+00 -1.1519446065e+01 -1.7504767154e+01
2.4051676928e+00 -1.1519454887e+01 -1.7504779832e+01
2.4051689106e+00 -1.1519452676e+01 -1.7504764572e+01
2.4051604820e+00 -1.1519450109e+01 -1.7504794306e+01
2.4051617461e+00 -1.1519448224e+01 -1.7504779376e+01
2.4051698738e+00 -1.1519456693e+01 -1.7504791690e+01
2.4051711071e+00 -1.1519454803e+01 -1.7504776777e+01
4.2390596455e+00 1.4299893953e+00 1.9548223594e+01
4.2390600768e+00 1.4299889627e+00 1.9548225850e+01
4.2390609831e+00 1.4299850308e+00 1.9548233460e+01
4.2390610916e+00 1.4299849540e+00 1.9548235205e+01
4.2390465829e+00 1.4299896807e+00 1.9548230931e+01
4.2390468646e+00 1.4299894037e+00 1.9548232852e+01
4.2390479206e+00 1.4299853167e+00 1.9548240798e+01
4.2390478839e+00 1.4299852979e+00 1.9548242268e+01
3.8964486144e+00 -1.5327779598e+00 1.1991358296e+01
3.8964554562e+00 -1.5327804114e+00 1.1991349561e+01
3.8964495840e+00 -1.5327747056e+00 1.1991355941e+01
3.8964564443e+00 -1.5327771300e+00 1.1991347262e+01
3.8964320351e+00 -1.5327748757e+00 1.1991361270e+01
3.8964392711e+00 -1.5327773352e+00 1.1991352558e+01
3.8964330071e+00 -1.5327716212e+00 1.1991358916e+01
3.8964402616e+00 -1.5327740534e+00 1.1991350258e+01
-2.4077295923e-01 3.3964448761e+00 1.6364496859e+01
-2.4077120276e-01 3.3964490178e+00 1.6364495371e+01
-2.4077338228e-01 3.3964477512e+00 1.6364498226e+01
-2.4077157611e-01 3.3964519498e+00 1.6364496823e+01
-2.4077366068e-01 3.3964565272e+00 1.6364505281e+01
-2.4077189450e-01 3.3964606611e+00 1.6364503797e+01
-2.4077406459e-01 3.3964593841e+00 1.6364506653e+01
-2.4077220822e-01 3.3964636222e+00 1.6364505223e+01
-3.6553956377e+00 -1.8810489635e+00 1.6931289560e+01
-3.6554076350e+00 -1.8810520560e+00 1.6931283372e+01
-3.6553953577e+00 -1.8810473956e+00 1.6931290774e+01
-3.6554073724e+00 -1.8810504750e+00 1.6931284650e+01
-3.6554003286e+00 -1.8810492907e+00 1.6931301353e+01
-3.6554126272e+00 -1.8810518153e+00 1.6931295829e+01
-3.6554001277e+00 -1.8810478882e+00 1.6931302671e+01
-3.6554124099e+00 -1.8810504316e+00 1.6931297084e+01
-2.8846649639e+00 1.9418821494e+00 1.7252824785e+01
-2.8846696718e+00 1.9418862536e+00 1.7252818177e+01
-2.8846648255e+00 1.9418813153e+00 1.7252829927e+01
-2.8846695383e+00 1.9418854253e+00 1.7252823324e+01
-2.8846578151e+00 1.9418839657e+00 1.7252826628e+01
-2.8846625608e+00 1.9418881324e+00 1.7252820044e+01
-2.8846576896e+00 1.9418832357e+00 1.7252831685e+01
-2.8846624357e+00 1.9418874051e+00 1.7252825108e+01
8.6130750648e-01 4.4706923599e-01 1.7260769065e+01
8.6130770297e-01 4.4706986807e-01 1.7260774373e+01
8.6131189081e-01 4.4706562671e-01 1.7260771953e+01
8.6131220684e-01 4.4706633246e-01 1.7260777357e+01
8.6131167721e-01 4.4705952890e-01 1.7260763776e+01
8.6131133287e-01 4.4706019439e-01 1.7260769213e+01
8.6131609715e-01 4.4705615832e-01 1.7260767027e+01
8.6131587234e-01 4.4705689748e-01 1.7260772559e+01
-1.7758470823e+00 2.3626714557e-01 1.4187967336e+01
-1.7758449271e+00 2.3626605767e-01 1.4187969193e+01
-1.7758463502e+00 2.3626464099e-01 1.4187971695e+01
-1.7758441937e+00 2.3626356615e-01 1.4187973575e+01
-1.7758558221e+00 2.3626314094e-01 1.4187963540e+01
-1.7758536650e+00 2.3626200404e-01 1.4187965394e+01
-1.7758551370e+00 2.3626035865e-01 1.4187968033e+01
-1.7758529785e+00 2.3625923481e-01 1.4187969910e+01
-6.4672543326e-01 2.7983996795e+00 2.2006061279e+01
-6.4672242148e-01 2.7983988582e+00 2.2006072314e+01
-6.4672991562e-01 2.7983929252e+00 2.2006065815e+01
-6.4672732673e-01 2.7983923961e+00 2.2006077210e+01
-6.4674966724e-01 2.7984075143e+00 2.2006062633e+01
-6.4674551925e-01 2.7984069051e+00 2.2006073633e+01
-6.4675400939e-01 2.7984009010e+00 2.2006067255e+01
-6.4675059497e-01 2.7984003031e+00 2.2006078541e+01
-2.3640521512e+00 4.9367088937e+00 2.2985682196e+01
-2.3640487456e+00 4.9367099513e+00 2.2985668433e+01
-2.3640511691e+00 4.9367104557e+00 2.2985692926e+01
-2.3640477681e+00 4.9367116697e+00 2.2985679062e+01
-2.3640344711e+00 4.9367087771e+00 2.2985674134e+01
-2.3640310850e+00 4.9367101158e+00 2.2985660451e+01
-2.3640334346e+00 4.9367103038e+00 2.2985684875e+01
-2.3640300531e+00 4.9367117989e+00 2.2985671091e+01
-1.8872354711e+00 -1.8358324830e+00 1.6274948302e+01
-1.8872376408e+00 -1.8358387916e+00 1.6274953055e+01
-1.8872390025e+00 -1.8358417910e+00 1.6274957823e+01
-1.8872412256e+00 -1.8358482838e+00 1.6274962066e+01
-1.8872228695e+00 -1.8358368597e+00 1.6274949895e+01
-1.8872249901e+00 -1.8358431464e+00 1.6274954591e+01
-1.8872264196e+00 -1.8358461848e+00 1.6274959415e+01
-1.8872285936e+00 -1.8358526557e+00 1.6274963600e+01
-1.1002832890e+00 -1.2062759594e+00 2.0017174860e+01
-1.1002825654e+00 -1.2062811642e+00 2.0017189691e+01
-1.1002839144e+00 -1.2062734702e+00 2.0017184249e+01
-1.1002832754e+00 -1.2062784663e+00 2.0017198887e+01
-1.1002896546e+00 -1.2062729371e+00 2.0017188183e+01
-1.1002886882e+00 -1.2062783427e+00 2.0017202804e+01
-1.1002902792e+00 -1.2062704495e+00 2.0017197572e+01
-1.1002893923e+00 -1.2062756489e+00 2.0017211999e+01
2.8217575821e+00 -7.8947035057e-01 1.5898262629e+01
2.8217566405e+00 -7.8946766864e-01 1.5898258758e+01
2.8217519600e+00 -7.8947271045e-01 1.5898265921e+01
2.8217510014e+00 -7.8947006924e-01 1.5898262041e+01
2.8217509917e+00 -7.8947534029e-01 1.5898260886e+01
2.8217500493e+00 -7.8947264962e-01 1.5898256991e+01
2.8217453703e+00 -7.8947770093e-01 1.5898264179e+01
2.8217444097e+00 -7.8947505083e-01 1.5898260275e+01
8.0051669255e-01 7.8517523374e-01 1.6010107803e+01
8.0050218576e-01 7.8517819767e-01 1.6010136439e+01
8.0051623787e-01 7.8518222003e-01 1.6010114599e+01
8.0050189556e-01 7.8518496687e-01 1.6010143301e+01
8.0051240054e-01 7.8517706843e-01 1.6010104420e+01
8.0049824823e-01 7.8518025594e-01 1.6010133478e+01
8.0051194626e-01 7.8518405490e-01 1.6010111217e+01
8.0049819538e-01 7.8518727765e-01 1.6010140803e+01
-5.0882804420e-01 -3.3861990352e+00 1.5894930907e+01
-5.0882961823e-01 -3.3861969981e+00 1.5894927488e+01
-5.0882921554e-01 -3.3861986286e+00 1.5894923045e+01
-5.0883082388e-01 -3.3861966006e+00 1.5894919650e+01
-5.0882059986e-01 -3.3861950141e+00 1.5894934330e+01
-5.0882224065e-01 -3.3861929545e+00 1.5894930863e+01
-5.0882178027e-01 -3.3861946127e+00 1.5894926444e+01
-5.0882345535e-01 -3.3861925622e+00 1.5894923001e+01
2.1398250717e+00 3.7567095646e+00 1.5922690569e+01
2.1398265189e+00 3.7567117962e+00 1.5922712074e+01
2.1398254155e+00 3.7567114904e+00 1.5922696167e+01
2.1398269333e+00 3.7567136385e+00 1.5922718096e+01
2.1398180551e+00 3.7567057773e+00 1.5922685521e+01
2.1398200538e+00 3.7567080724e+00 1.5922707236e+01
2.1398183337e+00 3.7567078276e+00 1.5922691173e+01
2.1398201364e+00 3.7567100845e+00 1.5922712848e+01
-2.6156611411e+00 -4.9624911588e+00 1.5747304998e+01
-2.6156568599e+00 -4.9624900712e+00 1.5747312308e+01
-2.6156579228e+00 -4.9625043687e+00 1.5747305243e+01
-2.6156536260e+00 -4.9625032926e+00 1.5747312564e+01
-2.6156737303e+00 -4.9624922739e+00 1.5747310395e+01
-2.6156694588e+00 -4.9624911799e+00 1.5747317762e+01
-2.6156708702e+00 -4.9625057223e+00 1.5747310769e+01
-2.6156665830e+00 -4.9625046397e+00 1.5747318147e+01
1.7441781071e+00 1.2153646541e+00 -1.0257112935e+01
1.7441794958e+00 1.2153695342e+00 -1.0257118218e+01
1.7441818039e+00 1.2153928546e+00 -1.0257098574e+01
1.7441830233e+00 1.2153979070e+00 -1.0257103897e+01
1.7441329360e+00 1.2153665625e+00 -1.0257115770e+01
1.7441342418e+00 1.2153713684e+00 -1.0257121061e+01
1.7441344709e+00 1.2153942232e+00 -1.0257101857e+01
1.7441356849e+00 1.2153993351e+00 -1.0257107211e+01
1.9941946918e+00 -2.6747013013e+00 -1.6394035096e+01
1.9941942967e+00 -2.6747054317e+00 -1.6394050635e+01
1.9942048751e+00 -2.6747054682e+00 -1.6394027089e+01
1.9942044600e+00 -2.6747095496e+00 -1.6394042641e+01
1.9941992336e+00 -2.6747039140e+00 -1.6394044055e+01
1.9941989538e+00 -2.6747081203e+00 -1.6394059676e+01
1.9942090844e+00 -2.6747080764e+00 -1.6394036045e+01
1.9942087845e+00 -2.6747122338e+00 -1.6394051678e+01
2.7631755854e+00 -3.8394038253e+00 -1.4618025048e+01
2.7631714760e+00 -3.8393930887e+00 -1.4618041355e+01
2.7631735368e+00 -3.8394057549e+00 -1.4618030717e+01
2.7631691758e+00 -3.8393948665e+00 -1.4618046738e+01
2.7631783524e+00 -3.8393955939e+00 -1.4618022841e+01
2.7631742588e+00 -3.8393848391e+00 -1.4618039159e+01
2.7631763035e+00 -3.8393975229e+00 -1.4618028511e+01
2.7631719583e+00 -3.8393866162e+00 -1.4618044542e+01
8.9142771697e-01 -7.4158555904e-01 -2.0814314368e+01
8.9141926030e-01 -7.4159557709e-01 -2.0814329684e+01
8.9142614118e-01 -7.4158595132e-01 -2.0814314104e+01
8.9141760330e-01 -7.4159605416e-01 -2.0814328842e+01
8.9142611655e-01 -7.4159085173e-01 -2.0814312199e+01
8.9141784801e-01 -7.4160098851e-01 -2.0814327201e+01
8.9142476210e-01 -7.4159181948e-01 -2.0814311906e+01
8.9141641300e-01 -7.4160204084e-01 -2.0814326330e+01
2.7869684611e+00 -1.1217731879e+00 -2.2494356765e+01
2.7869701771e+00 -1.1217669127e+00 -2.2494367334e+01
2.7869714693e+00 -1.1217711278e+00 -2.2494367347e+01
2.7869731860e+00 -1.1217649475e+00 -2.2494377832e+01
2.7869625333e+00 -1.1217738339e+00 -2.2494350178e+01
2.7869644687e+00 -1.1217672137e+00 -2.2494360699e+01
2.7869655718e+00 -1.1217717858e+00 -2.2494360756e+01
2.7869675078e+00 -1.1217652606e+00 -2.2494371194e+01
-4.6472916811e+00 -1.1003683651e+00 -1.4850350148e+01
-4.6472866220e+00 -1.1003690100e+00 -1.4850362794e+01
-4.6472980379e+00 -1.1003628982e+00 -1.4850348472e+01
-4.6472930819e+00 -1.1003633443e+00 -1.4850360808e+01
-4.6472985310e+00 -1.1003650102e+00 -1.4850339950e+01
-4.6472938515e+00 -1.1003658365e+00 -1.4850352234e+01
-4.6473049963e+00 -1.1003599784e+00 -1.4850337925e+01
-4.6473003297e+00 -1.1003605578e+00 -1.4850350345e+01
-5.4377243410e+00 -1.4007259565e+00 -1.9040842055e+01
-5.4377247949e+00 -1.4007249759e+00 -1.9040840661e+01
-5.4377291246e+00 -1.4007190702e+00 -1.9040840318e+01
-5.4377296098e+00 -1.4007181014e+00 -1.9040838590e+01
-5.4377106291e+00 -1.4007241494e+00 -1.9040841342e+01
-5.4377110824e+00 -1.4007231673e+00 -1.9040839950e+01
-5.4377148226e+00 -1.4007171967e+00 -1.9040839735e+01
-5.4377153063e+00 -1.4007162162e+00 -1.9040837994e+01
1.8895378310e+00 -3.3889649941e+00 -1.5083483484e+01
1.8895440180e+00 -3.3889711100e+00 -1.5083495268e+01
1.8895392432e+00 -3.3889547826e+00 -1.5083471567e+01
1.8895449819e+00 -3.3889623777e+00 -1.5083482616e+01
1.8895307755e+00 -3.3889737439e+00 -1.5083496122e+01
1.8895366680e+00 -3.3889799760e+00 -1.5083507554e+01
1.8895317624e+00 -3.3889637821e+00 -1.5083485019e+01
1.8895371575e+00 -3.3889699968e+00 -1.5083496055e+01
-7.5199218753e-01 8.3620400261e+00 -1.4115855040e+01
-7.5198943996e-01 8.3620367357e+00 -1.4115858043e+01
-7.5198356519e-01 8.3620390174e+00 -1.4115874669e+01
-7.5198093370e-01 8.3620356343e+00 -1.4115877811e+01
-7.5198551037e-01 8.3620352494e+00 -1.4115849662e+01
-7.5198279054e-01 8.3620319451e+00 -1.4115852659e+01
-7.5197699094e-01 8.3620328524e+00 -1.4115868497e+01
-7.5197438462e-01 8.3620294478e+00 -1.4115871625e+01
-4.6829839924e+00 4.8522330145e-01 -1.0978943838e+01
-4.6829700618e+00 4.8521652152e-01 -1.0978972816e+01
-4.6829920597e+00 4.8524538389e-01 -1.0978940849e+01
-4.6829798330e+00 4.8523928358e-01 -1.0978968752e+01
-4.6829778877e+00 4.8522438974e-01 -1.0978949429e+01
-4.6829639705e+00 4.8521767676e-01 -1.0978978268e+01
-4.6829860856e+00 4.8524637465e-01 -1.0978946618e+01
-4.6829739582e+00 4.8524011170e-01 -1.0978974489e+01
1.1804492295e-01 5.5211688736e+00 -1.7165909165e+01
1.1804682927e-01 5.5211643862e+00 -1.7165922954e+01
1.1804042619e-01 5.5211668446e+00 -1.7165914897e+01
1.1804232384e-01 5.5211620658e+00 -1.7165928494e+01
1.1805036648e-01 5.5211759708e+00 -1.7165910767e+01
1.1805222792e-01 5.5211715196e+00 -1.7165924591e+01
1.1804592022e-01 5.5211739103e+00 -1.7165916500e+01
1.1804777299e-01 5.5211691677e+00 -1.7165930131e+01
2.8852788814e+00 -4.9969514162e+00 -1.6328204414e+01
2.8852734914e+00 -4.9969480522e+00 -1.6328200731e+01
2.8852722773e+00 -4.9969461400e+00 -1.6328204759e+01
2.8852666310e+00 -4.9969425013e+00 -1.6328201091e+01
2.8852767129e+00 -4.9969585118e+00 -1.6328208273e+01
2.8852713937e+00 -4.9969552431e+00 -1.6328204573e+01
2.8852700663e+00 -4.9969532684e+00 -1.6328208617e+01
2.8852645342e+00 -4.9969496926e+00 -1.6328204932e+01
7.4011131709e+00 5.2439150392e+00 -1.4508109093e+01
7.4011058275e+00 5.2439053982e+00 -1.4508123936e+01
7.4011200942e+00 5.2439292608e+00 -1.4508099583e+01
7.4011122196e+00 5.2439197074e+00 -1.4508114400e+01
7.4010749624e+00 5.2439031876e+00 -1.4508124405e+01
7.4010680366e+00 5.2438938653e+00 -1.4508139045e+01
7.4010821807e+00 5.2439167720e+00 -1.4508114680e+01
7.4010749436e+00 5.2439088964e+00 -1.4508130064e+01
-4.2179112269e-01 1.3911471255e+00 -1.9430884743e+01
-4.2178692686e-01 1.3911484097e+00 -1.9430902371e+01
-4.2179208343e-01 1.3911481833e+00 -1.9430883978e+01
-4.2178786896e-01 1.3911495477e+00 -1.9430901611e+01
-4.2179596724e-01 1.3911437274e+00 -1.9430878604e+01
-4.2179169348e-01 1.3911450873e+00 -1.9430896176e+01
-4.2179696660e-01 1.3911448112e+00 -1.9430877842e+01
-4.2179267419e-01 1.3911462512e+00 -1.9430895420e+01
-2.9379309633e+00 -2.4337200259e-01 -1.9279022998e+01
-2.9379344667e+00 -2.4338307744e-01 -1.9279010712e+01
-2.9379264462e+00 -2.4338461797e-01 -1.9279023953e+01
-2.9379293891e+00 -2.4339506882e-01 -1.9279011881e+01
-2.9379473193e+00 -2.4336404886e-01 -1.9279015910e+01
-2.9379501912e+00 -2.4337600174e-01 -1.9279004164e+01
-2.9379428416e+00 -2.4337647351e-01 -1.9279016958e+01
-2.9379450133e+00 -2.4338788059e-01 -1.9279005216e+01
-3.1335691416e+00 -7.9300341081e-01 -2.0364073219e+01
-3.1335680952e+00 -7.9299250499e-01 -2.0364062759e+01
-3.1335643167e+00 -7.9300546244e-01 -2.0364077619e+01
-3.1335632817e+00 -7.9299443592e-01 -2.0364066858e+01
-3.1335758188e+00 -7.9300433047e-01 -2.0364072525e+01
-3.1335745417e+00 -7.9299257885e-01 -2.0364061554e+01
-3.1335710067e+00 -7.9300635753e-01 -2.0364076925e+01
-3.1335696060e+00 -7.9299476565e-01 -2.0364065649e+01
