9.5530737225e-02 2.5493832366e+00 -1.2554878437e+00
9.5530139809e-02 2.5493825865e+00 -1.2554771544e+00
9.5531799084e-02 2.5493882961e+00 -1.2554837535e+00
9.5531350539e-02 2.5493879591e+00 -1.2554729887e+00
9.5530317335e-02 2.5493865066e+00 -1.2554909703e+00
9.5529765641e-02 2.5493858338e+00 -1.2554803827e+00
9.5531444490e-02 2.5493915154e+00 -1.2554868803e+00
9.5530922261e-02 2.5493910940e+00 -1.2554760962e+00
-9.4005841054e-01 -1.0287166271e+00 -5.1323643816e+00
-9.4005965640e-01 -1.0287172509e+00 -5.1323709182e+00
-9.4005581808e-01 -1.0287183723e+00 -5.1323677696e+00
-9.4005709655e-01 -1.0287191327e+00 -5.1323745288e+00
-9.4005639012e-01 -1.0287190357e+00 -5.1323662453e+00
-9.4005763364e-01 -1.0287196641e+00 -5.1323727834e+00
-9.4005376336e-01 -1.0287207547e+00 -5.1323696018e+00
-9.4005503084e-01 -1.0287214815e+00 -5.1323763752e+00
8.4659826756e-01 8.2255545129e-02 3.8945986975e+00
8.4659314457e-01 8.2254404638e-02 3.8945960737e+00
8.4659886429e-01 8.2254854386e-02 3.8945994945e+00
8.4659382981e-01 8.2253670655e-02 3.8945968027e+00
8.4659919160e-01 8.2257160731e-02 3.8945989200e+00
8.4659399371e-01 8.2255973414e-02 3.8945963259e+00
8.4659976440e-01 8.2256699133e-02 3.8945994755e+00
8.4659465503e-01 8.2255468582e-02 3.8945968133e+00
1.0970149012e+00 6.0705834583e-01 9.8209285220e-01
1.0970134543e+00 6.0706022402e-01 9.8208796460e-01
1.0970171501e+00 6.0705773979e-01 9.8209460551e-01
1.0970156345e+00 6.0705959689e-01 9.8208966159e-01
1.0970118476e+00 6.0705723093e-01 9.8209105516e-01
1.0970102593e+00 6.0705909779e-01 9.8208606079e-01
1.0970140639e+00 6.0705663250e-01 9.8209271197e-01
1.0970124895e+00 6.0705851047e-01 9.8208772837e-01
3.5580159723e-01 9.8738784629e-01 1.2072905420e+00
3.5580057945e-01 9.8738841583e-01 1.2072875653e+00
3.5580139415e-01 9.8738508724e-01 1.2072917476e+00
3.5580040766e-01 9.8738568819e-01 1.2072887504e+00
3.5580197639e-01 9.8738725522e-01 1.2072917335e+00
3.5580095688e-01 9.8738806740e-01 1.2072886030e+00
3.5580157289e-01 9.8738460889e-01 1.2072931130e+00
3.5580058275e-01 9.8738545263e-01 1.2072899621e+00
4.6678071828e-01 -1.2876335761e+00 -4.0953016752e-01
4.6678017026e-01 -1.2876335701e+00 -4.0953468139e-01
4.6677803438e-01 -1.2876359436e+00 -4.0952780228e-01
4.6677749385e-01 -1.2876359443e+00 -4.0953231509e-01
4.6677929183e-01 -1.2876332850e+00 -4.0953192027e-01
4.6677897273e-01 -1.2876334103e+00 -4.0953665138e-01
4.6677662912e-01 -1.2876355928e+00 -4.0952957808e-01
4.6677631164e-01 -1.2876357188e+00 -4.0953431009e-01
-1.4379797953e+00 2.0570611285e+00 -4.0753800379e+00
-1.4379752469e+00 2.0570613212e+00 -4.0753839766e+00
-1.4379811782e+00 2.0570578674e+00 -4.0753772124e+00
-1.4379768277e+00 2.0570580101e+00 -4.0753811108e+00
-1.4379809559e+00 2.0570592269e+00 -4.0753764320e+00
-1.4379764078e+00 2.0570594221e+00 -4.0753803719e+00
-1.4379823419e+00 2.0570559713e+00 -4.0753736066e+00
-1.4379779908e+00 2.0570561165e+00 -4.0753775059e+00
-1.3860186999e+00 -2.9143308719e+00 -7.5931247118e-01
-1.3860142890e+00 -2.9143287404e+00 -7.5931827484e-01
-1.3860192796e+00 -2.9143280869e+00 -7.5931300542e-01
-1.3860149256e+00 -2.9143259040e+00 -7.5931870737e-01
-1.3860223018e+00 -2.9143295738e+00 -7.5931769636e-01
-1.3860178905e+00 -2.9143274416e+00 -7.5932350025e-01
-1.3860228151e+00 -2.9143267548e+00 -7.5931839050e-01
-1.3860184318e+00 -2.9143246517e+00 -7.5932409429e-01
-3.7453425426e-01 -1.0268394227e+00 -4.2870601266e-01
-3.7452893236e-01 -1.0268376554e+00 -4.2869322035e-01
-3.7453404332e-01 -1.0268382476e+00 -4.2870219771e-01
-3.7452874914e-01 -1.0268364524e+00 -4.2868942730e-01
-3.7454022495e-01 -1.0268409664e+00 -4.2870466025e-01
-3.7453534015e-01 -1.0268386170e+00 -4.2869215584e-01
-3.7454012828e-01 -1.0268397392e+00 -4.2870100477e-01
-3.7453517250e-01 -1.0268374273e+00 -4.2868838045e-01
-4.4913937211e-02 -5.5823594720e-02 -4.0584889496e+00
-4.4912492238e-02 -5.5827440762e-02 -4.0584938885e+00
-4.4911447455e-02 -5.5820767932e-02 -4.0584848649e+00
-4.4909925789e-02 -5.5824601117e-02 -4.0584898521e+00
-4.4925567284e-02 -5.5823714532e-02 -4.0584921252e+00
-4.4923969233e-02 -5.5827467733e-02 -4.0584971436e+00
-4.4923340254e-02 -5.5820476678e-02 -4.0584885929e+00
-4.4921799125e-02 -5.5824241754e-02 -4.0584935795e+00
-7.6873009652e-01 -1.2747982437e+00 3.0836036295e+00
-7.6873405745e-01 -1.2747942877e+00 3.0836104201e+00
-7.6872632700e-01 -1.2747970963e+00 3.0836091735e+00
-7.6873034739e-01 -1.2747932674e+00 3.0836160238e+00
-7.6872828183e-01 -1.2747974073e+00 3.0836022029e+00
-7.6873222932e-01 -1.2747933938e+00 3.0836090442e+00
-7.6872463380e-01 -1.2747962535e+00 3.0836077490e+00
-7.6872862819e-01 -1.2747924059e+00 3.0836146666e+00
1.2098035636e+00 3.8214248903e-01 -2.3168990662e+00
1.2098021990e+00 3.8214165876e-01 -2.3169038552e+00
1.2098030232e+00 3.8214538475e-01 -2.3168918265e+00
1.2098016557e+00 3.8214452597e-01 -2.3168967177e+00
1.2098080978e+00 3.8214292240e-01 -2.3169021409e+00
1.2098068034e+00 3.8214175384e-01 -2.3169066093e+00
1.2098075703e+00 3.8214581839e-01 -2.3168949047e+00
1.2098062839e+00 3.8214491444e-01 -2.3168997597e+00
3.2020839605e-01 4.3586807373e-01 3.3201970312e+00
3.2020877069e-01 4.3587214632e-01 3.3201926097e+00
3.2020679161e-01 4.3587466350e-01 3.3202004523e+00
3.2020690969e-01 4.3587854527e-01 3.3201958990e+00
3.2020254692e-01 4.3586950447e-01 3.3201927445e+00
3.2020295105e-01 4.3587349516e-01 3.3201883513e+00
3.2020121106e-01 4.3587531781e-01 3.3201959143e+00
3.2020133536e-01 4.3587920340e-01 3.3201913576e+00
5.3591041638e-01 -2.0209859393e-01 1.0284673162e+00
5.3590835913e-01 -2.0210178785e-01 1.0284787900e+00
5.3590825111e-01 -2.0209960270e-01 1.0284727654e+00
5.3590629578e-01 -2.0210264790e-01 1.0284842149e+00
5.3591014374e-01 -2.0210020249e-01 1.0284705440e+00
5.3590814584e-01 -2.0210322916e-01 1.0284819072e+00
5.3590808113e-01 -2.0210128069e-01 1.0284760450e+00
5.3590618538e-01 -2.0210416572e-01 1.0284873835e+00
9.1110105418e-01 1.0655932181e+00 -4.6160098473e+00
9.1110045249e-01 1.0655946590e+00 -4.6160110914e+00
9.1109757989e-01 1.0655946012e+00 -4.6160061605e+00
9.1109712791e-01 1.0655962389e+00 -4.6160076756e+00
9.1110225125e-01 1.0655917660e+00 -4.6160052820e+00
9.1110189507e-01 1.0655933556e+00 -4.6160062387e+00
9.1109878220e-01 1.0655931571e+00 -4.6160015967e+00
9.1109858053e-01 1.0655949445e+00 -4.6160028240e+00
5.6412964619e-01 -1.4346885062e-01 2.8417553268e+00
5.6413327057e-01 -1.4347496283e-01 2.8417533561e+00
5.6412771661e-01 -1.4346870861e-01 2.8417575488e+00
5.6413132857e-01 -1.4347478362e-01 2.8417555983e+00
5.6412582764e-01 -1.4346886278e-01 2.8417539780e+00
5.6412949756e-01 -1.4347502178e-01 2.8417519626e+00
5.6412392408e-01 -1.4346847921e-01 2.8417560269e+00
5.6412758157e-01 -1.4347460101e-01 2.8417540317e+00
1.8891771177e+00 5.9846079992e-01 1.8615252776e+00
1.8891779486e+00 5.9845780196e-01 1.8615419801e+00
1.8891768791e+00 5.9845780511e-01 1.8615264870e+00
1.8891778698e+00 5.9845404574e-01 1.8615433672e+00
1.8891746236e+00 5.9845942902e-01 1.8615236210e+00
1.8891754257e+00 5.9845651205e-01 1.8615403225e+00
1.8891744081e+00 5.9845617463e-01 1.8615244755e+00
1.8891753470e+00 5.9845275585e-01 1.8615417099e+00
-1.7106875492e-01 9.5293490961e-01 -4.8749710858e-01
-1.7106270106e-01 9.5293818709e-01 -4.8747829464e-01
-1.7106826200e-01 9.5294219949e-01 -4.8749507371e-01
-1.7106270243e-01 9.5294498907e-01 -4.8747697995e-01
-1.7107012596e-01 9.5293624257e-01 -4.8749921123e-01
-1.7106416262e-01 9.5293922421e-01 -4.8748101778e-01
-1.7106953549e-01 9.5294336719e-01 -4.8749730552e-01
-1.7106397600e-01 9.5294639771e-01 -4.8747915133e-01
-1.0306575692e+00 -4.7954478652e-02 1.5194425970e-02
-1.0306585467e+00 -4.7955766210e-02 1.5209592119e-02
-1.0306568264e+00 -4.7947340808e-02 1.5193995324e-02
-1.0306578286e+00 -4.7948342863e-02 1.5208539868e-02
-1.0306604319e+00 -4.7953156706e-02 1.5197394158e-02
-1.0306614945e+00 -4.7953936923e-02 1.5212356267e-02
-1.0306596734e+00 -4.7945859133e-02 1.5196859476e-02
-1.0306606343e+00 -4.7946728073e-02 1.5211470919e-02
1.9278539506e-01 1.5887061579e+00 3.4909954655e+00
1.9278319184e-01 1.5887072867e+00 3.4909987809e+00
1.9278676290e-01 1.5887075366e+00 3.4909956482e+00
1.9278450973e-01 1.5887086585e+00 3.4909992461e+00
1.9278473405e-01 1.5887033938e+00 3.4909983410e+00
1.9278253352e-01 1.5887045235e+00 3.4910016509e+00
1.9278610162e-01 1.5887047722e+00 3.4909985235e+00
1.9278385111e-01 1.5887058926e+00 3.4910021142e+00
-9.6857138427e-01 -1.0018182493e+00 1.2175102441e+00
-9.6857171284e-01 -1.0018209772e+00 1.2175227398e+00
-9.6857158101e-01 -1.0018185241e+00 1.2175112136e+00
-9.6857187615e-01 -1.0018211850e+00 1.2175237388e+00
-9.6857291469e-01 -1.0018166763e+00 1.2175105819e+00
-9.6857322132e-01 -1.0018194131e+00 1.2175229804e+00
-9.6857316808e-01 -1.0018169412e+00 1.2175114852e+00
-9.6857338462e-01 -1.0018196208e+00 1.2175239794e+00
-1.1915989464e+00 -3.7105376130e-01 -2.3478163413e+00
-1.1915980255e+00 -3.7105090164e-01 -2.3478176699e+00
-1.1915987281e+00 -3.7105034400e-01 -2.3478184112e+00
-1.1915977547e+00 -3.7104750171e-01 -2.3478196482e+00
-1.1916007980e+00 -3.7105437102e-01 -2.3478108646e+00
-1.1915998353e+00 -3.7105156789e-01 -2.3478121129e+00
-1.1916003398e+00 -3.7105100507e-01 -2.3478125855e+00
-1.1915993922e+00 -3.7104811390e-01 -2.3478139008e+00
-4.7462496092e-01 1.9956321603e-01 -1.0982951391e+00
-4.7462066625e-01 1.9956304156e-01 -1.0982811103e+00
-4.7462652812e-01 1.9956422489e-01 -1.0982967801e+00
-4.7462219200e-01 1.9956400129e-01 -1.0982830912e+00
-4.7462539733e-01 1.9956400355e-01 -1.0982941960e+00
-4.7462096010e-01 1.9956373744e-01 -1.0982802847e+00
-4.7462692793e-01 1.9956488048e-01 -1.0982957715e+00
-4.7462258458e-01 1.9956477150e-01 -1.0982821785e+00
7.3326316408e-01 8.7975457602e-02 -3.5572735226e+00
7.3326105104e-01 8.7979480712e-02 -3.5572766672e+00
7.3326315744e-01 8.7973970638e-02 -3.5572743624e+00
7.3326098838e-01 8.7978076159e-02 -3.5572777881e+00
7.3326069826e-01 8.7975906403e-02 -3.5572747238e+00
7.3325855226e-01 8.7979881141e-02 -3.5572778087e+00
7.3326069176e-01 8.7974419524e-02 -3.5572755634e+00
7.3325848966e-01 8.7978476373e-02 -3.5572789295e+00
3.4348456653e-01 6.5898855454e-02 1.6955042737e+00
3.4348649205e-01 6.5898284169e-02 1.6955059879e+00
3.4348323637e-01 6.5895051824e-02 1.6955014868e+00
3.4348513488e-01 6.5894455338e-02 1.6955031516e+00
3.4348183173e-01 6.5898935211e-02 1.6955034417e+00
3.4348374400e-01 6.5898351569e-02 1.6955051397e+00
3.4348052884e-01 6.5895133660e-02 1.6955005962e+00
3.4348242220e-01 6.5894520457e-02 1.6955022519e+00
-1.5444750795e-01 -7.3656748307e-01 1.2707771902e+00
-1.5444401642e-01 -7.3656981816e-01 1.2707812878e+00
-1.5444750313e-01 -7.3656609769e-01 1.2707765565e+00
-1.5444406325e-01 -7.3656829727e-01 1.2707805440e+00
-1.5444742280e-01 -7.3656833015e-01 1.2707766517e+00
-1.5444393105e-01 -7.3657066216e-01 1.2707807465e+00
-1.5444756616e-01 -7.3656697278e-01 1.2707763004e+00
-1.5444412607e-01 -7.3656916929e-01 1.2707802851e+00
-1.3147364526e+00 -7.5582644365e-01 -2.7110328750e+00
-1.3147372709e+00 -7.5582348411e-01 -2.7110289257e+00
-1.3147332203e+00 -7.5583006121e-01 -2.7110378744e+00
-1.3147341801e+00 -7.5582690345e-01 -2.7110339854e+00
-1.3147369947e+00 -7.5582560127e-01 -2.7110359232e+00
-1.3147378237e+00 -7.5582261114e-01 -2.7110319548e+00
-1.3147337509e+00 -7.5582921353e-01 -2.7110409258e+00
-1.3147346922e+00 -7.5582607200e-01 -2.7110369530e+00
1.4857565761e+00 1.3289499014e+00 -3.7815177214e+00
1.4857529683e+00 1.3289477774e+00 -3.7815123458e+00
1.4857586344e+00 1.3289484412e+00 -3.7815183332e+00
1.4857550406e+00 1.3289462682e+00 -3.7815129151e+00
1.4857482515e+00 1.3289511855e+00 -3.7815208961e+00
1.4857443021e+00 1.3289484991e+00 -3.7815156962e+00
1.4857500270e+00 1.3289497099e+00 -3.7815218915e+00
1.4857464443e+00 1.3289473117e+00 -3.7815164308e+00
8.9093780982e-01 -1.8273053393e-01 7.7012045930e-02
8.9093414188e-01 -1.8272794880e-01 7.7011135486e-02
8.9093802195e-01 -1.8273316901e-01 7.7010239714e-02
8.9093430940e-01 -1.8273046354e-01 7.7009328457e-02
8.9093642416e-01 -1.8272955036e-01 7.7014027721e-02
8.9093277520e-01 -1.8272692728e-01 7.7013057014e-02
8.9093665059e-01 -1.8273215391e-01 7.7012156643e-02
8.9093293700e-01 -1.8272944810e-01 7.7011246596e-02
-1.7511374280e+00 1.5440144265e-01 3.0753875923e-02
-1.7511390531e+00 1.5439915713e-01 3.0754686571e-02
-1.7511379312e+00 1.5440418501e-01 3.0753073513e-02
-1.7511396447e+00 1.5440184909e-01 3.0753843229e-02
-1.7511354746e+00 1.5439978301e-01 3.0758785335e-02
-1.7511370560e+00 1.5439747860e-01 3.0759546526e-02
-1.7511362376e+00 1.5440219893e-01 3.0757501177e-02
-1.7511379615e+00 1.5439988379e-01 3.0758302360e-02
-6.5544306148e-01 -2.4437479876e-01 -1.9998009335e+00
-6.5544085738e-01 -2.4437237952e-01 -1.9998008549e+00
-6.5544504041e-01 -2.4437804714e-01 -1.9998017040e+00
-6.5544282723e-01 -2.4437552000e-01 -1.9998015719e+00
-6.5545083504e-01 -2.4437515096e-01 -1.9997982001e+00
-6.5544839948e-01 -2.4437252663e-01 -1.9997983465e+00
-6.5545285359e-01 -2.4437819851e-01 -1.9997989065e+00
-6.5545030348e-01 -2.4437568120e-01 -1.9997990268e+00
4.3399232575e-01 8.0116547027e-01 -6.1560134375e-01
4.3399276739e-01 8.0115950058e-01 -6.1560419726e-01
4.3399087969e-01 8.0116322875e-01 -6.1560257010e-01
4.3399135222e-01 8.0115721686e-01 -6.1560539759e-01
4.3398427129e-01 8.0116359330e-01 -6.1559816756e-01
4.3398485768e-01 8.0115757519e-01 -6.1560098219e-01
4.3398288102e-01 8.0116168138e-01 -6.1559979562e-01
4.3398345363e-01 8.0115573433e-01 -6.1560268576e-01
-6.0369307215e-01 -2.9108045068e+00 -7.4725271183e-01
-6.0369194253e-01 -2.9108055079e+00 -7.4725255881e-01
-6.0369551018e-01 -2.9108070431e+00 -7.4725295452e-01
-6.0369435575e-01 -2.9108080861e+00 -7.4725274849e-01
-6.0369269589e-01 -2.9108050747e+00 -7.4725045384e-01
-6.0369160179e-01 -2.9108060530e+00 -7.4725030430e-01
-6.0369513393e-01 -2.9108076108e+00 -7.4725069666e-01
-6.0369401500e-01 -2.9108086309e+00 -7.4725049412e-01
1.0289255758e+00 2.8063136972e+00 -2.4219659940e+00
1.0289245564e+00 2.8063152871e+00 -2.4219688999e+00
1.0289279191e+00 2.8063236570e+00 -2.4219652253e+00
1.0289269653e+00 2.8063252196e+00 -2.4219678209e+00
1.0289253126e+00 2.8063146601e+00 -2.4219680799e+00
1.0289242929e+00 2.8063162501e+00 -2.4219709861e+00
1.0289276415e+00 2.8063246794e+00 -2.4219673037e+00
1.0289266878e+00 2.8063262426e+00 -2.4219699000e+00
6.2423511647e-01 -2.4664747424e+00 1.0853201606e+00
6.2423418727e-01 -2.4664748802e+00 1.0853215304e+00
6.2423646799e-01 -2.4664799420e+00 1.0853197157e+00
6.2423553328e-01 -2.4664800770e+00 1.0853210813e+00
6.2423112108e-01 -2.4664780142e+00 1.0853231845e+00
6.2423021550e-01 -2.4664782604e+00 1.0853245788e+00
6.2423247294e-01 -2.4664832162e+00 1.0853227393e+00
6.2423156184e-01 -2.4664834597e+00 1.0853241295e+00
1.3462293460e+00 7.7840868990e-01 8.9813524727e-01
1.3462279099e+00 7.7840887384e-01 8.9813559223e-01
1.3462297305e+00 7.7840959703e-01 8.9813304012e-01
1.3462282873e+00 7.7840977574e-01 8.9813338499e-01
1.3462258654e+00 7.7841059696e-01 8.9813935269e-01
1.3462243545e+00 7.7841070103e-01 8.9813976340e-01
1.3462261390e+00 7.7841141242e-01 8.9813733636e-01
1.3462246197e+00 7.7841151044e-01 8.9813775202e-01
-3.8011040372e-01 -2.0210933827e+00 -7.8658567084e-01
-3.8011172920e-01 -2.0210938737e+00 -7.8658403730e-01
-3.8010809365e-01 -2.0210907134e+00 -7.8658813875e-01
-3.8010940794e-01 -2.0210911575e+00 -7.8658643972e-01
-3.8011078889e-01 -2.0210945986e+00 -7.8658546975e-01
-3.8011213969e-01 -2.0210951001e+00 -7.8658382265e-01
-3.8010872610e-01 -2.0210916251e+00 -7.8658793315e-01
-3.8011002538e-01 -2.0210920388e+00 -7.8658626884e-01
-9.6766324925e-01 -6.1920260267e-01 1.2276715797e+00
-9.6766295215e-01 -6.1920116096e-01 1.2276708456e+00
-9.6766280678e-01 -6.1919903499e-01 1.2276678297e+00
-9.6766256112e-01 -6.1919777403e-01 1.2276674280e+00
-9.6766287913e-01 -6.1920158481e-01 1.2276688903e+00
-9.6766264965e-01 -6.1919997483e-01 1.2276682490e+00
-9.6766242261e-01 -6.1919783416e-01 1.2276652756e+00
-9.6766210813e-01 -6.1919667015e-01 1.2276648810e+00
-2.1926607766e+00 -2.3422582752e+00 9.0078872345e-01
-2.1926593583e+00 -2.3422613518e+00 9.0078734598e-01
-2.1926625980e+00 -2.3422578346e+00 9.0078843121e-01
-2.1926611864e+00 -2.3422608698e+00 9.0078704328e-01
-2.1926585523e+00 -2.3422579501e+00 9.0078434753e-01
-2.1926571141e+00 -2.3422610617e+00 9.0078301143e-01
-2.1926603729e+00 -2.3422575109e+00 9.0078405622e-01
-2.1926589413e+00 -2.3422605811e+00 9.0078270966e-01
-1.4813029855e+00 2.4068164379e+00 2.4414219140e-01
-1.4813007664e+00 2.4068181462e+00 2.4414003799e-01
-1.4813049395e+00 2.4068177514e+00 2.4414092597e-01
-1.4813024630e+00 2.4068195631e+00 2.4413878268e-01
-1.4813039489e+00 2.4068161432e+00 2.4414030960e-01
-1.4813016954e+00 2.4068178994e+00 2.4413823596e-01
-1.4813059052e+00 2.4068174557e+00 2.4413905002e-01
-1.4813033942e+00 2.4068193154e+00 2.4413698650e-01
-1.8148553699e-01 4.1825099726e-01 2.6555929682e-01
-1.8148680692e-01 4.1825038646e-01 2.6555954006e-01
-1.8148360397e-01 4.1825261591e-01 2.6555729668e-01
-1.8148496883e-01 4.1825195529e-01 2.6555758617e-01
-1.8148520121e-01 4.1825197698e-01 2.6556031480e-01
-1.8148646900e-01 4.1825136241e-01 2.6556055464e-01
-1.8148326908e-01 4.1825359772e-01 2.6555831662e-01
-1.8148463180e-01 4.1825293333e-01 2.6555860271e-01
2.1440544166e+00 3.3418338522e-01 1.4625257081e+00
2.1440543889e+00 3.3418392506e-01 1.4625263516e+00
2.1440538080e+00 3.3418667791e-01 1.4625235390e+00
2.1440537930e+00 3.3418726150e-01 1.4625241162e+00
2.1440515336e+00 3.3418213005e-01 1.4625323073e+00
2.1440515121e+00 3.3418266955e-01 1.4625329546e+00
2.1440509682e+00 3.3418552380e-01 1.4625298745e+00
2.1440509597e+00 3.3418611017e-01 1.4625304595e+00
8.7140358710e-01 -1.0822669700e+00 2.9814379642e+00
8.7140183519e-01 -1.0822672447e+00 2.9814520173e+00
8.7140427397e-01 -1.0822652313e+00 2.9814354572e+00
8.7140240324e-01 -1.0822653743e+00 2.9814496912e+00
8.7139464293e-01 -1.0822657026e+00 2.9814407383e+00
8.7139230724e-01 -1.0822664453e+00 2.9814556290e+00
8.7139512295e-01 -1.0822636221e+00 2.9814385118e+00
8.7139282060e-01 -1.0822645567e+00 2.9814532108e+00
3.2419805637e-01 1.8985598446e+00 7.4014855887e-02
3.2419580008e-01 1.8985601147e+00 7.4030165417e-02
3.2420265247e-01 1.8985619683e+00 7.4014458951e-02
3.2420035158e-01 1.8985618743e+00 7.4029351190e-02
3.2419623661e-01 1.8985590809e+00 7.4012935026e-02
3.2419364387e-01 1.8985591908e+00 7.4028452444e-02
3.2420095242e-01 1.8985611056e+00 7.4012371196e-02
3.2419875622e-01 1.8985611447e+00 7.4027547904e-02
6.1320076555e-01 1.1774665513e-01 5.1387977412e-01
6.1320195207e-01 1.1774503792e-01 5.1387978697e-01
6.1320227544e-01 1.1775428935e-01 5.1387671570e-01
6.1320334555e-01 1.1775249062e-01 5.1387660655e-01
6.1320068202e-01 1.1774609113e-01 5.1387814479e-01
6.1320186803e-01 1.1774447835e-01 5.1387815254e-01
6.1320226329e-01 1.1775371288e-01 5.1387512926e-01
6.1320333564e-01 1.1775191725e-01 5.1387502170e-01
-4.7489442940e-01 6.6050583785e-01 -2.5792880896e+00
-4.7489694549e-01 6.6050804993e-01 -2.5792881549e+00
-4.7489515015e-01 6.6050358015e-01 -2.5792901653e+00
-4.7489766411e-01 6.6050578929e-01 -2.5792902340e+00
-4.7489096875e-01 6.6050687240e-01 -2.5792907284e+00
-4.7489349277e-01 6.6050907314e-01 -2.5792906893e+00
-4.7489169242e-01 6.6050464109e-01 -2.5792928307e+00
-4.7489421431e-01 6.6050683888e-01 -2.5792927949e+00
-2.7898500961e-01 -4.1411363185e-02 1.8231450996e+00
-2.7898345285e-01 -4.1414742373e-02 1.8231573783e+00
-2.7898727068e-01 -4.1410240329e-02 1.8231415414e+00
-2.7898590645e-01 -4.1413290762e-02 1.8231541094e+00
-2.7898574889e-01 -4.1410044243e-02 1.8231423649e+00
-2.7898442066e-01 -4.1413269656e-02 1.8231548918e+00
-2.7898801941e-01 -4.1408926514e-02 1.8231387997e+00
-2.7898687442e-01 -4.1411817920e-02 1.8231516233e+00
-1.1568986576e+00 -1.0907813545e+00 1.0655382157e+00
-1.1568961836e+00 -1.0907778309e+00 1.0655371817e+00
-1.1569027456e+00 -1.0907842175e+00 1.0655367450e+00
-1.1569002989e+00 -1.0907805215e+00 1.0655356336e+00
-1.1568999257e+00 -1.0907837849e+00 1.0655407615e+00
-1.1568975140e+00 -1.0907802617e+00 1.0655396502e+00
-1.1569039293e+00 -1.0907866117e+00 1.0655393618e+00
-1.1569015450e+00 -1.0907829161e+00 1.0655381731e+00
1.0025745678e+01 -7.1867195127e-01 5.6118123584e+00
1.0025761718e+01 -7.1866552506e-01 5.6118344842e+00
1.0025743312e+01 -7.1863863905e-01 5.6118108709e+00
1.0025759552e+01 -7.1863075993e-01 5.6118333748e+00
1.0025753129e+01 -7.1868233988e-01 5.6118175849e+00
1.0025770286e+01 -7.1867567676e-01 5.6118395124e+00
1.0025750568e+01 -7.1865036534e-01 5.6118159241e+00
1.0025767787e+01 -7.1864247121e-01 5.6118383490e+00
2.6242600722e+00 2.9644591888e+00 -3.8594258416e+00
2.6242531855e+00 2.9644515379e+00 -3.8594326871e+00
2.6242652747e+00 2.9645134774e+00 -3.8594266397e+00
2.6242582126e+00 2.9645056744e+00 -3.8594335157e+00
2.6242685663e+00 2.9644764853e+00 -3.8594182545e+00
2.6242616454e+00 2.9644688326e+00 -3.8594251294e+00
2.6242743983e+00 2.9645305785e+00 -3.8594198732e+00
2.6242673268e+00 2.9645227587e+00 -3.8594267581e+00
-5.9123732143e+00 -2.1091359007e+00 6.5207511094e-01
-5.9123601214e+00 -2.1091364860e+00 6.5207685738e-01
-5.9123663925e+00 -2.1091022594e+00 6.5207816406e-01
-5.9123542899e+00 -2.1091022526e+00 6.5208098276e-01
-5.9123745181e+00 -2.1091381863e+00 6.5207667265e-01
-5.9123616568e+00 -2.1091381565e+00 6.5207877622e-01
-5.9123686150e+00 -2.1091040483e+00 6.5208036651e-01
-5.9123559265e+00 -2.1091039631e+00 6.5208299415e-01
-3.9733871992e-01 4.1715838413e+00 -4.4218439261e+00
-3.9732546437e-01 4.1715768193e+00 -4.4218521976e+00
-3.9733940569e-01 4.1716164943e+00 -4.4218403082e+00
-3.9732608014e-01 4.1716092088e+00 -4.4218488718e+00
-3.9733040029e-01 4.1715856137e+00 -4.4218566763e+00
-3.9731722266e-01 4.1715787052e+00 -4.4218651370e+00
-3.9733122168e-01 4.1716177676e+00 -4.4218532409e+00
-3.9731799094e-01 4.1716106035e+00 -4.4218620085e+00
7.8461605333e-01 4.3133196196e+00 -4.5066625697e+00
7.8461938855e-01 4.3133137058e+00 -4.5066709068e+00
7.8462306112e-01 4.3133297984e+00 -4.5066598157e+00
7.8462635448e-01 4.3133238235e+00 -4.5066681155e+00
7.8462839477e-01 4.3133229564e+00 -4.5066658381e+00
7.8463168150e-01 4.3133170383e+00 -4.5066741476e+00
7.8463540317e-01 4.3133331447e+00 -4.5066630777e+00
7.8463865086e-01 4.3133271515e+00 -4.5066713521e+00
6.9520535570e-01 4.8414565372e+00 -5.0011283551e+00
6.9519798151e-01 4.8414594014e+00 -5.0011511358e+00
6.9520828257e-01 4.8414565144e+00 -5.0011304064e+00
6.9520100455e-01 4.8414593330e+00 -5.0011527154e+00
6.9517166192e-01 4.8414553535e+00 -5.0011264958e+00
6.9516351766e-01 4.8414579827e+00 -5.0011493855e+00
6.9517459302e-01 4.8414556107e+00 -5.0011275963e+00
6.9516634916e-01 4.8414582982e+00 -5.0011504028e+00
-1.2095429890e+00 -1.3725902261e+00 1.0741162364e+00
-1.2095393083e+00 -1.3725858059e+00 1.0741385978e+00
-1.2095516166e+00 -1.3725818933e+00 1.0741173025e+00
-1.2095479978e+00 -1.3725774428e+00 1.0741396962e+00
-1.2095844132e+00 -1.3725814803e+00 1.0741168624e+00
-1.2095814596e+00 -1.3725759969e+00 1.0741392360e+00
-1.2095933000e+00 -1.3725721046e+00 1.0741171187e+00
-1.2095903005e+00 -1.3725666679e+00 1.0741393990e+00
-2.2855351822e+00 5.2484251272e+00 -5.4069475643e+00
-2.2855407884e+00 5.2484332023e+00 -5.4069000143e+00
-2.2855391973e+00 5.2484373410e+00 -5.4069445270e+00
-2.2855445157e+00 5.2484463553e+00 -5.4068975203e+00
-2.2855227726e+00 5.2484168269e+00 -5.4069462035e+00
-2.2855289870e+00 5.2484249519e+00 -5.4068985591e+00
-2.2855267308e+00 5.2484290400e+00 -5.4069432469e+00
-2.2855326451e+00 5.2484380599e+00 -5.4068961646e+00
-1.3336103682e+00 4.8746009754e+00 9.7510899703e-01
-1.3336068160e+00 4.8746007604e+00 9.7509063160e-01
-1.3336152011e+00 4.8745877783e+00 9.7510764862e-01
-1.3336122296e+00 4.8745884625e+00 9.7508925039e-01
-1.3336136029e+00 4.8746061261e+00 9.7510262183e-01
-1.3336100370e+00 4.8746056855e+00 9.7508403255e-01
-1.3336187436e+00 4.8745927302e+00 9.7510137866e-01
-1.3336157584e+00 4.8745931889e+00 9.7508275657e-01
-4.4844947095e+00 -5.2069130734e+00 -1.7719425091e+00
-4.4844979225e+00 -5.2069041984e+00 -1.7719295403e+00
-4.4844884367e+00 -5.2069432564e+00 -1.7719467519e+00
-4.4844912709e+00 -5.2069336039e+00 -1.7719337102e+00
-4.4845395051e+00 -5.2069101284e+00 -1.7719414682e+00
-4.4845441557e+00 -5.2069024138e+00 -1.7719287345e+00
-4.4845333564e+00 -5.2069400909e+00 -1.7719456509e+00
-4.4845376802e+00 -5.2069319558e+00 -1.7719328212e+00
-9.2841006631e+00 -4.4499778976e+00 -3.0458313891e-01
-9.2841084008e+00 -4.4499746620e+00 -3.0456772775e-01
-9.2840833576e+00 -4.4499817088e+00 -3.0459677829e-01
-9.2840910537e+00 -4.4499798486e+00 -3.0458039139e-01
-9.2840953052e+00 -4.4499786732e+00 -3.0458628222e-01
-9.2841028437e+00 -4.4499753909e+00 -3.0457081769e-01
-9.2840779997e+00 -4.4499824844e+00 -3.0459992161e-01
-9.2840855331e+00 -4.4499792064e+00 -3.0458445691e-01
-5.5654858269e+00 -2.2640573987e+00 -2.0737250003e+00
-5.5654848590e+00 -2.2640484803e+00 -2.0737190518e+00
-5.5654824138e+00 -2.2640693781e+00 -2.0737339584e+00
-5.5654814402e+00 -2.2640600507e+00 -2.0737279940e+00
-5.5654750475e+00 -2.2640554271e+00 -2.0737256539e+00
-5.5654740713e+00 -2.2640464564e+00 -2.0737193216e+00
-5.5654716263e+00 -2.2640674261e+00 -2.0737345747e+00
-5.5654706445e+00 -2.2640580464e+00 -2.0737282265e+00
9.7406521644e+00 -2.0304880772e+00 -2.4016937831e+00
9.7406632330e+00 -2.0304863986e+00 -2.4016654311e+00
9.7406498991e+00 -2.0304966285e+00 -2.4016958843e+00
9.7406607312e+00 -2.0304949896e+00 -2.4016675386e+00
9.7406378623e+00 -2.0304801110e+00 -2.4016994623e+00
9.7406473680e+00 -2.0304800343e+00 -2.4016711995e+00
9.7406356311e+00 -2.0304885056e+00 -2.4017013528e+00
9.7406449004e+00 -2.0304884683e+00 -2.4016730958e+00
6.3672670912e+00 -1.3986627946e+00 -1.5333455249e+00
6.3672676077e+00 -1.3986649243e+00 -1.5333362897e+00
6.3672610616e+00 -1.3986761602e+00 -1.5333377856e+00
6.3672615144e+00 -1.3986781450e+00 -1.5333285281e+00
6.3672709073e+00 -1.3986830978e+00 -1.5333527542e+00
6.3672713313e+00 -1.3986849623e+00 -1.5333435268e+00
6.3672646831e+00 -1.3986965322e+00 -1.5333450945e+00
6.3672652278e+00 -1.3986984893e+00 -1.5333359272e+00
2.4555424287e-01 -1.8379140551e+00 3.3223188281e-01
2.4554560229e-01 -1.8379118783e+00 3.3220220322e-01
2.4554388864e-01 -1.8379175527e+00 3.3222295651e-01
2.4553554636e-01 -1.8379146497e+00 3.3219322962e-01
2.4556329799e-01 -1.8379137584e+00 3.3224162952e-01
2.4555405439e-01 -1.8379109733e+00 3.3221249923e-01
2.4555294366e-01 -1.8379172563e+00 3.3223270338e-01
2.4554404135e-01 -1.8379137324e+00 3.3220351813e-01
2.5577247511e+00 -3.8587095824e+00 -2.3162625458e+00
2.5577271837e+00 -3.8587180193e+00 -2.3162543561e+00
2.5577296400e+00 -3.8587452875e+00 -2.3162605840e+00
2.5577322175e+00 -3.8587538145e+00 -2.3162523917e+00
2.5576636978e+00 -3.8586969817e+00 -2.3162414794e+00
2.5576669418e+00 -3.8587055552e+00 -2.3162331643e+00
2.5576695958e+00 -3.8587325739e+00 -2.3162401291e+00
2.5576728450e+00 -3.8587410783e+00 -2.3162318649e+00
5.5196039584e+00 5.8745048702e+00 5.2486584605e+00
5.5196048150e+00 5.8745044287e+00 5.2486596640e+00
5.5195933619e+00 5.8745087882e+00 5.2486580984e+00
5.5195943461e+00 5.8745084209e+00 5.2486591002e+00
5.5195573677e+00 5.8745169700e+00 5.2486671642e+00
5.5195584676e+00 5.8745165668e+00 5.2486682595e+00
5.5195482496e+00 5.8745209172e+00 5.2486664923e+00
5.5195495006e+00 5.8745205676e+00 5.2486673986e+00
1.3842793637e+00 -2.1765829688e+00 -1.9573094992e+00
1.3842804854e+00 -2.1765852437e+00 -1.9573202198e+00
1.3842673052e+00 -2.1766055192e+00 -1.9573078871e+00
1.3842684159e+00 -2.1766077620e+00 -1.9573185911e+00
1.3842731556e+00 -2.1765961304e+00 -1.9573098788e+00
1.3842742487e+00 -2.1765982457e+00 -1.9573204231e+00
1.3842611001e+00 -2.1766186912e+00 -1.9573082686e+00
1.3842621821e+00 -2.1766207743e+00 -1.9573187963e+00
5.1907071060e-02 -8.8356019757e-02 5.2447218217e+00
5.1907664310e-02 -8.8353903693e-02 5.2447139945e+00
5.1905101442e-02 -8.8296331741e-02 5.2447214839e+00
5.1905633074e-02 -8.8294428715e-02 5.2447137686e+00
5.1930140085e-02 -8.8352563435e-02 5.2447198333e+00
5.1930733242e-02 -8.8350447643e-02 5.2447120064e+00
5.1925823811e-02 -8.8292244039e-02 5.2447202409e+00
5.1926363654e-02 -8.8290331653e-02 5.2447125404e+00
-2.7911275454e+00 -7.3791122003e+00 6.6600439526e+00
-2.7911385314e+00 -7.3791154096e+00 6.6600270099e+00
-2.7911128906e+00 -7.3791302456e+00 6.6600474358e+00
-2.7911238878e+00 -7.3791334681e+00 6.6600304901e+00
-2.7911232158e+00 -7.3791206374e+00 6.6600370133e+00
-2.7911342660e+00 -7.3791243201e+00 6.6600202136e+00
-2.7911085189e+00 -7.3791385868e+00 6.6600404581e+00
-2.7911195804e+00 -7.3791422826e+00 6.6600236555e+00
1.5695069063e+00 2.6661791695e+00 2.5145999761e+00
1.5695008761e+00 2.6661798604e+00 2.5146040321e+00
1.5695165171e+00 2.6662341278e+00 2.5145888327e+00
1.5695094379e+00 2.6662358579e+00 2.5145935402e+00
1.5695165209e+00 2.6661725985e+00 2.5145971409e+00
1.5695105286e+00 2.6661727625e+00 2.5146010502e+00
1.5695260251e+00 2.6662268949e+00 2.5145860688e+00
1.5695189435e+00 2.6662286244e+00 2.5145907765e+00
6.0275047565e+00 -3.4278622072e+00 6.6520393650e-01
6.0275088952e+00 -3.4278634383e+00 6.6519075062e-01
6.0275018493e+00 -3.4278659494e+00 6.6520512946e-01
6.0275063667e+00 -3.4278669994e+00 6.6519183610e-01
6.0275107255e+00 -3.4278573367e+00 6.6520132665e-01
6.0275146404e+00 -3.4278584218e+00 6.6518792733e-01
6.0275078625e+00 -3.4278612154e+00 6.6520254442e-01
6.0275121609e+00 -3.4278621103e+00 6.6518904421e-01
-6.6490538788e+00 4.6336662268e+00 3.0718669873e+00
-6.6490519962e+00 4.6336673149e+00 3.0718812244e+00
-6.6490559136e+00 4.6336625193e+00 3.0718640447e+00
-6.6490544770e+00 4.6336632729e+00 3.0718788350e+00
-6.6490742297e+00 4.6336880891e+00 3.0718703419e+00
-6.6490726703e+00 4.6336915821e+00 3.0718842877e+00
-6.6490764918e+00 4.6336843741e+00 3.0718673132e+00
-6.6490752859e+00 4.6336874618e+00 3.0718819419e+00
-1.9083586141e+00 -1.1319038024e+00 -5.2201319008e+00
-1.9083529775e+00 -1.1319061158e+00 -5.2201447043e+00
-1.9083648331e+00 -1.1319151693e+00 -5.2201310287e+00
-1.9083592247e+00 -1.1319174724e+00 -5.2201438061e+00
-1.9083585393e+00 -1.1319136691e+00 -5.2201280874e+00
-1.9083529306e+00 -1.1319160004e+00 -5.2201408411e+00
-1.9083647584e+00 -1.1319250601e+00 -5.2201272320e+00
-1.9083591782e+00 -1.1319273812e+00 -5.2201399598e+00
3.3569006496e+00 6.6218465737e-01 1.0635078470e+00
3.3568961885e+00 6.6218552372e-01 1.0634988401e+00
3.3569061366e+00 6.6218097958e-01 1.0635141604e+00
3.3569017262e+00 6.6218177274e-01 1.0635050410e+00
3.3568788638e+00 6.6218855711e-01 1.0635138954e+00
3.3568742470e+00 6.6218952969e-01 1.0635046239e+00
3.3568843794e+00 6.6218481184e-01 1.0635200988e+00
3.3568797627e+00 6.6218578391e-01 1.0635108290e+00
2.1568494768e+00 2.3549901320e+00 3.5628045093e+00
2.1568446520e+00 2.3549914926e+00 3.5627865101e+00
2.1568651353e+00 2.3550385801e+00 3.5628036181e+00
2.1568603055e+00 2.3550398699e+00 3.5627855944e+00
2.1568623497e+00 2.3549832178e+00 3.5628084286e+00
2.1568585463e+00 2.3549841971e+00 3.5627896632e+00
2.1568768297e+00 2.3550317444e+00 3.5628079109e+00
2.1568732482e+00 2.3550326905e+00 3.5627889653e+00
1.0008192826e+00 8.3400708213e-01 1.1162296172e+00
1.0008168444e+00 8.3399319058e-01 1.1162245790e+00
1.0008307309e+00 8.3401569212e-01 1.1162344951e+00
1.0008284111e+00 8.3400311731e-01 1.1162284913e+00
1.0008202141e+00 8.3400794884e-01 1.1162232658e+00
1.0008177987e+00 8.3399407010e-01 1.1162182248e+00
1.0008316429e+00 8.3401662890e-01 1.1162282821e+00
1.0008292829e+00 8.3400393908e-01 1.1162222897e+00
-1.5659158342e+00 8.1436929527e+00 6.9064540839e-01
-1.5659185342e+00 8.1437000596e+00 6.9062409102e-01
-1.5659069012e+00 8.1437145268e+00 6.9064097737e-01
-1.5659098226e+00 8.1437215115e+00 6.9061994578e-01
-1.5658853796e+00 8.1436981737e+00 6.9064338980e-01
-1.5658872972e+00 8.1437049706e+00 6.9062153827e-01
-1.5658762942e+00 8.1437183992e+00 6.9063965875e-01
-1.5658784331e+00 8.1437250739e+00 6.9061809300e-01
-4.3706926304e+00 -4.7579620315e+00 1.8586138897e+00
-4.3706919186e+00 -4.7579621364e+00 1.8586171567e+00
-4.3707030648e+00 -4.7579621137e+00 1.8586178973e+00
-4.3707022864e+00 -4.7579620526e+00 1.8586210911e+00
-4.3706789039e+00 -4.7579676367e+00 1.8586076787e+00
-4.3706782022e+00 -4.7579677786e+00 1.8586109411e+00
-4.3706893382e+00 -4.7579677187e+00 1.8586116860e+00
-4.3706885699e+00 -4.7579676945e+00 1.8586148753e+00
-3.6043895637e+00 -4.7136562827e-01 -1.7708009211e+00
-3.6043890303e+00 -4.7135686141e-01 -1.7708127323e+00
-3.6044186941e+00 -4.7136734429e-01 -1.7707949881e+00
-3.6044181621e+00 -4.7135857704e-01 -1.7708068002e+00
-3.6044347359e+00 -4.7137580250e-01 -1.7708109764e+00
-3.6044345943e+00 -4.7136802255e-01 -1.7708227544e+00
-3.6044643768e+00 -4.7137734805e-01 -1.7708054482e+00
-3.6044642058e+00 -4.7136945611e-01 -1.7708170350e+00
1.7370577387e+00 -5.8430318478e-01 1.2273847261e+00
1.7370642821e+00 -5.8430114236e-01 1.2273834892e+00
1.7370546218e+00 -5.8429947455e-01 1.2273896433e+00
1.7370612384e+00 -5.8429758646e-01 1.2273882603e+00
1.7370158229e+00 -5.8429237694e-01 1.2273928026e+00
1.7370225858e+00 -5.8429036294e-01 1.2273913115e+00
1.7370128880e+00 -5.8428881489e-01 1.2273973030e+00
1.7370194972e+00 -5.8428665981e-01 1.2273960460e+00
-2.1407615700e+00 -2.7643778872e+00 4.0030732577e-01
-2.1407553113e+00 -2.7643738545e+00 4.0029986395e-01
-2.1407596240e+00 -2.7643718532e+00 4.0029923579e-01
-2.1407525466e+00 -2.7643673746e+00 4.0029213186e-01
-2.1408107558e+00 -2.7643707833e+00 4.0030802404e-01
-2.1408050010e+00 -2.7643656977e+00 4.0030035316e-01
-2.1408074660e+00 -2.7643649543e+00 4.0030001933e-01
-2.1408011331e+00 -2.7643593393e+00 4.0029294083e-01
-1.4112425529e-01 1.3510685788e+00 7.1641213255e-01
-1.4111842012e-01 1.3510743202e+00 7.1640290491e-01
-1.4112219363e-01 1.3510516039e+00 7.1642816547e-01
-1.4111632200e-01 1.3510573329e+00 7.1641895632e-01
-1.4112496895e-01 1.3510734014e+00 7.1641028351e-01
-1.4111912959e-01 1.3510791315e+00 7.1640106995e-01
-1.4112290850e-01 1.3510564282e+00 7.1642631435e-01
-1.4111703267e-01 1.3510621458e+00 7.1641711928e-01
3.2529336949e+00 -3.1701600780e+00 4.6337791001e+00
3.2529347611e+00 -3.1701577918e+00 4.6337865557e+00
3.2529152164e+00 -3.1701864857e+00 4.6337796961e+00
3.2529165084e+00 -3.1701842956e+00 4.6337874572e+00
3.2529178666e+00 -3.1701671549e+00 4.6337752201e+00
3.2529189328e+00 -3.1701648690e+00 4.6337826747e+00
3.2528993880e+00 -3.1701935616e+00 4.6337758169e+00
3.2529006799e+00 -3.1701913718e+00 4.6337835771e+00
6.9578779287e+00 -3.1590949206e+00 1.1215503634e+00
6.9578774197e+00 -3.1590926898e+00 1.1215476858e+00
6.9578842701e+00 -3.1591012687e+00 1.1215608131e+00
6.9578837461e+00 -3.1590988874e+00 1.1215580180e+00
6.9578708530e+00 -3.1590871808e+00 1.1215511208e+00
6.9578704610e+00 -3.1590848224e+00 1.1215481875e+00
6.9578768833e+00 -3.1590941609e+00 1.1215615618e+00
6.9578764764e+00 -3.1590916520e+00 1.1215585108e+00
3.1307597181e+00 1.9945047377e+00 3.3378303652e+00
3.1307626433e+00 1.9945074661e+00 3.3378329266e+00
3.1307696365e+00 1.9944932224e+00 3.3378381990e+00
3.1307728491e+00 1.9944961461e+00 3.3378402381e+00
3.1307193733e+00 1.9945025842e+00 3.3378358962e+00
3.1307224594e+00 1.9945053773e+00 3.3378383016e+00
3.1307287620e+00 1.9944917793e+00 3.3378438661e+00
3.1307318455e+00 1.9944946050e+00 3.3378461876e+00
-4.4164073633e+00 -4.3095640989e+00 -1.4277401206e+00
-4.4164096183e+00 -4.3095630743e+00 -1.4277429900e+00
-4.4164074081e+00 -4.3095630407e+00 -1.4277323894e+00
-4.4164096858e+00 -4.3095619914e+00 -1.4277352762e+00
-4.4164125427e+00 -4.3095539613e+00 -1.4277362047e+00
-4.4164146541e+00 -4.3095530268e+00 -1.4277388714e+00
-4.4164125856e+00 -4.3095529102e+00 -1.4277285374e+00
-4.4164147197e+00 -4.3095519510e+00 -1.4277312215e+00
1.5154466079e+00 1.1169014300e+00 2.2946256287e+00
1.5154413295e+00 1.1169033124e+00 2.2946324969e+00
1.5154610396e+00 1.1168903664e+00 2.2946282335e+00
1.5154557858e+00 1.1168921877e+00 2.2946350232e+00
1.5154516066e+00 1.1168880154e+00 2.2946334120e+00
1.5154463283e+00 1.1168898981e+00 2.2946402801e+00
1.5154658952e+00 1.1168770315e+00 2.2946360205e+00
1.5154606413e+00 1.1168788526e+00 2.2946428108e+00
1.1668515344e+00 2.5773720603e+00 -4.2716229912e+00
1.1668528530e+00 2.5773755998e+00 -4.2716451685e+00
1.1668410915e+00 2.5773652031e+00 -4.2716149712e+00
1.1668425206e+00 2.5773698424e+00 -4.2716378906e+00
1.1668506125e+00 2.5773657929e+00 -4.2716240833e+00
1.1668519579e+00 2.5773693257e+00 -4.2716462463e+00
1.1668401752e+00 2.5773589384e+00 -4.2716160528e+00
1.1668416312e+00 2.5773635711e+00 -4.2716389579e+00
-8.9809472241e+00 -2.8573001289e+00 3.7296695590e+00
-8.9809555452e+00 -2.8572940157e+00 3.7296856380e+00
-8.9809502510e+00 -2.8573175325e+00 3.7296687190e+00
-8.9809591294e+00 -2.8573109763e+00 3.7296852452e+00
-8.9809433159e+00 -2.8572908133e+00 3.7296674082e+00
-8.9809509133e+00 -2.8572854728e+00 3.7296840312e+00
-8.9809462018e+00 -2.8573081326e+00 3.7296665675e+00
-8.9809544955e+00 -2.8573024323e+00 3.7296836390e+00
-5.7924968775e-01 -1.8676059618e+00 5.9420971204e-02
-5.7924825503e-01 -1.8676065515e+00 5.9420429887e-02
-5.7925081903e-01 -1.8675978404e+00 5.9413486020e-02
-5.7924944070e-01 -1.8675982168e+00 5.9413297426e-02
-5.7923151732e-01 -1.8676026189e+00 5.9421220202e-02
-5.7923008462e-01 -1.8676032086e+00 5.9420678839e-02
-5.7923264957e-01 -1.8675944986e+00 5.9413736957e-02
-5.7923127126e-01 -1.8675948751e+00 5.9413548329e-02
5.0476949865e+00 6.2946788180e+00 2.5166644114e+00
5.0476961529e+00 6.2946748538e+00 2.5166667178e+00
5.0476982197e+00 6.2947305016e+00 2.5166705470e+00
5.0476997162e+00 6.2947261227e+00 2.5166726078e+00
5.0476607842e+00 6.2946767173e+00 2.5166709765e+00
5.0476621699e+00 6.2946725782e+00 2.5166729229e+00
5.0476668097e+00 6.2947270851e+00 2.5166751382e+00
5.0476680533e+00 6.2947228441e+00 2.5166770396e+00
1.3109508250e+00 -2.7869075429e+00 -4.2509570083e+00
1.3109478156e+00 -2.7869054427e+00 -4.2509557304e+00
1.3109582292e+00 -2.7869019213e+00 -4.2509678100e+00
1.3109552293e+00 -2.7868998328e+00 -4.2509665419e+00
1.3109207005e+00 -2.7869054559e+00 -4.2509520401e+00
1.3109176845e+00 -2.7869034706e+00 -4.2509507530e+00
1.3109279480e+00 -2.7869000905e+00 -4.2509629616e+00
1.3109249169e+00 -2.7868979798e+00 -4.2509617401e+00
-9.5752452579e-01 5.0076978044e+00 2.3025099802e+00
-9.5752714109e-01 5.0076906051e+00 2.3025124581e+00
-9.5752159452e-01 5.0076965171e+00 2.3025112601e+00
-9.5752417835e-01 5.0076896828e+00 2.3025140011e+00
-9.5757722732e-01 5.0077050028e+00 2.3025136159e+00
-9.5757992593e-01 5.0076976991e+00 2.3025162355e+00
-9.5757418270e-01 5.0077035485e+00 2.3025151717e+00
-9.5757685307e-01 5.0076962503e+00 2.3025175256e+00
3.7582273573e+00 8.9073528798e-01 3.2581099655e-01
3.7582271411e+00 8.9073829456e-01 3.2581476318e-01
3.7582255855e+00 8.9074263987e-01 3.2580786440e-01
3.7582253182e+00 8.9074563401e-01 3.2581160177e-01
3.7581933869e+00 8.9072581097e-01 3.2580997580e-01
3.7581929787e+00 8.9072889994e-01 3.2581356609e-01
3.7581907324e+00 8.9073339323e-01 3.2580665596e-01
3.7581903736e+00 8.9073638038e-01 3.2581014335e-01
-4.1208839543e+00 2.8941853099e+00 -1.3720879646e+00
-4.1208844848e+00 2.8941799008e+00 -1.3720926454e+00
-4.1208864273e+00 2.8941857000e+00 -1.3720935810e+00
-4.1208868720e+00 2.8941802444e+00 -1.3720983375e+00
-4.1208626049e+00 2.8941847428e+00 -1.3720843596e+00
-4.1208631353e+00 2.8941793346e+00 -1.3720890408e+00
-4.1208650735e+00 2.8941851355e+00 -1.3720899670e+00
-4.1208655181e+00 2.8941796808e+00 -1.3720947237e+00
-5.5936588260e+00 -7.5466587094e+00 -2.2872701525e+00
-5.5936573834e+00 -7.5466582286e+00 -2.2872685366e+00
-5.5936672071e+00 -7.5465927039e+00 -2.2872861877e+00
-5.5936657745e+00 -7.5465924099e+00 -2.2872848550e+00
-5.5936472553e+00 -7.5466569373e+00 -2.2872723498e+00
-5.5936458183e+00 -7.5466564447e+00 -2.2872707177e+00
-5.5936548167e+00 -7.5465907666e+00 -2.2872887165e+00
-5.5936533777e+00 -7.5465904639e+00 -2.2872873725e+00
-1.4607634033e+00 5.4624287507e+00 3.3880107168e+00
-1.4607667749e+00 5.4624243690e+00 3.3880103190e+00
-1.4607724304e+00 5.4624313828e+00 3.3880232051e+00
-1.4607758084e+00 5.4624268204e+00 3.3880225189e+00
-1.4607853161e+00 5.4624219359e+00 3.3879944293e+00
-1.4607886609e+00 5.4624175426e+00 3.3879940741e+00
-1.4607935670e+00 5.4624245341e+00 3.3880069404e+00
-1.4607969182e+00 5.4624199605e+00 3.3880062979e+00
5.4142400368e-01 1.7758108981e+00 1.6573337107e+01
5.4142488718e-01 1.7758063670e+00 1.6573344775e+01
5.4142102255e-01 1.7758091443e+00 1.6573328810e+01
5.4142189111e-01 1.7758044517e+00 1.6573336356e+01
5.4142969226e-01 1.7758168882e+00 1.6573340132e+01
5.4143080750e-01 1.7758121693e+00 1.6573348086e+01
5.4142671003e-01 1.7758151341e+00 1.6573331835e+01
5.4142779797e-01 1.7758102907e+00 1.6573339691e+01
-2.7377401573e+00 -3.1200635558e+00 1.6663288166e+01
-2.7377382177e+00 -3.1200577996e+00 1.6663291257e+01
-2.7377448068e+00 -3.1200521479e+00 1.6663274286e+01
-2.7377429228e+00 -3.1200464299e+00 1.6663277386e+01
-2.7377299547e+00 -3.1200682296e+00 1.6663294441e+01
-2.7377277747e+00 -3.1200627066e+00 1.6663297664e+01
-2.7377349999e+00 -3.1200568124e+00 1.6663280517e+01
-2.7377328754e+00 -3.1200513276e+00 1.6663283750e+01
-1.0016571822e+00 6.4575675249e+00 1.7757858727e+01
-1.0016547907e+00 6.4575603046e+00 1.7757878172e+01
-1.0016618199e+00 6.4575687966e+00 1.7757846628e+01
-1.0016593838e+00 6.4575602100e+00 1.7757866895e+01
-1.0016569044e+00 6.4575676011e+00 1.7757861167e+01
-1.0016545479e+00 6.4575604115e+00 1.7757880536e+01
-1.0016618093e+00 6.4575690429e+00 1.7757849337e+01
-1.0016594081e+00 6.4575604869e+00 1.7757869529e+01
3.2903216543e+00 1.3489792882e-01 1.2240704067e+01
3.2903239987e+00 1.3489768909e-01 1.2240703164e+01
3.2903210123e+00 1.3493778602e-01 1.2240709858e+01
3.2903230983e+00 1.3493731767e-01 1.2240709244e+01
3.2902851767e+00 1.3489977628e-01 1.2240709038e+01
3.2902875532e+00 1.3489951021e-01 1.2240708075e+01
3.2902827548e+00 1.3494128675e-01 1.2240715193e+01
3.2902848860e+00 1.3494075330e-01 1.2240714555e+01
-4.2020393688e+00 -2.1541711971e+00 1.7650311177e+01
-4.2020409517e+00 -2.1541758260e+00 1.7650318266e+01
-4.2020375452e+00 -2.1541766316e+00 1.7650306802e+01
-4.2020393413e+00 -2.1541816439e+00 1.7650313876e+01
-4.2020417653e+00 -2.1541729217e+00 1.7650312369e+01
-4.2020432180e+00 -2.1541773862e+00 1.7650319698e+01
-4.2020399378e+00 -2.1541783927e+00 1.7650307994e+01
-4.2020416070e+00 -2.1541832438e+00 1.7650315306e+01
2.1891600216e-01 -1.4921658363e+00 1.5658920486e+01
2.1891513978e-01 -1.4921608526e+00 1.5658912341e+01
2.1892527400e-01 -1.4921606186e+00 1.5658914533e+01
2.1892464700e-01 -1.4921560826e+00 1.5658906406e+01
2.1893238691e-01 -1.4921630407e+00 1.5658917894e+01
2.1893153306e-01 -1.4921581485e+00 1.5658909815e+01
2.1894147754e-01 -1.4921579256e+00 1.5658912346e+01
2.1894085907e-01 -1.4921534811e+00 1.5658904286e+01
2.0822129858e+00 -5.4590994057e-01 2.0176619115e+01
2.0822104951e+00 -5.4591380678e-01 2.0176622239e+01
2.0822195277e+00 -5.4591659523e-01 2.0176609036e+01
2.0822170370e+00 -5.4592046079e-01 2.0176612160e+01
2.0822074102e+00 -5.4591071813e-01 2.0176621371e+01
2.0822050820e+00 -5.4591474637e-01 2.0176624364e+01
2.0822139006e+00 -5.4591737999e-01 2.0176611270e+01
2.0822115728e+00 -5.4592140714e-01 2.0176614263e+01
2.2954294938e+00 -9.9948546900e-01 2.0873917107e+01
2.2954250610e+00 -9.9948120947e-01 2.0873914346e+01
2.2954236805e+00 -9.9949421649e-01 2.0873913944e+01
2.2954193575e+00 -9.9948989258e-01 2.0873911128e+01
2.2954149495e+00 -9.9948534495e-01 2.0873926709e+01
2.2954105030e+00 -9.9948116067e-01 2.0873923843e+01
2.2954093141e+00 -9.9949420285e-01 2.0873923903e+01
2.2954049751e+00 -9.9948995383e-01 2.0873920981e+01
1.1564709719e+00 6.2653178947e-01 2.0935080271e+01
1.1564707549e+00 6.2653136730e-01 2.0935078459e+01
1.1564717047e+00 6.2653265868e-01 2.0935072958e+01
1.1564716496e+00 6.2653206471e-01 2.0935071153e+01
1.1564743212e+00 6.2652965765e-01 2.0935073803e+01
1.1564741505e+00 6.2652923723e-01 2.0935072051e+01
1.1564750977e+00 6.2653049883e-01 2.0935066493e+01
1.1564750890e+00 6.2652990663e-01 2.0935064747e+01
-1.1504825480e+00 3.2530414903e+00 1.6924792868e+01
-1.1504827693e+00 3.2530420576e+00 1.6924805059e+01
-1.1504812927e+00 3.2530376033e+00 1.6924798193e+01
-1.1504818960e+00 3.2530381995e+00 1.6924810333e+01
-1.1504680770e+00 3.2530485070e+00 1.6924799339e+01
-1.1504680002e+00 3.2530491095e+00 1.6924811524e+01
-1.1504668443e+00 3.2530446054e+00 1.6924804727e+01
-1.1504671099e+00 3.2530452889e+00 1.6924816820e+01
-1.2026750655e+00 4.2078292845e-01 1.6151289580e+01
-1.2026746110e+00 4.2078472404e-01 1.6151283258e+01
-1.2026782993e+00 4.2079579679e-01 1.6151279972e+01
-1.2026777897e+00 4.2079760589e-01 1.6151273460e+01
-1.2026758254e+00 4.2077558459e-01 1.6151291308e+01
-1.2026753514e+00 4.2077724336e-01 1.6151284780e+01
-1.2026791315e+00 4.2078854268e-01 1.6151281648e+01
-1.2026786374e+00 4.2079036928e-01 1.6151275338e+01
-8.7813312047e-02 -4.8826053235e+00 1.5801865571e+01
-8.7811596614e-02 -4.8826019490e+00 1.5801898061e+01
-8.7825367502e-02 -4.8826249561e+00 1.5801860345e+01
-8.7823624287e-02 -4.8826214036e+00 1.5801893163e+01
-8.7838648920e-02 -4.8826034386e+00 1.5801871999e+01
-8.7838189825e-02 -4.8825991023e+00 1.5801905544e+01
-8.7850840509e-02 -4.8826234410e+00 1.5801866972e+01
-8.7849945324e-02 -4.8826181512e+00 1.5801900263e+01
8.0471540312e-01 -3.4832639893e-02 1.7080798044e+01
8.0471839492e-01 -3.4831652332e-02 1.7080788760e+01
8.0471477488e-01 -3.4829224975e-02 1.7080790426e+01
8.0471771244e-01 -3.4828207846e-02 1.7080781146e+01
8.0471637107e-01 -3.4828998360e-02 1.7080796989e+01
8.0471953157e-01 -3.4827878455e-02 1.7080787338e+01
8.0471564678e-01 -3.4825562554e-02 1.7080789037e+01
8.0471875305e-01 -3.4824413094e-02 1.7080779390e+01
-5.0493167835e+00 -2.1227993024e+00 1.6475361081e+01
-5.0493118883e+00 -2.1227960849e+00 1.6475390081e+01
-5.0493096018e+00 -2.1228030306e+00 1.6475353383e+01
-5.0493047040e+00 -2.1227995849e+00 1.6475382629e+01
-5.0493241291e+00 -2.1228011227e+00 1.6475357411e+01
-5.0493199333e+00 -2.1227976745e+00 1.6475387039e+01
-5.0493166773e+00 -2.1228054999e+00 1.6475349455e+01
-5.0493127403e+00 -2.1228012041e+00 1.6475379626e+01
3.1709650670e-01 2.5708758355e+00 1.8325254621e+01
3.1709221536e-01 2.5708687104e+00 1.8325252188e+01
3.1710097289e-01 2.5708769645e+00 1.8325249125e+01
3.1709673330e-01 2.5708699464e+00 1.8325246539e+01
3.1709597525e-01 2.5708683119e+00 1.8325249026e+01
3.1709176896e-01 2.5708612662e+00 1.8325246560e+01
3.1710038201e-01 2.5708694066e+00 1.8325243534e+01
3.1709622747e-01 2.5708624679e+00 1.8325240915e+01
2.3529977617e+00 4.6327024590e+00 1.7689085904e+01
2.3529942066e+00 4.6327001698e+00 1.7689116380e+01
2.3530059147e+00 4.6327270080e+00 1.7689084005e+01
2.3530014706e+00 4.6327250372e+00 1.7689114214e+01
2.3530080930e+00 4.6327145091e+00 1.7689090630e+01
2.3530045755e+00 4.6327123861e+00 1.7689121018e+01
2.3530162674e+00 4.6327394816e+00 1.7689089071e+01
2.3530118301e+00 4.6327374295e+00 1.7689119102e+01
-1.4407997409e+00 1.0267123875e+00 -1.8643199909e+01
-1.4408006937e+00 1.0267089694e+00 -1.8643202229e+01
-1.4407864366e+00 1.0267235084e+00 -1.8643198792e+01
-1.4407873893e+00 1.0267200523e+00 -1.8643201091e+01
-1.4407945525e+00 1.0267095537e+00 -1.8643197774e+01
-1.4407955139e+00 1.0267061309e+00 -1.8643200079e+01
-1.4407812884e+00 1.0267206069e+00 -1.8643196752e+01
-1.4407822426e+00 1.0267171514e+00 -1.8643199058e+01
-2.3779214794e+00 -1.2203386383e-01 -1.9067337168e+01
-2.3779256155e+00 -1.2202920790e-01 -1.9067345138e+01
-2.3779230092e+00 -1.2204081901e-01 -1.9067336738e+01
-2.3779265279e+00 -1.2203625220e-01 -1.9067344669e+01
-2.3779240311e+00 -1.2202783697e-01 -1.9067332827e+01
-2.3779281690e+00 -1.2202317826e-01 -1.9067340794e+01
-2.3779262242e+00 -1.2203438832e-01 -1.9067331891e+01
-2.3779297448e+00 -1.2202981871e-01 -1.9067339818e+01
1.8752769999e+00 -1.6139551536e+00 -1.8104690011e+01
1.8752774567e+00 -1.6139581656e+00 -1.8104696396e+01
1.8752709314e+00 -1.6139574738e+00 -1.8104687248e+01
1.8752712834e+00 -1.6139603314e+00 -1.8104693286e+01
1.8752646500e+00 -1.6139535844e+00 -1.8104688075e+01
1.8752649379e+00 -1.6139564315e+00 -1.8104694304e+01
1.8752583611e+00 -1.6139557810e+00 -1.8104685114e+01
1.8752589068e+00 -1.6139587239e+00 -1.8104691316e+01
-4.6706235336e+00 -2.8090606477e+00 -1.2529528204e+01
-4.6706241270e+00 -2.8090572173e+00 -1.2529535828e+01
-4.6706246599e+00 -2.8090435050e+00 -1.2529524280e+01
-4.6706251797e+00 -2.8090399948e+00 -1.2529531979e+01
-4.6706108135e+00 -2.8090683398e+00 -1.2529535873e+01
-4.6706113643e+00 -2.8090648487e+00 -1.2529543595e+01
-4.6706119552e+00 -2.8090513157e+00 -1.2529531851e+01
-4.6706124752e+00 -2.8090478052e+00 -1.2529539548e+01
-2.6847604821e+00 -1.9905215190e+00 -1.6200785894e+01
-2.6847590181e+00 -1.9905254678e+00 -1.6200787892e+01
-2.6847648668e+00 -1.9905247914e+00 -1.6200782228e+01
-2.6847633089e+00 -1.9905287263e+00 -1.6200784329e+01
-2.6847501289e+00 -1.9905190325e+00 -1.6200791177e+01
-2.6847486632e+00 -1.9905229708e+00 -1.6200793156e+01
-2.6847545136e+00 -1.9905223051e+00 -1.6200787511e+01
-2.6847529540e+00 -1.9905262293e+00 -1.6200789593e+01
3.3002749181e+00 -1.2191041682e+00 -1.4840644454e+01
3.3002804592e+00 -1.2190999516e+00 -1.4840646475e+01
3.3002767167e+00 -1.2191029379e+00 -1.4840641346e+01
3.3002817929e+00 -1.2190988151e+00 -1.4840643404e+01
3.3002815071e+00 -1.2191092393e+00 -1.4840652371e+01
3.3002870496e+00 -1.2191050197e+00 -1.4840654389e+01
3.3002833198e+00 -1.2191080180e+00 -1.4840649305e+01
3.3002883974e+00 -1.2191038922e+00 -1.4840651359e+01
1.8714282714e+00 3.0965478445e+00 -1.7006703809e+01
1.8714274240e+00 3.0965376545e+00 -1.7006705652e+01
1.8714314905e+00 3.0965366966e+00 -1.7006701041e+01
1.8714305022e+00 3.0965265428e+00 -1.7006703066e+01
1.8714339797e+00 3.0965434682e+00 -1.7006712193e+01
1.8714331324e+00 3.0965332778e+00 -1.7006714035e+01
1.8714372144e+00 3.0965323353e+00 -1.7006709438e+01
1.8714362262e+00 3.0965221811e+00 -1.7006711463e+01
2.2977343750e+00 -4.4192837549e+00 -1.4956634436e+01
2.2977406919e+00 -4.4192842164e+00 -1.4956612206e+01
2.2977363512e+00 -4.4192674152e+00 -1.4956637251e+01
2.2977427375e+00 -4.4192673028e+00 -1.4956615912e+01
2.2977339438e+00 -4.4192830365e+00 -1.4956634616e+01
2.2977402831e+00 -4.4192833902e+00 -1.4956612319e+01
2.2977359935e+00 -4.4192668141e+00 -1.4956637745e+01
2.2977423980e+00 -4.4192665892e+00 -1.4956616182e+01
-2.6748673428e+00 1.9321255604e+00 -1.9230818329e+01
-2.6748687247e+00 1.9321253713e+00 -1.9230821059e+01
-2.6748733341e+00 1.9321365552e+00 -1.9230819557e+01
-2.6748747598e+00 1.9321369166e+00 -1.9230822691e+01
-2.6748669736e+00 1.9321263889e+00 -1.9230815618e+01
-2.6748683460e+00 1.9321261951e+00 -1.9230818332e+01
-2.6748725423e+00 1.9321376551e+00 -1.9230817061e+01
-2.6748739582e+00 1.9321380119e+00 -1.9230820179e+01
-2.9619660483e+00 -2.4728520514e+00 -1.9825220256e+01
-2.9619671405e+00 -2.4728523426e+00 -1.9825228005e+01
-2.9619739639e+00 -2.4728580124e+00 -1.9825229529e+01
-2.9619749086e+00 -2.4728581407e+00 -1.9825237120e+01
-2.9619476266e+00 -2.4728546353e+00 -1.9825212995e+01
-2.9619487336e+00 -2.4728549142e+00 -1.9825220491e+01
-2.9619555453e+00 -2.4728605931e+00 -1.9825222264e+01
-2.9619565046e+00 -2.4728607092e+00 -1.9825229601e+01
5.7130675196e+00 8.9778265531e+00 -1.1255017828e+01
5.7130703276e+00 8.9778270909e+00 -1.1255020072e+01
5.7130682804e+00 8.9778360731e+00 -1.1255017762e+01
5.7130711301e+00 8.9778362275e+00 -1.1255019674e+01
5.7130785492e+00 8.9778197192e+00 -1.1255017871e+01
5.7130813619e+00 8.9778202584e+00 -1.1255020112e+01
5.7130793105e+00 8.9778292380e+00 -1.1255017805e+01
5.7130821649e+00 8.9778293937e+00 -1.1255019713e+01
-8.9153344195e-01 -2.8182594010e+00 -1.6494172419e+01
-8.9153135359e-01 -2.8182599825e+00 -1.6494177947e+01
-8.9153572655e-01 -2.8182636033e+00 -1.6494179353e+01
-8.9153357441e-01 -2.8182642626e+00 -1.6494184959e+01
-8.9152603208e-01 -2.8182575538e+00 -1.6494184997e+01
-8.9152394431e-01 -2.8182581352e+00 -1.6494190523e+01
-8.9152831742e-01 -2.8182617565e+00 -1.6494191930e+01
-8.9152616588e-01 -2.8182624159e+00 -1.6494197534e+01
-2.5908206720e+00 2.2815690087e+00 -1.6088067896e+01
-2.5908198768e+00 2.2815679025e+00 -1.6088063670e+01
-2.5908214202e+00 2.2815758368e+00 -1.6088068227e+01
-2.5908205975e+00 2.2815747637e+00 -1.6088064031e+01
-2.5908114322e+00 2.2815687750e+00 -1.6088071410e+01
-2.5908106498e+00 2.2815676564e+00 -1.6088067228e+01
-2.5908121876e+00 2.2815756078e+00 -1.6088071740e+01
-2.5908113778e+00 2.2815745224e+00 -1.6088067588e+01
1.2659012805e+00 3.3131685317e-01 -1.5983529882e+01
1.2658990328e+00 3.3131952285e-01 -1.5983537800e+01
1.2658981731e+00 3.3133050185e-01 -1.5983526192e+01
1.2658969038e+00 3.3133280279e-01 -1.5983534742e+01
1.2659015221e+00 3.3132159335e-01 -1.5983539184e+01
1.2658992795e+00 3.3132425117e-01 -1.5983547093e+01
1.2658981220e+00 3.3133481721e-01 -1.5983535355e+01
1.2658968516e+00 3.3133710732e-01 -1.5983543893e+01
3.1474553749e+00 -4.7245994947e+00 -1.1882986436e+01
3.1474527778e+00 -4.7246034581e+00 -1.1882986350e+01
3.1474597716e+00 -4.7246151033e+00 -1.1882986397e+01
3.1474571561e+00 -4.7246192746e+00 -1.1882986541e+01
3.1474532720e+00 -4.7245979868e+00 -1.1882988474e+01
3.1474506745e+00 -4.7246019505e+00 -1.1882988390e+01
3.1474576037e+00 -4.7246135047e+00 -1.1882988410e+01
3.1474549883e+00 -4.7246176762e+00 -1.1882988555e+01
6.7850137908e-01 -3.8834706187e+00 -2.2527737328e+01
6.7850423804e-01 -3.8834671268e+00 -2.2527745004e+01
6.7850842533e-01 -3.8834705051e+00 -2.2527734837e+01
6.7851101617e-01 -3.8834665040e+00 -2.2527742635e+01
6.7850828825e-01 -3.8834713089e+00 -2.2527733863e+01
6.7851114787e-01 -3.8834678169e+00 -2.2527741537e+01
6.7851568993e-01 -3.8834710176e+00 -2.2527731514e+01
6.7851828144e-01 -3.8834670162e+00 -2.2527739311e+01
-5.6388645759e+00 1.5295549953e+00 1.1358274795e+01
-5.6388640814e+00 1.5295553769e+00 1.1358276417e+01
-5.6388584848e+00 1.5295874504e+00 1.1358268886e+01
-5.6388579416e+00 1.5295877910e+00 1.1358270537e+01
-5.6388549562e+00 1.5295587673e+00 1.1358273130e+01
-5.6388544579e+00 1.5295591449e+00 1.1358274743e+01
-5.6388487806e+00 1.5295918234e+00 1.1358267011e+01
-5.6388481829e+00 1.5295922202e+00 1.1358268625e+01
-1.3872043045e+00 5.0560375353e+00 1.6846626163e+01
-1.3872053883e+00 5.0560374410e+00 1.6846624299e+01
-1.3872032598e+00 5.0560459441e+00 1.6846631824e+01
-1.3872044552e+00 5.0560458121e+00 1.6846630013e+01
-1.3872016017e+00 5.0560325269e+00 1.6846619901e+01
-1.3872026337e+00 5.0560323583e+00 1.6846618013e+01
-1.3872005569e+00 5.0560409356e+00 1.6846625562e+01
-1.3872017005e+00 5.0560407294e+00 1.6846623728e+01
4.0366040413e+00 -8.8550263701e-01 1.1277232723e+01
4.0366073362e+00 -8.8550096522e-01 1.1277229825e+01
4.0366025772e+00 -8.8550335626e-01 1.1277227097e+01
4.0366058703e+00 -8.8550168382e-01 1.1277224206e+01
4.0366174978e+00 -8.8550726623e-01 1.1277230769e+01
4.0366207799e+00 -8.8550541071e-01 1.1277227741e+01
4.0366160336e+00 -8.8550798540e-01 1.1277225144e+01
4.0366193140e+00 -8.8550612918e-01 1.1277222122e+01
-1.6779102674e+00 3.0927508715e+00 1.8027537065e+01
-1.6779083211e+00 3.0927510584e+00 1.8027532804e+01
-1.6779167569e+00 3.0927627609e+00 1.8027543227e+01
-1.6779148028e+00 3.0927629489e+00 1.8027538965e+01
-1.6778991848e+00 3.0927629711e+00 1.8027534822e+01
-1.6778972360e+00 3.0927631563e+00 1.8027530556e+01
-1.6779049346e+00 3.0927742272e+00 1.8027540316e+01
-1.6779029791e+00 3.0927743990e+00 1.8027536077e+01
-3.5746169654e+00 1.1311789216e-01 1.7027982693e+01
-3.5746248677e+00 1.1312206203e-01 1.7027980248e+01
-3.5746166530e+00 1.1311858147e-01 1.7027982044e+01
-3.5746245135e+00 1.1312275883e-01 1.7027979546e+01
-3.5746180138e+00 1.1311452085e-01 1.7027985145e+01
-3.5746259209e+00 1.1311867402e-01 1.7027982675e+01
-3.5746177014e+00 1.1311521015e-01 1.7027984497e+01
-3.5746255666e+00 1.1311937081e-01 1.7027981973e+01
5.0914559086e-01 2.7352836218e+00 1.6318269520e+01
5.0915257832e-01 2.7352870416e+00 1.6318263318e+01
5.0914300931e-01 2.7352846885e+00 1.6318267453e+01
5.0914998979e-01 2.7352881001e+00 1.6318261263e+01
5.0915132684e-01 2.7352849430e+00 1.6318270449e+01
5.0915832442e-01 2.7352883538e+00 1.6318264264e+01
5.0914874524e-01 2.7352860098e+00 1.6318268382e+01
5.0915573584e-01 2.7352894123e+00 1.6318262209e+01
5.5045448615e+00 -3.0201115172e+00 1.9204560297e+01
5.5045431309e+00 -3.0201078459e+00 1.9204576174e+01
5.5045456287e+00 -3.0200946082e+00 1.9204561216e+01
5.5045439886e+00 -3.0200903471e+00 1.9204577774e+01
5.5045469035e+00 -3.0201080263e+00 1.9204565194e+01
5.5045449678e+00 -3.0201042457e+00 1.9204581080e+01
5.5045473216e+00 -3.0200908969e+00 1.9204565856e+01
5.5045460595e+00 -3.0200865192e+00 1.9204582249e+01
5.1980514542e+00 1.0259553307e+01 1.7786507178e+01
5.1980493912e+00 1.0259554376e+01 1.7786496877e+01
5.1980577721e+00 1.0259546709e+01 1.7786511299e+01
5.1980557021e+00 1.0259547735e+01 1.7786501005e+01
5.1980479971e+00 1.0259547091e+01 1.7786512664e+01
5.1980459346e+00 1.0259548161e+01 1.7786502358e+01
5.1980543153e+00 1.0259540492e+01 1.7786516783e+01
5.1980522458e+00 1.0259541518e+01 1.7786506485e+01
4.8377035320e+00 -2.1795152932e-01 1.8536370091e+01
4.8377026012e+00 -2.1795022538e-01 1.8536371119e+01
4.8377032258e+00 -2.1796563596e-01 1.8536372912e+01
4.8377023122e+00 -2.1796429809e-01 1.8536373906e+01
4.8377034372e+00 -2.1795269418e-01 1.8536374450e+01
4.8377025069e+00 -2.1795139008e-01 1.8536375477e+01
4.8377031309e+00 -2.1796680069e-01 1.8536377272e+01
4.8377022176e+00 -2.1796546261e-01 1.8536378264e+01
-3.0581979773e+00 -3.6673537259e+00 1.8122426790e+01
-3.0581992688e+00 -3.6673563712e+00 1.8122426762e+01
-3.0581920132e+00 -3.6673600293e+00 1.8122427423e+01
-3.0581933053e+00 -3.6673626734e+00 1.8122427393e+01
-3.0582182403e+00 -3.6673568824e+00 1.8122415704e+01
-3.0582193309e+00 -3.6673593490e+00 1.8122415316e+01
-3.0582121390e+00 -3.6673626331e+00 1.8122416377e+01
-3.0582132396e+00 -3.6673650710e+00 1.8122416028e+01
-2.8782501058e+00 5.7525550483e+00 1.7717011151e+01
-2.8782471686e+00 5.7525539503e+00 1.7717008678e+01
-2.8782592114e+00 5.7525499822e+00 1.7717014131e+01
-2.8782563094e+00 5.7525488890e+00 1.7717011643e+01
-2.8782434019e+00 5.7525500796e+00 1.7717002851e+01
-2.8782402560e+00 5.7525489207e+00 1.7717000070e+01
-2.8782525001e+00 5.7525450051e+00 1.7717005819e+01
-2.8782493894e+00 5.7525438510e+00 1.7717003022e+01
-2.4145454854e+00 -6.3918015414e+00 1.2096924329e+01
-2.4145443343e+00 -6.3918009808e+00 1.2096920929e+01
-2.4145501445e+00 -6.3918160803e+00 1.2096918407e+01
-2.4145490147e+00 -6.3918155625e+00 1.2096914952e+01
-2.4145094426e+00 -6.3918048531e+00 1.2096918401e+01
-2.4145082915e+00 -6.3918042929e+00 1.2096915000e+01
-2.4145141022e+00 -6.3918193924e+00 1.2096912479e+01
-2.4145129718e+00 -6.3918188741e+00 1.2096909025e+01
-1.2509914378e+00 -9.5129649559e-01 1.8302792844e+01
-1.2509906513e+00 -9.5129893760e-01 1.8302788853e+01
-1.2509895328e+00 -9.5130284540e-01 1.8302794901e+01
-1.2509887407e+00 -9.5130529182e-01 1.8302790904e+01
-1.2509783263e+00 -9.5129219597e-01 1.8302798536e+01
-1.2509775370e+00 -9.5129463715e-01 1.8302794544e+01
-1.2509764217e+00 -9.5129854633e-01 1.8302800593e+01
-1.2509756264e+00 -9.5130099141e-01 1.8302796595e+01
-1.4066180165e+00 -1.9802049875e+00 1.3521480248e+01
-1.4066166595e+00 -1.9802054915e+00 1.3521475553e+01
-1.4066209094e+00 -1.9802077180e+00 1.3521485298e+01
-1.4066192771e+00 -1.9802081064e+00 1.3521480763e+01
-1.4066097208e+00 -1.9802021105e+00 1.3521484108e+01
-1.4066083636e+00 -1.9802026148e+00 1.3521479412e+01
-1.4066128285e+00 -1.9802048055e+00 1.3521489200e+01
-1.4066111964e+00 -1.9802051936e+00 1.3521484666e+01
-3.3363135945e+00 2.1805325937e+00 1.5628072352e+01
-3.3363151661e+00 2.1805347667e+00 1.5628073559e+01
-3.3363029531e+00 2.1805226239e+00 1.5628076058e+01
-3.3363045049e+00 2.1805247631e+00 1.5628077312e+01
-3.3363161232e+00 2.1805389952e+00 1.5628079801e+01
-3.3363176623e+00 2.1805411733e+00 1.5628081015e+01
-3.3363054768e+00 2.1805290321e+00 1.5628083510e+01
-3.3363069961e+00 2.1805311765e+00 1.5628084771e+01
7.6838580857e+00 -2.4606565400e+00 1.7082475239e+01
7.6838577418e+00 -2.4606692869e+00 1.7082471250e+01
7.6838635206e+00 -2.4606527370e+00 1.7082478032e+01
7.6838632604e+00 -2.4606652347e+00 1.7082474341e+01
7.6838353373e+00 -2.4606561080e+00 1.7082486018e+01
7.6838348373e+00 -2.4606678210e+00 1.7082481501e+01
7.6838411246e+00 -2.4606526013e+00 1.7082489546e+01
7.6838406203e+00 -2.4606643146e+00 1.7082485040e+01
4.1104974810e+00 -5.0026707599e+00 -1.6147174223e+01
4.1104943315e+00 -5.0026674131e+00 -1.6147165791e+01
4.1105090010e+00 -5.0026340013e+00 -1.6147180762e+01
4.1105057198e+00 -5.0026302689e+00 -1.6147172218e+01
4.1105001531e+00 -5.0026712332e+00 -1.6147171734e+01
4.1104969982e+00 -5.0026679542e+00 -1.6147163322e+01
4.1105116432e+00 -5.0026338332e+00 -1.6147178129e+01
4.1105083900e+00 -5.0026304110e+00 -1.6147169683e+01
4.9213906603e+00 3.7219468491e+00 -1.4200160191e+01
4.9213808172e+00 3.7219409606e+00 -1.4200158038e+01
4.9213827702e+00 3.7219259555e+00 -1.4200157897e+01
4.9213737094e+00 3.7219197394e+00 -1.4200156329e+01
4.9213881416e+00 3.7219419416e+00 -1.4200160250e+01
4.9213787714e+00 3.7219361580e+00 -1.4200158733e+01
4.9213808738e+00 3.7219206611e+00 -1.4200158340e+01
4.9213714686e+00 3.7219149567e+00 -1.4200156650e+01
-2.1106410800e+00 -4.7113394347e+00 -1.6929182458e+01
-2.1106356897e+00 -4.7113303886e+00 -1.6929146931e+01
-2.1106493659e+00 -4.7113170332e+00 -1.6929180228e+01
-2.1106442752e+00 -4.7113091822e+00 -1.6929143933e+01
-2.1106559288e+00 -4.7113353606e+00 -1.6929175577e+01
-2.1106503305e+00 -4.7113265855e+00 -1.6929139837e+01
-2.1106638420e+00 -4.7113145625e+00 -1.6929172429e+01
-2.1106583973e+00 -4.7113049822e+00 -1.6929136711e+01
3.1677072659e+00 1.7753748638e+00 -1.6974068420e+01
3.1677081873e+00 1.7753723859e+00 -1.6974070517e+01
3.1677046214e+00 1.7753653394e+00 -1.6974067512e+01
3.1677062958e+00 1.7753631136e+00 -1.6974068791e+01
3.1677100921e+00 1.7753787495e+00 -1.6974065390e+01
3.1677110815e+00 1.7753763141e+00 -1.6974067433e+01
3.1677073798e+00 1.7753692946e+00 -1.6974064493e+01
3.1677091239e+00 1.7753671421e+00 -1.6974065720e+01
-5.2387305699e+00 9.6308903833e-01 -1.3658717897e+01
-5.2387356110e+00 9.6310664087e-01 -1.3658663319e+01
-5.2387366485e+00 9.6310001337e-01 -1.3658713102e+01
-5.2387422463e+00 9.6311729824e-01 -1.3658658170e+01
-5.2387128338e+00 9.6308883704e-01 -1.3658722829e+01
-5.2387193413e+00 9.6310595070e-01 -1.3658668884e+01
-5.2387194009e+00 9.6309978834e-01 -1.3658718053e+01
-5.2387254881e+00 9.6311663181e-01 -1.3658663713e+01
-4.1123354392e+00 1.1445558310e+00 -1.7776907297e+01
-4.1123310162e+00 1.1445530986e+00 -1.7776902084e+01
-4.1123375181e+00 1.1445522763e+00 -1.7776908755e+01
-4.1123330944e+00 1.1445495388e+00 -1.7776903540e+01
-4.1123338664e+00 1.1445541331e+00 -1.7776896004e+01
-4.1123294894e+00 1.1445516704e+00 -1.7776890465e+01
-4.1123359383e+00 1.1445506265e+00 -1.7776897448e+01
-4.1123315606e+00 1.1445481586e+00 -1.7776891907e+01
2.0231208831e+00 -4.1709324367e-01 -1.6024029698e+01
2.0231172849e+00 -4.1708746460e-01 -1.6024003916e+01
2.0231281556e+00 -4.1706118376e-01 -1.6024023025e+01
2.0231249806e+00 -4.1705560105e-01 -1.6023997470e+01
2.0230915778e+00 -4.1709805711e-01 -1.6024033858e+01
2.0230882776e+00 -4.1709220673e-01 -1.6024008054e+01
2.0231006349e+00 -4.1706747491e-01 -1.6024027303e+01
2.0230968554e+00 -4.1706168543e-01 -1.6024001404e+01
-5.1581678827e-01 -9.5835528093e-02 -1.9750341672e+01
-5.1581256856e-01 -9.5844455489e-02 -1.9750332619e+01
-5.1581010878e-01 -9.5847459495e-02 -1.9750343029e+01
-5.1580584612e-01 -9.5856403342e-02 -1.9750334020e+01
-5.1581182773e-01 -9.5835913794e-02 -1.9750348721e+01
-5.1580757490e-01 -9.5844479220e-02 -1.9750339719e+01
-5.1580504096e-01 -9.5847759865e-02 -1.9750350124e+01
-5.1580074518e-01 -9.5856341742e-02 -1.9750341165e+01
-6.2990011975e+00 -3.0161801515e+00 -1.7782907680e+01
-6.2990061613e+00 -3.0161756619e+00 -1.7782897128e+01
-6.2989952749e+00 -3.0161742591e+00 -1.7782923400e+01
-6.2990007392e+00 -3.0161697454e+00 -1.7782912834e+01
-6.2990036521e+00 -3.0161812939e+00 -1.7782905615e+01
-6.2990086246e+00 -3.0161767805e+00 -1.7782895057e+01
-6.2989977491e+00 -3.0161752635e+00 -1.7782921275e+01
-6.2990032201e+00 -3.0161707345e+00 -1.7782910707e+01
3.0636643040e-01 1.2381984930e+00 -1.7025228677e+01
3.0636321191e-01 1.2382026520e+00 -1.7025227426e+01
3.0636447204e-01 1.2382105649e+00 -1.7025235430e+01
3.0636146027e-01 1.2382148012e+00 -1.7025234147e+01
3.0637857853e-01 1.2382076116e+00 -1.7025216515e+01
3.0637549147e-01 1.2382116949e+00 -1.7025215232e+01
3.0637633354e-01 1.2382202108e+00 -1.7025223281e+01
3.0637338768e-01 1.2382243288e+00 -1.7025221964e+01
4.6039071420e+00 2.9606290544e-01 -1.6438587100e+01
4.6039106073e+00 2.9605785841e-01 -1.6438565772e+01
4.6039029854e+00 2.9606127723e-01 -1.6438598769e+01
4.6039068696e+00 2.9605562971e-01 -1.6438577646e+01
4.6039097915e+00 2.9605595981e-01 -1.6438585460e+01
4.6039133444e+00 2.9605033190e-01 -1.6438563782e+01
4.6039056355e+00 2.9605433006e-01 -1.6438597129e+01
4.6039096074e+00 2.9604810275e-01 -1.6438575657e+01
9.5725531724e-01 2.9392964533e+00 -1.7989321255e+01
9.5725428952e-01 2.9393002078e+00 -1.7989320980e+01
9.5724902185e-01 2.9393109196e+00 -1.7989326693e+01
9.5724802036e-01 2.9393140683e+00 -1.7989326785e+01
9.5725764026e-01 2.9392980116e+00 -1.7989317997e+01
9.5725722160e-01 2.9393017950e+00 -1.7989317111e+01
9.5725134873e-01 2.9393124746e+00 -1.7989323450e+01
9.5725112923e-01 2.9393160151e+00 -1.7989322951e+01
4.7506072610e-01 1.4971318795e+00 -2.4828493107e+01
4.7506949582e-01 1.4971197073e+00 -2.4828476361e+01
4.7505072059e-01 1.4971271917e+00 -2.4828498031e+01
4.7505999742e-01 1.4971151084e+00 -2.4828481169e+01
4.7506728244e-01 1.4971337126e+00 -2.4828489920e+01
4.7507611840e-01 1.4971217675e+00 -2.4828473064e+01
4.7505727566e-01 1.4971290244e+00 -2.4828494844e+01
4.7506656461e-01 1.4971172009e+00 -2.4828477868e+01
-2.5293644431e+00 -4.4844601991e+00 -2.0532313554e+01
-2.5293576852e+00 -4.4844563665e+00 -2.0532306376e+01
-2.5293653587e+00 -4.4844533863e+00 -2.0532318256e+01
-2.5293584786e+00 -4.4844494801e+00 -2.0532311041e+01
-2.5293584649e+00 -4.4844598784e+00 -2.0532312089e+01
-2.5293520735e+00 -4.4844559442e+00 -2.0532305292e+01
-2.5293592961e+00 -4.4844530168e+00 -2.0532316793e+01
-2.5293527825e+00 -4.4844490091e+00 -2.0532309958e+01
1.6727410110e+00 -2.4834096924e+00 -1.6636992932e+01
1.6727382440e+00 -2.4834177122e+00 -1.6636954707e+01
1.6727485996e+00 -2.4834131194e+00 -1.6636997448e+01
1.6727458660e+00 -2.4834213912e+00 -1.6636959066e+01
1.6727411463e+00 -2.4834109757e+00 -1.6636993030e+01
1.6727379570e+00 -2.4834205489e+00 -1.6636955936e+01
1.6727486678e+00 -2.4834143410e+00 -1.6636997397e+01
1.6727454534e+00 -2.4834242288e+00 -1.6636960495e+01
-2.1182887912e+00 -6.8199335281e-02 -1.5054509068e+01
-2.1182908803e+00 -6.8196185962e-02 -1.5054493563e+01
-2.1182918759e+00 -6.8163250684e-02 -1.5054515169e+01
-2.1182937908e+00 -6.8160393219e-02 -1.5054499633e+01
-2.1182711141e+00 -6.8195989192e-02 -1.5054516268e+01
-2.1182732055e+00 -6.8192840178e-02 -1.5054500763e+01
-2.1182752887e+00 -6.8159207295e-02 -1.5054521429e+01
-2.1182771604e+00 -6.8156438189e-02 -1.5054505892e+01
-2.1579752973e+00 9.1187600038e-01 1.9041343937e+01
-2.1579799492e+00 9.1187682296e-01 1.9041336829e+01
-2.1579706263e+00 9.1188367669e-01 1.9041357022e+01
-2.1579753519e+00 9.1188442317e-01 1.9041349795e+01
-2.1579734381e+00 9.1187621207e-01 1.9041350555e+01
-2.1579781011e+00 9.1187700912e-01 1.9041343419e+01
-2.1579688049e+00 9.1188384379e-01 1.9041363533e+01
-2.1579734755e+00 9.1188455402e-01 1.9041356312e+01
-9.0924487348e-01 4.0279876803e-01 1.5644913079e+01
-9.0925559649e-01 4.0279018507e-01 1.5644912553e+01
-9.0924603698e-01 4.0280822428e-01 1.5644905697e+01
-9.0925675030e-01 4.0279963760e-01 1.5644905128e+01
-9.0924090600e-01 4.0280517995e-01 1.5644913544e+01
-9.0925163341e-01 4.0279659597e-01 1.5644913013e+01
-9.0924211624e-01 4.0281457240e-01 1.5644906279e+01
-9.0925283389e-01 4.0280598437e-01 1.5644905705e+01
2.4425791484e+00 -1.2789259274e+00 1.7545361913e+01
2.4425851376e+00 -1.2789249288e+00 1.7545364085e+01
2.4425733328e+00 -1.2789201407e+00 1.7545379878e+01
2.4425790574e+00 -1.2789190206e+00 1.7545381737e+01
2.4425798743e+00 -1.2789275683e+00 1.7545367418e+01
2.4425858524e+00 -1.2789265654e+00 1.7545369621e+01
2.4425738513e+00 -1.2789216396e+00 1.7545385089e+01
2.4425797641e+00 -1.2789206600e+00 1.7545387268e+01
-4.4470774148e-01 -4.1841272077e-02 2.0198552942e+01
-4.4470404520e-01 -4.1837294119e-02 2.0198556948e+01
-4.4471354428e-01 -4.1838594590e-02 2.0198545668e+01
-4.4470926596e-01 -4.1833854093e-02 2.0198549904e+01
-4.4470765885e-01 -4.1836042925e-02 2.0198559602e+01
-4.4470337774e-01 -4.1831320568e-02 2.0198563921e+01
-4.4471327548e-01 -4.1832965965e-02 2.0198552594e+01
-4.4470900557e-01 -4.1828278103e-02 2.0198556883e+01
-5.8423976238e-01 5.4893770727e+00 2.0573268566e+01
-5.8423756292e-01 5.4893756524e+00 2.0573260891e+01
-5.8424145367e-01 5.4893873041e+00 2.0573272134e+01
-5.8423948972e-01 5.4893855739e+00 2.0573264481e+01
-5.8422781550e-01 5.4893757905e+00 2.0573264781e+01
-5.8422572721e-01 5.4893742818e+00 2.0573257052e+01
-5.8422960979e-01 5.4893859986e+00 2.0573268253e+01
-5.8422797357e-01 5.4893840985e+00 2.0573260882e+01
3.6719706324e+00 4.2922540913e+00 2.1789007706e+01
3.6719743471e+00 4.2922536912e+00 2.1789007599e+01
3.6719715222e+00 4.2922512974e+00 2.1789008015e+01
3.6719752630e+00 4.2922508573e+00 2.1789007953e+01
3.6719593628e+00 4.2922585049e+00 2.1789003328e+01
3.6719634817e+00 4.2922583295e+00 2.1789003107e+01
3.6719608193e+00 4.2922565480e+00 2.1789003103e+01
3.6719651001e+00 4.2922559613e+00 2.1789002901e+01
2.5234105517e-01 2.8687329917e+00 1.7239487763e+01
2.5232756309e-01 2.8687277108e+00 1.7239474663e+01
2.5234724063e-01 2.8687495291e+00 1.7239489555e+01
2.5233369915e-01 2.8687450548e+00 1.7239475989e+01
2.5234126492e-01 2.8687283406e+00 1.7239490558e+01
2.5232775298e-01 2.8687232631e+00 1.7239477674e+01
2.5234744276e-01 2.8687450639e+00 1.7239492595e+01
2.5233389762e-01 2.8687405814e+00 1.7239479039e+01
-2.6941127116e+00 2.0056783637e+00 1.8981837197e+01
-2.6941123371e+00 2.0056773238e+00 1.8981836839e+01
-2.6941069895e+00 2.0056902195e+00 1.8981832146e+01
-2.6941066538e+00 2.0056890319e+00 1.8981832190e+01
-2.6940946268e+00 2.0056755711e+00 1.8981828543e+01
-2.6940940919e+00 2.0056745746e+00 1.8981828225e+01
-2.6940894631e+00 2.0056861437e+00 1.8981824466e+01
-2.6940889733e+00 2.0056849996e+00 1.8981824563e+01
5.9112261605e-01 2.8158348550e+00 1.1929251387e+01
5.9111608808e-01 2.8158302541e+00 1.1929247070e+01
5.9112328681e-01 2.8158256832e+00 1.1929263951e+01
5.9111731231e-01 2.8158215149e+00 1.1929259968e+01
5.9112429683e-01 2.8158343572e+00 1.1929252239e+01
5.9111776693e-01 2.8158297455e+00 1.1929247921e+01
5.9112487012e-01 2.8158251633e+00 1.1929264816e+01
5.9111889362e-01 2.8158209841e+00 1.1929260832e+01
2.3868239804e+00 -2.3006829005e+00 2.1437755035e+01
2.3868223130e+00 -2.3006724734e+00 2.1437754825e+01
2.3868228279e+00 -2.3006948188e+00 2.1437765407e+01
2.3868211301e+00 -2.3006842212e+00 2.1437765261e+01
2.3868366185e+00 -2.3006799091e+00 2.1437757839e+01
2.3868350218e+00 -2.3006706865e+00 2.1437758348e+01
2.3868355998e+00 -2.3006918931e+00 2.1437768110e+01
2.3868339725e+00 -2.3006824998e+00 2.1437768683e+01
3.8588035519e+00 -1.9342623576e+00 1.9518092711e+01
3.8588130181e+00 -1.9342725578e+00 1.9518095358e+01
3.8587938943e+00 -1.9342701688e+00 1.9518098952e+01
3.8588033353e+00 -1.9342803923e+00 1.9518101640e+01
3.8588047995e+00 -1.9342618941e+00 1.9518095279e+01
3.8588142282e+00 -1.9342722073e+00 1.9518098054e+01
3.8587951401e+00 -1.9342697048e+00 1.9518101522e+01
3.8588045380e+00 -1.9342799198e+00 1.9518104262e+01
1.9732072767e+00 -2.7665614537e+00 2.2838911102e+01
1.9732158300e+00 -2.7665526376e+00 2.2838927141e+01
1.9732072556e+00 -2.7665498559e+00 2.2838920823e+01
1.9732163130e+00 -2.7665414078e+00 2.2838936385e+01
1.9732085522e+00 -2.7665648465e+00 2.2838907809e+01
1.9732162540e+00 -2.7665566207e+00 2.2838923433e+01
1.9732087134e+00 -2.7665539214e+00 2.2838917691e+01
1.9732167003e+00 -2.7665454036e+00 2.2838932632e+01
-3.3107640714e+00 -1.1898799684e+00 1.9938286717e+01
-3.3107625280e+00 -1.1898931121e+00 1.9938285168e+01
-3.3107646070e+00 -1.1898868868e+00 1.9938289794e+01
-3.3107630133e+00 -1.1899000981e+00 1.9938288206e+01
-3.3107546092e+00 -1.1898908385e+00 1.9938284773e+01
-3.3107530792e+00 -1.1899039814e+00 1.9938283224e+01
-3.3107551101e+00 -1.1898978023e+00 1.9938287875e+01
-3.3107535299e+00 -1.1899110123e+00 1.9938286289e+01
-2.7292750314e+00 -5.9156365901e+00 1.9436356276e+01
-2.7292691874e+00 -5.9156239134e+00 1.9436350455e+01
-2.7292653966e+00 -5.9156329996e+00 1.9436360450e+01
-2.7292600508e+00 -5.9156203527e+00 1.9436354693e+01
-2.7292728528e+00 -5.9156268578e+00 1.9436359247e+01
-2.7292670316e+00 -5.9156142047e+00 1.9436353391e+01
-2.7292632180e+00 -5.9156232674e+00 1.9436363420e+01
-2.7292578949e+00 -5.9156106439e+00 1.9436357628e+01
-4.9194245674e-01 1.2918414798e+00 1.9209428481e+01
-4.9195000432e-01 1.2918364615e+00 1.9209417250e+01
-4.9193364236e-01 1.2918410105e+00 1.9209439963e+01
-4.9194127542e-01 1.2918360839e+00 1.9209428500e+01
-4.9193636919e-01 1.2918449251e+00 1.9209425684e+01
-4.9194373164e-01 1.2918400226e+00 1.9209414055e+01
-4.9192743673e-01 1.2918440673e+00 1.9209437209e+01
-4.9193484337e-01 1.2918392615e+00 1.9209425394e+01
-1.9253139401e+00 -1.2651690091e+00 2.1116224134e+01
-1.9253284232e+00 -1.2651597757e+00 2.1116223627e+01
-1.9253162636e+00 -1.2651707347e+00 2.1116236133e+01
-1.9253305826e+00 -1.2651614571e+00 2.1116235689e+01
-1.9253055406e+00 -1.2651704110e+00 2.1116223440e+01
-1.9253198547e+00 -1.2651613204e+00 2.1116223348e+01
-1.9253077609e+00 -1.2651721495e+00 2.1116235303e+01
-1.9253219961e+00 -1.2651631965e+00 2.1116235120e+01
-4.1963868145e-01 -4.1393389421e-03 -2.0356800699e+01
-4.1963653334e-01 -4.1393928076e-03 -2.0356799174e+01
-4.1964377480e-01 -4.1481124141e-03 -2.0356796531e+01
-4.1964162700e-01 -4.1481667188e-03 -2.0356795004e+01
-4.1961976275e-01 -4.1480662087e-03 -2.0356807729e+01
-4.1961729291e-01 -4.1478094103e-03 -2.0356805962e+01
-4.1962486611e-01 -4.1568432352e-03 -2.0356803566e+01
-4.1962239659e-01 -4.1565868760e-03 -2.0356801796e+01
-7.8981212202e-01 4.0103385476e-01 -1.5134828362e+01
-7.8980837954e-01 4.0103515430e-01 -1.5134827425e+01
-7.8981368540e-01 4.0106121385e-01 -1.5134828155e+01
-7.8980980920e-01 4.0106285631e-01 -1.5134827441e+01
-7.8980173690e-01 4.0104127262e-01 -1.5134833477e+01
-7.8979776159e-01 4.0104282196e-01 -1.5134832861e+01
-7.8980308032e-01 4.0106887698e-01 -1.5134833630e+01
-7.8979943722e-01 4.0107026957e-01 -1.5134832596e+01
-1.5379597236e+00 1.8096866079e+00 -2.0520058948e+01
-1.5379566021e+00 1.8096874581e+00 -2.0520048198e+01
-1.5379661512e+00 1.8096830358e+00 -2.0520053427e+01
-1.5379617974e+00 1.8096833280e+00 -2.0520042851e+01
-1.5379607393e+00 1.8096851536e+00 -2.0520058029e+01
-1.5379576447e+00 1.8096861378e+00 -2.0520047316e+01
-1.5379671670e+00 1.8096815815e+00 -2.0520052508e+01
-1.5379628571e+00 1.8096819895e+00 -2.0520041932e+01
3.7620747800e+00 1.5024213860e+00 -2.0781262144e+01
3.7620785073e+00 1.5024216654e+00 -2.0781266609e+01
3.7620666952e+00 1.5024231299e+00 -2.0781258826e+01
3.7620704179e+00 1.5024234121e+00 -2.0781263302e+01
3.7620580622e+00 1.5024219543e+00 -2.0781260853e+01
3.7620617586e+00 1.5024221777e+00 -2.0781265328e+01
3.7620496858e+00 1.5024233542e+00 -2.0781257043e+01
3.7620533757e+00 1.5024235771e+00 -2.0781261522e+01
-1.4674838742e-01 4.9252428918e-01 -1.9080504455e+01
-1.4675557020e-01 4.9252962325e-01 -1.9080514766e+01
-1.4673813560e-01 4.9252330282e-01 -1.9080497949e+01
-1.4674532710e-01 4.9252863804e-01 -1.9080508261e+01
-1.4675356974e-01 4.9252468300e-01 -1.9080500918e+01
-1.4676077606e-01 4.9253002990e-01 -1.9080511227e+01
-1.4674329793e-01 4.9252366506e-01 -1.9080494364e+01
-1.4675050623e-01 4.9252901430e-01 -1.9080504667e+01
9.1451706762e-01 2.4766438372e-01 -1.5461043860e+01
9.1451550193e-01 2.4766682372e-01 -1.5461046246e+01
9.1452298944e-01 2.4766568542e-01 -1.5461040582e+01
9.1452149799e-01 2.4766811625e-01 -1.5461042991e+01
9.1451835188e-01 2.4766078414e-01 -1.5461036566e+01
9.1451685837e-01 2.4766309547e-01 -1.5461039162e+01
9.1452432429e-01 2.4766211350e-01 -1.5461033339e+01
9.1452284660e-01 2.4766448044e-01 -1.5461035903e+01
5.1780748656e-01 -4.6950936127e+00 -1.9918779018e+01
5.1781533510e-01 -4.6950883873e+00 -1.9918785788e+01
5.1780918473e-01 -4.6950917464e+00 -1.9918775297e+01
5.1781703981e-01 -4.6950865201e+00 -1.9918782071e+01
5.1778442632e-01 -4.6950881736e+00 -1.9918774776e+01
5.1779189046e-01 -4.6950827274e+00 -1.9918781227e+01
5.1778613213e-01 -4.6950863087e+00 -1.9918771087e+01
5.1779382745e-01 -4.6950807307e+00 -1.9918777899e+01
-2.7845820798e-01 -2.7970314505e-01 -1.7047171543e+01
-2.7846451594e-01 -2.7970177738e-01 -1.7047173249e+01
-2.7844948064e-01 -2.7968125864e-01 -1.7047164367e+01
-2.7845578224e-01 -2.7968006226e-01 -1.7047166012e+01
-2.7845412307e-01 -2.7970996782e-01 -1.7047172690e+01
-2.7846047393e-01 -2.7970861599e-01 -1.7047174379e+01
-2.7844561597e-01 -2.7968776853e-01 -1.7047165779e+01
-2.7845192368e-01 -2.7968657504e-01 -1.7047167404e+01
-4.4572817344e-01 3.0198999837e+00 -1.8636998725e+01
-4.4572749594e-01 3.0199006101e+00 -1.8636997507e+01
-4.4572987560e-01 3.0198941898e+00 -1.8636998306e+01
-4.4572919453e-01 3.0198948004e+00 -1.8636997034e+01
-4.4573189194e-01 3.0199096730e+00 -1.8636995066e+01
-4.4573140558e-01 3.0199103842e+00 -1.8636993810e+01
-4.4573359892e-01 3.0199038844e+00 -1.8636994638e+01
-4.4573309931e-01 3.0199045691e+00 -1.8636993345e+01
-4.7446583949e+00 -1.4406705803e+00 -2.1265399716e+01
-4.7446554286e+00 -1.4406730126e+00 -2.1265398883e+01
-4.7446675102e+00 -1.4406910738e+00 -2.1265393883e+01
-4.7446644534e+00 -1.4406936052e+00 -2.1265393084e+01
-4.7446398964e+00 -1.4406739277e+00 -2.1265413623e+01
-4.7446367886e+00 -1.4406764250e+00 -2.1265412914e+01
-4.7446490242e+00 -1.4406944345e+00 -2.1265407433e+01
-4.7446458260e+00 -1.4406970309e+00 -2.1265406758e+01
1.2896064607e+00 1.4616850459e+00 -1.8998312926e+01
1.2896118479e+00 1.4616880777e+00 -1.8998313883e+01
1.2895996712e+00 1.4616790330e+00 -1.8998312665e+01
1.2896050447e+00 1.4616821666e+00 -1.8998313596e+01
1.2896115038e+00 1.4616893011e+00 -1.8998313998e+01
1.2896168969e+00 1.4616924137e+00 -1.8998315005e+01
1.2896046956e+00 1.4616833542e+00 -1.8998313711e+01
1.2896100750e+00 1.4616865686e+00 -1.8998314692e+01
1.7796466737e-01 -5.1015744752e+00 -1.7863992778e+01
1.7796717081e-01 -5.1015799907e+00 -1.7863993734e+01
1.7795958853e-01 -5.1015777374e+00 -1.7863981422e+01
1.7796207002e-01 -5.1015832575e+00 -1.7863982393e+01
1.7796132331e-01 -5.1015754615e+00 -1.7863999719e+01
1.7796385461e-01 -5.1015811262e+00 -1.7864001045e+01
1.7795653253e-01 -5.1015785615e+00 -1.7863988776e+01
1.7795904187e-01 -5.1015842309e+00 -1.7863990117e+01
1.6390429261e+00 2.7973797930e+00 -1.7554965626e+01
1.6390398516e+00 2.7973847094e+00 -1.7554967659e+01
1.6390457472e+00 2.7973731610e+00 -1.7554962006e+01
1.6390426873e+00 2.7973780913e+00 -1.7554963974e+01
1.6390457255e+00 2.7973801167e+00 -1.7554962284e+01
1.6390426541e+00 2.7973850335e+00 -1.7554964318e+01
1.6390485394e+00 2.7973734877e+00 -1.7554958557e+01
1.6390454826e+00 2.7973784184e+00 -1.7554960528e+01
3.9270999608e-02 -7.0137225411e+00 -1.9189457429e+01
3.9267909190e-02 -7.0137291933e+00 -1.9189458372e+01
3.9279071886e-02 -7.0136931532e+00 -1.9189461879e+01
3.9275463906e-02 -7.0137002097e+00 -1.9189462926e+01
3.9265783400e-02 -7.0137189775e+00 -1.9189441256e+01
3.9262561880e-02 -7.0137256849e+00 -1.9189442332e+01
3.9273674098e-02 -7.0136893852e+00 -1.9189446288e+01
3.9269996216e-02 -7.0136965504e+00 -1.9189447429e+01
-1.2784236541e+00 2.6570082115e+00 -2.0556017595e+01
-1.2784263365e+00 2.6570126020e+00 -2.0556018042e+01
-1.2784221555e+00 2.6570011386e+00 -2.0556015956e+01
-1.2784248723e+00 2.6570055332e+00 -2.0556016387e+01
-1.2784348399e+00 2.6570127863e+00 -2.0556007662e+01
-1.2784376024e+00 2.6570170083e+00 -2.0556008053e+01
-1.2784333679e+00 2.6570057712e+00 -2.0556005689e+01
-1.2784361244e+00 2.6570099987e+00 -2.0556006082e+01
2.2523811682e+00 -4.7379243722e+00 -2.0133779487e+01
2.2523789982e+00 -4.7379411686e+00 -2.0133787357e+01
2.2523880724e+00 -4.7379292731e+00 -2.0133779229e+01
2.2523859024e+00 -4.7379460693e+00 -2.0133787100e+01
2.2523936308e+00 -4.7379281142e+00 -2.0133791323e+01
2.2523913299e+00 -4.7379449931e+00 -2.0133799303e+01
2.2524005346e+00 -4.7379330183e+00 -2.0133791064e+01
2.2523982331e+00 -4.7379498967e+00 -2.0133799044e+01
