1.1778960332e+00 4.7368965750e-01 -6.3014917106e-01
1.1778947027e+00 4.7368803917e-01 -6.3015353215e-01
1.1778964557e+00 4.7368522076e-01 -6.3015046956e-01
1.1778948448e+00 4.7368348859e-01 -6.3015497453e-01
1.1778970042e+00 4.7369048288e-01 -6.3014771215e-01
1.1778956638e+00 4.7368884439e-01 -6.3015206208e-01
1.1778974246e+00 4.7368605625e-01 -6.3014900830e-01
1.1778957967e+00 4.7368428913e-01 -6.3015356034e-01
-6.6923247093e-02 -2.3463775389e+00 2.6954736420e-01
-6.6921910668e-02 -2.3463757998e+00 2.6953955255e-01
-6.6924592997e-02 -2.3463802094e+00 2.6954912097e-01
-6.6923175566e-02 -2.3463786912e+00 2.6954163263e-01
-6.6925473054e-02 -2.3463800698e+00 2.6954559740e-01
-6.6924279926e-02 -2.3463783909e+00 2.6953767426e-01
-6.6926951087e-02 -2.3463828982e+00 2.6954788990e-01
-6.6925779380e-02 -2.3463813100e+00 2.6953999694e-01
-1.4892816295e+00 1.0331412415e+00 3.3569924295e+00
-1.4892794338e+00 1.0331387893e+00 3.3569888227e+00
-1.4892844040e+00 1.0331423288e+00 3.3569937460e+00
-1.4892821694e+00 1.0331399100e+00 3.3569901460e+00
-1.4892808749e+00 1.0331399091e+00 3.3569925104e+00
-1.4892786791e+00 1.0331374558e+00 3.3569889046e+00
-1.4892835863e+00 1.0331408714e+00 3.3569938382e+00
-1.4892813479e+00 1.0331384559e+00 3.3569902382e+00
-1.0424709968e+00 -1.4790994718e+00 -3.1275395163e-01
-1.0424685665e+00 -1.4790979762e+00 -3.1275996449e-01
-1.0424719718e+00 -1.4791017548e+00 -3.1275251448e-01
-1.0424695351e+00 -1.4791001411e+00 -3.1275848785e-01
-1.0424746575e+00 -1.4790963234e+00 -3.1275404303e-01
-1.0424723921e+00 -1.4790947849e+00 -3.1276007151e-01
-1.0424759196e+00 -1.4790984388e+00 -3.1275293411e-01
-1.0424736360e+00 -1.4790968723e+00 -3.1275897260e-01
7.1761206376e-01 -1.2858003052e-01 1.6147605216e+00
7.1760974014e-01 -1.2858195247e-01 1.6147588189e+00
7.1761394755e-01 -1.2857722984e-01 1.6147596656e+00
7.1761171583e-01 -1.2857913206e-01 1.6147578766e+00
7.1761104583e-01 -1.2858021152e-01 1.6147601434e+00
7.1760871964e-01 -1.2858213006e-01 1.6147584399e+00
7.1761303296e-01 -1.2857732299e-01 1.6147592259e+00
7.1761079783e-01 -1.2857922443e-01 1.6147574429e+00
2.8620129782e-01 -7.5206418107e-01 2.2132573162e+00
2.8620122816e-01 -7.5206354916e-01 2.2132544853e+00
2.8620149849e-01 -7.5206431730e-01 2.2132581135e+00
2.8620141719e-01 -7.5206365449e-01 2.2132552321e+00
2.8620334878e-01 -7.5206423303e-01 2.2132566759e+00
2.8620323874e-01 -7.5206360675e-01 2.2132538342e+00
2.8620355221e-01 -7.5206436580e-01 2.2132574701e+00
2.8620346820e-01 -7.5206370614e-01 2.2132545922e+00
-7.5431348341e-01 2.3404516152e+00 2.0045075776e-03
-7.5431135611e-01 2.3404501649e+00 2.0011409062e-03
-7.5431311383e-01 2.3404522464e+00 2.0056628623e-03
-7.5431093856e-01 2.3404508293e+00 2.0021588766e-03
-7.5431450261e-01 2.3404524794e+00 2.0024774166e-03
-7.5431235853e-01 2.3404509770e+00 1.9991276269e-03
-7.5431419740e-01 2.3404530713e+00 2.0036781584e-03
-7.5431204985e-01 2.3404517002e+00 2.0002488826e-03
1.0948688857e+00 -1.2784166981e+00 3.3774893015e+00
1.0948677005e+00 -1.2784175677e+00 3.3774845365e+00
1.0948722101e+00 -1.2784164469e+00 3.3774902159e+00
1.0948709004e+00 -1.2784174109e+00 3.3774855356e+00
1.0948680755e+00 -1.2784175467e+00 3.3774888138e+00
1.0948668717e+00 -1.2784184543e+00 3.3774840778e+00
1.0948711213e+00 -1.2784174315e+00 3.3774894577e+00
1.0948698137e+00 -1.2784183987e+00 3.3774847622e+00
-4.5639864217e-01 2.6504144288e-01 -4.2972876811e-01
-4.5639919559e-01 2.6504113458e-01 -4.2973613752e-01
-4.5639888053e-01 2.6504994874e-01 -4.2973003097e-01
-4.5639944958e-01 2.6504976579e-01 -4.2973749054e-01
-4.5639745341e-01 2.6504238638e-01 -4.2972935089e-01
-4.5639801188e-01 2.6504221167e-01 -4.2973666870e-01
-4.5639769610e-01 2.6505089864e-01 -4.2973060401e-01
-4.5639827268e-01 2.6505083982e-01 -4.2973801733e-01
-1.6863327552e-01 5.9947600345e-01 -2.5270385404e+00
-1.6863300255e-01 5.9947927955e-01 -2.5270437964e+00
-1.6863476383e-01 5.9947404588e-01 -2.5270388165e+00
-1.6863441781e-01 5.9947736987e-01 -2.5270440210e+00
-1.6863665148e-01 5.9947503812e-01 -2.5270409527e+00
-1.6863626826e-01 5.9947827701e-01 -2.5270461243e+00
-1.6863811429e-01 5.9947296960e-01 -2.5270413796e+00
-1.6863775123e-01 5.9947631855e-01 -2.5270463123e+00
1.3948516009e-01 -7.9072915960e-01 6.1257329445e-01
1.3948541901e-01 -7.9073080699e-01 6.1256645183e-01
1.3948355318e-01 -7.9072336000e-01 6.1257416710e-01
1.3948377051e-01 -7.9072490355e-01 6.1256759584e-01
1.3947865642e-01 -7.9072842544e-01 6.1257391679e-01
1.3947900612e-01 -7.9073017251e-01 6.1256714640e-01
1.3947716631e-01 -7.9072270881e-01 6.1257571332e-01
1.3947732525e-01 -7.9072450935e-01 6.1256898682e-01
-1.1389058015e+00 1.2567377543e+00 -1.2220332411e+00
-1.1389060388e+00 1.2567382716e+00 -1.2220398104e+00
-1.1389050922e+00 1.2567378176e+00 -1.2220335922e+00
-1.1389056719e+00 1.2567380196e+00 -1.2220404535e+00
-1.1389026278e+00 1.2567377446e+00 -1.2220334127e+00
-1.1389028640e+00 1.2567382604e+00 -1.2220399845e+00
-1.1389019177e+00 1.2567378086e+00 -1.2220337639e+00
-1.1389024949e+00 1.2567380095e+00 -1.2220406325e+00
-1.1671863333e+00 -2.7971567969e-01 -4.0054370702e-02
-1.1671861182e+00 -2.7971534863e-01 -4.0041258865e-02
-1.1671849062e+00 -2.7971390938e-01 -4.0054204711e-02
-1.1671848096e+00 -2.7971357161e-01 -4.0041235808e-02
-1.1671842340e+00 -2.7971672427e-01 -4.0054516038e-02
-1.1671841237e+00 -2.7971643034e-01 -4.0041424262e-02
-1.1671829121e+00 -2.7971498224e-01 -4.0054368850e-02
-1.1671827388e+00 -2.7971465683e-01 -4.0041405412e-02
7.7482617692e-01 -3.5455429684e-01 -2.2749115435e+00
7.7482694307e-01 -3.5455462193e-01 -2.2749169299e+00
7.7482977483e-01 -3.5454848659e-01 -2.2749097073e+00
7.7483054468e-01 -3.5454871843e-01 -2.2749149778e+00
7.7482487463e-01 -3.5455368692e-01 -2.2749110146e+00
7.7482563914e-01 -3.5455401201e-01 -2.2749163989e+00
7.7482845914e-01 -3.5454787187e-01 -2.2749091625e+00
7.7482922735e-01 -3.5454810371e-01 -2.2749144310e+00
1.1071158784e+00 -1.0405388797e+00 3.9255836918e+00
1.1071161885e+00 -1.0405363522e+00 3.9255823823e+00
1.1071161643e+00 -1.0405386478e+00 3.9255850136e+00
1.1071164830e+00 -1.0405361228e+00 3.9255837098e+00
1.1071150269e+00 -1.0405383134e+00 3.9255837079e+00
1.1071153395e+00 -1.0405357872e+00 3.9255824023e+00
1.1071153031e+00 -1.0405380568e+00 3.9255850481e+00
1.1071156264e+00 -1.0405355334e+00 3.9255837457e+00
3.6792027378e-01 1.0256018731e+00 -1.8823104947e-01
3.6791913711e-01 1.0256020068e+00 -1.8822165009e-01
3.6791904552e-01 1.0256080807e+00 -1.8823090552e-01
3.6791843808e-01 1.0256088058e+00 -1.8822106382e-01
3.6791942267e-01 1.0256025850e+00 -1.8823549593e-01
3.6791812549e-01 1.0256027258e+00 -1.8822599543e-01
3.6791805423e-01 1.0256087694e+00 -1.8823537162e-01
3.6791743560e-01 1.0256094991e+00 -1.8822551693e-01
-7.0757173910e-01 -4.8390968818e-01 -1.4430535968e+00
-7.0757341346e-01 -4.8390932644e-01 -1.4430414815e+00
-7.0757238227e-01 -4.8390801565e-01 -1.4430546802e+00
-7.0757399832e-01 -4.8390772293e-01 -1.4430424306e+00
-7.0757374900e-01 -4.8390906788e-01 -1.4430543899e+00
-7.0757545541e-01 -4.8390888107e-01 -1.4430425322e+00
-7.0757437519e-01 -4.8390780371e-01 -1.4430552315e+00
-7.0757599872e-01 -4.8390750893e-01 -1.4430429832e+00
1.1566577458e+00 1.2007715170e+00 1.8161360743e+00
1.1566551678e+00 1.2007701626e+00 1.8161327263e+00
1.1566585289e+00 1.2007745930e+00 1.8161327735e+00
1.1566558745e+00 1.2007734442e+00 1.8161295124e+00
1.1566588747e+00 1.2007714466e+00 1.8161355997e+00
1.1566562928e+00 1.2007699637e+00 1.8161322550e+00
1.1566595956e+00 1.2007745431e+00 1.8161323053e+00
1.1566569379e+00 1.2007732628e+00 1.8161290491e+00
1.2547460229e+00 4.6589325828e-01 8.9372948920e-01
1.2547463996e+00 4.6589076167e-01 8.9372710925e-01
1.2547465326e+00 4.6589307369e-01 8.9373023096e-01
1.2547469670e+00 4.6589066415e-01 8.9372786091e-01
1.2547471635e+00 4.6589227930e-01 8.9372925552e-01
1.2547475600e+00 4.6588982904e-01 8.9372694419e-01
1.2547476981e+00 4.6589213977e-01 8.9373006557e-01
1.2547481026e+00 4.6588968637e-01 8.9372762757e-01
6.8146887101e-01 4.5940897135e-02 2.4082131479e+00
6.8147079044e-01 4.5940551355e-02 2.4082114744e+00
6.8146705652e-01 4.5937964012e-02 2.4082113615e+00
6.8146904082e-01 4.5937521910e-02 2.4082097316e+00
6.8146311227e-01 4.5940951161e-02 2.4082136007e+00
6.8146464157e-01 4.5940925185e-02 2.4082122537e+00
6.8146142064e-01 4.5938525486e-02 2.4082118962e+00
6.8146313106e-01 4.5938422392e-02 2.4082105032e+00
-7.7124724908e-01 -4.0077490962e-01 -8.5204808698e-01
-7.7124300102e-01 -4.0077537860e-01 -8.5205243174e-01
-7.7124630217e-01 -4.0077474026e-01 -8.5205199907e-01
-7.7124215411e-01 -4.0077512352e-01 -8.5205640810e-01
-7.7125096265e-01 -4.0077554923e-01 -8.5204736587e-01
-7.7124690126e-01 -4.0077603477e-01 -8.5205141085e-01
-7.7125025246e-01 -4.0077473916e-01 -8.5205179863e-01
-7.7124617519e-01 -4.0077521814e-01 -8.5205585012e-01
1.0263660125e+00 1.9878905008e-03 1.5479554502e+00
1.0263661099e+00 1.9890471801e-03 1.5479689176e+00
1.0263662300e+00 1.9870627982e-03 1.5479533553e+00
1.0263665982e+00 1.9882504287e-03 1.5479671526e+00
1.0263626864e+00 1.9893957214e-03 1.5479554875e+00
1.0263635311e+00 1.9911586330e-03 1.5479684502e+00
1.0263630588e+00 1.9882598216e-03 1.5479539115e+00
1.0263639397e+00 1.9898557162e-03 1.5479670459e+00
-3.8486026704e-01 -5.4430753791e-01 1.0406925216e+00
-3.8486228237e-01 -5.4431185509e-01 1.0406872334e+00
-3.8485961819e-01 -5.4430443336e-01 1.0406913851e+00
-3.8486178418e-01 -5.4430877826e-01 1.0406860655e+00
-3.8486586735e-01 -5.4430803082e-01 1.0406937656e+00
-3.8486788107e-01 -5.4431235929e-01 1.0406884009e+00
-3.8486539918e-01 -5.4430454944e-01 1.0406926827e+00
-3.8486742521e-01 -5.4430887601e-01 1.0406872846e+00
-1.3564444448e+00 1.8895598474e+00 1.2652108082e+00
-1.3564446513e+00 1.8895613224e+00 1.2652108423e+00
-1.3564419147e+00 1.8895632213e+00 1.2652083728e+00
-1.3564419347e+00 1.8895647526e+00 1.2652084987e+00
-1.3564498303e+00 1.8895584154e+00 1.2652124481e+00
-1.3564498841e+00 1.8895598889e+00 1.2652125695e+00
-1.3564482431e+00 1.8895624826e+00 1.2652100324e+00
-1.3564482305e+00 1.8895639429e+00 1.2652099868e+00
3.4827204659e-01 -5.9754660598e-01 -8.4086003106e-01
3.4827267202e-01 -5.9754648958e-01 -8.4086118886e-01
3.4827234573e-01 -5.9754812091e-01 -8.4085753790e-01
3.4827298425e-01 -5.9754829485e-01 -8.4085848918e-01
3.4827375343e-01 -5.9754744328e-01 -8.4085853895e-01
3.4827438357e-01 -5.9754730100e-01 -8.4085968177e-01
3.4827405312e-01 -5.9754896457e-01 -8.4085604830e-01
3.4827469639e-01 -5.9754910501e-01 -8.4085698293e-01
-1.0954838019e+00 1.4247171314e-01 2.6913060719e+00
-1.0954895067e+00 1.4247445951e-01 2.6913011426e+00
-1.0954860687e+00 1.4247059742e-01 2.6913097069e+00
-1.0954917726e+00 1.4247334180e-01 2.6913047774e+00
-1.0954850837e+00 1.4247064556e-01 2.6913083885e+00
-1.0954904895e+00 1.4247356324e-01 2.6913037168e+00
-1.0954873397e+00 1.4246955683e-01 2.6913120384e+00
-1.0954930436e+00 1.4247230120e-01 2.6913071090e+00
-2.8178182962e-01 -6.4733576712e-01 -1.4881436901e+00
-2.8178419129e-01 -6.4733486791e-01 -1.4881334741e+00
-2.8178167301e-01 -6.4733510598e-01 -1.4881415375e+00
-2.8178426199e-01 -6.4733424543e-01 -1.4881318884e+00
-2.8178166518e-01 -6.4733359703e-01 -1.4881479316e+00
-2.8178403996e-01 -6.4733262377e-01 -1.4881378155e+00
-2.8178140828e-01 -6.4733277670e-01 -1.4881460343e+00
-2.8178407074e-01 -6.4733200951e-01 -1.4881362065e+00
1.6336056985e+00 -7.4535911401e-01 1.2832378290e+00
1.6336071290e+00 -7.4535778672e-01 1.2832340741e+00
1.6336062812e+00 -7.4535607060e-01 1.2832377153e+00
1.6336076492e+00 -7.4535476824e-01 1.2832340176e+00
1.6336071805e+00 -7.4536046596e-01 1.2832371735e+00
1.6336086110e+00 -7.4535913868e-01 1.2832334187e+00
1.6336077531e+00 -7.4535739249e-01 1.2832370791e+00
1.6336091710e+00 -7.4535609701e-01 1.2832334088e+00
1.6485234356e+00 -4.7949725052e-01 1.6125184151e+00
1.6485256714e+00 -4.7949531513e-01 1.6125149502e+00
1.6485236686e+00 -4.7949841441e-01 1.6125163362e+00
1.6485259185e+00 -4.7949643485e-01 1.6125128636e+00
1.6485225274e+00 -4.7949829612e-01 1.6125203867e+00
1.6485247629e+00 -4.7949636075e-01 1.6125169218e+00
1.6485227321e+00 -4.7949941671e-01 1.6125183694e+00
1.6485249833e+00 -4.7949744041e-01 1.6125148987e+00
-5.6946800161e-01 1.1109721512e+00 -1.6507933896e+00
-5.6946547699e-01 1.1109715204e+00 -1.6507944818e+00
-5.6946726846e-01 1.1109688945e+00 -1.6507958732e+00
-5.6946454118e-01 1.1109681771e+00 -1.6507971550e+00
-5.6946826755e-01 1.1109732900e+00 -1.6507938655e+00
-5.6946574253e-01 1.1109726591e+00 -1.6507949576e+00
-5.6946751072e-01 1.1109699941e+00 -1.6507963958e+00
-5.6946482806e-01 1.1109692894e+00 -1.6507976648e+00
-1.9102791762e+00 -5.5180231711e-01 -9.1658413087e-01
-1.9102812634e+00 -5.5180211632e-01 -9.1657143090e-01
-1.9102810985e+00 -5.5180417585e-01 -9.1658430475e-01
-1.9102832120e+00 -5.5180401463e-01 -9.1657168237e-01
-1.9102799365e+00 -5.5180210942e-01 -9.1658397831e-01
-1.9102820377e+00 -5.5180193913e-01 -9.1657131841e-01
-1.9102818786e+00 -5.5180399634e-01 -9.1658419407e-01
-1.9102839705e+00 -5.5180381287e-01 -9.1657152423e-01
-6.3374849943e-01 -8.8908108112e-01 4.1893076596e+00
-6.3374490181e-01 -8.8907892207e-01 4.1893024690e+00
-6.3374737672e-01 -8.8907785840e-01 4.1893088360e+00
-6.3374369769e-01 -8.8907573689e-01 4.1893037680e+00
-6.3374933858e-01 -8.8907939837e-01 4.1893045401e+00
-6.3374589088e-01 -8.8907732695e-01 4.1892996633e+00
-6.3374823603e-01 -8.8907623503e-01 4.1893056809e+00
-6.3374471061e-01 -8.8907419895e-01 4.1893009388e+00
1.0083169854e+00 -9.0235780096e-01 -1.7004728507e+00
1.0083168786e+00 -9.0235756479e-01 -1.7004747935e+00
1.0083183855e+00 -9.0235670078e-01 -1.7004715582e+00
1.0083182581e+00 -9.0235649644e-01 -1.7004734521e+00
1.0083186841e+00 -9.0235781830e-01 -1.7004736567e+00
1.0083186124e+00 -9.0235770715e-01 -1.7004755191e+00
1.0083200565e+00 -9.0235674620e-01 -1.7004722992e+00
1.0083200066e+00 -9.0235660747e-01 -1.7004742050e+00
-3.5558401552e-01 1.9823855520e+00 -2.1909945631e+00
-3.5558227506e-01 1.9823844782e+00 -2.1909997545e+00
-3.5558441286e-01 1.9823877818e+00 -2.1909946613e+00
-3.5558266435e-01 1.9823866994e+00 -2.1909998564e+00
-3.5558593026e-01 1.9823846497e+00 -2.1909917398e+00
-3.5558418996e-01 1.9823835757e+00 -2.1909969311e+00
-3.5558631395e-01 1.9823868519e+00 -2.1909918764e+00
-3.5558456553e-01 1.9823857694e+00 -2.1909970713e+00
3.6207179584e-01 -1.0259325745e+00 -9.6035231884e-01
3.6207379971e-01 -1.0259323247e+00 -9.6033956155e-01
3.6206974240e-01 -1.0259321834e+00 -9.6035159089e-01
3.6207181472e-01 -1.0259311159e+00 -9.6033914768e-01
3.6207309476e-01 -1.0259337834e+00 -9.6034916883e-01
3.6207465000e-01 -1.0259336155e+00 -9.6033687566e-01
3.6207104113e-01 -1.0259333920e+00 -9.6034844072e-01
3.6207266770e-01 -1.0259324050e+00 -9.6033647381e-01
-3.0803406862e-01 9.5116549608e-01 -1.5910218519e+00
-3.0803355007e-01 9.5116547081e-01 -1.5910248597e+00
-3.0803367026e-01 9.5116616789e-01 -1.5910208765e+00
-3.0803315400e-01 9.5116613089e-01 -1.5910238078e+00
-3.0803873242e-01 9.5116463567e-01 -1.5910222931e+00
-3.0803815163e-01 9.5116462571e-01 -1.5910252696e+00
-3.0803858327e-01 9.5116546416e-01 -1.5910212747e+00
-3.0803799918e-01 9.5116544407e-01 -1.5910241724e+00
2.3883804786e-01 -6.9189928281e-01 1.7720862538e+00
2.3883616832e-01 -6.9189673685e-01 1.7720815498e+00
2.3883800083e-01 -6.9189273781e-01 1.7720848132e+00
2.3883618518e-01 -6.9189025954e-01 1.7720800514e+00
2.3883963127e-01 -6.9189829449e-01 1.7720846231e+00
2.3883775739e-01 -6.9189574255e-01 1.7720799226e+00
2.3883960325e-01 -6.9189173320e-01 1.7720831576e+00
2.3883778758e-01 -6.9188925457e-01 1.7720783958e+00
-1.7149203847e-01 -9.5301709123e-01 1.6537989090e+00
-1.7149295102e-01 -9.5301948615e-01 1.6538138687e+00
-1.7149104989e-01 -9.5301718322e-01 1.6537978577e+00
-1.7149199171e-01 -9.5301977003e-01 1.6538129942e+00
-1.7148914454e-01 -9.5301777046e-01 1.6537993553e+00
-1.7149010755e-01 -9.5302012665e-01 1.6538143401e+00
-1.7148806072e-01 -9.5301780063e-01 1.6537982596e+00
-1.7148905287e-01 -9.5302034871e-01 1.6538134212e+00
-1.4899209014e+00 -5.0902218658e-01 8.7535668871e-02
-1.4899217966e+00 -5.0902158099e-01 8.7531363744e-02
-1.4899201463e+00 -5.0902092050e-01 8.7535157184e-02
-1.4899210562e+00 -5.0902028238e-01 8.7530897604e-02
-1.4899264655e+00 -5.0902199170e-01 8.7534704780e-02
-1.4899276450e+00 -5.0902154081e-01 8.7530183033e-02
-1.4899255725e+00 -5.0902056029e-01 8.7534425490e-02
-1.4899267301e+00 -5.0902014413e-01 8.7529844586e-02
-4.4683088740e-01 -5.7922022614e-01 9.0026149308e-03
-4.4683176834e-01 -5.7922207693e-01 8.9960627070e-03
-4.4683136825e-01 -5.7922058663e-01 8.9977024360e-03
-4.4683219870e-01 -5.7922244117e-01 8.9912129573e-03
-4.4683223136e-01 -5.7922060455e-01 9.0052495163e-03
-4.4683311244e-01 -5.7922245542e-01 8.9986972048e-03
-4.4683293867e-01 -5.7922084264e-01 9.0005128522e-03
-4.4683378491e-01 -5.7922269020e-01 8.9940244206e-03
-4.9732508067e-01 -3.1098103139e-01 -1.1403730425e-01
-4.9732423304e-01 -3.1098119101e-01 -1.1404049582e-01
-4.9732634433e-01 -3.1097674067e-01 -1.1403811352e-01
-4.9732558435e-01 -3.1097706519e-01 -1.1404109050e-01
-4.9732483229e-01 -3.1098064621e-01 -1.1403589211e-01
-4.9732399990e-01 -3.1098076756e-01 -1.1403909999e-01
-4.9732611828e-01 -3.1097631251e-01 -1.1403674529e-01
-4.9732532957e-01 -3.1097666559e-01 -1.1403972206e-01
2.0989439909e-01 -6.5055253190e-01 -1.0079197014e+00
2.0989461277e-01 -6.5055336177e-01 -1.0079215501e+00
2.0989454566e-01 -6.5055542485e-01 -1.0079216181e+00
2.0989474769e-01 -6.5055624180e-01 -1.0079233217e+00
2.0989308369e-01 -6.5055221551e-01 -1.0079161552e+00
2.0989329261e-01 -6.5055303753e-01 -1.0079178924e+00
2.0989288798e-01 -6.5055532022e-01 -1.0079182658e+00
2.0989309556e-01 -6.5055614722e-01 -1.0079200865e+00
-4.1784085202e-01 4.3146450709e-01 2.9436198262e-01
-4.1784113370e-01 4.3146517243e-01 2.9436205342e-01
-4.1783994005e-01 4.3146409105e-01 2.9436497663e-01
-4.1784044017e-01 4.3146467587e-01 2.9436491412e-01
-4.1784215622e-01 4.3146544923e-01 2.9436214241e-01
-4.1784244068e-01 4.3146611197e-01 2.9436221170e-01
-4.1784124196e-01 4.3146502743e-01 2.9436513175e-01
-4.1784175935e-01 4.3146557122e-01 2.9436508316e-01
1.2951433581e+00 -2.8350233480e-01 6.1077143449e-01
1.2951448155e+00 -2.8350485678e-01 6.1076823075e-01
1.2951449832e+00 -2.8350320946e-01 6.1077330819e-01
1.2951464458e+00 -2.8350572862e-01 6.1077021915e-01
1.2951457820e+00 -2.8350385893e-01 6.1077149245e-01
1.2951472809e+00 -2.8350637702e-01 6.1076835805e-01
1.2951474163e+00 -2.8350473238e-01 6.1077345051e-01
1.2951488288e+00 -2.8350725908e-01 6.1077030121e-01
8.8304978526e-01 6.5311484615e-01 6.4028064170e-01
8.8304939545e-01 6.5311648066e-01 6.4029217794e-01
8.8304911012e-01 6.5311354510e-01 6.4028486820e-01
8.8304878319e-01 6.5311553156e-01 6.4029597159e-01
8.8305092865e-01 6.5311477772e-01 6.4028054750e-01
8.8305042335e-01 6.5311671707e-01 6.4029193940e-01
8.8305025478e-01 6.5311347778e-01 6.4028477611e-01
8.8304982555e-01 6.5311549936e-01 6.4029593817e-01
4.3301594352e-01 -5.1555869559e-02 -1.3846488115e+00
4.3301464938e-01 -5.1556914208e-02 -1.3846511895e+00
4.3301439461e-01 -5.1555484853e-02 -1.3846456170e+00
4.3301318977e-01 -5.1556570859e-02 -1.3846479853e+00
4.3301644963e-01 -5.1555858142e-02 -1.3846487036e+00
4.3301515597e-01 -5.1556895405e-02 -1.3846511011e+00
4.3301489970e-01 -5.1555474421e-02 -1.3846455113e+00
4.3301361419e-01 -5.1556535028e-02 -1.3846478746e+00
3.6058722719e-01 -6.3229364722e-02 -3.9088023259e+00
3.6058990331e-01 -6.3226750831e-02 -3.9088081112e+00
3.6058742833e-01 -6.3229124241e-02 -3.9088025468e+00
3.6059012413e-01 -6.3226484061e-02 -3.9088082892e+00
3.6058633828e-01 -6.3230029609e-02 -3.9088023133e+00
3.6058901645e-01 -6.3227513115e-02 -3.9088080273e+00
3.6058644375e-01 -6.3229838241e-02 -3.9088024953e+00
3.6058913537e-01 -6.3227289123e-02 -3.9088081683e+00
-4.8785737093e-01 -6.2996624089e-01 3.1500424053e+00
-4.8785654522e-01 -6.2996971213e-01 3.1500508122e+00
-4.8785699247e-01 -6.2996539270e-01 3.1500429679e+00
-4.8785608472e-01 -6.2996896425e-01 3.1500509173e+00
-4.8786126769e-01 -6.2996796683e-01 3.1500474114e+00
-4.8786071524e-01 -6.2997129063e-01 3.1500559834e+00
-4.8786087989e-01 -6.2996710264e-01 3.1500480209e+00
-4.8786025278e-01 -6.2997058307e-01 3.1500560987e+00
4.7442187083e+00 -2.4747157895e+00 7.4018684824e+00
4.7442290405e+00 -2.4747099148e+00 7.4018447573e+00
4.7442414481e+00 -2.4747302447e+00 7.4018722697e+00
4.7442517203e+00 -2.4747244411e+00 7.4018487169e+00
4.7442230027e+00 -2.4747181429e+00 7.4018709692e+00
4.7442332771e+00 -2.4747123716e+00 7.4018471278e+00
4.7442457005e+00 -2.4747327838e+00 7.4018746915e+00
4.7442560086e+00 -2.4747269342e+00 7.4018512469e+00
5.6502365262e+00 5.7297220174e+00 -2.4940261851e+00
5.6502423884e+00 5.7297157683e+00 -2.4940374345e+00
5.6502277691e+00 5.7297054343e+00 -2.4940172623e+00
5.6502329547e+00 5.7296988657e+00 -2.4940291524e+00
5.6502386661e+00 5.7297140378e+00 -2.4940303460e+00
5.6502444848e+00 5.7297078572e+00 -2.4940416874e+00
5.6502305479e+00 5.7296962641e+00 -2.4940222158e+00
5.6502357331e+00 5.7296896958e+00 -2.4940341059e+00
5.7283567960e+00 -1.5158469633e+00 2.0782546726e+00
5.7283481937e+00 -1.5158401802e+00 2.0782373724e+00
5.7283390634e+00 -1.5158567894e+00 2.0782459481e+00
5.7283304153e+00 -1.5158499131e+00 2.0782287800e+00
5.7283593413e+00 -1.5158411338e+00 2.0782498624e+00
5.7283507408e+00 -1.5158342723e+00 2.0782326484e+00
5.7283415619e+00 -1.5158511414e+00 2.0782409999e+00
5.7283329631e+00 -1.5158442714e+00 2.0782237879e+00
-2.6575155471e+00 1.6545421859e+00 3.0853319227e+00
-2.6575163479e+00 1.6545310450e+00 3.0853173046e+00
-2.6575167964e+00 1.6545532538e+00 3.0853283534e+00
-2.6575177789e+00 1.6545420124e+00 3.0853135833e+00
-2.6575004551e+00 1.6545344276e+00 3.0853241919e+00
-2.6575012427e+00 1.6545232892e+00 3.0853095868e+00
-2.6575017477e+00 1.6545454008e+00 3.0853207002e+00
-2.6575026840e+00 1.6545342303e+00 3.0853058512e+00
-6.4623906703e+00 1.6909307540e+00 8.4974531078e-01
-6.4623837789e+00 1.6909308826e+00 8.4976387375e-01
-6.4623924957e+00 1.6909140134e+00 8.4973405260e-01
-6.4623856350e+00 1.6909141353e+00 8.4975261726e-01
-6.4623853509e+00 1.6909304766e+00 8.4973903902e-01
-6.4623784609e+00 1.6909306038e+00 8.4975760359e-01
-6.4623870152e+00 1.6909139134e+00 8.4972754817e-01
-6.4623801559e+00 1.6909140340e+00 8.4974611444e-01
-3.6080332864e+00 -5.2858550521e+00 -2.9162442428e+00
-3.6080308233e+00 -5.2858559593e+00 -2.9162217156e+00
-3.6080153484e+00 -5.2858304558e+00 -2.9162320597e+00
-3.6080129098e+00 -5.2858313919e+00 -2.9162094756e+00
-3.6080331401e+00 -5.2858515139e+00 -2.9162429603e+00
-3.6080306721e+00 -5.2858524175e+00 -2.9162204351e+00
-3.6080159712e+00 -5.2858266159e+00 -2.9162302842e+00
-3.6080135286e+00 -5.2858275525e+00 -2.9162077006e+00
-1.7036102074e+00 -1.3322177397e-01 -1.6021196692e+00
-1.7036137034e+00 -1.3322531349e-01 -1.6021034037e+00
-1.7036206448e+00 -1.3325097252e-01 -1.6021180766e+00
-1.7036241574e+00 -1.3325460203e-01 -1.6021017886e+00
-1.7036138838e+00 -1.3321617889e-01 -1.6021132163e+00
-1.7036175095e+00 -1.3321962434e-01 -1.6020971613e+00
-1.7036240031e+00 -1.3324530856e-01 -1.6021120030e+00
-1.7036276474e+00 -1.3324884153e-01 -1.6020959250e+00
7.2732571407e-01 -4.1173577512e-01 -6.0192863919e+00
7.2732564314e-01 -4.1173975015e-01 -6.0193048896e+00
7.2732711983e-01 -4.1174600141e-01 -6.0192738343e+00
7.2732713160e-01 -4.1174997762e-01 -6.0192924379e+00
7.2732149158e-01 -4.1173665283e-01 -6.0192878815e+00
7.2732142449e-01 -4.1174062465e-01 -6.0193063816e+00
7.2732298459e-01 -4.1174680894e-01 -6.0192753331e+00
7.2732299119e-01 -4.1175078265e-01 -6.0192939392e+00
-1.9975273432e+00 -4.8775234063e+00 8.0719687993e+00
-1.9975294988e+00 -4.8775257545e+00 8.0719799869e+00
-1.9975344322e+00 -4.8775024831e+00 8.0719662246e+00
-1.9975365579e+00 -4.8775050400e+00 8.0719770358e+00
-1.9975573963e+00 -4.8775112064e+00 8.0719666905e+00
-1.9975594844e+00 -4.8775132795e+00 8.0719783465e+00
-1.9975625516e+00 -4.8774903835e+00 8.0719625390e+00
-1.9975645452e+00 -4.8774926256e+00 8.0719737753e+00
-2.3374010631e+00 3.8966997345e+00 3.0036150367e+00
-2.3374068813e+00 3.8967005073e+00 3.0036273574e+00
-2.3374113504e+00 3.8967015684e+00 3.0036151846e+00
-2.3374180602e+00 3.8967024055e+00 3.0036274997e+00
-2.3373917004e+00 3.8966979784e+00 3.0036118887e+00
-2.3373978388e+00 3.8966990530e+00 3.0036243079e+00
-2.3374020057e+00 3.8966999251e+00 3.0036120788e+00
-2.3374090145e+00 3.8967009487e+00 3.0036242389e+00
-2.6272049349e+00 2.6824885713e+00 4.2046422444e+00
-2.6271990865e+00 2.6824995510e+00 4.2046748216e+00
-2.6272171042e+00 2.6825017354e+00 4.2046268719e+00
-2.6272112568e+00 2.6825122369e+00 4.2046605930e+00
-2.6271860406e+00 2.6824863297e+00 4.2046385073e+00
-2.6271801212e+00 2.6824974964e+00 4.2046712619e+00
-2.6271983946e+00 2.6824985744e+00 4.2046234894e+00
-2.6271924113e+00 2.6825100328e+00 4.2046569703e+00
7.2132772410e+00 -3.5066995813e-01 -5.1941317138e-01
7.2132698197e+00 -3.5066496817e-01 -5.1943701035e-01
7.2132711485e+00 -3.5066908544e-01 -5.1939937472e-01
7.2132634145e+00 -3.5066420593e-01 -5.1942306985e-01
7.2132730535e+00 -3.5066602192e-01 -5.1941895147e-01
7.2132659165e+00 -3.5066123224e-01 -5.1944266809e-01
7.2132667627e+00 -3.5066510975e-01 -5.1940529072e-01
7.2132593144e+00 -3.5066043079e-01 -5.1942886240e-01
-1.5499860990e+00 -2.1837768554e+00 -9.0770507133e-01
-1.5499788112e+00 -2.1837648866e+00 -9.0768250599e-01
-1.5499746222e+00 -2.1837454281e+00 -9.0770393104e-01
-1.5499683400e+00 -2.1837319383e+00 -9.0768208793e-01
-1.5499884643e+00 -2.1837809076e+00 -9.0770625254e-01
-1.5499811673e+00 -2.1837690296e+00 -9.0768362211e-01
-1.5499769181e+00 -2.1837492529e+00 -9.0770498050e-01
-1.5499706462e+00 -2.1837356731e+00 -9.0768320248e-01
-6.7283323623e+00 5.3807138937e+00 -2.0963496613e+00
-6.7283304895e+00 5.3807086538e+00 -2.0963379450e+00
-6.7283261689e+00 5.3807424867e+00 -2.0963446502e+00
-6.7283243411e+00 5.3807373744e+00 -2.0963330231e+00
-6.7283268498e+00 5.3807154152e+00 -2.0963515691e+00
-6.7283250019e+00 5.3807101845e+00 -2.0963398568e+00
-6.7283206709e+00 5.3807439874e+00 -2.0963465345e+00
-6.7283188681e+00 5.3807388843e+00 -2.0963349114e+00
2.4257395674e+00 -8.8350466802e+00 4.4194794470e+00
2.4257254412e+00 -8.8350458817e+00 4.4194994485e+00
2.4257420530e+00 -8.8350425870e+00 4.4194689861e+00
2.4257281967e+00 -8.8350424086e+00 4.4194897774e+00
2.4257285762e+00 -8.8350447569e+00 4.4194795046e+00
2.4257143916e+00 -8.8350440026e+00 4.4194994248e+00
2.4257310699e+00 -8.8350407429e+00 4.4194691031e+00
2.4257171486e+00 -8.8350405982e+00 4.4194898088e+00
4.8696791211e-01 5.1495175265e+00 -3.6446930937e+00
4.8697315869e-01 5.1495215505e+00 -3.6447092708e+00
4.8696791800e-01 5.1495665585e+00 -3.6446965613e+00
4.8697166874e-01 5.1495709486e+00 -3.6447127482e+00
4.8696450320e-01 5.1495169207e+00 -3.6446932746e+00
4.8696983738e-01 5.1495209812e+00 -3.6447093762e+00
4.8696448791e-01 5.1495659866e+00 -3.6446967018e+00
4.8696823859e-01 5.1495703769e+00 -3.6447128886e+00
-4.9411208644e+00 5.4623760749e+00 1.3572450029e+00
-4.9411171867e+00 5.4623747404e+00 1.3572330737e+00
-4.9411173942e+00 5.4623561592e+00 1.3572480281e+00
-4.9411140063e+00 5.4623543131e+00 1.3572349363e+00
-4.9411097487e+00 5.4623805275e+00 1.3572420918e+00
-4.9411060711e+00 5.4623791932e+00 1.3572301626e+00
-4.9411061995e+00 5.4623607314e+00 1.3572450248e+00
-4.9411028118e+00 5.4623588856e+00 1.3572319332e+00
-5.6657561020e-01 -3.5080853029e+00 -8.8506260298e-01
-5.6658580735e-01 -3.5080847915e+00 -8.8507559506e-01
-5.6657027466e-01 -3.5080916590e+00 -8.8506999985e-01
-5.6658051119e-01 -3.5080911496e+00 -8.8508281871e-01
-5.6656642099e-01 -3.5080925711e+00 -8.8506616244e-01
-5.6657659598e-01 -3.5080919909e+00 -8.8507905910e-01
-5.6656116923e-01 -3.5080987995e+00 -8.8507347094e-01
-5.6657141152e-01 -3.5080982836e+00 -8.8508628061e-01
2.5876740432e+00 2.8611696442e+00 -6.6498403708e-01
2.5876610359e+00 2.8611706657e+00 -6.6500950404e-01
2.5876704578e+00 2.8611637816e+00 -6.6498883762e-01
2.5876568488e+00 2.8611652203e+00 -6.6501381753e-01
2.5876763711e+00 2.8611645593e+00 -6.6499320322e-01
2.5876634860e+00 2.8611657768e+00 -6.6501873987e-01
2.5876729670e+00 2.8611588693e+00 -6.6499788731e-01
2.5876593592e+00 2.8611603077e+00 -6.6502286603e-01
-3.8277190641e+00 -5.0886828835e+00 -2.4455254228e+00
-3.8277025886e+00 -5.0886793853e+00 -2.4455275602e+00
-3.8277302837e+00 -5.0886879759e+00 -2.4455270084e+00
-3.8277137200e+00 -5.0886843800e+00 -2.4455291283e+00
-3.8277210759e+00 -5.0886806938e+00 -2.4455258418e+00
-3.8277044761e+00 -5.0886771464e+00 -2.4455281485e+00
-3.8277326351e+00 -5.0886856126e+00 -2.4455275677e+00
-3.8277159401e+00 -5.0886819576e+00 -2.4455298451e+00
1.1836565405e+00 1.8430694685e+00 1.2802052085e+00
1.1836640041e+00 1.8430626262e+00 1.2801795335e+00
1.1836553707e+00 1.8430820639e+00 1.2802105823e+00
1.1836624027e+00 1.8430755128e+00 1.2801848556e+00
1.1836528134e+00 1.8430661056e+00 1.2802028002e+00
1.1836602605e+00 1.8430592737e+00 1.2801770974e+00
1.1836516402e+00 1.8430786607e+00 1.2802082145e+00
1.1836586778e+00 1.8430721337e+00 1.2801824383e+00
-1.6225001544e+00 -2.4353043622e+00 -1.2471522510e+00
-1.6224980116e+00 -2.4353137272e+00 -1.2471600038e+00
-1.6224964906e+00 -2.4353137554e+00 -1.2471584893e+00
-1.6224943848e+00 -2.4353231683e+00 -1.2471662056e+00
-1.6224991427e+00 -2.4353037155e+00 -1.2471516784e+00
-1.6224970728e+00 -2.4353131325e+00 -1.2471594916e+00
-1.6224951476e+00 -2.4353124954e+00 -1.2471578991e+00
-1.6224931187e+00 -2.4353219406e+00 -1.2471656898e+00
4.7916407560e+00 7.5337069602e+00 -2.8366044457e+00
4.7916403162e+00 7.5337041266e+00 -2.8366184711e+00
4.7916563168e+00 7.5337298491e+00 -2.8365952832e+00
4.7916564246e+00 7.5337275284e+00 -2.8366092331e+00
4.7916476685e+00 7.5337214179e+00 -2.8366053432e+00
4.7916472282e+00 7.5337185830e+00 -2.8366193684e+00
4.7916634229e+00 7.5337443428e+00 -2.8365963197e+00
4.7916635304e+00 7.5337420209e+00 -2.8366102696e+00
3.2006751482e+00 -2.3145164015e+00 -5.7214175612e+00
3.2006681167e+00 -2.3145195924e+00 -5.7214249048e+00
3.2006756413e+00 -2.3145266968e+00 -5.7214188081e+00
3.2006683430e+00 -2.3145301188e+00 -5.7214259822e+00
3.2006771734e+00 -2.3145199159e+00 -5.7214161186e+00
3.2006701421e+00 -2.3145231068e+00 -5.7214234631e+00
3.2006782298e+00 -2.3145313015e+00 -5.7214173653e+00
3.2006709321e+00 -2.3145347237e+00 -5.7214245403e+00
8.1337942416e-01 5.0081422743e-01 -2.3772014996e+00
8.1338202321e-01 5.0080202419e-01 -2.3772230930e+00
8.1337022221e-01 5.0084801743e-01 -2.3772011970e+00
8.1337306135e-01 5.0083562644e-01 -2.3772229891e+00
8.1338036398e-01 5.0081606896e-01 -2.3772025446e+00
8.1338296062e-01 5.0080386915e-01 -2.3772241511e+00
8.1337110517e-01 5.0084987317e-01 -2.3772025762e+00
8.1337394419e-01 5.0083748232e-01 -2.3772243679e+00
1.5231017977e+00 -1.2272370610e+00 -2.5274272536e-01
1.5231065411e+00 -1.2272304407e+00 -2.5274545057e-01
1.5231091885e+00 -1.2272411427e+00 -2.5273859614e-01
1.5231152604e+00 -1.2272335815e+00 -2.5274069313e-01
1.5231216911e+00 -1.2272430664e+00 -2.5275010659e-01
1.5231273995e+00 -1.2272357548e+00 -2.5275202570e-01
1.5231290097e+00 -1.2272471079e+00 -2.5274594746e-01
1.5231350656e+00 -1.2272395346e+00 -2.5274774046e-01
-3.9202292601e+00 5.7804526478e+00 -4.9248215021e+00
-3.9202190283e+00 5.7804620522e+00 -4.9248456550e+00
-3.9202244211e+00 5.7804551652e+00 -4.9248224180e+00
-3.9202141851e+00 5.7804645646e+00 -4.9248465732e+00
-3.9202295390e+00 5.7804512896e+00 -4.9248204845e+00
-3.9202193078e+00 5.7804606933e+00 -4.9248446380e+00
-3.9202248207e+00 5.7804538318e+00 -4.9248213894e+00
-3.9202145838e+00 5.7804632323e+00 -4.9248455449e+00
3.1404629810e+00 -2.0468255094e+00 2.5104061835e+00
3.1404716931e+00 -2.0468325589e+00 2.5103918788e+00
3.1404555319e+00 -2.0467941188e+00 2.5104113465e+00
3.1404643016e+00 -2.0468010833e+00 2.5103970816e+00
3.1404693603e+00 -2.0468238118e+00 2.5104040684e+00
3.1404780699e+00 -2.0468308610e+00 2.5103897653e+00
3.1404619482e+00 -2.0467922322e+00 2.5104090407e+00
3.1404707709e+00 -2.0467992076e+00 2.5103948058e+00
1.7043305215e+00 -2.9787250360e+00 -2.0877547769e+00
1.7043266354e+00 -2.9787175546e+00 -2.0877711889e+00
1.7043353887e+00 -2.9786824025e+00 -2.0877535319e+00
1.7043322913e+00 -2.9786752156e+00 -2.0877705602e+00
1.7043301734e+00 -2.9787247185e+00 -2.0877541162e+00
1.7043262615e+00 -2.9787172923e+00 -2.0877705262e+00
1.7043350371e+00 -2.9786824300e+00 -2.0877532549e+00
1.7043319241e+00 -2.9786752701e+00 -2.0877702675e+00
-2.1209521845e+00 1.8116112133e-01 -1.2819348212e+00
-2.1209588075e+00 1.8116357813e-01 -1.2819544658e+00
-2.1209397071e+00 1.8120024693e-01 -1.2819365803e+00
-2.1209468055e+00 1.8120299507e-01 -1.2819555594e+00
-2.1209972155e+00 1.8114608765e-01 -1.2819478148e+00
-2.1210044008e+00 1.8114896902e-01 -1.2819669218e+00
-2.1209877331e+00 1.8118687047e-01 -1.2819496748e+00
-2.1209941846e+00 1.8118923671e-01 -1.2819690156e+00
-1.3446775262e+00 -1.3917896464e+00 -4.0863953357e+00
-1.3446867291e+00 -1.3917892450e+00 -4.0864062604e+00
-1.3446824999e+00 -1.3917861673e+00 -4.0863976288e+00
-1.3446917061e+00 -1.3917857996e+00 -4.0864085658e+00
-1.3446780307e+00 -1.3917886620e+00 -4.0863949417e+00
-1.3446872190e+00 -1.3917882936e+00 -4.0864058910e+00
-1.3446829464e+00 -1.3917851975e+00 -4.0863972370e+00
-1.3446921415e+00 -1.3917848486e+00 -4.0864081960e+00
-2.4190661297e+00 -5.5133669248e-01 -3.6629881534e+00
-2.4190742479e+00 -5.5132842805e-01 -3.6630018485e+00
-2.4190791192e+00 -5.5133540746e-01 -3.6629856763e+00
-2.4190873333e+00 -5.5132715226e-01 -3.6629995087e+00
-2.4190952479e+00 -5.5133800212e-01 -3.6629861023e+00
-2.4191034305e+00 -5.5132980546e-01 -3.6629996087e+00
-2.4191094203e+00 -5.5133678795e-01 -3.6629836425e+00
-2.4191177213e+00 -5.5132859340e-01 -3.6629972903e+00
8.5891543942e+00 -6.3076105543e-01 -7.7117992190e-01
8.5891482689e+00 -6.3076019625e-01 -7.7118316909e-01
8.5891439037e+00 -6.3075962931e-01 -7.7117579872e-01
8.5891377511e+00 -6.3075879615e-01 -7.7117903987e-01
8.5891498576e+00 -6.3075643313e-01 -7.7118363363e-01
8.5891437381e+00 -6.3075558132e-01 -7.7118688196e-01
8.5891394643e+00 -6.3075510208e-01 -7.7117954056e-01
8.5891331847e+00 -6.3075412381e-01 -7.7118283442e-01
-7.4183907839e+00 -2.4634338342e+00 -6.5458150042e-01
-7.4183880362e+00 -2.4634348356e+00 -6.5459225496e-01
-7.4183843041e+00 -2.4634479796e+00 -6.5458218202e-01
-7.4183812357e+00 -2.4634486084e+00 -6.5459284320e-01
-7.4183995601e+00 -2.4634326355e+00 -6.5457744571e-01
-7.4183967787e+00 -2.4634327667e+00 -6.5458824748e-01
-7.4183927065e+00 -2.4634465044e+00 -6.5457814664e-01
-7.4183902894e+00 -2.4634467564e+00 -6.5458870003e-01
-3.6415319498e+00 3.0080595403e+00 -1.8564915266e+00
-3.6415214975e+00 3.0080622619e+00 -1.8565140918e+00
-3.6415195486e+00 3.0080662300e+00 -1.8564971098e+00
-3.6415090316e+00 3.0080687608e+00 -1.8565196072e+00
-3.6415351055e+00 3.0080645788e+00 -1.8564877855e+00
-3.6415247007e+00 3.0080672193e+00 -1.8565102341e+00
-3.6415224001e+00 3.0080712390e+00 -1.8564934440e+00
-3.6415118884e+00 3.0080737651e+00 -1.8565159446e+00
7.6053220664e+00 -1.7163402916e-01 1.7492192053e+00
7.6053230292e+00 -1.7164377970e-01 1.7492013302e+00
7.6053269609e+00 -1.7165235956e-01 1.7492170413e+00
7.6053282370e+00 -1.7166189253e-01 1.7491990291e+00
7.6053287795e+00 -1.7163786636e-01 1.7492341377e+00
7.6053295622e+00 -1.7164840183e-01 1.7492166192e+00
7.6053337583e+00 -1.7165625460e-01 1.7492318184e+00
7.6053348167e+00 -1.7166649070e-01 1.7492142824e+00
4.4421544561e+00 8.2092321983e-02 -1.4750863643e+00
4.4421538854e+00 8.2090117426e-02 -1.4751061539e+00
4.4421507026e+00 8.2107865927e-02 -1.4750810265e+00
4.4421486004e+00 8.2105459167e-02 -1.4751004776e+00
4.4421619898e+00 8.2085409667e-02 -1.4750802760e+00
4.4421614069e+00 8.2083171881e-02 -1.4751000816e+00
4.4421580194e+00 8.2102122036e-02 -1.4750746346e+00
4.4421560233e+00 8.2099650042e-02 -1.4750940840e+00
3.0498972202e+00 -1.8024251351e+00 3.0219427367e-01
3.0499019539e+00 -1.8024279226e+00 3.0217593765e-01
3.0499002060e+00 -1.8024087311e+00 3.0220145929e-01
3.0499050099e+00 -1.8024114359e+00 3.0218288133e-01
3.0499041950e+00 -1.8024157029e+00 3.0219527372e-01
3.0499091343e+00 -1.8024184083e+00 3.0217690559e-01
3.0499072226e+00 -1.8023986262e+00 3.0220257264e-01
3.0499122087e+00 -1.8024014354e+00 3.0218421483e-01
-7.8627084253e+00 1.7907764095e+00 8.1169486046e-01
-7.8627196879e+00 1.7907731570e+00 8.1169461924e-01
-7.8627067537e+00 1.7907686499e+00 8.1169977043e-01
-7.8627166752e+00 1.7907653903e+00 8.1169928816e-01
-7.8627115710e+00 1.7907665366e+00 8.1169098532e-01
-7.8627227223e+00 1.7907634486e+00 8.1169046217e-01
-7.8627098878e+00 1.7907587694e+00 8.1169590726e-01
-7.8627196973e+00 1.7907556742e+00 8.1169514255e-01
-4.3928422707e+00 5.2466747042e-02 3.2505348059e+00
-4.3928489999e+00 5.2476056045e-02 3.2505198310e+00
-4.3928464930e+00 5.2463415764e-02 3.2505302954e+00
-4.3928520734e+00 5.2472036128e-02 3.2505147815e+00
-4.3928494521e+00 5.2473680537e-02 3.2505351594e+00
-4.3928559783e+00 5.2483626304e-02 3.2505205356e+00
-4.3928534120e+00 5.2470084716e-02 3.2505309991e+00
-4.3928588218e+00 5.2479331896e-02 3.2505158419e+00
4.2620910171e+00 -2.3010708253e+00 -2.3378470143e+00
4.2620881769e+00 -2.3010620661e+00 -2.3378638316e+00
4.2620855769e+00 -2.3010404746e+00 -2.3378425232e+00
4.2620828989e+00 -2.3010316162e+00 -2.3378589811e+00
4.2621025638e+00 -2.3010713390e+00 -2.3378432462e+00
4.2620997333e+00 -2.3010624941e+00 -2.3378600915e+00
4.2620970175e+00 -2.3010408414e+00 -2.3378388087e+00
4.2620943456e+00 -2.3010320089e+00 -2.3378552710e+00
5.6116442425e+00 3.4383106693e+00 2.1002214535e+00
5.6116337682e+00 3.4383038880e+00 2.1002167575e+00
5.6116408600e+00 3.4383349180e+00 2.1002198008e+00
5.6116313877e+00 3.4383284534e+00 2.1002151828e+00
5.6116309540e+00 3.4383210862e+00 2.1002366013e+00
5.6116213093e+00 3.4383143488e+00 2.1002322909e+00
5.6116286234e+00 3.4383454847e+00 2.1002346815e+00
5.6116183682e+00 3.4383389764e+00 2.1002304009e+00
-1.6298954164e+00 -2.1524994750e+00 -3.7674925141e+00
-1.6298945222e+00 -2.1524995390e+00 -3.7675198828e+00
-1.6298960304e+00 -2.1525073396e+00 -3.7674828034e+00
-1.6298953261e+00 -2.1525071403e+00 -3.7675100372e+00
-1.6299303010e+00 -2.1524941862e+00 -3.7674919122e+00
-1.6299291480e+00 -2.1524934252e+00 -3.7675194469e+00
-1.6299310333e+00 -2.1525031459e+00 -3.7674818339e+00
-1.6299297856e+00 -2.1525023447e+00 -3.7675095702e+00
-1.1351580001e+00 -2.3528918697e+00 -2.1244451103e+00
-1.1351486728e+00 -2.3528911260e+00 -2.1244690959e+00
-1.1351432918e+00 -2.3528955261e+00 -2.1244508527e+00
-1.1351330213e+00 -2.3528946262e+00 -2.1244740488e+00
-1.1351574710e+00 -2.3528996091e+00 -2.1244437654e+00
-1.1351474775e+00 -2.3528985047e+00 -2.1244672193e+00
-1.1351420845e+00 -2.3529029198e+00 -2.1244489943e+00
-1.1351323697e+00 -2.3529023823e+00 -2.1244728668e+00
-3.0202255299e+00 3.5604613023e+00 -1.0288149354e-01
-3.0202412132e+00 3.5604651088e+00 -1.0289884099e-01
-3.0202260857e+00 3.5604580675e+00 -1.0287513868e-01
-3.0202417594e+00 3.5604618643e+00 -1.0289247932e-01
-3.0202149821e+00 3.5604632992e+00 -1.0288316118e-01
-3.0202306649e+00 3.5604671049e+00 -1.0290050837e-01
-3.0202155647e+00 3.5604595961e+00 -1.0287697703e-01
-3.0202312539e+00 3.5604634094e+00 -1.0289432170e-01
-3.1292749402e+00 -3.4767356977e+00 3.8342072510e+00
-3.1292800111e+00 -3.4767408891e+00 3.8342032980e+00
-3.1292889672e+00 -3.4767402214e+00 3.8342083491e+00
-3.1292939613e+00 -3.4767465897e+00 3.8342051112e+00
-3.1292593667e+00 -3.4767366345e+00 3.8342103872e+00
-3.1292644340e+00 -3.4767418264e+00 3.8342064334e+00
-3.1292733548e+00 -3.4767411874e+00 3.8342113739e+00
-3.1292783526e+00 -3.4767475552e+00 3.8342081367e+00
3.3601085997e-01 3.6729182860e+00 -2.6486357148e+00
3.3602130527e-01 3.6729218529e+00 -2.6486558789e+00
3.3601633950e-01 3.6729211780e+00 -2.6486323294e+00
3.3602668254e-01 3.6729248728e+00 -2.6486524529e+00
3.3600607095e-01 3.6729163744e+00 -2.6486346646e+00
3.3601651321e-01 3.6729198519e+00 -2.6486548282e+00
3.3601154553e-01 3.6729192677e+00 -2.6486312813e+00
3.3602188717e-01 3.6729228760e+00 -2.6486514021e+00
-3.0462274379e+00 -2.9950426858e+00 2.5931583325e+00
-3.0462239911e+00 -2.9950465297e+00 2.5931684320e+00
-3.0462281233e+00 -2.9950487983e+00 2.5931606308e+00
-3.0462239679e+00 -2.9950528905e+00 2.5931708236e+00
-3.0462706705e+00 -2.9950406959e+00 2.5931568618e+00
-3.0462664254e+00 -2.9950436017e+00 2.5931670974e+00
-3.0462702046e+00 -2.9950468445e+00 2.5931592558e+00
-3.0462668724e+00 -2.9950498465e+00 2.5931693775e+00
-3.5771437240e+00 1.3003949136e+00 1.7776277889e+01
-3.5771401307e+00 1.3004033381e+00 1.7776301208e+01
-3.5771342361e+00 1.3003868461e+00 1.7776270446e+01
-3.5771306533e+00 1.3003949375e+00 1.7776293509e+01
-3.5771421664e+00 1.3003914439e+00 1.7776277906e+01
-3.5771386008e+00 1.3003999777e+00 1.7776301269e+01
-3.5771323135e+00 1.3003829489e+00 1.7776270261e+01
-3.5771289079e+00 1.3003913050e+00 1.7776293577e+01
1.1834194921e+00 4.6588573108e-01 1.9379240090e+01
1.1834191273e+00 4.6587921198e-01 1.9379249054e+01
1.1834180221e+00 4.6588332537e-01 1.9379238666e+01
1.1834179373e+00 4.6587652889e-01 1.9379247255e+01
1.1833919009e+00 4.6589368310e-01 1.9379250528e+01
1.1833918124e+00 4.6588710671e-01 1.9379259461e+01
1.1833904320e+00 4.6589116772e-01 1.9379249004e+01
1.1833906148e+00 4.6588506461e-01 1.9379257993e+01
1.7257491970e+00 6.0205134711e+00 1.8261777195e+01
1.7257398914e+00 6.0205182153e+00 1.8261778554e+01
1.7257445548e+00 6.0205064097e+00 1.8261777021e+01
1.7257354205e+00 6.0205114127e+00 1.8261778375e+01
1.7257506851e+00 6.0205140150e+00 1.8261775790e+01
1.7257413773e+00 6.0205187618e+00 1.8261777152e+01
1.7257459338e+00 6.0205070264e+00 1.8261775442e+01
1.7257367972e+00 6.0205120325e+00 1.8261776799e+01
7.9756001172e-01 -4.3372830749e-01 1.6730884500e+01
7.9756170380e-01 -4.3372306387e-01 1.6730915753e+01
7.9755785900e-01 -4.3371023394e-01 1.6730875832e+01
7.9755822649e-01 -4.3370605972e-01 1.6730907699e+01
7.9756348620e-01 -4.3372645770e-01 1.6730886965e+01
7.9756475594e-01 -4.3372135112e-01 1.6730918213e+01
7.9756131126e-01 -4.3370852721e-01 1.6730878232e+01
7.9756160203e-01 -4.3370428051e-01 1.6730910127e+01
7.4520611659e-01 3.2039917811e+00 1.9568412470e+01
7.4520898290e-01 3.2039925062e+00 1.9568412964e+01
7.4520619091e-01 3.2039902331e+00 1.9568407849e+01
7.4520906980e-01 3.2039909779e+00 1.9568408338e+01
7.4520517789e-01 3.2039920250e+00 1.9568414722e+01
7.4520804446e-01 3.2039927503e+00 1.9568415216e+01
7.4520520915e-01 3.2039904510e+00 1.9568410106e+01
7.4520808779e-01 3.2039911954e+00 1.9568410595e+01
1.2083052476e+00 2.2785724760e+00 1.6522491470e+01
1.2083076031e+00 2.2785756724e+00 1.6522495607e+01
1.2083008453e+00 2.2785707129e+00 1.6522487001e+01
1.2083035193e+00 2.2785738712e+00 1.6522491128e+01
1.2083176318e+00 2.2785699179e+00 1.6522497036e+01
1.2083200170e+00 2.2785730590e+00 1.6522501263e+01
1.2083131817e+00 2.2785672790e+00 1.6522493216e+01
1.2083158914e+00 2.2785703809e+00 1.6522497426e+01
-1.8623142522e-01 7.1013610181e-01 1.9128842226e+01
-1.8622675020e-01 7.1013782152e-01 1.9128850134e+01
-1.8623555360e-01 7.1012967944e-01 1.9128841650e+01
-1.8623094953e-01 7.1013142292e-01 1.9128849551e+01
-1.8623122975e-01 7.1013897286e-01 1.9128842943e+01
-1.8622657738e-01 7.1014072242e-01 1.9128850896e+01
-1.8623530213e-01 7.1013242667e-01 1.9128842331e+01
-1.8623071935e-01 7.1013420390e-01 1.9128850273e+01
8.6756674006e-01 -4.8710057190e+00 1.7233147038e+01
8.6756672997e-01 -4.8710058924e+00 1.7233156095e+01
8.6757862722e-01 -4.8710015186e+00 1.7233150027e+01
8.6757869253e-01 -4.8710019878e+00 1.7233159216e+01
8.6758414455e-01 -4.8710053680e+00 1.7233147854e+01
8.6758435641e-01 -4.8710058720e+00 1.7233156840e+01
8.6759601399e-01 -4.8710011001e+00 1.7233150826e+01
8.6759610692e-01 -4.8710015291e+00 1.7233159882e+01
-1.3651162099e+00 -2.4158849653e+00 1.9220492793e+01
-1.3651198837e+00 -2.4158826850e+00 1.9220515509e+01
-1.3651123285e+00 -2.4158891100e+00 1.9220504016e+01
-1.3651159235e+00 -2.4158867611e+00 1.9220525970e+01
-1.3651162006e+00 -2.4158888254e+00 1.9220493057e+01
-1.3651197972e+00 -2.4158866996e+00 1.9220515716e+01
-1.3651123213e+00 -2.4158929651e+00 1.9220504277e+01
-1.3651157305e+00 -2.4158906860e+00 1.9220526488e+01
-3.0335156038e+00 4.3198405428e+00 2.1658901956e+01
-3.0335115149e+00 4.3198317451e+00 2.1658920176e+01
-3.0335141326e+00 4.3198593542e+00 2.1658897960e+01
-3.0335111657e+00 4.3198497074e+00 2.1658915195e+01
-3.0335295305e+00 4.3198490300e+00 2.1658909044e+01
-3.0335265714e+00 4.3198392076e+00 2.1658926737e+01
-3.0335287920e+00 4.3198674458e+00 2.1658905298e+01
-3.0335260024e+00 4.3198580286e+00 2.1658922436e+01
4.4984147699e-01 -4.3990640453e+00 1.8438174212e+01
4.4984003047e-01 -4.3990604689e+00 1.8438203898e+01
4.4983412265e-01 -4.3990491183e+00 1.8438178621e+01
4.4983321752e-01 -4.3990464889e+00 1.8438208206e+01
4.4984074238e-01 -4.3990617360e+00 1.8438174025e+01
4.4983906247e-01 -4.3990584724e+00 1.8438203916e+01
4.4983338710e-01 -4.3990468378e+00 1.8438178433e+01
4.4983250765e-01 -4.3990439981e+00 1.8438208286e+01
1.4850923680e+00 3.5791549633e+00 2.0948729146e+01
1.4850879279e+00 3.5791460698e+00 2.0948737723e+01
1.4850958085e+00 3.5791540806e+00 2.0948733662e+01
1.4850913523e+00 3.5791458262e+00 2.0948741891e+01
1.4850980323e+00 3.5791529391e+00 2.0948729603e+01
1.4850935885e+00 3.5791440448e+00 2.0948738175e+01
1.4851014692e+00 3.5791521821e+00 2.0948734169e+01
1.4850973959e+00 3.5791439505e+00 2.0948742383e+01
7.8995931363e-01 -4.2547109901e+00 1.8383841090e+01
7.8995936758e-01 -4.2547154215e+00 1.8383844830e+01
7.8996513362e-01 -4.2547130440e+00 1.8383845941e+01
7.8996455448e-01 -4.2547180111e+00 1.8383849727e+01
7.8995985494e-01 -4.2547093871e+00 1.8383841669e+01
7.8995990666e-01 -4.2547138180e+00 1.8383845406e+01
7.8996565164e-01 -4.2547113627e+00 1.8383846556e+01
7.8996507004e-01 -4.2547163298e+00 1.8383850339e+01
-2.4331827162e+00 -7.0508308006e-01 1.6684675422e+01
-2.4331847318e+00 -7.0508631130e-01 1.6684679657e+01
-2.4331809274e+00 -7.0508913022e-01 1.6684683334e+01
-2.4331829281e+00 -7.0509217224e-01 1.6684687448e+01
-2.4331678643e+00 -7.0508288421e-01 1.6684682769e+01
-2.4331698865e+00 -7.0508611450e-01 1.6684687011e+01
-2.4331662503e+00 -7.0508875292e-01 1.6684690417e+01
-2.4331682576e+00 -7.0509179400e-01 1.6684694538e+01
6.4843590629e-01 -6.6582707289e-01 1.3432055181e+01
6.4843679316e-01 -6.6582784820e-01 1.3432059836e+01
6.4843531626e-01 -6.6582977346e-01 1.3432054642e+01
6.4843620616e-01 -6.6583049346e-01 1.3432059314e+01
6.4843576632e-01 -6.6582779034e-01 1.3432055190e+01
6.4843665537e-01 -6.6582855843e-01 1.3432059835e+01
6.4843519333e-01 -6.6583047145e-01 1.3432054647e+01
6.4843607996e-01 -6.6583117839e-01 1.3432059317e+01
1.5932118618e+00 2.9890565300e+00 1.8888079513e+01
1.5932150838e+00 2.9890566170e+00 1.8888087006e+01
1.5932075785e+00 2.9890513064e+00 1.8888083240e+01
1.5932108006e+00 2.9890513932e+00 1.8888090733e+01
1.5932112698e+00 2.9890697212e+00 1.8888089670e+01
1.5932144767e+00 2.9890697995e+00 1.8888097173e+01
1.5932064959e+00 2.9890644794e+00 1.8888093392e+01
1.5932097075e+00 2.9890645590e+00 1.8888100899e+01
-1.0081394754e+00 7.4943884034e-01 -1.9151014747e+01
-1.0081413967e+00 7.4943789621e-01 -1.9150998201e+01
-1.0081513117e+00 7.4944095273e-01 -1.9151010685e+01
-1.0081538124e+00 7.4944102090e-01 -1.9150994325e+01
-1.0081355716e+00 7.4943834325e-01 -1.9151016910e+01
-1.0081377594e+00 7.4943740214e-01 -1.9151000417e+01
-1.0081477610e+00 7.4944062280e-01 -1.9151013112e+01
-1.0081498135e+00 7.4944035420e-01 -1.9150996260e+01
1.8453829473e+00 -1.4971602545e+00 -2.1759703486e+01
1.8453960872e+00 -1.4971511073e+00 -2.1759713880e+01
1.8453806837e+00 -1.4971661159e+00 -2.1759699617e+01
1.8453937667e+00 -1.4971569252e+00 -2.1759709946e+01
1.8453853799e+00 -1.4971638752e+00 -2.1759710786e+01
1.8453985136e+00 -1.4971547339e+00 -2.1759721178e+01
1.8453832713e+00 -1.4971698041e+00 -2.1759706510e+01
1.8453964306e+00 -1.4971606643e+00 -2.1759716899e+01
-1.4471813804e+00 2.4836486816e+00 -1.6923231592e+01
-1.4471813612e+00 2.4836481229e+00 -1.6923219483e+01
-1.4471759112e+00 2.4836396273e+00 -1.6923232480e+01
-1.4471763075e+00 2.4836390932e+00 -1.6923220346e+01
-1.4471830937e+00 2.4836555862e+00 -1.6923229762e+01
-1.4471830796e+00 2.4836551680e+00 -1.6923217695e+01
-1.4471777090e+00 2.4836465735e+00 -1.6923230605e+01
-1.4471780905e+00 2.4836461077e+00 -1.6923218553e+01
-2.3659452156e+00 2.8423446498e+00 -1.4552626647e+01
-2.3659459489e+00 2.8423442921e+00 -1.4552627379e+01
-2.3659453386e+00 2.8423283546e+00 -1.4552624682e+01
-2.3659458702e+00 2.8423281111e+00 -1.4552625822e+01
-2.3659472367e+00 2.8423449488e+00 -1.4552630379e+01
-2.3659477632e+00 2.8423447040e+00 -1.4552631521e+01
-2.3659471576e+00 2.8423287674e+00 -1.4552628824e+01
-2.3659478864e+00 2.8423284097e+00 -1.4552629556e+01
8.5915496432e-01 -3.7875101085e+00 -1.5606751409e+01
8.5915961993e-01 -3.7875087331e+00 -1.5606719907e+01
8.5915652744e-01 -3.7875106659e+00 -1.5606758978e+01
8.5916109026e-01 -3.7875092588e+00 -1.5606727282e+01
8.5916293705e-01 -3.7875146861e+00 -1.5606749851e+01
8.5916764398e-01 -3.7875134696e+00 -1.5606719166e+01
8.5916443215e-01 -3.7875152435e+00 -1.5606757430e+01
8.5916917349e-01 -3.7875138855e+00 -1.5606726517e+01
-2.0479066171e+00 2.7190711529e+00 -1.4718454946e+01
-2.0479039379e+00 2.7190756886e+00 -1.4718417149e+01
-2.0479043556e+00 2.7190687513e+00 -1.4718448951e+01
-2.0479019573e+00 2.7190730687e+00 -1.4718411112e+01
-2.0479074462e+00 2.7190753840e+00 -1.4718459226e+01
-2.0479048078e+00 2.7190799629e+00 -1.4718421541e+01
-2.0479052980e+00 2.7190728987e+00 -1.4718453375e+01
-2.0479029447e+00 2.7190772622e+00 -1.4718415639e+01
2.1132634978e+00 -8.1202871642e+00 -1.6257187873e+01
2.1132682977e+00 -8.1202910925e+00 -1.6257184900e+01
2.1132671393e+00 -8.1202941027e+00 -1.6257186104e+01
2.1132719382e+00 -8.1202980303e+00 -1.6257183131e+01
2.1132666839e+00 -8.1202887967e+00 -1.6257187887e+01
2.1132714588e+00 -8.1202927574e+00 -1.6257184872e+01
2.1132705946e+00 -8.1202956638e+00 -1.6257185884e+01
2.1132753684e+00 -8.1202996237e+00 -1.6257182869e+01
3.8428766685e+00 1.8519359667e+00 -2.1922581268e+01
3.8428646032e+00 1.8519348451e+00 -2.1922580032e+01
3.8428745335e+00 1.8519311233e+00 -2.1922583871e+01
3.8428624346e+00 1.8519300071e+00 -2.1922582655e+01
3.8428791624e+00 1.8519393602e+00 -2.1922574167e+01
3.8428670493e+00 1.8519382648e+00 -2.1922572917e+01
3.8428767161e+00 1.8519347399e+00 -2.1922577243e+01
3.8428646368e+00 1.8519336392e+00 -2.1922575975e+01
-1.3901369895e+00 -8.9065994002e-01 -1.5562984512e+01
-1.3901349950e+00 -8.9066224795e-01 -1.5562980343e+01
-1.3901343501e+00 -8.9066859448e-01 -1.5562992529e+01
-1.3901323317e+00 -8.9067086691e-01 -1.5562988388e+01
-1.3901397581e+00 -8.9066122746e-01 -1.5562983993e+01
-1.3901377685e+00 -8.9066354681e-01 -1.5562979821e+01
-1.3901371007e+00 -8.9066985605e-01 -1.5562991694e+01
-1.3901350788e+00 -8.9067225903e-01 -1.5562987464e+01
-3.9704549582e+00 -5.0226790734e+00 -1.9540330153e+01
-3.9704482944e+00 -5.0226803369e+00 -1.9540328756e+01
-3.9704583662e+00 -5.0226596496e+00 -1.9540337150e+01
-3.9704512561e+00 -5.0226611608e+00 -1.9540335494e+01
-3.9704554342e+00 -5.0226777083e+00 -1.9540337853e+01
-3.9704485459e+00 -5.0226788524e+00 -1.9540336831e+01
-3.9704584394e+00 -5.0226586167e+00 -1.9540344713e+01
-3.9704514538e+00 -5.0226598474e+00 -1.9540343557e+01
3.5852340105e+00 -5.0967726815e+00 -1.2335454138e+01
3.5852373741e+00 -5.0967731206e+00 -1.2335418082e+01
3.5852275941e+00 -5.0967746140e+00 -1.2335451838e+01
3.5852310410e+00 -5.0967751678e+00 -1.2335415986e+01
3.5852433441e+00 -5.0967748216e+00 -1.2335455798e+01
3.5852465810e+00 -5.0967761573e+00 -1.2335419233e+01
3.5852368482e+00 -5.0967767900e+00 -1.2335453396e+01
3.5852401734e+00 -5.0967782442e+00 -1.2335417038e+01
-2.8200125432e+00 1.0061341012e-01 -1.6723932478e+01
-2.8200172731e+00 1.0061542636e-01 -1.6723924234e+01
-2.8200177663e+00 1.0063259645e-01 -1.6723926867e+01
-2.8200225032e+00 1.0063510730e-01 -1.6723918702e+01
-2.8200131458e+00 1.0061176559e-01 -1.6723931303e+01
-2.8200178997e+00 1.0061377476e-01 -1.6723923053e+01
-2.8200183893e+00 1.0063099159e-01 -1.6723925741e+01
-2.8200231257e+00 1.0063350250e-01 -1.6723917575e+01
-7.1857829906e-01 3.8588279521e+00 -1.7093244724e+01
-7.1857912149e-01 3.8588344076e+00 -1.7093245802e+01
-7.1857498480e-01 3.8588241331e+00 -1.7093246747e+01
-7.1857578125e-01 3.8588305444e+00 -1.7093247796e+01
-7.1858161046e-01 3.8588318258e+00 -1.7093245212e+01
-7.1858243378e-01 3.8588382764e+00 -1.7093246287e+01
-7.1857825413e-01 3.8588280582e+00 -1.7093247216e+01
-7.1857905088e-01 3.8588344677e+00 -1.7093248264e+01
-2.0252226291e+00 -4.1013349711e-02 -1.7787236955e+01
-2.0252288500e+00 -4.1012651403e-02 -1.7787214364e+01
-2.0252229190e+00 -4.1000454012e-02 -1.7787227597e+01
-2.0252303798e+00 -4.0998287150e-02 -1.7787205215e+01
-2.0252228825e+00 -4.1017078639e-02 -1.7787235089e+01
-2.0252291372e+00 -4.1016367895e-02 -1.7787212681e+01
-2.0252231769e+00 -4.1003893427e-02 -1.7787226151e+01
-2.0252306889e+00 -4.1001755658e-02 -1.7787203652e+01
6.0397611701e-01 4.3535494781e-01 -2.0674817338e+01
6.0398193360e-01 4.3536450850e-01 -2.0674817942e+01
6.0397549456e-01 4.3535164734e-01 -2.0674822557e+01
6.0398131249e-01 4.3536102452e-01 -2.0674823025e+01
6.0398036996e-01 4.3535554295e-01 -2.0674816164e+01
6.0398619430e-01 4.3536509531e-01 -2.0674816772e+01
6.0397975549e-01 4.3535223535e-01 -2.0674821387e+01
6.0398556509e-01 4.3536161940e-01 -2.0674821851e+01
6.2246958400e+00 4.9821240608e-01 -1.9958118782e+01
6.2246963108e+00 4.9819978248e-01 -1.9958123324e+01
6.2247008928e+00 4.9821305597e-01 -1.9958120606e+01
6.2247013704e+00 4.9820068970e-01 -1.9958124781e+01
6.2247070163e+00 4.9821273805e-01 -1.9958123011e+01
6.2247074874e+00 4.9820011443e-01 -1.9958127554e+01
6.2247120805e+00 4.9821307306e-01 -1.9958124631e+01
6.2247125582e+00 4.9820070675e-01 -1.9958128808e+01
-8.2192073917e-01 -1.3256919624e+00 1.8337657227e+01
-8.2192071267e-01 -1.3256902463e+00 1.8337679747e+01
-8.2192473183e-01 -1.3256905676e+00 1.8337666273e+01
-8.2192473685e-01 -1.3256889823e+00 1.8337688664e+01
-8.2191846314e-01 -1.3256962034e+00 1.8337653126e+01
-8.2191803704e-01 -1.3256939077e+00 1.8337675745e+01
-8.2192247542e-01 -1.3256948236e+00 1.8337662226e+01
-8.2192210079e-01 -1.3256926633e+00 1.8337684713e+01
5.6419682255e-01 5.4161539045e+00 2.2153049905e+01
5.6419974241e-01 5.4161542805e+00 2.2153053154e+01
5.6419683749e-01 5.4161494081e+00 2.2153043285e+01
5.6419958010e-01 5.4161496714e+00 2.2153046812e+01
5.6419808860e-01 5.4161603345e+00 2.2153046093e+01
5.6420117918e-01 5.4161610468e+00 2.2153049339e+01
5.6419823590e-01 5.4161561944e+00 2.2153039477e+01
5.6420097250e-01 5.4161564557e+00 2.2153043001e+01
2.0515522613e-01 6.9248783095e+00 1.7405614809e+01
2.0514881973e-01 6.9248789294e+00 1.7405615045e+01
2.0516499911e-01 6.9248808654e+00 1.7405617940e+01
2.0515874615e-01 6.9248813422e+00 1.7405618477e+01
2.0516171862e-01 6.9248848430e+00 1.7405613481e+01
2.0515530440e-01 6.9248854614e+00 1.7405613745e+01
2.0517138624e-01 6.9248877636e+00 1.7405616634e+01
2.0516488946e-01 6.9248878075e+00 1.7405617162e+01
-4.1362024932e+00 2.4418842589e+00 1.5225889679e+01
-4.1362079171e+00 2.4418865487e+00 1.5225892444e+01
-4.1362012576e+00 2.4418676140e+00 1.5225882510e+01
-4.1362066674e+00 2.4418699056e+00 1.5225885325e+01
-4.1362150704e+00 2.4418749174e+00 1.5225880260e+01
-4.1362199799e+00 2.4418771604e+00 1.5225883776e+01
-4.1362136572e+00 2.4418583414e+00 1.5225873307e+01
-4.1362186808e+00 2.4418604668e+00 1.5225876734e+01
3.5121550513e+00 -3.1641622685e+00 1.6347798070e+01
3.5121653000e+00 -3.1641579076e+00 1.6347790386e+01
3.5121533370e+00 -3.1641521953e+00 1.6347798255e+01
3.5121638149e+00 -3.1641481141e+00 1.6347791012e+01
3.5121327329e+00 -3.1641612355e+00 1.6347799823e+01
3.5121432305e+00 -3.1641569160e+00 1.6347792188e+01
3.5121310357e+00 -3.1641500363e+00 1.6347799742e+01
3.5121417232e+00 -3.1641458084e+00 1.6347792529e+01
2.4779015804e+00 9.8135454617e-02 1.4506745005e+01
2.4779055675e+00 9.8131601402e-02 1.4506746187e+01
2.4778968986e+00 9.8122186686e-02 1.4506740201e+01
2.4779009187e+00 9.8118579054e-02 1.4506741717e+01
2.4779088799e+00 9.8132076267e-02 1.4506743225e+01
2.4779129426e+00 9.8128263672e-02 1.4506744371e+01
2.4779041452e+00 9.8118693318e-02 1.4506738549e+01
2.4779082396e+00 9.8115126309e-02 1.4506740027e+01
3.4905866292e-01 6.5412870946e-01 2.0230430633e+01
3.4905589511e-01 6.5412297600e-01 2.0230431367e+01
3.4906264099e-01 6.5413502372e-01 2.0230430270e+01
3.4905991975e-01 6.5412933980e-01 2.0230430982e+01
3.4906965445e-01 6.5412639705e-01 2.0230429543e+01
3.4906688034e-01 6.5412066763e-01 2.0230430257e+01
3.4907367747e-01 6.5413267266e-01 2.0230429174e+01
3.4907090325e-01 6.5412702410e-01 2.0230429872e+01
3.3768357673e-02 -9.4811681649e-01 1.7971935515e+01
3.3762625500e-02 -9.4811634603e-01 1.7971954569e+01
3.3769556746e-02 -9.4811934243e-01 1.7971935396e+01
3.3763961164e-02 -9.4811945915e-01 1.7971954495e+01
3.3771262548e-02 -9.4811418532e-01 1.7971938038e+01
3.3765682544e-02 -9.4811364196e-01 1.7971957398e+01
3.3772479004e-02 -9.4811670040e-01 1.7971937899e+01
3.3766985526e-02 -9.4811666765e-01 1.7971957327e+01
-3.8224172717e+00 5.0477146407e-01 2.1202461880e+01
-3.8224176556e+00 5.0476632037e-01 2.1202468546e+01
-3.8224131922e+00 5.0476297383e-01 2.1202459273e+01
-3.8224134630e+00 5.0475776850e-01 2.1202465834e+01
-3.8224153811e+00 5.0477212765e-01 2.1202463500e+01
-3.8224158061e+00 5.0476690079e-01 2.1202470212e+01
-3.8224112314e+00 5.0476360797e-01 2.1202460848e+01
-3.8224115419e+00 5.0475831541e-01 2.1202467458e+01
2.4441424955e+00 4.4663072560e-01 1.9310028291e+01
2.4441375632e+00 4.4663524687e-01 1.9310031045e+01
2.4441495255e+00 4.4663373065e-01 1.9310034799e+01
2.4441445932e+00 4.4663825190e-01 1.9310037553e+01
2.4441236762e+00 4.4663292280e-01 1.9310038880e+01
2.4441189427e+00 4.4663801577e-01 1.9310041620e+01
2.4441306165e+00 4.4663606658e-01 1.9310045272e+01
2.4441258956e+00 4.4664115300e-01 1.9310047976e+01
-1.8025509818e+00 7.0384898091e-01 1.7411889281e+01
-1.8025564763e+00 7.0384773221e-01 1.7411885548e+01
-1.8025569916e+00 7.0384719493e-01 1.7411887076e+01
-1.8025623240e+00 7.0384557001e-01 1.7411883619e+01
-1.8025489940e+00 7.0384599392e-01 1.7411881569e+01
-1.8025544975e+00 7.0384475360e-01 1.7411877830e+01
-1.8025550366e+00 7.0384432871e-01 1.7411879435e+01
-1.8025603709e+00 7.0384270751e-01 1.7411875961e+01
-4.8125463238e+00 -5.2218647953e+00 1.6351123249e+01
-4.8125462814e+00 -5.2218636195e+00 1.6351146708e+01
-4.8125528269e+00 -5.2218508777e+00 1.6351129808e+01
-4.8125539916e+00 -5.2218497722e+00 1.6351153322e+01
-4.8125642774e+00 -5.2218681406e+00 1.6351117813e+01
-4.8125650765e+00 -5.2218663874e+00 1.6351140624e+01
-4.8125711058e+00 -5.2218539279e+00 1.6351124377e+01
-4.8125711693e+00 -5.2218520621e+00 1.6351147739e+01
3.1243707798e+00 -1.6567454064e-01 1.8014138791e+01
3.1243774860e+00 -1.6567822056e-01 1.8014135638e+01
3.1243744143e+00 -1.6566989284e-01 1.8014128024e+01
3.1243812129e+00 -1.6567347596e-01 1.8014124964e+01
3.1243771699e+00 -1.6568019478e-01 1.8014139481e+01
3.1243838804e+00 -1.6568386911e-01 1.8014136327e+01
3.1243805962e+00 -1.6567519789e-01 1.8014128731e+01
3.1243873992e+00 -1.6567877542e-01 1.8014125670e+01
3.6964218610e+00 -1.7714407607e+00 1.5438875093e+01
3.6964210713e+00 -1.7714407089e+00 1.5438872452e+01
3.6964223399e+00 -1.7714286714e+00 1.5438872414e+01
3.6964215752e+00 -1.7714286195e+00 1.5438869778e+01
3.6964258130e+00 -1.7714364362e+00 1.5438872696e+01
3.6964249854e+00 -1.7714363753e+00 1.5438870069e+01
3.6964265454e+00 -1.7714238461e+00 1.5438870008e+01
3.6964257360e+00 -1.7714237873e+00 1.5438867378e+01
1.6741879666e+00 2.8231935121e+00 1.7926260149e+01
1.6741876255e+00 2.8231872461e+00 1.7926282239e+01
1.6741846509e+00 2.8231886299e+00 1.7926255383e+01
1.6741842673e+00 2.8231823895e+00 1.7926277390e+01
1.6741897898e+00 2.8231980048e+00 1.7926260405e+01
1.6741892670e+00 2.8231913684e+00 1.7926282507e+01
1.6741864467e+00 2.8231930716e+00 1.7926255570e+01
1.6741859089e+00 2.8231865120e+00 1.7926277658e+01
5.2738930123e-01 2.5873160858e+00 1.4555679019e+01
5.2739413736e-01 2.5873220590e+00 1.4555667630e+01
5.2739361687e-01 2.5873363900e+00 1.4555681526e+01
5.2739823172e-01 2.5873427900e+00 1.4555670868e+01
5.2740721898e-01 2.5873139072e+00 1.4555674524e+01
5.2741110713e-01 2.5873193327e+00 1.4555662432e+01
5.2741153581e-01 2.5873342118e+00 1.4555677122e+01
5.2741522952e-01 2.5873401034e+00 1.4555665712e+01
5.9904648650e-01 -2.4132897520e+00 -1.2546196040e+01
5.9904479462e-01 -2.4132865556e+00 -1.2546184238e+01
5.9904056839e-01 -2.4132837639e+00 -1.2546196127e+01
5.9903901827e-01 -2.4132804787e+00 -1.2546184288e+01
5.9905830685e-01 -2.4132919776e+00 -1.2546191846e+01
5.9905662050e-01 -2.4132884949e+00 -1.2546179689e+01
5.9905236568e-01 -2.4132860213e+00 -1.2546191945e+01
5.9905081523e-01 -2.4132827353e+00 -1.2546180103e+01
-1.5889605154e-01 -3.2345507412e-02 -2.2414101334e+01
-1.5889780386e-01 -3.2338839010e-02 -2.2414083690e+01
-1.5889888738e-01 -3.2350199149e-02 -2.2414103298e+01
-1.5890020683e-01 -3.2343568337e-02 -2.2414085248e+01
-1.5889923949e-01 -3.2344632535e-02 -2.2414099627e+01
-1.5890104026e-01 -3.2337315423e-02 -2.2414081726e+01
-1.5890205959e-01 -3.2349146993e-02 -2.2414101700e+01
-1.5890345927e-01 -3.2342188120e-02 -2.2414083176e+01
3.9488802042e+00 3.3715973431e-01 -1.4977453607e+01
3.9488811707e+00 3.3716653465e-01 -1.4977440114e+01
3.9488921665e+00 3.3718656892e-01 -1.4977448828e+01
3.9488930798e+00 3.3719265077e-01 -1.4977434903e+01
3.9488508858e+00 3.3715877909e-01 -1.4977462592e+01
3.9488515709e+00 3.3716525477e-01 -1.4977449219e+01
3.9488618193e+00 3.3718578761e-01 -1.4977457953e+01
3.9488625259e+00 3.3719222758e-01 -1.4977444537e+01
3.7287343570e-01 1.8807540731e+00 -1.3806607027e+01
3.7287621272e-01 1.8807548289e+00 -1.3806593484e+01
3.7287695602e-01 1.8807419795e+00 -1.3806611636e+01
3.7287975856e-01 1.8807425328e+00 -1.3806598059e+01
3.7288247885e-01 1.8807526151e+00 -1.3806604646e+01
3.7288514715e-01 1.8807534637e+00 -1.3806591053e+01
3.7288577749e-01 1.8807403666e+00 -1.3806609244e+01
3.7288857957e-01 1.8807409204e+00 -1.3806595667e+01
1.5227233777e+00 -2.4058217878e+00 -1.5526061859e+01
1.5227230945e+00 -2.4058123861e+00 -1.5526026662e+01
1.5227277961e+00 -2.4058050964e+00 -1.5526063478e+01
1.5227278200e+00 -2.4057939595e+00 -1.5526029148e+01
1.5227303735e+00 -2.4058206405e+00 -1.5526060765e+01
1.5227300920e+00 -2.4058112588e+00 -1.5526025597e+01
1.5227351933e+00 -2.4058039918e+00 -1.5526062306e+01
1.5227351805e+00 -2.4057928422e+00 -1.5526027987e+01
3.1612009401e+00 -8.2804059022e-01 -2.0631852983e+01
3.1612011116e+00 -8.2804147495e-01 -2.0631844997e+01
3.1612047291e+00 -8.2803903046e-01 -2.0631861699e+01
3.1612048979e+00 -8.2803992649e-01 -2.0631853708e+01
3.1611826278e+00 -8.2804428613e-01 -2.0631860190e+01
3.1611828588e+00 -8.2804495838e-01 -2.0631852087e+01
3.1611868627e+00 -8.2804329891e-01 -2.0631868695e+01
3.1611870717e+00 -8.2804395617e-01 -2.0631860568e+01
-4.0747568869e+00 -5.5131304596e+00 -1.5868724196e+01
-4.0747597931e+00 -5.5131204954e+00 -1.5868710632e+01
-4.0747598998e+00 -5.5131343729e+00 -1.5868719757e+01
-4.0747626836e+00 -5.5131241281e+00 -1.5868705842e+01
-4.0747542145e+00 -5.5131282533e+00 -1.5868724938e+01
-4.0747571208e+00 -5.5131182887e+00 -1.5868711375e+01
-4.0747572034e+00 -5.5131321639e+00 -1.5868720498e+01
-4.0747600735e+00 -5.5131218617e+00 -1.5868706513e+01
2.2495944797e-02 2.4443133228e+00 -2.3775139622e+01
2.2494601132e-02 2.4443104859e+00 -2.3775128835e+01
2.2492747710e-02 2.4443152054e+00 -2.3775150623e+01
2.2491520251e-02 2.4443124351e+00 -2.3775139739e+01
2.2501303088e-02 2.4443128141e+00 -2.3775138952e+01
2.2499958981e-02 2.4443099782e+00 -2.3775128164e+01
2.2498113694e-02 2.4443146997e+00 -2.3775149954e+01
2.2496886141e-02 2.4443119293e+00 -2.3775139070e+01
-2.3776355459e+00 2.3967316395e+00 -2.1727050657e+01
-2.3776475831e+00 2.3967299184e+00 -2.1727043336e+01
-2.3776399464e+00 2.3967276024e+00 -2.1727044359e+01
-2.3776519749e+00 2.3967258710e+00 -2.1727037022e+01
-2.3776358073e+00 2.3967365986e+00 -2.1727046696e+01
-2.3776478765e+00 2.3967348656e+00 -2.1727039377e+01
-2.3776413298e+00 2.3967332445e+00 -2.1727039356e+01
-2.3776533602e+00 2.3967315111e+00 -2.1727032018e+01
-2.9932998992e+00 7.4319370825e-01 -1.5769484393e+01
-2.9932954525e+00 7.4318722916e-01 -1.5769468179e+01
-2.9932912730e+00 7.4319177037e-01 -1.5769475352e+01
-2.9932871416e+00 7.4318540258e-01 -1.5769458880e+01
-2.9932987751e+00 7.4319547401e-01 -1.5769485182e+01
-2.9932943276e+00 7.4318899492e-01 -1.5769468969e+01
-2.9932901262e+00 7.4319346938e-01 -1.5769476120e+01
-2.9932859951e+00 7.4318710145e-01 -1.5769459647e+01
-2.2172558439e+00 3.8032586651e-01 -1.9093654185e+01
-2.2172513743e+00 3.8032533222e-01 -1.9093645658e+01
-2.2172478436e+00 3.8032732055e-01 -1.9093643847e+01
-2.2172433725e+00 3.8032697027e-01 -1.9093635420e+01
-2.2172533764e+00 3.8031813387e-01 -1.9093654692e+01
-2.2172488763e+00 3.8031766371e-01 -1.9093646144e+01
-2.2172454496e+00 3.8031949679e-01 -1.9093644356e+01
-2.2172409775e+00 3.8031915081e-01 -1.9093635931e+01
-1.3519281641e-01 -1.8689512144e+00 -1.9134357900e+01
-1.3519589142e-01 -1.8689584787e+00 -1.9134324185e+01
-1.3518863333e-01 -1.8689338679e+00 -1.9134358859e+01
-1.3519136129e-01 -1.8689405044e+00 -1.9134324488e+01
-1.3519426478e-01 -1.8689485439e+00 -1.9134354906e+01
-1.3519731258e-01 -1.8689551636e+00 -1.9134320757e+01
-1.3519028166e-01 -1.8689307882e+00 -1.9134355877e+01
-1.3519276867e-01 -1.8689375519e+00 -1.9134321525e+01
3.9726986530e+00 -2.8719428607e-01 -1.9168508864e+01
3.9727027347e+00 -2.8719225050e-01 -1.9168492590e+01
3.9726973933e+00 -2.8720561498e-01 -1.9168507379e+01
3.9727012944e+00 -2.8720381363e-01 -1.9168490652e+01
3.9726981625e+00 -2.8718810098e-01 -1.9168507933e+01
3.9727022443e+00 -2.8718606544e-01 -1.9168491659e+01
3.9726969070e+00 -2.8719942707e-01 -1.9168506446e+01
3.9727008084e+00 -2.8719762614e-01 -1.9168489720e+01
3.9891157336e-01 3.9467313557e-01 -1.4738489395e+01
3.9891198208e-01 3.9467003134e-01 -1.4738477725e+01
3.9890473601e-01 3.9468417379e-01 -1.4738495383e+01
3.9890527640e-01 3.9468146250e-01 -1.4738483588e+01
3.9891209839e-01 3.9466562201e-01 -1.4738488109e+01
3.9891262294e-01 3.9466251213e-01 -1.4738476441e+01
3.9890540023e-01 3.9467670148e-01 -1.4738494210e+01
3.9890605651e-01 3.9467398455e-01 -1.4738482418e+01
3.3083699039e-01 1.1186483899e+00 -2.1688101987e+01
3.3084218636e-01 1.1186457579e+00 -2.1688089569e+01
3.3083630881e-01 1.1186428386e+00 -2.1688096826e+01
3.3084149463e-01 1.1186402362e+00 -2.1688084403e+01
3.3083861850e-01 1.1186459836e+00 -2.1688101629e+01
3.3084381231e-01 1.1186433636e+00 -2.1688089204e+01
3.3083805227e-01 1.1186404588e+00 -2.1688096483e+01
3.3084324574e-01 1.1186378495e+00 -2.1688084064e+01
1.9553105600e+00 -2.7025635967e-01 -1.5083204861e+01
1.9553083372e+00 -2.7025978723e-01 -1.5083194506e+01
1.9553054689e+00 -2.7027189402e-01 -1.5083199120e+01
1.9553030764e+00 -2.7027543776e-01 -1.5083188981e+01
1.9553123101e+00 -2.7025411729e-01 -1.5083203054e+01
1.9553100887e+00 -2.7025754470e-01 -1.5083192700e+01
1.9553071100e+00 -2.7026964059e-01 -1.5083197491e+01
1.9553047531e+00 -2.7027319086e-01 -1.5083187329e+01
-1.2296215611e+00 4.5962635226e+00 9.4734429427e+00
-1.2296192152e+00 4.5962640445e+00 9.4734323819e+00
-1.2296146472e+00 4.5962613389e+00 9.4734490613e+00
-1.2296124642e+00 4.5962620347e+00 9.4734386117e+00
-1.2296163469e+00 4.5962720588e+00 9.4734474692e+00
-1.2296141717e+00 4.5962728495e+00 9.4734369358e+00
-1.2296094285e+00 4.5962698177e+00 9.4734535978e+00
-1.2296072507e+00 4.5962705228e+00 9.4734431477e+00
3.2772820012e+00 -3.1614808452e+00 1.8735689646e+01
3.2772953509e+00 -3.1614837990e+00 1.8735687877e+01
3.2772769704e+00 -3.1614978094e+00 1.8735689437e+01
3.2772904941e+00 -3.1615019304e+00 1.8735687322e+01
3.2772846278e+00 -3.1614809912e+00 1.8735687769e+01
3.2772977420e+00 -3.1614844751e+00 1.8735686116e+01
3.2772793435e+00 -3.1614983657e+00 1.8735687524e+01
3.2772931549e+00 -3.1615021952e+00 1.8735685618e+01
1.5760359856e+00 2.2320293288e+00 1.1040832120e+01
1.5760406460e+00 2.2320308128e+00 1.1040818087e+01
1.5760400979e+00 2.2320228731e+00 1.1040832508e+01
1.5760446461e+00 2.2320241070e+00 1.1040818466e+01
1.5760436063e+00 2.2320281995e+00 1.1040839192e+01
1.5760482647e+00 2.2320296798e+00 1.1040825165e+01
1.5760475609e+00 2.2320214681e+00 1.1040839566e+01
1.5760522661e+00 2.2320229785e+00 1.1040825539e+01
-8.6031870313e+00 2.8716440341e+00 1.5655440205e+01
-8.6031952032e+00 2.8716486680e+00 1.5655433751e+01
-8.6031754929e+00 2.8716516916e+00 1.5655441225e+01
-8.6031840318e+00 2.8716563409e+00 1.5655435302e+01
-8.6031851927e+00 2.8716450219e+00 1.5655441773e+01
-8.6031933743e+00 2.8716496613e+00 1.5655435312e+01
-8.6031734137e+00 2.8716528756e+00 1.5655442638e+01
-8.6031819428e+00 2.8716575193e+00 1.5655436723e+01
-1.1904817430e+00 -6.0144072741e-01 1.6838103168e+01
-1.1904870165e+00 -6.0144300992e-01 1.6838092512e+01
-1.1904804513e+00 -6.0144121958e-01 1.6838120849e+01
-1.1904851506e+00 -6.0144420546e-01 1.6838109766e+01
-1.1904812215e+00 -6.0143774896e-01 1.6838101081e+01
-1.1904864925e+00 -6.0144002154e-01 1.6838090433e+01
-1.1904799030e+00 -6.0143823230e-01 1.6838118867e+01
-1.1904846570e+00 -6.0144124790e-01 1.6838107781e+01
2.2497674321e+00 -2.6132312735e+00 1.7935626835e+01
2.2497660073e+00 -2.6132311528e+00 1.7935615725e+01
2.2497626357e+00 -2.6132304502e+00 1.7935634488e+01
2.2497611962e+00 -2.6132305201e+00 1.7935623063e+01
2.2497697882e+00 -2.6132342440e+00 1.7935630209e+01
2.2497683566e+00 -2.6132341222e+00 1.7935619108e+01
2.2497649947e+00 -2.6132335178e+00 1.7935637714e+01
2.2497635483e+00 -2.6132335867e+00 1.7935626297e+01
2.8845027029e-01 3.4632064346e+00 1.6364253396e+01
2.8844886307e-01 3.4632077740e+00 1.6364251859e+01
2.8844230381e-01 3.4632035621e+00 1.6364260486e+01
2.8844110463e-01 3.4632045964e+00 1.6364258912e+01
2.8845460383e-01 3.4632079658e+00 1.6364254240e+01
2.8845319698e-01 3.4632093048e+00 1.6364252704e+01
2.8844681302e-01 3.4632050880e+00 1.6364261315e+01
2.8844561404e-01 3.4632061221e+00 1.6364259741e+01
1.2709888790e+00 -1.6001747121e+00 2.0519036477e+01
1.2709883392e+00 -1.6001749842e+00 2.0519029418e+01
1.2709945042e+00 -1.6001983983e+00 2.0519040365e+01
1.2709939972e+00 -1.6001981277e+00 2.0519033058e+01
1.2709908508e+00 -1.6001744200e+00 2.0519033607e+01
1.2709903054e+00 -1.6001746928e+00 2.0519026538e+01
1.2709967259e+00 -1.6001982862e+00 2.0519037185e+01
1.2709962260e+00 -1.6001980138e+00 2.0519029882e+01
-2.7861405120e+00 5.8864342360e-01 1.5378948516e+01
-2.7861396590e+00 5.8864848074e-01 1.5378940840e+01
-2.7861419935e+00 5.8864670088e-01 1.5378947008e+01
-2.7861413087e+00 5.8865193144e-01 1.5378939068e+01
-2.7861517300e+00 5.8863938826e-01 1.5378947091e+01
-2.7861510854e+00 5.8864483050e-01 1.5378939389e+01
-2.7861535250e+00 5.8864245298e-01 1.5378945296e+01
-2.7861527214e+00 5.8864776451e-01 1.5378937885e+01
1.5487378134e+00 -3.9941402804e+00 1.4594117770e+01
1.5487468420e+00 -3.9941460904e+00 1.4594130884e+01
1.5487464770e+00 -3.9941314200e+00 1.4594118409e+01
1.5487554471e+00 -3.9941377415e+00 1.4594131906e+01
1.5487245519e+00 -3.9941407514e+00 1.4594119518e+01
1.5487338585e+00 -3.9941471787e+00 1.4594132984e+01
1.5487338130e+00 -3.9941336499e+00 1.4594119627e+01
1.5487436923e+00 -3.9941391587e+00 1.4594133397e+01
-2.1495343419e+00 -2.3475481074e+00 1.0945113810e+01
-2.1495367220e+00 -2.3475560345e+00 1.0945098317e+01
-2.1495251651e+00 -2.3475400625e+00 1.0945126893e+01
-2.1495275775e+00 -2.3475477183e+00 1.0945111629e+01
-2.1495293712e+00 -2.3475495533e+00 1.0945117592e+01
-2.1495318821e+00 -2.3475575806e+00 1.0945102190e+01
-2.1495201148e+00 -2.3475417312e+00 1.0945131010e+01
-2.1495226457e+00 -2.3475494656e+00 1.0945115837e+01
-3.1695899976e+00 2.6689323542e+00 1.4552454229e+01
-3.1695922615e+00 2.6689331449e+00 1.4552449413e+01
-3.1695868293e+00 2.6689338932e+00 1.4552453040e+01
-3.1695896036e+00 2.6689345765e+00 1.4552448498e+01
-3.1695883634e+00 2.6689319005e+00 1.4552455624e+01
-3.1695906571e+00 2.6689327635e+00 1.4552450814e+01
-3.1695851944e+00 2.6689334414e+00 1.4552454434e+01
-3.1695879985e+00 2.6689341970e+00 1.4552449899e+01
1.2577468251e+00 -1.1836812387e+00 1.9883780495e+01
1.2577429625e+00 -1.1836818894e+00 1.9883769403e+01
1.2577482701e+00 -1.1836748382e+00 1.9883777682e+01
1.2577444735e+00 -1.1836756108e+00 1.9883766654e+01
1.2577458526e+00 -1.1836811003e+00 1.9883780147e+01
1.2577420602e+00 -1.1836820533e+00 1.9883769293e+01
1.2577472943e+00 -1.1836747103e+00 1.9883777318e+01
1.2577435703e+00 -1.1836757870e+00 1.9883766529e+01
2.0886817803e+00 3.9648204849e+00 1.8858794398e+01
2.0886762125e+00 3.9648239281e+00 1.8858791186e+01
2.0886684117e+00 3.9648287253e+00 1.8858788336e+01
2.0886628732e+00 3.9648322519e+00 1.8858785069e+01
2.0886835457e+00 3.9648190556e+00 1.8858795319e+01
2.0886779777e+00 3.9648224988e+00 1.8858792107e+01
2.0886703267e+00 3.9648275471e+00 1.8858788926e+01
2.0886647885e+00 3.9648310744e+00 1.8858785658e+01
2.5015145286e+00 2.2810674531e-01 1.9927331490e+01
2.5015185036e+00 2.2810260887e-01 1.9927318268e+01
2.5015093396e+00 2.2812895543e-01 1.9927332690e+01
2.5015131754e+00 2.2812556876e-01 1.9927318813e+01
2.5015154248e+00 2.2810499492e-01 1.9927330577e+01
2.5015193999e+00 2.2810085851e-01 1.9927317355e+01
2.5015102755e+00 2.2812698631e-01 1.9927331656e+01
2.5015141113e+00 2.2812359967e-01 1.9927317780e+01
1.5242530994e-01 1.2631291873e+00 1.9560171301e+01
1.5242760339e-01 1.2631302884e+00 1.9560184017e+01
1.5242717930e-01 1.2631538441e+00 1.9560161146e+01
1.5242820561e-01 1.2631539281e+00 1.9560172287e+01
1.5242440389e-01 1.2631300884e+00 1.9560170879e+01
1.5242666403e-01 1.2631312047e+00 1.9560183582e+01
1.5242615447e-01 1.2631550770e+00 1.9560160504e+01
1.5242728807e-01 1.2631550971e+00 1.9560171681e+01
4.2246290331e+00 -1.9626883550e+00 -1.8324353913e+01
4.2246316852e+00 -1.9626858754e+00 -1.8324345419e+01
4.2246288749e+00 -1.9626706520e+00 -1.8324365115e+01
4.2246330989e+00 -1.9626679698e+00 -1.8324356465e+01
4.2246276223e+00 -1.9626903076e+00 -1.8324354715e+01
4.2246302393e+00 -1.9626878912e+00 -1.8324346363e+01
4.2246274267e+00 -1.9626727708e+00 -1.8324365910e+01
4.2246317029e+00 -1.9626699882e+00 -1.8324357183e+01
-8.5420297476e-01 4.1774377442e+00 -1.7314056810e+01
-8.5421345686e-01 4.1774374718e+00 -1.7314065523e+01
-8.5419942742e-01 4.1774407358e+00 -1.7314056159e+01
-8.5421008121e-01 4.1774403794e+00 -1.7314065444e+01
-8.5420725121e-01 4.1774391267e+00 -1.7314052990e+01
-8.5421791209e-01 4.1774389432e+00 -1.7314061990e+01
-8.5420365813e-01 4.1774418947e+00 -1.7314052658e+01
-8.5421433460e-01 4.1774417688e+00 -1.7314061630e+01
2.1264063224e+00 9.2026528745e-02 -1.9898205143e+01
2.1264033441e+00 9.2025426150e-02 -1.9898204858e+01
2.1264089864e+00 9.2030710476e-02 -1.9898202679e+01
2.1264060502e+00 9.2029650250e-02 -1.9898202433e+01
2.1264063218e+00 9.2026979957e-02 -1.9898201030e+01
2.1264033261e+00 9.2025887529e-02 -1.9898200760e+01
2.1264089856e+00 9.2031161753e-02 -1.9898198566e+01
2.1264059945e+00 9.2030066432e-02 -1.9898198300e+01
3.0657708974e-01 -8.0613265809e-01 -1.9107925944e+01
3.0657785347e-01 -8.0612990822e-01 -1.9107925934e+01
3.0657751286e-01 -8.0613019968e-01 -1.9107931446e+01
3.0657837181e-01 -8.0612751013e-01 -1.9107931558e+01
3.0658158701e-01 -8.0613482898e-01 -1.9107927428e+01
3.0658227352e-01 -8.0613206729e-01 -1.9107927459e+01
3.0658194869e-01 -8.0613231656e-01 -1.9107932928e+01
3.0658280780e-01 -8.0612962673e-01 -1.9107933040e+01
-2.5524123894e+00 -5.5202961767e+00 -1.3911338911e+01
-2.5524134672e+00 -5.5202999571e+00 -1.3911328653e+01
-2.5524173250e+00 -5.5202847459e+00 -1.3911345929e+01
-2.5524188188e+00 -5.5202886645e+00 -1.3911335603e+01
-2.5524104006e+00 -5.5202985398e+00 -1.3911341378e+01
-2.5524114912e+00 -5.5203022757e+00 -1.3911331133e+01
-2.5524154386e+00 -5.5202869679e+00 -1.3911348393e+01
-2.5524169309e+00 -5.5202908809e+00 -1.3911338065e+01
8.8543436880e-01 -1.2819618293e+00 -1.8458579906e+01
8.8543309738e-01 -1.2819591896e+00 -1.8458575567e+01
8.8543347133e-01 -1.2819573398e+00 -1.8458586905e+01
8.8543221907e-01 -1.2819546616e+00 -1.8458582624e+01
8.8542897628e-01 -1.2819561345e+00 -1.8458580999e+01
8.8542788471e-01 -1.2819530455e+00 -1.8458576582e+01
8.8542826859e-01 -1.2819517610e+00 -1.8458587785e+01
8.8542725452e-01 -1.2819486231e+00 -1.8458583459e+01
-1.5130568949e+00 -1.5453386239e+00 -8.8306834103e+00
-1.5130552882e+00 -1.5453352976e+00 -8.8306790764e+00
-1.5130598262e+00 -1.5453182555e+00 -8.8306830277e+00
-1.5130581793e+00 -1.5453150899e+00 -8.8306782320e+00
-1.5130541730e+00 -1.5453415647e+00 -8.8306843296e+00
-1.5130525860e+00 -1.5453381307e+00 -8.8306800406e+00
-1.5130569671e+00 -1.5453211342e+00 -8.8306842330e+00
-1.5130553708e+00 -1.5453179845e+00 -8.8306793553e+00
-1.8569157280e+00 5.8919123826e+00 -1.8433242036e+01
-1.8569089109e+00 5.8919145050e+00 -1.8433244894e+01
-1.8569183345e+00 5.8919136062e+00 -1.8433240457e+01
-1.8569113647e+00 5.8919158113e+00 -1.8433243534e+01
-1.8569103217e+00 5.8919164897e+00 -1.8433244217e+01
-1.8569035206e+00 5.8919186677e+00 -1.8433247405e+01
-1.8569130101e+00 5.8919179576e+00 -1.8433243021e+01
-1.8569063673e+00 5.8919200159e+00 -1.8433245870e+01
1.3629753831e+00 -1.1060731266e+00 -1.7752512155e+01
1.3629798851e+00 -1.1060745724e+00 -1.7752514285e+01
1.3629743965e+00 -1.1060904764e+00 -1.7752507648e+01
1.3629789033e+00 -1.1060917796e+00 -1.7752509876e+01
1.3629750416e+00 -1.1060723672e+00 -1.7752512842e+01
1.3629795426e+00 -1.1060738150e+00 -1.7752514970e+01
1.3629740683e+00 -1.1060895433e+00 -1.7752508412e+01
1.3629785692e+00 -1.1060909925e+00 -1.7752510541e+01
-2.4173503849e+00 -7.0642756253e+00 -1.9181567285e+01
-2.4173513532e+00 -7.0642772987e+00 -1.9181567368e+01
-2.4173493489e+00 -7.0642697411e+00 -1.9181568410e+01
-2.4173502364e+00 -7.0642710326e+00 -1.9181568270e+01
-2.4173586250e+00 -7.0642823937e+00 -1.9181572763e+01
-2.4173594999e+00 -7.0642837688e+00 -1.9181572605e+01
-2.4173575531e+00 -7.0642762270e+00 -1.9181573559e+01
-2.4173584180e+00 -7.0642778061e+00 -1.9181573793e+01
-4.3521430606e-01 -9.1786343335e-01 -1.4086498823e+01
-4.3522157491e-01 -9.1787152749e-01 -1.4086504331e+01
-4.3521216591e-01 -9.1787615722e-01 -1.4086499915e+01
-4.3521935175e-01 -9.1788400845e-01 -1.4086505066e+01
-4.3521393429e-01 -9.1786418201e-01 -1.4086498960e+01
-4.3522120762e-01 -9.1787228308e-01 -1.4086504467e+01
-4.3521180148e-01 -9.1787687356e-01 -1.4086500023e+01
-4.3521898318e-01 -9.1788475547e-01 -1.4086505187e+01
-4.2480420414e+00 -1.7850280692e+00 -1.8708789167e+01
-4.2480380041e+00 -1.7850217915e+00 -1.8708790350e+01
-4.2480448472e+00 -1.7850342868e+00 -1.8708789193e+01
-4.2480406180e+00 -1.7850284140e+00 -1.8708790337e+01
-4.2480439114e+00 -1.7850273251e+00 -1.8708787049e+01
-4.2480400559e+00 -1.7850211280e+00 -1.8708787932e+01
-4.2480469034e+00 -1.7850336096e+00 -1.8708786817e+01
-4.2480426743e+00 -1.7850277374e+00 -1.8708787962e+01
6.3728616620e-01 1.8008248680e+00 -1.4412568205e+01
6.3728723370e-01 1.8008280614e+00 -1.4412541505e+01
6.3728700639e-01 1.8008097175e+00 -1.4412567040e+01
6.3728721077e-01 1.8008129693e+00 -1.4412539859e+01
6.3728659215e-01 1.8008265604e+00 -1.4412568816e+01
6.3728745460e-01 1.8008293826e+00 -1.4412542145e+01
6.3728742871e-01 1.8008114060e+00 -1.4412567658e+01
6.3728743598e-01 1.8008141644e+00 -1.4412540416e+01
7.6443837032e-01 1.7532598932e+00 -1.8216227204e+01
7.6443627309e-01 1.7532646075e+00 -1.8216209498e+01
7.6443801876e-01 1.7532531007e+00 -1.8216217072e+01
7.6443663143e-01 1.7532575148e+00 -1.8216200844e+01
7.6444543420e-01 1.7532626880e+00 -1.8216222916e+01
7.6444357708e-01 1.7532670873e+00 -1.8216205672e+01
7.6444571522e-01 1.7532555173e+00 -1.8216213307e+01
7.6444335999e-01 1.7532606327e+00 -1.8216196287e+01
3.9818219903e-01 3.9160795934e+00 -1.3086676813e+01
3.9818610372e-01 3.9160769844e+00 -1.3086673378e+01
3.9818073919e-01 3.9160640410e+00 -1.3086676294e+01
3.9818456635e-01 3.9160614706e+00 -1.3086672866e+01
3.9818303789e-01 3.9160777694e+00 -1.3086676984e+01
3.9818694247e-01 3.9160751604e+00 -1.3086673549e+01
3.9818152191e-01 3.9160623553e+00 -1.3086676503e+01
3.9818538341e-01 3.9160598238e+00 -1.3086673102e+01
2.2241762637e+00 -1.7275298278e+00 -1.7823679330e+01
2.2241759501e+00 -1.7275276630e+00 -1.7823668976e+01
2.2241832825e+00 -1.7275288744e+00 -1.7823669218e+01
2.2241830167e+00 -1.7275267343e+00 -1.7823658967e+01
2.2241663202e+00 -1.7275420889e+00 -1.7823691418e+01
2.2241666277e+00 -1.7275399277e+00 -1.7823681123e+01
2.2241732668e+00 -1.7275412925e+00 -1.7823681297e+01
2.2241735628e+00 -1.7275391321e+00 -1.7823670991e+01
