-4.8083424768e-01 2.0476828960e-01 1.1972798015e+00
-4.8083416109e-01 2.0476725514e-01 1.1972960924e+00
-4.8083433081e-01 2.0476164650e-01 1.1972788910e+00
-4.8083428966e-01 2.0476067933e-01 1.1972952950e+00
-4.8083461027e-01 2.0476594335e-01 1.1972820288e+00
-4.8083469486e-01 2.0476488808e-01 1.1972982974e+00
-4.8083474788e-01 2.0475933839e-01 1.1972811776e+00
-4.8083475306e-01 2.0475826496e-01 1.1972974437e+00
-4.2697328364e-01 6.3666932299e-01 1.0445054846e+00
-4.2697102796e-01 6.3667227680e-01 1.0444990189e+00
-4.2697020061e-01 6.3666498439e-01 1.0445054842e+00
-4.2696801277e-01 6.3666793283e-01 1.0444990559e+00
-4.2697253256e-01 6.3667091202e-01 1.0445031729e+00
-4.2697028152e-01 6.3667386542e-01 1.0444967099e+00
-4.2696943657e-01 6.3666671506e-01 1.0445032389e+00
-4.2696725337e-01 6.3666966310e-01 1.0444968134e+00
-6.7986379299e-01 2.1652929402e-01 -9.1024969427e-01
-6.7986419405e-01 2.1653157127e-01 -9.1023204005e-01
-6.7986422681e-01 2.1652814552e-01 -9.1024815399e-01
-6.7986468464e-01 2.1653023856e-01 -9.1023019541e-01
-6.7987031337e-01 2.1653053569e-01 -9.1024904486e-01
-6.7987084833e-01 2.1653286451e-01 -9.1023141140e-01
-6.7987086741e-01 2.1652930286e-01 -9.1024780748e-01
-6.7987132550e-01 2.1653157179e-01 -9.1022955492e-01
-1.7000059389e+00 -2.2824874087e-01 2.2895449578e+00
-1.7000074509e+00 -2.2824752101e-01 2.2895398846e+00
-1.7000051868e+00 -2.2825551260e-01 2.2895471593e+00
-1.7000068166e+00 -2.2825435157e-01 2.2895419807e+00
-1.7000110419e+00 -2.2825119329e-01 2.2895513516e+00
-1.7000125540e+00 -2.2824997343e-01 2.2895462784e+00
-1.7000103269e+00 -2.2825796577e-01 2.2895534990e+00
-1.7000119567e+00 -2.2825680473e-01 2.2895483204e+00
-8.9697335758e-02 2.8090348147e-01 -6.5654958107e-01
-8.9698254814e-02 2.8090381575e-01 -6.5654809133e-01
-8.9696558770e-02 2.8090363338e-01 -6.5654868998e-01
-8.9697452863e-02 2.8090402076e-01 -6.5654718450e-01
-8.9697818167e-02 2.8090489850e-01 -6.5654929852e-01
-8.9698737321e-02 2.8090522819e-01 -6.5654780592e-01
-8.9697098964e-02 2.8090498757e-01 -6.5654848670e-01
-8.9697993155e-02 2.8090537037e-01 -6.5654697835e-01
1.6862882585e+00 1.5411355745e+00 -2.9970564093e+00
1.6862881502e+00 1.5411332794e+00 -2.9970600910e+00
1.6862872575e+00 1.5411340483e+00 -2.9970565675e+00
1.6862869120e+00 1.5411316157e+00 -2.9970604178e+00
1.6862872286e+00 1.5411362828e+00 -2.9970602040e+00
1.6862871208e+00 1.5411339878e+00 -2.9970638858e+00
1.6862862515e+00 1.5411347269e+00 -2.9970603365e+00
1.6862859065e+00 1.5411322943e+00 -2.9970641870e+00
4.3504477592e-01 8.6390967580e-01 -6.8123740606e-01
4.3504448630e-01 8.6390710657e-01 -6.8123734045e-01
4.3504394437e-01 8.6390683585e-01 -6.8123984676e-01
4.3504371582e-01 8.6390401854e-01 -6.8124009813e-01
4.3504475293e-01 8.6390917176e-01 -6.8123217863e-01
4.3504446411e-01 8.6390660855e-01 -6.8123211231e-01
4.3504386207e-01 8.6390628854e-01 -6.8123457294e-01
4.3504363433e-01 8.6390347724e-01 -6.8123482361e-01
6.4298087657e-01 -8.4641064274e-01 4.5735710919e-01
6.4298111236e-01 -8.4640998370e-01 4.5736896771e-01
6.4297902213e-01 -8.4640720219e-01 4.5735358295e-01
6.4297932490e-01 -8.4640648377e-01 4.5736567443e-01
6.4298013905e-01 -8.4641189850e-01 4.5736061431e-01
6.4298052874e-01 -8.4641140772e-01 4.5737267161e-01
6.4297871417e-01 -8.4640852114e-01 4.5735747238e-01
6.4297901548e-01 -8.4640776752e-01 4.5736959398e-01
7.3015846205e-01 2.7627699258e-01 7.7745005567e-02
7.3015938017e-01 2.7627720035e-01 7.7743370542e-02
7.3015898703e-01 2.7627211789e-01 7.7747216247e-02
7.3015994085e-01 2.7627250679e-01 7.7745605647e-02
7.3015808221e-01 2.7627619272e-01 7.7743084790e-02
7.3015901805e-01 2.7627641939e-01 7.7741437849e-02
7.3015827994e-01 2.7627145734e-01 7.7745575521e-02
7.3015925149e-01 2.7627186514e-01 7.7743953005e-02
3.0714851709e-01 -1.0266613045e+00 2.0675702833e+00
3.0714625148e-01 -1.0266625881e+00 2.0675829891e+00
3.0714577407e-01 -1.0266527174e+00 2.0675725508e+00
3.0714327405e-01 -1.0266540562e+00 2.0675849365e+00
3.0715116070e-01 -1.0266617868e+00 2.0675653168e+00
3.0714912001e-01 -1.0266628580e+00 2.0675776485e+00
3.0714850247e-01 -1.0266528739e+00 2.0675671732e+00
3.0714607680e-01 -1.0266542915e+00 2.0675795857e+00
4.2313050927e-02 -1.5387278295e-01 -4.5721295515e-01
4.2314158003e-02 -1.5387251836e-01 -4.5719694861e-01
4.2313744049e-02 -1.5386874129e-01 -4.5721402275e-01
4.2314497137e-02 -1.5386860751e-01 -4.5719748267e-01
4.2312116422e-02 -1.5387216910e-01 -4.5720910593e-01
4.2313230785e-02 -1.5387193912e-01 -4.5719311395e-01
4.2313164906e-02 -1.5386832704e-01 -4.5721059401e-01
4.2313615656e-02 -1.5386792688e-01 -4.5719373230e-01
-7.3958243237e-01 -1.0070972939e+00 1.3573555674e+00
-7.3958166952e-01 -1.0070992517e+00 1.3573534094e+00
-7.3958035499e-01 -1.0070927371e+00 1.3573595384e+00
-7.3957959612e-01 -1.0070947599e+00 1.3573573610e+00
-7.3959091271e-01 -1.0070983750e+00 1.3573551838e+00
-7.3959024666e-01 -1.0071001588e+00 1.3573533312e+00
-7.3958862990e-01 -1.0070939125e+00 1.3573593818e+00
-7.3958807445e-01 -1.0070956245e+00 1.3573575230e+00
-1.5883785225e+00 -1.6596822788e+00 -2.5896340029e+00
-1.5883797037e+00 -1.6596825915e+00 -2.5896336982e+00
-1.5883788986e+00 -1.6596860699e+00 -2.5896389400e+00
-1.5883800916e+00 -1.6596863033e+00 -2.5896386324e+00
-1.5883829402e+00 -1.6596814845e+00 -2.5896355862e+00
-1.5883841028e+00 -1.6596817554e+00 -2.5896353345e+00
-1.5883833132e+00 -1.6596852747e+00 -2.5896405271e+00
-1.5883844877e+00 -1.6596854663e+00 -2.5896402725e+00
1.1227212940e+00 -9.6054906400e-02 1.3576302317e+00
1.1227190633e+00 -9.6055268737e-02 1.3576283223e+00
1.1227234814e+00 -9.6046179025e-02 1.3576361513e+00
1.1227212533e+00 -9.6046514463e-02 1.3576342942e+00
1.1227154492e+00 -9.6056435952e-02 1.3576333477e+00
1.1227130943e+00 -9.6056624015e-02 1.3576312182e+00
1.1227178758e+00 -9.6047394501e-02 1.3576385654e+00
1.1227155760e+00 -9.6047639181e-02 1.3576365575e+00
6.6812676604e-01 -9.8620109894e-03 1.3413576855e+00
6.6812443901e-01 -9.8606968371e-03 1.3413565345e+00
6.6812453422e-01 -9.8656629354e-03 1.3413573264e+00
6.6812220223e-01 -9.8643490426e-03 1.3413561757e+00
6.6812558438e-01 -9.8611304501e-03 1.3413590114e+00
6.6812325726e-01 -9.8598164463e-03 1.3413578603e+00
6.6812345200e-01 -9.8647925364e-03 1.3413586267e+00
6.6812111992e-01 -9.8634787921e-03 1.3413574760e+00
-1.2177807753e+00 3.0569866040e-01 -2.4874871352e+00
-1.2177781334e+00 3.0569908369e-01 -2.4874882995e+00
-1.2177817002e+00 3.0570121969e-01 -2.4874809286e+00
-1.2177791069e+00 3.0570144813e-01 -2.4874818575e+00
-1.2177803718e+00 3.0569843920e-01 -2.4874842795e+00
-1.2177777121e+00 3.0569889874e-01 -2.4874853948e+00
-1.2177812911e+00 3.0570100644e-01 -2.4874780752e+00
-1.2177786799e+00 3.0570127112e-01 -2.4874789552e+00
-2.3748413724e-01 3.7494685474e-01 3.8079846172e+00
-2.3748375135e-01 3.7494554592e-01 3.8079824437e+00
-2.3748281386e-01 3.7494124179e-01 3.8079878996e+00
-2.3748242796e-01 3.7493993298e-01 3.8079857261e+00
-2.3749299899e-01 3.7494650454e-01 3.8079839146e+00
-2.3749256357e-01 3.7494496931e-01 3.8079818878e+00
-2.3749135664e-01 3.7494100811e-01 3.8079880572e+00
-2.3749092219e-01 3.7493947180e-01 3.8079860284e+00
1.8512967262e+00 -8.1291162509e-01 2.6160551225e+00
1.8512974015e+00 -8.1290885959e-01 2.6160552752e+00
1.8512971820e+00 -8.1290965345e-01 2.6160551179e+00
1.8512980272e+00 -8.1290675747e-01 2.6160552475e+00
1.8512967811e+00 -8.1290994376e-01 2.6160566545e+00
1.8512974564e+00 -8.1290717826e-01 2.6160568072e+00
1.8512972286e+00 -8.1290802448e-01 2.6160567904e+00
1.8512979845e+00 -8.1290516910e-01 2.6160568441e+00
-6.3570796941e-01 2.0172747123e+00 2.1163814643e+00
-6.3570988746e-01 2.0172739946e+00 2.1163916862e+00
-6.3571146709e-01 2.0172707926e+00 2.1163839659e+00
-6.3571349007e-01 2.0172695330e+00 2.1163946285e+00
-6.3570802780e-01 2.0172713691e+00 2.1163835226e+00
-6.3570965445e-01 2.0172709063e+00 2.1163937092e+00
-6.3571132852e-01 2.0172672391e+00 2.1163859523e+00
-6.3571306426e-01 2.0172662298e+00 2.1163965804e+00
-1.0040256076e+00 -1.2203292248e+00 -1.8785668709e+00
-1.0040271181e+00 -1.2203248801e+00 -1.8785677239e+00
-1.0040251567e+00 -1.2203337107e+00 -1.8785660549e+00
-1.0040267059e+00 -1.2203294212e+00 -1.8785667752e+00
-1.0040324547e+00 -1.2203271251e+00 -1.8785684113e+00
-1.0040339662e+00 -1.2203227803e+00 -1.8785692642e+00
-1.0040319861e+00 -1.2203315534e+00 -1.8785675691e+00
-1.0040335362e+00 -1.2203272638e+00 -1.8785682892e+00
-5.1833098857e-01 -2.4166533415e-03 -1.1398684774e+00
-5.1833170661e-01 -2.4163778753e-03 -1.1398718702e+00
-5.1833113490e-01 -2.4106994105e-03 -1.1398672465e+00
-5.1833182868e-01 -2.4104519990e-03 -1.1398706132e+00
-5.1833883230e-01 -2.4140708785e-03 -1.1398698511e+00
-5.1833954366e-01 -2.4138005977e-03 -1.1398732372e+00
-5.1833899298e-01 -2.4076641452e-03 -1.1398687769e+00
-5.1833969126e-01 -2.4074297521e-03 -1.1398721539e+00
1.4217309316e+00 -8.1569896119e-01 2.6351010417e+00
1.4217305962e+00 -8.1569819765e-01 2.6350975163e+00
1.4217320311e+00 -8.1570877297e-01 2.6351028189e+00
1.4217316975e+00 -8.1570800909e-01 2.6350992951e+00
1.4217300442e+00 -8.1570206368e-01 2.6351039670e+00
1.4217297089e+00 -8.1570130013e-01 2.6351004416e+00
1.4217313036e+00 -8.1571187944e-01 2.6351060167e+00
1.4217309700e+00 -8.1571111555e-01 2.6351024929e+00
2.8079827642e-01 -1.1087987955e-01 -3.0291008245e+00
2.8079953977e-01 -1.1087996611e-01 -3.0291033035e+00
2.8080032089e-01 -1.1088093626e-01 -3.0290979433e+00
2.8080159333e-01 -1.1088102013e-01 -3.0291004228e+00
2.8079735761e-01 -1.1088073804e-01 -3.0291017846e+00
2.8079860831e-01 -1.1088087084e-01 -3.0291042502e+00
2.8079939823e-01 -1.1088184688e-01 -3.0290988892e+00
2.8080065802e-01 -1.1088197700e-01 -3.0291013552e+00
-1.6651379266e+00 2.5246560293e-01 8.7750836091e-01
-1.6651371083e+00 2.5246540048e-01 8.7751932573e-01
-1.6651393255e+00 2.5246135106e-01 8.7750889057e-01
-1.6651385492e+00 2.5246093075e-01 8.7752005909e-01
-1.6651366461e+00 2.5246618829e-01 8.7750850867e-01
-1.6651357728e+00 2.5246611947e-01 8.7751942055e-01
-1.6651379953e+00 2.5246192267e-01 8.7750905434e-01
-1.6651368157e+00 2.5246181299e-01 8.7752046950e-01
1.4476486717e+00 -1.1048057550e+00 2.3715191993e+00
1.4476479486e+00 -1.1048071582e+00 2.3715325701e+00
1.4476467778e+00 -1.1048103045e+00 2.3715192237e+00
1.4476460675e+00 -1.1048117183e+00 2.3715324924e+00
1.4476512001e+00 -1.1048018308e+00 2.3715147236e+00
1.4476503235e+00 -1.1048034240e+00 2.3715282554e+00
1.4476493014e+00 -1.1048063836e+00 2.3715147499e+00
1.4476484377e+00 -1.1048079869e+00 2.3715281795e+00
-9.0354366514e-02 -3.9316048106e-01 -1.2354574374e+00
-9.0351692733e-02 -3.9316187571e-01 -1.2354593961e+00
-9.0354796096e-02 -3.9315895227e-01 -1.2354555658e+00
-9.0352114304e-02 -3.9316035909e-01 -1.2354574999e+00
-9.0354044565e-02 -3.9315948453e-01 -1.2354536410e+00
-9.0351330984e-02 -3.9316088852e-01 -1.2354555770e+00
-9.0354415573e-02 -3.9315796340e-01 -1.2354517517e+00
-9.0351693981e-02 -3.9315937956e-01 -1.2354536630e+00
-1.1146208795e+00 -6.8898175882e-01 7.7310345710e-02
-1.1146217862e+00 -6.8898172213e-01 7.7307665881e-02
-1.1146179772e+00 -6.8898775629e-01 7.7310470725e-02
-1.1146188817e+00 -6.8898771727e-01 7.7307793143e-02
-1.1146234338e+00 -6.8897984661e-01 7.7309525195e-02
-1.1146243614e+00 -6.8897986327e-01 7.7306811263e-02
-1.1146205383e+00 -6.8898583855e-01 7.7309652205e-02
-1.1146214638e+00 -6.8898585288e-01 7.7306940520e-02
-1.2352163564e+00 -6.1954742541e-01 8.5916543577e-01
-1.2352166297e+00 -6.1954909995e-01 8.5916478619e-01
-1.2352166451e+00 -6.1954742434e-01 8.5916435945e-01
-1.2352169188e+00 -6.1954909753e-01 8.5916370862e-01
-1.2352178778e+00 -6.1954794338e-01 8.5916771974e-01
-1.2352181629e+00 -6.1954961477e-01 8.5916706684e-01
-1.2352181218e+00 -6.1954790770e-01 8.5916669700e-01
-1.2352184072e+00 -6.1954957774e-01 8.5916604285e-01
7.7238020454e-02 7.5269612237e-01 4.7666094623e+00
7.7238248219e-02 7.5269502110e-01 4.7666061228e+00
7.7240217768e-02 7.5269108792e-01 4.7666070288e+00
7.7240436236e-02 7.5268998097e-01 4.7666036985e+00
7.7235676596e-02 7.5269501847e-01 4.7666107304e+00
7.7235905163e-02 7.5269392143e-01 4.7666073888e+00
7.7237813812e-02 7.5268989193e-01 4.7666083598e+00
7.7238033082e-02 7.5268878921e-01 4.7666050274e+00
-3.1994452178e-01 -1.1802279527e+00 -3.0741814481e+00
-3.1994755865e-01 -1.1802287211e+00 -3.0741843748e+00
-3.1994308576e-01 -1.1802217181e+00 -3.0741849950e+00
-3.1994582971e-01 -1.1802225613e+00 -3.0741879129e+00
-3.1995750415e-01 -1.1802269011e+00 -3.0741854726e+00
-3.1996051259e-01 -1.1802276403e+00 -3.0741885165e+00
-3.1995556794e-01 -1.1802207814e+00 -3.0741888931e+00
-3.1995840720e-01 -1.1802216642e+00 -3.0741917926e+00
-8.0858412502e-01 1.2701365789e+00 3.7674497983e-01
-8.0858380250e-01 1.2701362375e+00 3.7674225380e-01
-8.0858743944e-01 1.2701327828e+00 3.7674659819e-01
-8.0858711587e-01 1.2701324415e+00 3.7674387085e-01
-8.0858961046e-01 1.2701365451e+00 3.7674747927e-01
-8.0858932780e-01 1.2701361321e+00 3.7674477520e-01
-8.0859282708e-01 1.2701330183e+00 3.7674869530e-01
-8.0859253815e-01 1.2701326030e+00 3.7674598602e-01
1.9918423743e-01 -1.5161641537e+00 4.7405069439e+00
1.9918507434e-01 -1.5161648030e+00 4.7405034862e+00
1.9918323055e-01 -1.5161525300e+00 4.7405098502e+00
1.9918397682e-01 -1.5161527857e+00 4.7405066006e+00
1.9918762736e-01 -1.5161661466e+00 4.7405107590e+00
1.9918846427e-01 -1.5161667958e+00 4.7405073012e+00
1.9918673663e-01 -1.5161543550e+00 4.7405137628e+00
1.9918748340e-01 -1.5161546108e+00 4.7405105134e+00
-5.9468185830e-02 4.6369507765e-01 1.4499082213e+00
-5.9465175908e-02 4.6369526555e-01 1.4499030645e+00
-5.9468665600e-02 4.6369075028e-01 1.4499063131e+00
-5.9465641770e-02 4.6369059184e-01 1.4499009069e+00
-5.9469168300e-02 4.6369453564e-01 1.4499081700e+00
-5.9466158027e-02 4.6369472333e-01 1.4499030124e+00
-5.9469685849e-02 4.6369020373e-01 1.4499062867e+00
-5.9466661669e-02 4.6369004509e-01 1.4499008796e+00
-1.9393907331e-01 -1.9950530006e+00 2.8668616439e+00
-1.9393918976e-01 -1.9950530494e+00 2.8668599573e+00
-1.9394096031e-01 -1.9950423678e+00 2.8668564402e+00
-1.9394097849e-01 -1.9950425476e+00 2.8668547555e+00
-1.9393888910e-01 -1.9950537329e+00 2.8668600498e+00
-1.9393900554e-01 -1.9950537817e+00 2.8668583632e+00
-1.9394078409e-01 -1.9950431328e+00 2.8668548542e+00
-1.9394080218e-01 -1.9950433126e+00 2.8668531694e+00
-2.9749001084e-01 3.9956886908e-01 1.5306119972e+00
-2.9749267273e-01 3.9957039999e-01 1.5306090388e+00
-2.9748897094e-01 3.9956474488e-01 1.5306118707e+00
-2.9749171340e-01 3.9956623683e-01 1.5306088539e+00
-2.9748993459e-01 3.9956895234e-01 1.5306107948e+00
-2.9749259644e-01 3.9957048326e-01 1.5306078364e+00
-2.9748889567e-01 3.9956482830e-01 1.5306106680e+00
-2.9749163810e-01 3.9956632026e-01 1.5306076512e+00
4.1398281413e-01 -4.0091329837e-01 -1.2288717347e+00
4.1398254879e-01 -4.0091633094e-01 -1.2288760159e+00
4.1398454022e-01 -4.0090716000e-01 -1.2288714631e+00
4.1398428240e-01 -4.0091021895e-01 -1.2288757292e+00
4.1398086127e-01 -4.0091394846e-01 -1.2288720407e+00
4.1398059590e-01 -4.0091698104e-01 -1.2288763219e+00
4.1398256717e-01 -4.0090778386e-01 -1.2288717849e+00
4.1398230932e-01 -4.0091084282e-01 -1.2288760511e+00
3.8052973418e-01 -4.5676900343e-01 -6.8581299162e-01
3.8052833207e-01 -4.5676826495e-01 -6.8581485537e-01
3.8052933602e-01 -4.5677251306e-01 -6.8581291842e-01
3.8052790706e-01 -4.5677180462e-01 -6.8581476136e-01
3.8052354528e-01 -4.5676815214e-01 -6.8581680028e-01
3.8052214375e-01 -4.5676741362e-01 -6.8581866229e-01
3.8052314690e-01 -4.5677165724e-01 -6.8581672424e-01
3.8052171852e-01 -4.5677094877e-01 -6.8581856544e-01
4.4677098482e-01 1.0383084051e+00 -1.7517572270e+00
4.4677115990e-01 1.0383072843e+00 -1.7517591700e+00
4.4677407176e-01 1.0383115179e+00 -1.7517565705e+00
4.4677414747e-01 1.0383104378e+00 -1.7517584353e+00
4.4676699869e-01 1.0383069390e+00 -1.7517564526e+00
4.4676717377e-01 1.0383058182e+00 -1.7517583956e+00
4.4677008461e-01 1.0383100444e+00 -1.7517558152e+00
4.4677016032e-01 1.0383089644e+00 -1.7517576800e+00
-8.4691839580e-01 5.6276794778e-01 4.5284468960e+00
-8.4691836318e-01 5.6276808942e-01 4.5284459971e+00
-8.4691791131e-01 5.6276456476e-01 4.5284483771e+00
-8.4691787396e-01 5.6276470869e-01 4.5284474764e+00
-8.4691834486e-01 5.6276725195e-01 4.5284480525e+00
-8.4691831224e-01 5.6276739359e-01 4.5284471536e+00
-8.4691786070e-01 5.6276387032e-01 4.5284495321e+00
-8.4691782334e-01 5.6276401426e-01 4.5284486314e+00
8.8282122702e-01 -7.6960614607e-01 6.1142148625e-02
8.8282162398e-01 -7.6960800491e-01 6.1138729834e-02
8.8282044662e-01 -7.6960364793e-01 6.1138565802e-02
8.8282087722e-01 -7.6960550439e-01 6.1135105011e-02
8.8281996283e-01 -7.6960533456e-01 6.1139316311e-02
8.8282035994e-01 -7.6960719326e-01 6.1135897557e-02
8.8281918156e-01 -7.6960283185e-01 6.1135731964e-02
8.8281961232e-01 -7.6960468816e-01 6.1132271211e-02
7.0808805079e-02 2.4056446819e+00 -8.8067918015e-01
7.0807445420e-02 2.4056467930e+00 -8.8068183752e-01
7.0811415815e-02 2.4056434351e+00 -8.8067887091e-01
7.0810055802e-02 2.4056455482e+00 -8.8068152552e-01
7.0807641149e-02 2.4056440410e+00 -8.8067662654e-01
7.0806281472e-02 2.4056461521e+00 -8.8067928389e-01
7.0810248963e-02 2.4056427931e+00 -8.8067630720e-01
7.0808888931e-02 2.4056449062e+00 -8.8067896178e-01
-6.2304958612e-02 6.2594402197e-01 1.0568503810e+00
-6.2302009240e-02 6.2594134092e-01 1.0568575572e+00
-6.2303654219e-02 6.2594202315e-01 1.0568500928e+00
-6.2300716172e-02 6.2593900586e-01 1.0568580756e+00
-6.2304422131e-02 6.2594425392e-01 1.0568505026e+00
-6.2301472708e-02 6.2594148596e-01 1.0568576096e+00
-6.2303118268e-02 6.2594225502e-01 1.0568502146e+00
-6.2300185101e-02 6.2593914748e-01 1.0568581339e+00
1.9919417576e+00 9.2018259945e-01 -6.7023577980e-01
1.9919411028e+00 9.2018320023e-01 -6.7023717731e-01
1.9919427720e+00 9.2018520239e-01 -6.7023475176e-01
1.9919420551e+00 9.2018581624e-01 -6.7023616317e-01
1.9919393180e+00 9.2018425336e-01 -6.7024131229e-01
1.9919386633e+00 9.2018485418e-01 -6.7024270986e-01
1.9919405745e+00 9.2018701717e-01 -6.7024065641e-01
1.9919398576e+00 9.2018763099e-01 -6.7024206788e-01
1.4600802128e-01 -1.2686516721e+00 2.5034889281e+00
1.4600503404e-01 -1.2686505871e+00 2.5034853410e+00
1.4600953845e-01 -1.2686508884e+00 2.5034900222e+00
1.4600655086e-01 -1.2686498032e+00 2.5034864384e+00
1.4600576745e-01 -1.2686523752e+00 2.5034887349e+00
1.4600278012e-01 -1.2686512902e+00 2.5034851509e+00
1.4600719259e-01 -1.2686516483e+00 2.5034897301e+00
1.4600420490e-01 -1.2686505631e+00 2.5034861493e+00
-8.5878062408e-01 1.7505481901e+00 1.3534986257e-01
-8.5878070502e-01 1.7505480983e+00 1.3534831384e-01
-8.5878156453e-01 1.7505478586e+00 1.3534881737e-01
-8.5878168921e-01 1.7505477570e+00 1.3534729361e-01
-8.5878349488e-01 1.7505473649e+00 1.3535070768e-01
-8.5878357580e-01 1.7505472731e+00 1.3534915901e-01
-8.5878445044e-01 1.7505470112e+00 1.3534960954e-01
-8.5878457511e-01 1.7505469096e+00 1.3534808584e-01
-6.3455774240e-03 -1.6266598111e+00 -3.7865910801e+00
-6.3457720189e-03 -1.6266591564e+00 -3.7865949589e+00
-6.3463741399e-03 -1.6266582185e+00 -3.7865950005e+00
-6.3464165528e-03 -1.6266574815e+00 -3.7865991335e+00
-6.3510437972e-03 -1.6266586967e+00 -3.7865948142e+00
-6.3512382557e-03 -1.6266580421e+00 -3.7865986927e+00
-6.3518160676e-03 -1.6266573731e+00 -3.7865991516e+00
-6.3518583441e-03 -1.6266566361e+00 -3.7866032844e+00
-1.0407404810e+00 5.5111986159e-01 -2.1234853116e+00
-1.0407377324e+00 5.5112033023e-01 -2.1234891827e+00
-1.0407423528e+00 5.5111921401e-01 -2.1234863892e+00
-1.0407396127e+00 5.5111965624e-01 -2.1234902746e+00
-1.0407400886e+00 5.5111981258e-01 -2.1234859848e+00
-1.0407373400e+00 5.5112028139e-01 -2.1234898556e+00
-1.0407419641e+00 5.5111917811e-01 -2.1234869941e+00
-1.0407392241e+00 5.5111962052e-01 -2.1234908791e+00
1.5371251518e-01 -2.0681449826e+00 6.0171700685e+00
1.5370959604e-01 -2.0681439266e+00 6.0171668334e+00
1.5370979256e-01 -2.0681414952e+00 6.0171689317e+00
1.5370686129e-01 -2.0681404085e+00 6.0171657253e+00
1.5371452962e-01 -2.0681445802e+00 6.0171691768e+00
1.5371161047e-01 -2.0681435243e+00 6.0171659417e+00
1.5371174397e-01 -2.0681410673e+00 6.0171680983e+00
1.5370881271e-01 -2.0681399806e+00 6.0171648919e+00
1.4936599605e-01 -3.8964171188e+00 1.2604440029e+00
1.4936852467e-01 -3.8964168685e+00 1.2604321910e+00
1.4936421013e-01 -3.8964228051e+00 1.2604423884e+00
1.4936648672e-01 -3.8964225932e+00 1.2604305002e+00
1.4936690426e-01 -3.8964146413e+00 1.2604488906e+00
1.4936921019e-01 -3.8964140975e+00 1.2604369999e+00
1.4936511266e-01 -3.8964203269e+00 1.2604472746e+00
1.4936716657e-01 -3.8964198216e+00 1.2604353076e+00
-4.2676124864e-01 2.2906737059e+00 -2.2124214706e+00
-4.2677099181e-01 2.2906746755e+00 -2.2124288007e+00
-4.2677339125e-01 2.2906879692e+00 -2.2124231218e+00
-4.2678302822e-01 2.2906887802e+00 -2.2124301750e+00
-4.2674999459e-01 2.2906799016e+00 -2.2124222666e+00
-4.2675973777e-01 2.2906808712e+00 -2.2124295966e+00
-4.2676222369e-01 2.2906939960e+00 -2.2124239964e+00
-4.2677186066e-01 2.2906948070e+00 -2.2124310496e+00
-8.2447880489e-01 -6.8049051007e+00 -1.5063584295e+00
-8.2447802184e-01 -6.8049033079e+00 -1.5063620739e+00
-8.2446936203e-01 -6.8049254069e+00 -1.5063600440e+00
-8.2446865211e-01 -6.8049235624e+00 -1.5063637528e+00
-8.2447562948e-01 -6.8048895639e+00 -1.5063544007e+00
-8.2447484642e-01 -6.8048877711e+00 -1.5063580451e+00
-8.2446624905e-01 -6.8049098669e+00 -1.5063560112e+00
-8.2446553913e-01 -6.8049080224e+00 -1.5063597199e+00
8.9963118298e-02 1.0339141916e+00 1.9012433229e+00
8.9960689672e-02 1.0339205180e+00 1.9012294948e+00
8.9963250596e-02 1.0339313039e+00 1.9012483207e+00
8.9960713558e-02 1.0339376716e+00 1.9012341464e+00
8.9926570891e-02 1.0338984501e+00 1.9012515258e+00
8.9923495188e-02 1.0339042086e+00 1.9012368904e+00
8.9926645037e-02 1.0339154462e+00 1.9012562800e+00
8.9923204781e-02 1.0339214672e+00 1.9012414776e+00
-4.9197711867e+00 2.5613687932e-01 -8.7482526187e-01
-4.9197676707e+00 2.5614924300e-01 -8.7482356916e-01
-4.9197723260e+00 2.5610984669e-01 -8.7481984255e-01
-4.9197676641e+00 2.5612163686e-01 -8.7481890581e-01
-4.9197862962e+00 2.5612706143e-01 -8.7481750283e-01
-4.9197831370e+00 2.5613916895e-01 -8.7481569626e-01
-4.9197874380e+00 2.5610012418e-01 -8.7481224452e-01
-4.9197831330e+00 2.5611165821e-01 -8.7481119392e-01
-2.7731059038e-01 -8.6503024982e-01 6.7327910360e-01
-2.7731157788e-01 -8.6504612984e-01 6.7329242675e-01
-2.7729872412e-01 -8.6497469844e-01 6.7327167510e-01
-2.7729907901e-01 -8.6498959072e-01 6.7328493898e-01
-2.7735832904e-01 -8.6502004621e-01 6.7328543294e-01
-2.7735867195e-01 -8.6503558259e-01 6.7329919300e-01
-2.7734806488e-01 -8.6496178916e-01 6.7327908094e-01
-2.7734736652e-01 -8.6497612305e-01 6.7329306594e-01
2.6465493639e-02 -3.8516758625e-01 -2.0863509058e+00
2.6477623577e-02 -3.8517712540e-01 -2.0863671095e+00
2.6453274556e-02 -3.8517672050e-01 -2.0863574524e+00
2.6465448579e-02 -3.8518631098e-01 -2.0863737120e+00
2.6469353388e-02 -3.8516081519e-01 -2.0863424567e+00
2.6481658611e-02 -3.8517045662e-01 -2.0863586673e+00
2.6457144050e-02 -3.8516997762e-01 -2.0863490191e+00
2.6469493358e-02 -3.8517967039e-01 -2.0863652856e+00
4.1971121224e+00 -7.0054510100e+00 9.6404400782e-01
4.1971137566e+00 -7.0054468709e+00 9.6403909657e-01
4.1971045644e+00 -7.0054291994e+00 9.6403962460e-01
4.1971062097e+00 -7.0054250144e+00 9.6403469793e-01
4.1971243752e+00 -7.0054469204e+00 9.6404675312e-01
4.1971260082e+00 -7.0054427807e+00 9.6404184183e-01
4.1971158684e+00 -7.0054251621e+00 9.6404240241e-01
4.1971175124e+00 -7.0054209766e+00 9.6403747570e-01
3.9976502388e+00 4.2729751365e+00 -1.8200557330e+00
3.9976500412e+00 4.2729828137e+00 -1.8200561772e+00
3.9976521389e+00 4.2729502602e+00 -1.8200650461e+00
3.9976519212e+00 4.2729580643e+00 -1.8200655372e+00
3.9975835620e+00 4.2729708433e+00 -1.8200450371e+00
3.9975834598e+00 4.2729780439e+00 -1.8200456980e+00
3.9975854120e+00 4.2729460552e+00 -1.8200544111e+00
3.9975852733e+00 4.2729532774e+00 -1.8200549856e+00
-3.4698715044e+00 -4.9459046869e-01 2.5407782764e+00
-3.4698681269e+00 -4.9458020644e-01 2.5407922987e+00
-3.4698815062e+00 -4.9460164496e-01 2.5407780248e+00
-3.4698782221e+00 -4.9459105162e-01 2.5407920953e+00
-3.4698659165e+00 -4.9457838970e-01 2.5407760142e+00
-3.4698634235e+00 -4.9456812111e-01 2.5407898557e+00
-3.4698759201e+00 -4.9458955798e-01 2.5407757597e+00
-3.4698735340e+00 -4.9457897031e-01 2.5407896402e+00
-4.2732068246e+00 4.9374408905e+00 6.1456627598e-01
-4.2732041170e+00 4.9374426329e+00 6.1456451062e-01
-4.2732107939e+00 4.9374377809e+00 6.1456828701e-01
-4.2732076407e+00 4.9374398211e+00 6.1456635358e-01
-4.2732105648e+00 4.9374438468e+00 6.1457681477e-01
-4.2732078569e+00 4.9374455890e+00 6.1457504945e-01
-4.2732148613e+00 4.9374414095e+00 6.1457890104e-01
-4.2732117077e+00 4.9374434495e+00 6.1457696765e-01
-8.1018878075e-01 -1.6803700950e+00 2.4812815983e+00
-8.1018410555e-01 -1.6803672767e+00 2.4812983780e+00
-8.1018402498e-01 -1.6803916581e+00 2.4812899143e+00
-8.1018072571e-01 -1.6803893588e+00 2.4813070960e+00
-8.1024247536e-01 -1.6803669054e+00 2.4812867725e+00
-8.1023553830e-01 -1.6803633599e+00 2.4813041871e+00
-8.1023778480e-01 -1.6803883499e+00 2.4812956239e+00
-8.1023149304e-01 -1.6803860132e+00 2.4813124461e+00
-4.6236875400e-01 5.9301157515e+00 2.1286315324e+00
-4.6237079783e-01 5.9301124615e+00 2.1286311219e+00
-4.6235804646e-01 5.9301489414e+00 2.1286335489e+00
-4.6236001461e-01 5.9301459670e+00 2.1286333081e+00
-4.6236574363e-01 5.9301242908e+00 2.1286321561e+00
-4.6236778188e-01 5.9301211720e+00 2.1286317276e+00
-4.6235634054e-01 5.9301575498e+00 2.1286346515e+00
-4.6235831579e-01 5.9301546069e+00 2.1286344148e+00
6.3699045868e+00 1.9181623757e+00 -7.4357230278e-01
6.3699042045e+00 1.9181629132e+00 -7.4357244229e-01
6.3699156302e+00 1.9181385801e+00 -7.4356428315e-01
6.3699153927e+00 1.9181391412e+00 -7.4356420898e-01
6.3699278954e+00 1.9181567764e+00 -7.4356160057e-01
6.3699275132e+00 1.9181573138e+00 -7.4356174009e-01
6.3699395189e+00 1.9181318014e+00 -7.4355336302e-01
6.3699392813e+00 1.9181323625e+00 -7.4355328888e-01
3.7542792169e+00 3.8305709482e+00 1.8384968821e-01
3.7542839322e+00 3.8305725672e+00 1.8384279405e-01
3.7542738858e+00 3.8305587573e+00 1.8384882295e-01
3.7542783592e+00 3.8305604990e+00 1.8384180776e-01
3.7542279228e+00 3.8305752326e+00 1.8385735618e-01
3.7542326561e+00 3.8305770837e+00 1.8385054020e-01
3.7542231026e+00 3.8305633060e+00 1.8385651369e-01
3.7542278206e+00 3.8305651923e+00 1.8384960732e-01
2.1512963875e+00 2.5951089261e+00 2.2251336699e-01
2.1512988972e+00 2.5951163170e+00 2.2253725540e-01
2.1512959868e+00 2.5951099403e+00 2.2251884340e-01
2.1512987420e+00 2.5951172401e+00 2.2254232188e-01
2.1512572528e+00 2.5951015720e+00 2.2251509536e-01
2.1512590512e+00 2.5951092635e+00 2.2253815857e-01
2.1512565971e+00 2.5951027488e+00 2.2252010965e-01
2.1512587829e+00 2.5951103192e+00 2.2254332034e-01
1.1388272277e+00 -4.6089164666e+00 -3.5647722462e+00
1.1388303260e+00 -4.6089260829e+00 -3.5647655710e+00
1.1388390398e+00 -4.6089310422e+00 -3.5647768823e+00
1.1388428185e+00 -4.6089410335e+00 -3.5647704664e+00
1.1388295908e+00 -4.6089110007e+00 -3.5647674572e+00
1.1388326810e+00 -4.6089206067e+00 -3.5647607691e+00
1.1388413664e+00 -4.6089256544e+00 -3.5647719760e+00
1.1388451371e+00 -4.6089356354e+00 -3.5647655472e+00
4.9143097255e+00 -1.3833823164e+00 3.6954751631e-01
4.9143031398e+00 -1.3833782894e+00 3.6956210195e-01
4.9143081600e+00 -1.3833973967e+00 3.6954501753e-01
4.9143023458e+00 -1.3833944603e+00 3.6956007850e-01
4.9143171805e+00 -1.3833785248e+00 3.6955242388e-01
4.9143104221e+00 -1.3833754162e+00 3.6956737162e-01
4.9143156586e+00 -1.3833936871e+00 3.6954980524e-01
4.9143095942e+00 -1.3833915036e+00 3.6956547795e-01
-6.6876324724e-01 2.1806014962e+00 -6.6843655364e-01
-6.6876479255e-01 2.1806032893e+00 -6.6843205882e-01
-6.6877554903e-01 2.1805960297e+00 -6.6844098601e-01
-6.6877715925e-01 2.1805977997e+00 -6.6843655101e-01
-6.6877029263e-01 2.1806050305e+00 -6.6844395435e-01
-6.6877183817e-01 2.1806068238e+00 -6.6843945921e-01
-6.6878265980e-01 2.1805995021e+00 -6.6844823351e-01
-6.6878427023e-01 2.1806012724e+00 -6.6844379819e-01
-4.4447821558e+00 -1.1188688655e+00 2.3075052569e+00
-4.4447845420e+00 -1.1188718562e+00 2.3075204271e+00
-4.4447804952e+00 -1.1188728948e+00 2.3074963923e+00
-4.4447827409e+00 -1.1188758594e+00 2.3075117045e+00
-4.4447769297e+00 -1.1188743236e+00 2.3074974732e+00
-4.4447793212e+00 -1.1188773706e+00 2.3075127977e+00
-4.4447760784e+00 -1.1188784649e+00 2.3074885012e+00
-4.4447783294e+00 -1.1188814858e+00 2.3075039677e+00
9.2646137356e-01 9.3262840719e-01 4.8092712739e-01
9.2645917383e-01 9.3263113583e-01 4.8093100927e-01
9.2646139458e-01 9.3266158125e-01 4.8091891689e-01
9.2645963819e-01 9.3266365134e-01 4.8092254835e-01
9.2644714673e-01 9.3262560970e-01 4.8093356064e-01
9.2644494685e-01 9.3262833838e-01 4.8093744252e-01
9.2644662883e-01 9.3265845343e-01 4.8092618453e-01
9.2644486640e-01 9.3266051516e-01 4.8092980397e-01
-4.6435618088e+00 2.8108079517e+00 3.4757519174e+00
-4.6435700066e+00 2.8108038412e+00 3.4757617431e+00
-4.6435646953e+00 2.8108097679e+00 3.4757399530e+00
-4.6435728084e+00 2.8108049217e+00 3.4757503495e+00
-4.6435982267e+00 2.8108136035e+00 3.4757495640e+00
-4.6436063917e+00 2.8108096289e+00 3.4757593443e+00
-4.6435999289e+00 2.8108152241e+00 3.4757385065e+00
-4.6436070963e+00 2.8108106244e+00 3.4757476503e+00
-5.0014090745e+00 8.4379843699e-02 1.5758464323e+00
-5.0014079904e+00 8.4380064837e-02 1.5758573214e+00
-5.0014131623e+00 8.4410629095e-02 1.5758466890e+00
-5.0014118422e+00 8.4410378665e-02 1.5758575413e+00
-5.0014021296e+00 8.4375210183e-02 1.5758428051e+00
-5.0014010445e+00 8.4375431610e-02 1.5758536939e+00
-5.0014061920e+00 8.4405931200e-02 1.5758430821e+00
-5.0014048713e+00 8.4405680169e-02 1.5758539343e+00
5.6638351766e+00 9.4485180611e-01 4.2155320852e-01
5.6638472732e+00 9.4485566361e-01 4.2155543034e-01
5.6638345015e+00 9.4484281102e-01 4.2154574693e-01
5.6638470272e+00 9.4484463931e-01 4.2154840948e-01
5.6638523447e+00 9.4485338036e-01 4.2155183445e-01
5.6638644492e+00 9.4485723061e-01 4.2155409644e-01
5.6638524734e+00 9.4484435172e-01 4.2154438932e-01
5.6638650068e+00 9.4484617278e-01 4.2154709205e-01
1.0627170703e+00 7.6458067508e+00 -8.5174243706e-01
1.0627211160e+00 7.6458066058e+00 -8.5173313798e-01
1.0627171819e+00 7.6458007710e+00 -8.5174183837e-01
1.0627220614e+00 7.6458007106e+00 -8.5173278478e-01
1.0627390857e+00 7.6458083575e+00 -8.5174329259e-01
1.0627431317e+00 7.6458082124e+00 -8.5173399350e-01
1.0627390910e+00 7.6458022938e+00 -8.5174270803e-01
1.0627439708e+00 7.6458022334e+00 -8.5173365441e-01
-1.3777511238e-02 -3.4489426891e+00 -2.9137507867e+00
-1.3787825934e-02 -3.4489339215e+00 -2.9137441315e+00
-1.3773861291e-02 -3.4489417296e+00 -2.9137480085e+00
-1.3783744238e-02 -3.4489331531e+00 -2.9137411689e+00
-1.3768336651e-02 -3.4489483284e+00 -2.9137607967e+00
-1.3778614034e-02 -3.4489398209e+00 -2.9137542524e+00
-1.3764822049e-02 -3.4489472894e+00 -2.9137580134e+00
-1.3774668966e-02 -3.4489389727e+00 -2.9137512849e+00
-1.4804081568e+00 3.6184591527e+00 6.8249098171e-01
-1.4804060573e+00 3.6184593185e+00 6.8248665359e-01
-1.4803932573e+00 3.6184269849e+00 6.8248772065e-01
-1.4803911163e+00 3.6184270763e+00 6.8248349265e-01
-1.4804764821e+00 3.6184763881e+00 6.8249825027e-01
-1.4804738074e+00 3.6184767261e+00 6.8249463942e-01
-1.4804616491e+00 3.6184452328e+00 6.8249529013e-01
-1.4804589825e+00 3.6184455488e+00 6.8249169107e-01
7.4093181906e-02 -2.2455804882e+00 8.8847294605e-01
7.4090237978e-02 -2.2455791241e+00 8.8848881085e-01
7.4111491094e-02 -2.2455337005e+00 8.8848221815e-01
7.4107736768e-02 -2.2455323591e+00 8.8849829073e-01
7.4074319346e-02 -2.2455891552e+00 8.8847030904e-01
7.4071375416e-02 -2.2455877911e+00 8.8848617387e-01
7.4092805053e-02 -2.2455422984e+00 8.8847939799e-01
7.4089050727e-02 -2.2455409570e+00 8.8849547057e-01
-5.2935815774e+00 -3.6431797518e+00 2.1145897236e+00
-5.2935870678e+00 -3.6431868234e+00 2.1145902135e+00
-5.2935701029e+00 -3.6432045202e+00 2.1145946679e+00
-5.2935765881e+00 -3.6432116677e+00 2.1145951078e+00
-5.2935738435e+00 -3.6431843639e+00 2.1145880188e+00
-5.2935793324e+00 -3.6431914372e+00 2.1145885105e+00
-5.2935623719e+00 -3.6432091467e+00 2.1145929418e+00
-5.2935688555e+00 -3.6432162959e+00 2.1145933835e+00
-6.2762246958e+00 1.8422603893e+00 -1.7116101608e+00
-6.2762216700e+00 1.8422701765e+00 -1.7115933270e+00
-6.2762267841e+00 1.8422956475e+00 -1.7115974048e+00
-6.2762233488e+00 1.8423056275e+00 -1.7115808422e+00
-6.2762190415e+00 1.8422654658e+00 -1.7116095721e+00
-6.2762160648e+00 1.8422751929e+00 -1.7115925129e+00
-6.2762212324e+00 1.8423008177e+00 -1.7115970439e+00
-6.2762177257e+00 1.8423106270e+00 -1.7115800421e+00
4.1803827978e+00 4.5967631221e+00 -1.5834972093e+00
4.1803827080e+00 4.5967635004e+00 -1.5834844117e+00
4.1803709539e+00 4.5967695174e+00 -1.5834958421e+00
4.1803696868e+00 4.5967713343e+00 -1.5834824107e+00
4.1803868443e+00 4.5967635766e+00 -1.5834988049e+00
4.1803868448e+00 4.5967640504e+00 -1.5834859490e+00
4.1803748741e+00 4.5967699130e+00 -1.5834974480e+00
4.1803736018e+00 4.5967716099e+00 -1.5834840790e+00
3.6629531809e+00 -4.0984975775e+00 -1.5720259328e+00
3.6629621017e+00 -4.0985036476e+00 -1.5720324114e+00
3.6629432635e+00 -4.0984729978e+00 -1.5720251746e+00
3.6629524650e+00 -4.0984775932e+00 -1.5720315258e+00
3.6629565194e+00 -4.0984985193e+00 -1.5720324652e+00
3.6629654395e+00 -4.0985045895e+00 -1.5720389443e+00
3.6629465248e+00 -4.0984739187e+00 -1.5720316862e+00
3.6629557262e+00 -4.0984785141e+00 -1.5720380375e+00
2.0397437194e+00 -6.6336662603e-01 1.6075133549e+00
2.0397448445e+00 -6.6336921926e-01 1.6075027478e+00
2.0397464852e+00 -6.6337158363e-01 1.6075170964e+00
2.0397476005e+00 -6.6337425000e-01 1.6075066406e+00
2.0397319130e+00 -6.6336759574e-01 1.6075107300e+00
2.0397330381e+00 -6.6337018896e-01 1.6075001229e+00
2.0397346113e+00 -6.6337259950e-01 1.6075144775e+00
2.0397357267e+00 -6.6337526585e-01 1.6075040216e+00
-4.5511879338e-01 5.4438430970e+00 -3.4379699242e+00
-4.5511569730e-01 5.4438489573e+00 -3.4379853874e+00
-4.5511811764e-01 5.4438247070e+00 -3.4379732110e+00
-4.5511502125e-01 5.4438305402e+00 -3.4379887112e+00
-4.5511822841e-01 5.4438378678e+00 -3.4379766481e+00
-4.5511511964e-01 5.4438437306e+00 -3.4379920978e+00
-4.5511741217e-01 5.4438194181e+00 -3.4379799420e+00
-4.5511430309e-01 5.4438252538e+00 -3.4379954286e+00
6.3951663449e+00 3.8691979194e+00 2.7669533352e+00
6.3951650362e+00 3.8691982464e+00 2.7669442044e+00
6.3951766333e+00 3.8691870350e+00 2.7669605270e+00
6.3951753255e+00 3.8691873615e+00 2.7669513967e+00
6.3951111858e+00 3.8691952793e+00 2.7669498349e+00
6.3951098772e+00 3.8691956976e+00 2.7669410020e+00
6.3951214118e+00 3.8691843974e+00 2.7669570321e+00
6.3951200763e+00 3.8691848349e+00 2.7669481530e+00
2.1512025902e+00 1.4274817744e+00 4.0368217938e-01
2.1511957309e+00 1.4274843631e+00 4.0366159413e-01
2.1512039539e+00 1.4274671412e+00 4.0367642737e-01
2.1511971061e+00 1.4274697434e+00 4.0365586480e-01
2.1512132618e+00 1.4274834746e+00 4.0368561812e-01
2.1512064260e+00 1.4274860743e+00 4.0366510015e-01
2.1512152869e+00 1.4274687141e+00 4.0367995955e-01
2.1512084627e+00 1.4274713273e+00 4.0365946425e-01
4.1586456042e-01 -1.3989478897e-02 -2.4222521645e+00
4.1586948812e-01 -1.3987358897e-02 -2.4222662803e+00
4.1585867215e-01 -1.3958935225e-02 -2.4222395322e+00
4.1586375834e-01 -1.3956930186e-02 -2.4222537030e+00
4.1585908863e-01 -1.3995603773e-02 -2.4222501432e+00
4.1586401444e-01 -1.3993492871e-02 -2.4222642504e+00
4.1585356401e-01 -1.3965185361e-02 -2.4222376209e+00
4.1585864831e-01 -1.3963189420e-02 -2.4222517832e+00
2.7766224198e+00 -1.5083583696e+00 -2.1340786700e+00
2.7766235124e+00 -1.5083534676e+00 -2.1340905613e+00
2.7766148047e+00 -1.5083408401e+00 -2.1340869813e+00
2.7766165268e+00 -1.5083355718e+00 -2.1340982806e+00
2.7765698386e+00 -1.5083441515e+00 -2.1340804519e+00
2.7765715653e+00 -1.5083388730e+00 -2.1340917875e+00
2.7765619587e+00 -1.5083261320e+00 -2.1340882430e+00
2.7765636214e+00 -1.5083206727e+00 -2.1340996208e+00
-6.2114530558e+00 3.3212686867e-01 -2.0145989055e+00
-6.2114583821e+00 3.3212784194e-01 -2.0146108758e+00
-6.2114583833e+00 3.3214205008e-01 -2.0145973808e+00
-6.2114636805e+00 3.3214301229e-01 -2.0146094341e+00
-6.2114495313e+00 3.3213163500e-01 -2.0146034364e+00
-6.2114548577e+00 3.3213260107e-01 -2.0146154124e+00
-6.2114552442e+00 3.3214617922e-01 -2.0146018205e+00
-6.2114605414e+00 3.3214713424e-01 -2.0146138796e+00
-8.7966220295e-01 -7.8930399584e+00 -2.0185721062e+00
-8.7966317241e-01 -7.8930419818e+00 -2.0185947769e+00
-8.7966205205e-01 -7.8930612414e+00 -2.0185828160e+00
-8.7966302161e-01 -7.8930632652e+00 -2.0186054867e+00
-8.7964135469e-01 -7.8930437731e+00 -2.0185711225e+00
-8.7964232414e-01 -7.8930457965e+00 -2.0185937933e+00
-8.7964122587e-01 -7.8930650056e+00 -2.0185817934e+00
-8.7964219544e-01 -7.8930670294e+00 -2.0186044641e+00
-6.9223700782e-01 -4.3512134274e+00 5.1477519714e-01
-6.9223785434e-01 -4.3512127382e+00 5.1475174983e-01
-6.9223890309e-01 -4.3512164506e+00 5.1475942289e-01
-6.9223974933e-01 -4.3512157618e+00 5.1473597546e-01
-6.9223877327e-01 -4.3512190464e+00 5.1477567293e-01
-6.9223962726e-01 -4.3512183659e+00 5.1475221262e-01
-6.9224067270e-01 -4.3512220679e+00 5.1475986747e-01
-6.9224152641e-01 -4.3512213878e+00 5.1473640706e-01
-2.7691303416e+00 -4.5596449852e+00 6.4621584740e-01
-2.7691294798e+00 -4.5596491939e+00 6.4621394967e-01
-2.7691263323e+00 -4.5596101106e+00 6.4622364504e-01
-2.7691253740e+00 -4.5596144649e+00 6.4622164773e-01
-2.7691259977e+00 -4.5596392146e+00 6.4621713338e-01
-2.7691251558e+00 -4.5596434108e+00 6.4621520314e-01
-2.7691218999e+00 -4.5596040532e+00 6.4622528328e-01
-2.7691209615e+00 -4.5596083950e+00 6.4622325346e-01
-2.5536139806e+00 4.7840596837e-01 -5.4206087789e+00
-2.5536211699e+00 4.7840685719e-01 -5.4206277892e+00
-2.5536003354e+00 4.7838205446e-01 -5.4206182539e+00
-2.5536075059e+00 4.7838294741e-01 -5.4206372450e+00
-2.5536255693e+00 4.7841958312e-01 -5.4206097643e+00
-2.5536327498e+00 4.7842047716e-01 -5.4206287668e+00
-2.5536119461e+00 4.7839573786e-01 -5.4206192326e+00
-2.5536191078e+00 4.7839663604e-01 -5.4206382158e+00
-2.6162346278e+00 1.2853601106e+00 -1.6899089887e+00
-2.6162375848e+00 1.2853562651e+00 -1.6899149018e+00
-2.6162242587e+00 1.2853695123e+00 -1.6899112509e+00
-2.6162272146e+00 1.2853656659e+00 -1.6899171631e+00
-2.6162334085e+00 1.2853558584e+00 -1.6899017560e+00
-2.6162363651e+00 1.2853520130e+00 -1.6899076693e+00
-2.6162231837e+00 1.2853653088e+00 -1.6899042452e+00
-2.6162261392e+00 1.2853614625e+00 -1.6899101575e+00
4.1331437433e+00 2.3926796413e+00 -1.7462787677e+00
4.1331436525e+00 2.3926740146e+00 -1.7462905891e+00
4.1331444809e+00 2.3926500302e+00 -1.7462738362e+00
4.1331443940e+00 2.3926444138e+00 -1.7462856687e+00
4.1331351863e+00 2.3926652278e+00 -1.7462843421e+00
4.1331351036e+00 2.3926595906e+00 -1.7462961793e+00
4.1331363007e+00 2.3926351259e+00 -1.7462794421e+00
4.1331362218e+00 2.3926294989e+00 -1.7462912904e+00
3.8681334861e+00 1.5698870382e+00 -2.2898734294e+00
3.8681300385e+00 1.5698877660e+00 -2.2898883529e+00
3.8681215767e+00 1.5699279542e+00 -2.2898760133e+00
3.8681173044e+00 1.5699293625e+00 -2.2898900718e+00
3.8680789618e+00 1.5698950618e+00 -2.2898797117e+00
3.8680754963e+00 1.5698957970e+00 -2.2898946165e+00
3.8680663645e+00 1.5699359484e+00 -2.2898819163e+00
3.8680622006e+00 1.5699372139e+00 -2.2898960291e+00
-4.9155458228e+00 1.4723797345e+00 2.7138968868e+00
-4.9155465569e+00 1.4723802693e+00 2.7138824163e+00
-4.9155571687e+00 1.4723691584e+00 2.7138995457e+00
-4.9155579026e+00 1.4723696932e+00 2.7138850767e+00
-4.9155413612e+00 1.4723886635e+00 2.7139006362e+00
-4.9155420953e+00 1.4723891980e+00 2.7138861659e+00
-4.9155517670e+00 1.4723775945e+00 2.7139025087e+00
-4.9155525010e+00 1.4723781291e+00 2.7138880399e+00
3.0968305564e+00 9.1463880862e-02 -2.2876766108e+00
3.0968394698e+00 9.1459492543e-02 -2.2876890711e+00
3.0968207458e+00 9.1502681723e-02 -2.2876729610e+00
3.0968295058e+00 9.1497409389e-02 -2.2876848365e+00
3.0968511888e+00 9.1465551813e-02 -2.2876782391e+00
3.0968600998e+00 9.1461162639e-02 -2.2876906971e+00
3.0968412280e+00 9.1504797671e-02 -2.2876743732e+00
3.0968499855e+00 9.1499524483e-02 -2.2876862465e+00
6.9538375900e-01 1.5850959711e+00 1.4208415644e+01
6.9537979477e-01 1.5850988582e+00 1.4208402307e+01
6.9537607143e-01 1.5850951041e+00 1.4208416161e+01
6.9537207282e-01 1.5850979300e+00 1.4208402817e+01
6.9536289903e-01 1.5850916920e+00 1.4208413616e+01
6.9535886734e-01 1.5850947606e+00 1.4208400551e+01
6.9535482818e-01 1.5850911261e+00 1.4208414536e+01
6.9535109706e-01 1.5850939725e+00 1.4208401174e+01
-9.5134865702e-01 2.2588122644e+00 1.9891710886e+01
-9.5134803445e-01 2.2588085742e+00 1.9891700204e+01
-9.5134887932e-01 2.2588031845e+00 1.9891708134e+01
-9.5134778187e-01 2.2587994755e+00 1.9891697744e+01
-9.5136464369e-01 2.2588120235e+00 1.9891711146e+01
-9.5136407556e-01 2.2588082655e+00 1.9891700517e+01
-9.5136498966e-01 2.2588031012e+00 1.9891708648e+01
-9.5136414412e-01 2.2587995713e+00 1.9891697847e+01
3.3715193389e+00 6.6646442094e+00 1.5575460181e+01
3.3715169537e+00 6.6646494500e+00 1.5575450169e+01
3.3715289395e+00 6.6646395540e+00 1.5575467124e+01
3.3715265534e+00 6.6646449008e+00 1.5575457022e+01
3.3715417109e+00 6.6646364862e+00 1.5575456003e+01
3.3715392812e+00 6.6646417897e+00 1.5575445914e+01
3.3715513115e+00 6.6646318315e+00 1.5575462946e+01
3.3715488808e+00 6.6646372411e+00 1.5575452767e+01
6.3490034548e-01 1.4330888281e+00 1.8795973623e+01
6.3490160750e-01 1.4330848328e+00 1.8795967024e+01
6.3489127082e-01 1.4330798793e+00 1.8795958889e+01
6.3489289675e-01 1.4330757328e+00 1.8795952433e+01
6.3492396660e-01 1.4330899086e+00 1.8795974446e+01
6.3492522377e-01 1.4330859188e+00 1.8795967855e+01
6.3491489988e-01 1.4330809673e+00 1.8795959465e+01
6.3491652095e-01 1.4330768262e+00 1.8795953016e+01
-3.1400693929e+00 1.1848169961e+00 2.1884027327e+01
-3.1400653155e+00 1.1848178870e+00 2.1884034485e+01
-3.1400768477e+00 1.1848145154e+00 2.1884029755e+01
-3.1400726099e+00 1.1848154382e+00 2.1884037448e+01
-3.1400707981e+00 1.1848206860e+00 2.1884035351e+01
-3.1400665395e+00 1.1848218037e+00 2.1884042449e+01
-3.1400782563e+00 1.1848181865e+00 2.1884037800e+01
-3.1400747896e+00 1.1848199762e+00 2.1884046118e+01
2.0138274906e+00 3.0014013063e-01 1.7514663412e+01
2.0138273598e+00 3.0013233124e-01 1.7514658502e+01
2.0138278134e+00 3.0014533165e-01 1.7514644684e+01
2.0138276501e+00 3.0013752292e-01 1.7514639792e+01
2.0138163548e+00 3.0013708849e-01 1.7514658414e+01
2.0138161224e+00 3.0012943119e-01 1.7514653554e+01
2.0138156043e+00 3.0014302352e-01 1.7514640275e+01
2.0138156588e+00 3.0013512647e-01 1.7514635507e+01
-8.4637250752e-01 3.1001266746e+00 1.9600678983e+01
-8.4636762204e-01 3.1001162988e+00 1.9600672761e+01
-8.4636553827e-01 3.1001322986e+00 1.9600672161e+01
-8.4636070653e-01 3.1001212874e+00 1.9600666624e+01
-8.4637979439e-01 3.1001249064e+00 1.9600678040e+01
-8.4637490506e-01 3.1001145489e+00 1.9600671784e+01
-8.4637282524e-01 3.1001305291e+00 1.9600671217e+01
-8.4636798964e-01 3.1001195361e+00 1.9600665646e+01
-9.5361274280e-01 -2.0362677419e+00 1.9458580255e+01
-9.5361367196e-01 -2.0362616331e+00 1.9458570597e+01
-9.5360149534e-01 -2.0362683682e+00 1.9458566871e+01
-9.5360210725e-01 -2.0362621907e+00 1.9458557010e+01
-9.5361121099e-01 -2.0362700532e+00 1.9458585562e+01
-9.5361214014e-01 -2.0362639443e+00 1.9458575905e+01
-9.5359990967e-01 -2.0362706139e+00 1.9458572132e+01
-9.5360052158e-01 -2.0362644364e+00 1.9458562272e+01
1.8950573017e+00 -3.9902071889e+00 2.2631057646e+01
1.8950496376e+00 -3.9902033601e+00 2.2631049100e+01
1.8950564225e+00 -3.9901905375e+00 2.2631060644e+01
1.8950487751e+00 -3.9901872696e+00 2.2631052074e+01
1.8950578086e+00 -3.9902045890e+00 2.2631057055e+01
1.8950501461e+00 -3.9902007630e+00 2.2631048508e+01
1.8950570489e+00 -3.9901883337e+00 2.2631060086e+01
1.8950494004e+00 -3.9901850649e+00 2.2631051515e+01
-3.0060251925e+00 4.4543609848e-01 1.5763447712e+01
-3.0060179572e+00 4.4543128981e-01 1.5763439183e+01
-3.0060287078e+00 4.4543838476e-01 1.5763449940e+01
-3.0060214268e+00 4.4543356870e-01 1.5763441458e+01
-3.0060439169e+00 4.4543458913e-01 1.5763449557e+01
-3.0060364962e+00 4.4543015584e-01 1.5763440199e+01
-3.0060471408e+00 4.4543703425e-01 1.5763452022e+01
-3.0060397835e+00 4.4543259386e-01 1.5763442640e+01
-4.4439608611e+00 -5.0950883003e-01 1.8415175421e+01
-4.4439627706e+00 -5.0950864595e-01 1.8415168114e+01
-4.4439622946e+00 -5.0949994269e-01 1.8415178616e+01
-4.4439642937e+00 -5.0949929262e-01 1.8415171139e+01
-4.4439501139e+00 -5.0951371150e-01 1.8415171689e+01
-4.4439520234e+00 -5.0951352742e-01 1.8415164383e+01
-4.4439515469e+00 -5.0950478876e-01 1.8415174998e+01
-4.4439535460e+00 -5.0950413869e-01 1.8415167521e+01
1.9880202146e+00 -1.7649608053e+00 1.5227530871e+01
1.9880235662e+00 -1.7649619154e+00 1.5227518210e+01
1.9880170132e+00 -1.7649493710e+00 1.5227530204e+01
1.9880200826e+00 -1.7649507076e+00 1.5227517646e+01
1.9880319808e+00 -1.7649568149e+00 1.5227532315e+01
1.9880353461e+00 -1.7649579345e+00 1.5227519366e+01
1.9880291405e+00 -1.7649459618e+00 1.5227531525e+01
1.9880322101e+00 -1.7649472985e+00 1.5227518967e+01
7.0546125009e+00 -1.5400198409e+00 1.3070435177e+01
7.0546123425e+00 -1.5400252337e+00 1.3070427019e+01
7.0545939404e+00 -1.5399959262e+00 1.3070442557e+01
7.0545938035e+00 -1.5400012776e+00 1.3070434403e+01
7.0546428741e+00 -1.5400321639e+00 1.3070426468e+01
7.0546427157e+00 -1.5400375567e+00 1.3070418311e+01
7.0546243359e+00 -1.5400082478e+00 1.3070433784e+01
7.0546241991e+00 -1.5400135992e+00 1.3070425631e+01
1.0136892062e+00 -5.4221258887e+00 1.8742596912e+01
1.0136916154e+00 -5.4221243623e+00 1.8742588088e+01
1.0136866709e+00 -5.4221231642e+00 1.8742594592e+01
1.0136893569e+00 -5.4221213743e+00 1.8742586185e+01
1.0137038033e+00 -5.4221215055e+00 1.8742595884e+01
1.0137062321e+00 -5.4221199929e+00 1.8742586992e+01
1.0137011947e+00 -5.4221191493e+00 1.8742593614e+01
1.0137039004e+00 -5.4221173732e+00 1.8742585139e+01
-7.7695306034e-01 2.6048129570e+00 2.0690820873e+01
-7.7694587481e-01 2.6048168272e+00 2.0690815279e+01
-7.7694552508e-01 2.6048143914e+00 2.0690822926e+01
-7.7693762016e-01 2.6048187622e+00 2.0690817789e+01
-7.7695486227e-01 2.6048169735e+00 2.0690820235e+01
-7.7694767835e-01 2.6048208478e+00 2.0690814635e+01
-7.7694732541e-01 2.6048184080e+00 2.0690822289e+01
-7.7693942210e-01 2.6048227829e+00 2.0690817146e+01
-4.4216858254e-01 1.4307953108e+00 1.9908937906e+01
-4.4217620259e-01 1.4308009464e+00 1.9908950866e+01
-4.4216649825e-01 1.4307894423e+00 1.9908941451e+01
-4.4217336820e-01 1.4307952648e+00 1.9908953648e+01
-4.4217480413e-01 1.4307914612e+00 1.9908936632e+01
-4.4218224383e-01 1.4307968134e+00 1.9908949840e+01
-4.4217267328e-01 1.4307856213e+00 1.9908940214e+01
-4.4217956109e-01 1.4307914325e+00 1.9908952348e+01
-2.2982958759e+00 2.3470724249e+00 -1.9964944212e+01
-2.2982951920e+00 2.3470715247e+00 -1.9964937682e+01
-2.2982933113e+00 2.3470756204e+00 -1.9964942813e+01
-2.2982926365e+00 2.3470747185e+00 -1.9964936294e+01
-2.2982989760e+00 2.3470744797e+00 -1.9964945502e+01
-2.2982983083e+00 2.3470735697e+00 -1.9964938985e+01
-2.2982964416e+00 2.3470776636e+00 -1.9964944095e+01
-2.2982957830e+00 2.3470767519e+00 -1.9964937591e+01
-2.8561203265e+00 -1.9516313175e+00 -1.4596342687e+01
-2.8561239041e+00 -1.9516285326e+00 -1.4596339000e+01
-2.8561115657e+00 -1.9516518128e+00 -1.4596343420e+01
-2.8561151479e+00 -1.9516490326e+00 -1.4596339741e+01
-2.8561231947e+00 -1.9516284362e+00 -1.4596341029e+01
-2.8561267724e+00 -1.9516256509e+00 -1.4596337342e+01
-2.8561144328e+00 -1.9516489312e+00 -1.4596341772e+01
-2.8561180152e+00 -1.9516461507e+00 -1.4596338093e+01
5.3537080111e-01 -2.5535138502e+00 -1.7023854280e+01
5.3538295174e-01 -2.5535145789e+00 -1.7023823434e+01
5.3537228105e-01 -2.5535118693e+00 -1.7023852795e+01
5.3538437884e-01 -2.5535120257e+00 -1.7023821900e+01
5.3537162602e-01 -2.5535187680e+00 -1.7023853222e+01
5.3538370209e-01 -2.5535196899e+00 -1.7023822458e+01
5.3537306421e-01 -2.5535167802e+00 -1.7023851736e+01
5.3538515421e-01 -2.5535171337e+00 -1.7023820921e+01
1.0959425310e+00 -7.2603312127e+00 -1.5344258238e+01
1.0959426415e+00 -7.2603266505e+00 -1.5344259257e+01
1.0959411602e+00 -7.2603376596e+00 -1.5344253347e+01
1.0959412712e+00 -7.2603330973e+00 -1.5344254367e+01
1.0959348971e+00 -7.2603386351e+00 -1.5344262130e+01
1.0959349244e+00 -7.2603339856e+00 -1.5344263826e+01
1.0959334102e+00 -7.2603451551e+00 -1.5344257448e+01
1.0959334375e+00 -7.2603405025e+00 -1.5344259153e+01
-2.3719223925e+00 -1.8144185893e+00 -1.7920589132e+01
-2.3719245727e+00 -1.8144191903e+00 -1.7920583506e+01
-2.3719303572e+00 -1.8143983246e+00 -1.7920596441e+01
-2.3719328362e+00 -1.8143984906e+00 -1.7920590900e+01
-2.3718985586e+00 -1.8144186165e+00 -1.7920589384e+01
-2.3719007808e+00 -1.8144191309e+00 -1.7920583629e+01
-2.3719064561e+00 -1.8143983459e+00 -1.7920596635e+01
-2.3719089350e+00 -1.8143985120e+00 -1.7920591094e+01
1.1632319469e+00 -7.0309765875e+00 -1.6328279706e+01
1.1632384008e+00 -7.0309740353e+00 -1.6328278159e+01
1.1632251173e+00 -7.0309930761e+00 -1.6328268893e+01
1.1632315713e+00 -7.0309905239e+00 -1.6328267346e+01
1.1632553421e+00 -7.0309712313e+00 -1.6328276275e+01
1.1632617755e+00 -7.0309686571e+00 -1.6328274746e+01
1.1632482245e+00 -7.0309878889e+00 -1.6328265647e+01
1.1632546580e+00 -7.0309853148e+00 -1.6328264119e+01
1.4740748256e+00 -1.3389911414e+00 -1.6711731271e+01
1.4740733195e+00 -1.3389932088e+00 -1.6711724868e+01
1.4740808609e+00 -1.3389710584e+00 -1.6711732413e+01
1.4740790874e+00 -1.3389736172e+00 -1.6711726048e+01
1.4740640883e+00 -1.3389874210e+00 -1.6711736560e+01
1.4740626115e+00 -1.3389894935e+00 -1.6711730229e+01
1.4740689037e+00 -1.3389668884e+00 -1.6711736298e+01
1.4740666938e+00 -1.3389696226e+00 -1.6711730332e+01
1.6475821394e+00 -4.9491810799e+00 -1.3648807502e+01
1.6475811176e+00 -4.9491844085e+00 -1.3648802079e+01
1.6475855960e+00 -4.9492034931e+00 -1.3648801326e+01
1.6475845772e+00 -4.9492068104e+00 -1.3648795863e+01
1.6475674429e+00 -4.9491852489e+00 -1.3648810060e+01
1.6475663412e+00 -4.9491884300e+00 -1.3648804550e+01
1.6475712280e+00 -4.9492078828e+00 -1.3648803301e+01
1.6475701323e+00 -4.9492110577e+00 -1.3648797816e+01
-2.9762412739e+00 6.5368845522e-01 -1.6354539873e+01
-2.9762411377e+00 6.5368921100e-01 -1.6354533609e+01
-2.9762469802e+00 6.5371477836e-01 -1.6354539944e+01
-2.9762471020e+00 6.5371501547e-01 -1.6354533754e+01
-2.9762308270e+00 6.5368832030e-01 -1.6354539164e+01
-2.9762306909e+00 6.5368907608e-01 -1.6354532901e+01
-2.9762366201e+00 6.5371493244e-01 -1.6354539332e+01
-2.9762367379e+00 6.5371516898e-01 -1.6354533143e+01
-3.0388758603e+00 -1.5940403051e-01 -1.3205669137e+01
-3.0388767719e+00 -1.5940814672e-01 -1.3205666172e+01
-3.0388767871e+00 -1.5939775651e-01 -1.3205677589e+01
-3.0388777029e+00 -1.5940187316e-01 -1.3205674629e+01
-3.0388775985e+00 -1.5940386830e-01 -1.3205672572e+01
-3.0388785101e+00 -1.5940798450e-01 -1.3205669607e+01
-3.0388785423e+00 -1.5939761446e-01 -1.3205681029e+01
-3.0388794581e+00 -1.5940173110e-01 -1.3205678069e+01
4.2835416511e+00 1.9528226124e+00 -1.5736262324e+01
4.2835428616e+00 1.9528254730e+00 -1.5736255377e+01
4.2835346695e+00 1.9528331084e+00 -1.5736256646e+01
4.2835358236e+00 1.9528361319e+00 -1.5736249798e+01
4.2835475487e+00 1.9528238533e+00 -1.5736269382e+01
4.2835487574e+00 1.9528267112e+00 -1.5736262436e+01
4.2835406111e+00 1.9528343865e+00 -1.5736263885e+01
4.2835417676e+00 1.9528374118e+00 -1.5736257036e+01
5.7688585200e+00 5.9331387036e+00 -1.5512098401e+01
5.7688611797e+00 5.9331301650e+00 -1.5512097971e+01
5.7688575188e+00 5.9331323901e+00 -1.5512092900e+01
5.7688601789e+00 5.9331238515e+00 -1.5512092470e+01
5.7688705309e+00 5.9331356884e+00 -1.5512096611e+01
5.7688731922e+00 5.9331271498e+00 -1.5512096182e+01
5.7688698065e+00 5.9331294917e+00 -1.5512091304e+01
5.7688724682e+00 5.9331209532e+00 -1.5512090875e+01
-2.3056240672e+00 1.3524974930e+00 -1.4786519613e+01
-2.3056224089e+00 1.3524977179e+00 -1.4786490870e+01
-2.3056190018e+00 1.3524837980e+00 -1.4786518016e+01
-2.3056170089e+00 1.3524845204e+00 -1.4786489174e+01
-2.3056168658e+00 1.3524973374e+00 -1.4786519103e+01
-2.3056154431e+00 1.3524982382e+00 -1.4786490455e+01
-2.3056118735e+00 1.3524841296e+00 -1.4786517387e+01
-2.3056100693e+00 1.3524849783e+00 -1.4786488671e+01
-2.1597720075e+00 5.3202655345e+00 -1.7127386132e+01
-2.1597689956e+00 5.3202668539e+00 -1.7127384055e+01
-2.1597663788e+00 5.3202731980e+00 -1.7127388936e+01
-2.1597636707e+00 5.3202746982e+00 -1.7127387163e+01
-2.1597575175e+00 5.3202587828e+00 -1.7127390836e+01
-2.1597545056e+00 5.3202601023e+00 -1.7127388759e+01
-2.1597519879e+00 5.3202664623e+00 -1.7127393532e+01
-2.1597490869e+00 5.3202678808e+00 -1.7127391421e+01
2.4313962574e+00 5.2965638009e-01 -2.0828697982e+01
2.4313948584e+00 5.2965685935e-01 -2.0828691168e+01
2.4314018778e+00 5.2965471380e-01 -2.0828700208e+01
2.4314004992e+00 5.2965519012e-01 -2.0828693412e+01
2.4313975236e+00 5.2965363858e-01 -2.0828697269e+01
2.4313961246e+00 5.2965411783e-01 -2.0828690454e+01
2.4314030166e+00 5.2965189859e-01 -2.0828699429e+01
2.4314016380e+00 5.2965237491e-01 -2.0828692634e+01
1.8163673598e+00 3.5214735059e+00 -1.6037083598e+01
1.8163674030e+00 3.5214812165e+00 -1.6037056201e+01
1.8163638372e+00 3.5214778561e+00 -1.6037090739e+01
1.8163638950e+00 3.5214866336e+00 -1.6037064016e+01
1.8163593869e+00 3.5214785741e+00 -1.6037085803e+01
1.8163595680e+00 3.5214858719e+00 -1.6037058404e+01
1.8163558573e+00 3.5214829245e+00 -1.6037092949e+01
1.8163561459e+00 3.5214912659e+00 -1.6037066247e+01
-2.9916567851e+00 -1.5527362962e+00 1.6520722655e+01
-2.9916567165e+00 -1.5527382839e+00 1.6520725097e+01
-2.9916573196e+00 -1.5527312727e+00 1.6520727495e+01
-2.9916573232e+00 -1.5527331451e+00 1.6520729761e+01
-2.9916421103e+00 -1.5527353706e+00 1.6520728923e+01
-2.9916420419e+00 -1.5527373586e+00 1.6520731367e+01
-2.9916426470e+00 -1.5527303455e+00 1.6520733762e+01
-2.9916426508e+00 -1.5527322181e+00 1.6520736028e+01
-2.1388540781e+00 -4.2637882019e+00 1.6167590830e+01
-2.1388602884e+00 -4.2637851406e+00 1.6167593204e+01
-2.1388466301e+00 -4.2637665236e+00 1.6167599821e+01
-2.1388526969e+00 -4.2637632863e+00 1.6167601806e+01
-2.1388600301e+00 -4.2637881284e+00 1.6167590087e+01
-2.1388662404e+00 -4.2637850671e+00 1.6167592461e+01
-2.1388525409e+00 -4.2637665087e+00 1.6167599055e+01
-2.1388586078e+00 -4.2637632714e+00 1.6167601040e+01
2.7019651192e-01 -1.2477208292e+00 1.4360091604e+01
2.7019587966e-01 -1.2477204296e+00 1.4360095894e+01
2.7019851313e-01 -1.2477236623e+00 1.4360087883e+01
2.7019789484e-01 -1.2477232707e+00 1.4360092159e+01
2.7020828480e-01 -1.2477144834e+00 1.4360088894e+01
2.7020765272e-01 -1.2477140863e+00 1.4360093188e+01
2.7021029842e-01 -1.2477174429e+00 1.4360085212e+01
2.7020968031e-01 -1.2477170538e+00 1.4360089492e+01
5.2857363012e-01 1.9842430804e-01 1.7816345203e+01
5.2858012487e-01 1.9842465612e-01 1.7816370027e+01
5.2857357778e-01 1.9842548921e-01 1.7816352424e+01
5.2857948467e-01 1.9842581757e-01 1.7816376516e+01
5.2858230867e-01 1.9841883793e-01 1.7816341630e+01
5.2858814537e-01 1.9841884554e-01 1.7816365824e+01
5.2858167200e-01 1.9841983104e-01 1.7816348268e+01
5.2858751540e-01 1.9842001942e-01 1.7816372339e+01
-2.6016495982e+00 4.5572634520e-01 1.6040226475e+01
-2.6016501769e+00 4.5572514416e-01 1.6040228494e+01
-2.6016497098e+00 4.5571809163e-01 1.6040233738e+01
-2.6016502853e+00 4.5571688662e-01 1.6040235753e+01
-2.6016400854e+00 4.5572447647e-01 1.6040231669e+01
-2.6016406641e+00 4.5572327516e-01 1.6040233687e+01
-2.6016401790e+00 4.5571626671e-01 1.6040238947e+01
-2.6016407546e+00 4.5571506143e-01 1.6040240961e+01
-4.2017988050e-01 -8.9362441917e-01 1.2861883656e+01
-4.2018010826e-01 -8.9362711653e-01 1.2861889970e+01
-4.2018119119e-01 -8.9360666541e-01 1.2861887766e+01
-4.2018135559e-01 -8.9360933374e-01 1.2861894045e+01
-4.2016602622e-01 -8.9362174881e-01 1.2861895243e+01
-4.2016625399e-01 -8.9362444617e-01 1.2861901557e+01
-4.2016733359e-01 -8.9360410356e-01 1.2861899376e+01
-4.2016749797e-01 -8.9360677190e-01 1.2861905656e+01
4.6688002650e+00 8.7683446633e-02 1.7812854063e+01
4.6688009170e+00 8.7684926556e-02 1.7812859234e+01
4.6687977849e+00 8.7684707685e-02 1.7812859066e+01
4.6687984370e+00 8.7686187325e-02 1.7812864237e+01
4.6687993179e+00 8.7683517590e-02 1.7812855229e+01
4.6687999697e+00 8.7684997785e-02 1.7812860400e+01
4.6687968422e+00 8.7684774620e-02 1.7812860236e+01
4.6687974942e+00 8.7686254532e-02 1.7812865408e+01
1.7218573765e+00 -2.9390943287e+00 1.5618565018e+01
1.7218571134e+00 -2.9391001762e+00 1.5618564510e+01
1.7218547135e+00 -2.9390853373e+00 1.5618569967e+01
1.7218544495e+00 -2.9390911853e+00 1.5618569462e+01
1.7218368026e+00 -2.9390945468e+00 1.5618567497e+01
1.7218366035e+00 -2.9391007150e+00 1.5618566804e+01
1.7218343598e+00 -2.9390860565e+00 1.5618572186e+01
1.7218341108e+00 -2.9390921267e+00 1.5618571339e+01
-6.0850707047e+00 1.1085078772e+00 1.6426858024e+01
-6.0850728841e+00 1.1085066415e+00 1.6426866721e+01
-6.0850699197e+00 1.1085091856e+00 1.6426860661e+01
-6.0850721292e+00 1.1085079345e+00 1.6426869036e+01
-6.0850720398e+00 1.1085135322e+00 1.6426856275e+01
-6.0850742210e+00 1.1085122986e+00 1.6426864976e+01
-6.0850712456e+00 1.1085148587e+00 1.6426858909e+01
-6.0850734567e+00 1.1085136097e+00 1.6426867287e+01
-3.3980650315e+00 3.2420474397e+00 1.1891346903e+01
-3.3980624943e+00 3.2420501863e+00 1.1891347114e+01
-3.3980604015e+00 3.2420402907e+00 1.1891356377e+01
-3.3980581089e+00 3.2420430189e+00 1.1891356169e+01
-3.3980669681e+00 3.2420509336e+00 1.1891347798e+01
-3.3980644222e+00 3.2420536854e+00 1.1891347994e+01
-3.3980623243e+00 3.2420438590e+00 1.1891357194e+01
-3.3980600335e+00 3.2420465876e+00 1.1891356984e+01
-1.2384726948e+00 1.5140431201e+00 1.8597696110e+01
-1.2384714648e+00 1.5140376136e+00 1.8597701296e+01
-1.2384745835e+00 1.5140480072e+00 1.8597697687e+01
-1.2384733534e+00 1.5140425002e+00 1.8597702873e+01
-1.2384616868e+00 1.5140410086e+00 1.8597698481e+01
-1.2384604566e+00 1.5140355022e+00 1.8597703667e+01
-1.2384637146e+00 1.5140457295e+00 1.8597699976e+01
-1.2384624843e+00 1.5140402227e+00 1.8597705162e+01
3.4112452940e+00 3.4579261073e+00 1.6842687735e+01
3.4112436244e+00 3.4579290499e+00 1.6842691641e+01
3.4112343161e+00 3.4579169027e+00 1.6842691043e+01
3.4112326488e+00 3.4579198410e+00 1.6842694952e+01
3.4112437439e+00 3.4579272761e+00 1.6842685674e+01
3.4112420790e+00 3.4579302158e+00 1.6842689601e+01
3.4112327690e+00 3.4579180713e+00 1.6842688983e+01
3.4112311064e+00 3.4579210065e+00 1.6842692911e+01
-3.0013152252e-02 2.8321579631e-01 1.8311717053e+01
-3.0012525931e-02 2.8321843102e-01 1.8311717762e+01
-3.0019273556e-02 2.8322519524e-01 1.8311708615e+01
-3.0018647890e-02 2.8322782564e-01 1.8311709343e+01
-3.0004903803e-02 2.8321474451e-01 1.8311721185e+01
-3.0004277113e-02 2.8321737787e-01 1.8311721892e+01
-3.0010991045e-02 2.8322459635e-01 1.8311712889e+01
-3.0010365010e-02 2.8322722541e-01 1.8311713615e+01
-4.0543583440e+00 3.6262245141e+00 2.1886010220e+01
-4.0543576690e+00 3.6262245736e+00 2.1886019412e+01
-4.0543503395e+00 3.6262250706e+00 2.1886010452e+01
-4.0543496723e+00 3.6262250848e+00 2.1886019628e+01
-4.0543387571e+00 3.6262190045e+00 2.1886007876e+01
-4.0543380820e+00 3.6262190641e+00 2.1886017069e+01
-4.0543307344e+00 3.6262195846e+00 2.1886008139e+01
-4.0543300560e+00 3.6262195933e+00 2.1886017334e+01
4.2025106236e+00 2.3059507025e+00 1.8373762581e+01
4.2025105133e+00 2.3059548799e+00 1.8373760164e+01
4.2025168308e+00 2.3059501744e+00 1.8373757382e+01
4.2025167220e+00 2.3059543466e+00 1.8373754940e+01
4.2025105242e+00 2.3059530129e+00 1.8373763728e+01
4.2025104139e+00 2.3059571903e+00 1.8373761311e+01
4.2025167439e+00 2.3059525392e+00 1.8373758556e+01
4.2025166351e+00 2.3059567114e+00 1.8373756115e+01
3.9266835078e+00 -5.4007038692e-03 1.8898590634e+01
3.9266781422e+00 -5.3999338479e-03 1.8898615397e+01
3.9266854887e+00 -5.4199112751e-03 1.8898603142e+01
3.9266813098e+00 -5.4196282698e-03 1.8898626936e+01
3.9266864016e+00 -5.4038121107e-03 1.8898598817e+01
3.9266808025e+00 -5.4027756114e-03 1.8898623639e+01
3.9266883869e+00 -5.4230225167e-03 1.8898611307e+01
3.9266839747e+00 -5.4224730642e-03 1.8898635160e+01
-3.7737267616e+00 -4.2844056981e+00 -1.7900035772e+01
-3.7737341802e+00 -4.2843993396e+00 -1.7900018252e+01
-3.7737350880e+00 -4.2843841382e+00 -1.7900034669e+01
-3.7737427879e+00 -4.2843779870e+00 -1.7900016350e+01
-3.7737131762e+00 -4.2843972262e+00 -1.7900029821e+01
-3.7737202386e+00 -4.2843910119e+00 -1.7900011816e+01
-3.7737212800e+00 -4.2843758085e+00 -1.7900028236e+01
-3.7737291141e+00 -4.2843695915e+00 -1.7900009985e+01
-1.4208134916e+00 8.6830091450e+00 -1.6244800990e+01
-1.4208151495e+00 8.6830005542e+00 -1.6244804878e+01
-1.4208125731e+00 8.6830088033e+00 -1.6244798975e+01
-1.4208136425e+00 8.6830001123e+00 -1.6244802993e+01
-1.4208129430e+00 8.6829987094e+00 -1.6244797725e+01
-1.4208146654e+00 8.6829901393e+00 -1.6244801642e+01
-1.4208120310e+00 8.6829983666e+00 -1.6244795717e+01
-1.4208131650e+00 8.6829896962e+00 -1.6244799764e+01
2.2628586816e-01 5.7772655325e-01 -1.9376085914e+01
2.2628558616e-01 5.7773397930e-01 -1.9376085245e+01
2.2629068443e-01 5.7774853455e-01 -1.9376084259e+01
2.2629041108e-01 5.7775551806e-01 -1.9376083608e+01
2.2630340546e-01 5.7772169699e-01 -1.9376097695e+01
2.2630312125e-01 5.7772876233e-01 -1.9376097120e+01
2.2630728446e-01 5.7774421949e-01 -1.9376095338e+01
2.2630700891e-01 5.7775084229e-01 -1.9376094781e+01
1.9611209911e+00 4.4724323119e+00 -1.2977068547e+01
1.9611275250e+00 4.4724288005e+00 -1.2977046765e+01
1.9611195917e+00 4.4724505785e+00 -1.2977062205e+01
1.9611241372e+00 4.4724472025e+00 -1.2977039668e+01
1.9611358574e+00 4.4724322719e+00 -1.2977073828e+01
1.9611423039e+00 4.4724287060e+00 -1.2977052146e+01
1.9611345352e+00 4.4724504442e+00 -1.2977067424e+01
1.9611389026e+00 4.4724471107e+00 -1.2977045040e+01
1.9883583574e+00 -2.8548077243e+00 -2.0384853512e+01
1.9883596496e+00 -2.8548073865e+00 -2.0384855852e+01
1.9883536629e+00 -2.8548032104e+00 -2.0384862011e+01
1.9883549320e+00 -2.8548028548e+00 -2.0384864393e+01
1.9883623148e+00 -2.8548180392e+00 -2.0384859221e+01
1.9883636070e+00 -2.8548177013e+00 -2.0384861561e+01
1.9883575886e+00 -2.8548131187e+00 -2.0384867984e+01
1.9883588577e+00 -2.8548127631e+00 -2.0384870365e+01
3.5484281400e-01 -4.5727821443e+00 -1.3404278995e+01
3.5484159716e-01 -4.5727939241e+00 -1.3404252181e+01
3.5484859800e-01 -4.5727781207e+00 -1.3404279816e+01
3.5484744120e-01 -4.5727899329e+00 -1.3404253247e+01
3.5484553773e-01 -4.5727781317e+00 -1.3404286698e+01
3.5484371268e-01 -4.5727899381e+00 -1.3404259722e+01
3.5485137381e-01 -4.5727740898e+00 -1.3404287473e+01
3.5484959634e-01 -4.5727860042e+00 -1.3404260668e+01
-5.1210524280e-01 -5.0642067039e+00 -1.7806607811e+01
-5.1210429614e-01 -5.0642048226e+00 -1.7806609286e+01
-5.1210463905e-01 -5.0642048733e+00 -1.7806607404e+01
-5.1210385542e-01 -5.0642029928e+00 -1.7806608859e+01
-5.1209430462e-01 -5.0642060159e+00 -1.7806613373e+01
-5.1209336904e-01 -5.0642042101e+00 -1.7806614871e+01
-5.1209377362e-01 -5.0642042356e+00 -1.7806612923e+01
-5.1209300107e-01 -5.0642024306e+00 -1.7806614400e+01
-1.9490245901e+00 -3.3120679846e+00 -1.5852468222e+01
-1.9490172799e+00 -3.3120735575e+00 -1.5852471859e+01
-1.9490232728e+00 -3.3120684168e+00 -1.5852471691e+01
-1.9490160033e+00 -3.3120740448e+00 -1.5852475337e+01
-1.9490155450e+00 -3.3120694469e+00 -1.5852464790e+01
-1.9490082348e+00 -3.3120750198e+00 -1.5852468426e+01
-1.9490141062e+00 -3.3120698623e+00 -1.5852468344e+01
-1.9490068366e+00 -3.3120754902e+00 -1.5852471990e+01
-9.2589808478e-01 -7.1168782498e-01 -1.5759496936e+01
-9.2589616361e-01 -7.1168814755e-01 -1.5759497232e+01
-9.2589387816e-01 -7.1167886605e-01 -1.5759496044e+01
-9.2589195926e-01 -7.1167919384e-01 -1.5759496340e+01
-9.2587788712e-01 -7.1168069419e-01 -1.5759492304e+01
-9.2587596460e-01 -7.1168101697e-01 -1.5759492599e+01
-9.2587369018e-01 -7.1167172959e-01 -1.5759491411e+01
-9.2587176992e-01 -7.1167205759e-01 -1.5759491706e+01
4.3346196865e+00 2.5860913332e+00 -1.4526574248e+01
4.3346186680e+00 2.5860941212e+00 -1.4526586787e+01
4.3346250879e+00 2.5860904029e+00 -1.4526574226e+01
4.3346240873e+00 2.5860931915e+00 -1.4526586764e+01
4.3346153999e+00 2.5860900308e+00 -1.4526563174e+01
4.3346143865e+00 2.5860928192e+00 -1.4526575712e+01
4.3346207823e+00 2.5860890915e+00 -1.4526563122e+01
4.3346197868e+00 2.5860918806e+00 -1.4526575659e+01
4.3059775132e+00 -1.6192206267e+00 -1.2168810060e+01
4.3059755846e+00 -1.6192208182e+00 -1.2168810520e+01
4.3059748046e+00 -1.6192002777e+00 -1.2168813458e+01
4.3059728337e+00 -1.6192006945e+00 -1.2168813731e+01
4.3059697550e+00 -1.6192252806e+00 -1.2168817263e+01
4.3059678587e+00 -1.6192254194e+00 -1.2168817581e+01
4.3059670870e+00 -1.6192053374e+00 -1.2168820885e+01
4.3059652258e+00 -1.6192059795e+00 -1.2168821256e+01
-2.2135277654e+00 -3.5806727235e+00 -1.8755226387e+01
-2.2135298388e+00 -3.5806703645e+00 -1.8755228455e+01
-2.2135243500e+00 -3.5806735633e+00 -1.8755232397e+01
-2.2135263112e+00 -3.5806712404e+00 -1.8755234674e+01
-2.2135143015e+00 -3.5806689283e+00 -1.8755222713e+01
-2.2135171270e+00 -3.5806660416e+00 -1.8755224257e+01
-2.2135112853e+00 -3.5806700175e+00 -1.8755228553e+01
-2.2135139987e+00 -3.5806671669e+00 -1.8755230307e+01
8.9558440410e-01 -1.2823565695e+00 -1.7841443493e+01
8.9558202533e-01 -1.2823590743e+00 -1.7841445017e+01
8.9558173453e-01 -1.2823594858e+00 -1.7841436826e+01
8.9557968409e-01 -1.2823621541e+00 -1.7841438686e+01
8.9559601984e-01 -1.2823576400e+00 -1.7841446872e+01
8.9559364460e-01 -1.2823601285e+00 -1.7841448393e+01
8.9559338791e-01 -1.2823604381e+00 -1.7841440046e+01
8.9559134101e-01 -1.2823630902e+00 -1.7841441904e+01
-3.6205453628e+00 -8.5758384333e-01 -1.8785890319e+01
-3.6205410729e+00 -8.5757686785e-01 -1.8785870933e+01
-3.6205577319e+00 -8.5756851586e-01 -1.8785901084e+01
-3.6205542279e+00 -8.5756181671e-01 -1.8785881082e+01
-3.6205282608e+00 -8.5758480614e-01 -1.8785901256e+01
-3.6205237263e+00 -8.5757816953e-01 -1.8785881829e+01
-3.6205406420e+00 -8.5756947600e-01 -1.8785912005e+01
-3.6205368922e+00 -8.5756327516e-01 -1.8785892193e+01
-4.4130899146e+00 2.8225420345e-01 -1.3452385543e+01
-4.4130877796e+00 2.8224995974e-01 -1.3452389255e+01
-4.4130868419e+00 2.8226453415e-01 -1.3452377994e+01
-4.4130846476e+00 2.8226021083e-01 -1.3452382110e+01
-4.4130784464e+00 2.8225443587e-01 -1.3452390124e+01
-4.4130762899e+00 2.8225017014e-01 -1.3452393833e+01
-4.4130753359e+00 2.8226474776e-01 -1.3452382556e+01
-4.4130731416e+00 2.8226042444e-01 -1.3452386672e+01
2.8922206403e+00 2.1308344738e+00 -1.2124575460e+01
2.8922192815e+00 2.1308426801e+00 -1.2124568601e+01
2.8922172280e+00 2.1308350780e+00 -1.2124578644e+01
2.8922161328e+00 2.1308433169e+00 -1.2124572391e+01
2.8922178486e+00 2.1308406251e+00 -1.2124576372e+01
2.8922164389e+00 2.1308492007e+00 -1.2124569030e+01
2.8922140902e+00 2.1308413757e+00 -1.2124579151e+01
2.8922129440e+00 2.1308499839e+00 -1.2124572416e+01
-5.6134332855e-01 -5.0693238016e+00 1.8167211115e+01
-5.6134292675e-01 -5.0693242442e+00 1.8167217424e+01
-5.6134465539e-01 -5.0693139553e+00 1.8167211209e+01
-5.6134427495e-01 -5.0693143642e+00 1.8167217487e+01
-5.6133784133e-01 -5.0693231717e+00 1.8167223123e+01
-5.6133746932e-01 -5.0693235966e+00 1.8167229432e+01
-5.6133915800e-01 -5.0693133197e+00 1.8167223212e+01
-5.6133880735e-01 -5.0693137109e+00 1.8167229490e+01
4.2960581623e+00 -4.3393194941e+00 1.2945789065e+01
4.2960467574e+00 -4.3393206826e+00 1.2945794787e+01
4.2960603551e+00 -4.3393169491e+00 1.2945787309e+01
4.2960489576e+00 -4.3393181358e+00 1.2945793034e+01
4.2960718676e+00 -4.3393135978e+00 1.2945792524e+01
4.2960609442e+00 -4.3393147951e+00 1.2945798219e+01
4.2960740152e+00 -4.3393110084e+00 1.2945790732e+01
4.2960630992e+00 -4.3393122038e+00 1.2945796430e+01
5.1371597487e+00 -5.3393983714e+00 1.3975157632e+01
5.1371571553e+00 -5.3394002603e+00 1.3975166313e+01
5.1371513860e+00 -5.3393725141e+00 1.3975163810e+01
5.1371489630e+00 -5.3393745973e+00 1.3975172560e+01
5.1371809608e+00 -5.3393954054e+00 1.3975150938e+01
5.1371783582e+00 -5.3393973245e+00 1.3975159613e+01
5.1371721668e+00 -5.3393696534e+00 1.3975156900e+01
5.1371697432e+00 -5.3393717373e+00 1.3975165650e+01
-1.6836317825e+00 4.9556050775e+00 1.7446824497e+01
-1.6836285440e+00 4.9555940517e+00 1.7446840365e+01
-1.6836351592e+00 4.9556331794e+00 1.7446820374e+01
-1.6836318616e+00 4.9556221331e+00 1.7446836295e+01
-1.6836295042e+00 4.9555946718e+00 1.7446816378e+01
-1.6836251535e+00 4.9555843523e+00 1.7446833009e+01
-1.6836328731e+00 4.9556227659e+00 1.7446812255e+01
-1.6836284645e+00 4.9556124283e+00 1.7446828940e+01
-2.2613822269e+00 -2.4751483880e-01 1.5635404897e+01
-2.2613792477e+00 -2.4751321608e-01 1.5635407218e+01
-2.2613811133e+00 -2.4751788380e-01 1.5635408713e+01
-2.2613781338e+00 -2.4751649374e-01 1.5635411141e+01
-2.2613683199e+00 -2.4751965988e-01 1.5635403793e+01
-2.2613653471e+00 -2.4751803400e-01 1.5635406110e+01
-2.2613673279e+00 -2.4752257690e-01 1.5635407675e+01
-2.2613643547e+00 -2.4752118368e-01 1.5635410099e+01
-2.6048868949e+00 5.0503676017e+00 1.4884207915e+01
-2.6048790748e+00 5.0503628200e+00 1.4884231278e+01
-2.6048857268e+00 5.0504063046e+00 1.4884199870e+01
-2.6048787878e+00 5.0504024527e+00 1.4884223728e+01
-2.6048693673e+00 5.0503736636e+00 1.4884208785e+01
-2.6048615473e+00 5.0503688818e+00 1.4884232148e+01
-2.6048688687e+00 5.0504128550e+00 1.4884201198e+01
-2.6048612213e+00 5.0504084959e+00 1.4884224560e+01
-1.2615439320e+00 -3.6146148647e+00 1.9669444029e+01
-1.2615469061e+00 -3.6146137995e+00 1.9669445541e+01
-1.2615467670e+00 -3.6146218689e+00 1.9669441543e+01
-1.2615497638e+00 -3.6146208343e+00 1.9669443075e+01
-1.2615344796e+00 -3.6146156634e+00 1.9669443259e+01
-1.2615374542e+00 -3.6146145554e+00 1.9669444766e+01
-1.2615375483e+00 -3.6146227838e+00 1.9669440517e+01
-1.2615405456e+00 -3.6146217064e+00 1.9669442044e+01
-2.7541330564e+00 -5.7242506960e+00 1.1736139354e+01
-2.7541243861e+00 -5.7242428394e+00 1.1736181550e+01
-2.7541339660e+00 -5.7242455004e+00 1.1736135091e+01
-2.7541251297e+00 -5.7242377413e+00 1.1736177899e+01
-2.7541533444e+00 -5.7242530706e+00 1.1736132752e+01
-2.7541459674e+00 -5.7242447967e+00 1.1736175526e+01
-2.7541543734e+00 -5.7242479487e+00 1.1736128637e+01
-2.7541469148e+00 -5.7242396185e+00 1.1736171517e+01
-5.0870242520e+00 3.9331509357e+00 1.5115891818e+01
-5.0870213542e+00 3.9331510950e+00 1.5115892623e+01
-5.0870228092e+00 3.9331475714e+00 1.5115892105e+01
-5.0870199608e+00 3.9331476250e+00 1.5115892843e+01
-5.0870149079e+00 3.9331506362e+00 1.5115893695e+01
-5.0870119104e+00 3.9331509166e+00 1.5115894546e+01
-5.0870135126e+00 3.9331472766e+00 1.5115893995e+01
-5.0870105645e+00 3.9331474512e+00 1.5115894779e+01
-2.1991390776e+00 3.7147466162e+00 1.7806964268e+01
-2.1991369188e+00 3.7147582771e+00 1.7806985905e+01
-2.1991325638e+00 3.7147425357e+00 1.7806969270e+01
-2.1991305718e+00 3.7147538798e+00 1.7806990679e+01
-2.1991320020e+00 3.7147476017e+00 1.7806954882e+01
-2.1991292255e+00 3.7147600387e+00 1.7806977619e+01
-2.1991258007e+00 3.7147434851e+00 1.7806959800e+01
-2.1991228933e+00 3.7147556263e+00 1.7806982398e+01
3.4509486873e+00 -3.4773205877e+00 1.3025760927e+01
3.4509503352e+00 -3.4773146660e+00 1.3025766778e+01
3.4509376505e+00 -3.4773246197e+00 1.3025755862e+01
3.4509392295e+00 -3.4773188194e+00 1.3025761716e+01
3.4509560590e+00 -3.4773209385e+00 1.3025755605e+01
3.4509577070e+00 -3.4773150167e+00 1.3025761456e+01
3.4509453374e+00 -3.4773249468e+00 1.3025750242e+01
3.4509469164e+00 -3.4773191465e+00 1.3025756096e+01
-1.0315137512e+00 1.9393137648e+00 1.5407843574e+01
-1.0315093914e+00 1.9393198663e+00 1.5407878928e+01
-1.0315135458e+00 1.9392987482e+00 1.5407850412e+01
-1.0315084839e+00 1.9393039640e+00 1.5407885926e+01
-1.0314902129e+00 1.9393140706e+00 1.5407843970e+01
-1.0314852081e+00 1.9393207884e+00 1.5407879959e+01
-1.0314900075e+00 1.9392990540e+00 1.5407850809e+01
-1.0314842474e+00 1.9393048914e+00 1.5407887027e+01
2.4346494842e+00 -2.5913417489e+00 1.5701302932e+01
2.4346484349e+00 -2.5913380177e+00 1.5701310931e+01
2.4346563190e+00 -2.5913302030e+00 1.5701300872e+01
2.4346553125e+00 -2.5913264671e+00 1.5701308818e+01
2.4346577927e+00 -2.5913360780e+00 1.5701297132e+01
2.4346565929e+00 -2.5913326114e+00 1.5701305110e+01
2.4346647582e+00 -2.5913244229e+00 1.5701294458e+01
2.4346636012e+00 -2.5913209516e+00 1.5701302383e+01
-7.5710399381e-01 7.6458542162e+00 1.5430913778e+01
-7.5710413847e-01 7.6458508100e+00 1.5430927582e+01
-7.5711589426e-01 7.6458362437e+00 1.5430916985e+01
-7.5711621931e-01 7.6458327141e+00 1.5430931154e+01
-7.5709751491e-01 7.6458557599e+00 1.5430917957e+01
-7.5709765956e-01 7.6458523536e+00 1.5430931762e+01
-7.5710874620e-01 7.6458373374e+00 1.5430920375e+01
-7.5710907125e-01 7.6458338078e+00 1.5430934544e+01
5.1153854480e-01 3.5095400755e+00 1.5333684464e+01
5.1153633161e-01 3.5095404978e+00 1.5333687998e+01
5.1154412874e-01 3.5095489222e+00 1.5333687513e+01
5.1154187554e-01 3.5095493698e+00 1.5333691015e+01
5.1153743433e-01 3.5095351543e+00 1.5333688012e+01
5.1153509245e-01 3.5095356595e+00 1.5333691663e+01
5.1154280210e-01 3.5095439880e+00 1.5333691036e+01
5.1154043173e-01 3.5095445316e+00 1.5333694655e+01
2.9819203244e+00 7.3569851437e+00 1.3938436559e+01
2.9819178593e+00 7.3569836835e+00 1.3938442874e+01
2.9819218571e+00 7.3569773812e+00 1.3938435615e+01
2.9819193686e+00 7.3569758939e+00 1.3938441881e+01
2.9819279096e+00 7.3569908699e+00 1.3938437276e+01
2.9819254444e+00 7.3569894098e+00 1.3938443592e+01
2.9819293542e+00 7.3569831074e+00 1.3938436389e+01
2.9819268657e+00 7.3569816202e+00 1.3938442655e+01
-4.1167907537e+00 -1.1110391466e-01 -2.0822652302e+01
-4.1167901235e+00 -1.1110342722e-01 -2.0822652031e+01
-4.1167878777e+00 -1.1108604933e-01 -2.0822645299e+01
-4.1167872316e+00 -1.1108609891e-01 -2.0822645030e+01
-4.1167924390e+00 -1.1110647938e-01 -2.0822649108e+01
-4.1167918089e+00 -1.1110599224e-01 -2.0822648837e+01
-4.1167899565e+00 -1.1108889054e-01 -2.0822642039e+01
-4.1167893103e+00 -1.1108893981e-01 -2.0822641770e+01
6.1744694506e-01 2.7943538449e+00 -1.7298042091e+01
6.1745214830e-01 2.7943507600e+00 -1.7298047765e+01
6.1743946842e-01 2.7943547236e+00 -1.7298040683e+01
6.1744460764e-01 2.7943516770e+00 -1.7298046307e+01
6.1744367035e-01 2.7943535864e+00 -1.7298037089e+01
6.1744887350e-01 2.7943505015e+00 -1.7298042764e+01
6.1743602512e-01 2.7943544947e+00 -1.7298035630e+01
6.1744116425e-01 2.7943514481e+00 -1.7298041254e+01
4.4547723622e+00 -4.5613975184e+00 -1.6673326168e+01
4.4547731832e+00 -4.5613972236e+00 -1.6673324727e+01
4.4547668889e+00 -4.5613959925e+00 -1.6673323501e+01
4.4547677014e+00 -4.5613956985e+00 -1.6673322073e+01
4.4547895955e+00 -4.5613986214e+00 -1.6673322515e+01
4.4547904167e+00 -4.5613983270e+00 -1.6673321074e+01
4.4547841105e+00 -4.5613970555e+00 -1.6673319790e+01
4.4547849231e+00 -4.5613967620e+00 -1.6673318362e+01
2.6178894343e+00 -4.0281241746e+00 -1.7740625044e+01
2.6178928485e+00 -4.0281255317e+00 -1.7740631119e+01
2.6178843780e+00 -4.0281308152e+00 -1.7740619066e+01
2.6178877871e+00 -4.0281321424e+00 -1.7740625219e+01
2.6179007526e+00 -4.0281184267e+00 -1.7740615536e+01
2.6179041676e+00 -4.0281197838e+00 -1.7740621613e+01
2.6178956767e+00 -4.0281251056e+00 -1.7740609505e+01
2.6178990866e+00 -4.0281264327e+00 -1.7740615660e+01
1.1019886495e+00 -2.3586100486e+00 -2.0709232679e+01
1.1019880066e+00 -2.3586077101e+00 -2.0709232811e+01
1.1019914374e+00 -2.3586235175e+00 -2.0709230466e+01
1.1019907958e+00 -2.3586211694e+00 -2.0709230588e+01
1.1019866366e+00 -2.3586077542e+00 -2.0709233095e+01
1.1019859938e+00 -2.3586054156e+00 -2.0709233227e+01
1.1019894135e+00 -2.3586210717e+00 -2.0709231009e+01
1.1019887718e+00 -2.3586187237e+00 -2.0709231132e+01
-2.1490834418e+00 -1.6778329973e-01 -2.0264027962e+01
-2.1490814987e+00 -1.6779234099e-01 -2.0264038066e+01
-2.1490776657e+00 -1.6777925928e-01 -2.0264026027e+01
-2.1490757070e+00 -1.6778830398e-01 -2.0264036108e+01
-2.1490841210e+00 -1.6778846898e-01 -2.0264031111e+01
-2.1490821779e+00 -1.6779751024e-01 -2.0264041215e+01
-2.1490789940e+00 -1.6778474990e-01 -2.0264029677e+01
-2.1490770353e+00 -1.6779379460e-01 -2.0264039759e+01
3.4956207947e-02 2.0877077713e+00 -1.9952018075e+01
3.4955395118e-02 2.0877022628e+00 -1.9952022861e+01
3.4955156531e-02 2.0877213215e+00 -1.9952025251e+01
3.4954325718e-02 2.0877157340e+00 -1.9952030077e+01
3.4955673363e-02 2.0877093892e+00 -1.9952015282e+01
3.4954860576e-02 2.0877038808e+00 -1.9952020068e+01
3.4954768149e-02 2.0877229776e+00 -1.9952022289e+01
3.4953937320e-02 2.0877173899e+00 -1.9952027115e+01
-1.5665154949e+00 1.0983652012e+00 -1.7758016077e+01
-1.5665261450e+00 1.0983704233e+00 -1.7758007355e+01
-1.5665099853e+00 1.0983742464e+00 -1.7758019219e+01
-1.5665206154e+00 1.0983794017e+00 -1.7758010522e+01
-1.5665189418e+00 1.0983640621e+00 -1.7758014113e+01
-1.5665296400e+00 1.0983693376e+00 -1.7758005403e+01
-1.5665136418e+00 1.0983730708e+00 -1.7758017314e+01
-1.5665243150e+00 1.0983782663e+00 -1.7758008642e+01
-3.3703090937e+00 -5.3352067112e+00 -1.6335665834e+01
-3.3703060588e+00 -5.3352092191e+00 -1.6335676073e+01
-3.3703020131e+00 -5.3351985700e+00 -1.6335669240e+01
-3.3702990049e+00 -5.3352001976e+00 -1.6335680110e+01
-3.3703094419e+00 -5.3352045430e+00 -1.6335669971e+01
-3.3703064054e+00 -5.3352070492e+00 -1.6335680213e+01
-3.3703023212e+00 -5.3351966417e+00 -1.6335673206e+01
-3.3702993145e+00 -5.3351982710e+00 -1.6335684073e+01
-3.7681567811e+00 -7.8019547927e-01 -1.6976708162e+01
-3.7681612905e+00 -7.8018825876e-01 -1.6976691438e+01
-3.7681501221e+00 -7.8020318375e-01 -1.6976705005e+01
-3.7681553050e+00 -7.8019683320e-01 -1.6976688484e+01
-3.7681583610e+00 -7.8019484970e-01 -1.6976711781e+01
-3.7681629211e+00 -7.8018723851e-01 -1.6976694609e+01
-3.7681517047e+00 -7.8020254912e-01 -1.6976708627e+01
-3.7681569348e+00 -7.8019581837e-01 -1.6976691648e+01
3.0549262382e+00 -2.1712208567e+00 -1.9106078751e+01
3.0549292807e+00 -2.1712246414e+00 -1.9106082105e+01
3.0549238104e+00 -2.1712182437e+00 -1.9106080868e+01
3.0549268393e+00 -2.1712220166e+00 -1.9106084122e+01
3.0549258941e+00 -2.1712182746e+00 -1.9106063932e+01
3.0549289367e+00 -2.1712220593e+00 -1.9106067286e+01
3.0549235011e+00 -2.1712155872e+00 -1.9106065937e+01
3.0549265299e+00 -2.1712193601e+00 -1.9106069191e+01
-6.2645644613e-01 1.1269324600e+00 -1.8927232741e+01
-6.2645060161e-01 1.1269372885e+00 -1.8927234435e+01
-6.2646709186e-01 1.1269232202e+00 -1.8927233850e+01
-6.2646125398e-01 1.1269280430e+00 -1.8927235490e+01
-6.2645096084e-01 1.1269340529e+00 -1.8927228502e+01
-6.2644511632e-01 1.1269388814e+00 -1.8927230197e+01
-6.2646160789e-01 1.1269248125e+00 -1.8927229614e+01
-6.2645577000e-01 1.1269296354e+00 -1.8927231254e+01
1.0831097088e+00 3.1019788450e+00 -1.8660056412e+01
1.0831134372e+00 3.1019839537e+00 -1.8660040045e+01
1.0831085257e+00 3.1019930923e+00 -1.8660068539e+01
1.0831122692e+00 3.1019991198e+00 -1.8660052789e+01
1.0831198264e+00 3.1019744395e+00 -1.8660059994e+01
1.0831229691e+00 3.1019793112e+00 -1.8660044012e+01
1.0831186431e+00 3.1019894210e+00 -1.8660072648e+01
1.0831218238e+00 3.1019944494e+00 -1.8660056828e+01
2.1844867398e+00 2.8654522726e+00 -1.7700348011e+01
2.1844800355e+00 2.8654555432e+00 -1.7700356885e+01
2.1844793251e+00 2.8654278848e+00 -1.7700339123e+01
2.1844717683e+00 2.8654315147e+00 -1.7700347474e+01
2.1844957386e+00 2.8654540601e+00 -1.7700348449e+01
2.1844890346e+00 2.8654573302e+00 -1.7700357324e+01
2.1844883232e+00 2.8654296718e+00 -1.7700339558e+01
2.1844807668e+00 2.8654333012e+00 -1.7700347910e+01
-1.4272088112e+00 -2.2428201455e+00 -1.9886681369e+01
-1.4272164318e+00 -2.2428176605e+00 -1.9886689881e+01
-1.4272079766e+00 -2.2428202827e+00 -1.9886680228e+01
-1.4272147864e+00 -2.2428185472e+00 -1.9886689360e+01
-1.4272134955e+00 -2.2428192496e+00 -1.9886681993e+01
-1.4272211161e+00 -2.2428167641e+00 -1.9886690506e+01
-1.4272126529e+00 -2.2428193880e+00 -1.9886680888e+01
-1.4272194627e+00 -2.2428176519e+00 -1.9886690022e+01
2.7089694977e+00 -3.3575916719e-01 -1.9419384331e+01
2.7089726795e+00 -3.3576146220e-01 -1.9419397254e+01
2.7089737972e+00 -3.3578308208e-01 -1.9419373477e+01
2.7089768819e+00 -3.3578535524e-01 -1.9419386086e+01
2.7089674137e+00 -3.3576080275e-01 -1.9419379020e+01
2.7089705950e+00 -3.3576309816e-01 -1.9419391944e+01
2.7089716461e+00 -3.3578484618e-01 -1.9419368179e+01
2.7089747303e+00 -3.3578711975e-01 -1.9419380789e+01
