1.5349501572e+00 8.7154695208e-01 1.0389519815e-01
1.5349506672e+00 8.7154708799e-01 1.0390802208e-01
1.5349496267e+00 8.7154486866e-01 1.0389347746e-01
1.5349501048e+00 8.7154530498e-01 1.0390649015e-01
1.5349469815e+00 8.7154750828e-01 1.0389423502e-01
1.5349473525e+00 8.7154780403e-01 1.0390737761e-01
1.5349464488e+00 8.7154542577e-01 1.0389251646e-01
1.5349468625e+00 8.7154602406e-01 1.0390586797e-01
9.5205608210e-01 -1.2793815441e+00 -2.8647587195e+00
9.5205437180e-01 -1.2793822481e+00 -2.8647587456e+00
9.5205657773e-01 -1.2793712412e+00 -2.8647566538e+00
9.5205507065e-01 -1.2793719186e+00 -2.8647571089e+00
9.5205655890e-01 -1.2793814435e+00 -2.8647562353e+00
9.5205492131e-01 -1.2793821831e+00 -2.8647561742e+00
9.5205714121e-01 -1.2793712237e+00 -2.8647541546e+00
9.5205566606e-01 -1.2793718453e+00 -2.8647546427e+00
1.4914224029e-01 9.9112411065e-01 3.3477336944e-01
1.4914268107e-01 9.9112409452e-01 3.3477336207e-01
1.4914283225e-01 9.9112407395e-01 3.3477252016e-01
1.4914327457e-01 9.9112405774e-01 3.3477251332e-01
1.4914089389e-01 9.9112360996e-01 3.3477292281e-01
1.4914133375e-01 9.9112359250e-01 3.3477291276e-01
1.4914138209e-01 9.9112338026e-01 3.3477207201e-01
1.4914182350e-01 9.9112336269e-01 3.3477206251e-01
-5.2066886138e-01 -1.4971803201e+00 -1.5669673944e+00
-5.2066925359e-01 -1.4971787417e+00 -1.5669703606e+00
-5.2066835130e-01 -1.4971735856e+00 -1.5669659557e+00
-5.2066898218e-01 -1.4971720733e+00 -1.5669690103e+00
-5.2067064396e-01 -1.4971790619e+00 -1.5669693008e+00
-5.2067103751e-01 -1.4971774838e+00 -1.5669722713e+00
-5.2067021386e-01 -1.4971723211e+00 -1.5669676488e+00
-5.2067077512e-01 -1.4971708275e+00 -1.5669707337e+00
-1.7182544054e+00 7.4637076156e-01 3.4522452211e+00
-1.7182549216e+00 7.4636924689e-01 3.4522585164e+00
-1.7182527280e+00 7.4636732710e-01 3.4522431176e+00
-1.7182534033e+00 7.4636592322e-01 3.4522561254e+00
-1.7182601343e+00 7.4637023439e-01 3.4522433096e+00
-1.7182610502e+00 7.4636857743e-01 3.4522562452e+00
-1.7182584599e+00 7.4636675819e-01 3.4522407794e+00
-1.7182595794e+00 7.4636522617e-01 3.4522542416e+00
-1.0750695975e+00 -8.2106385363e-01 3.0292475592e+00
-1.0750655849e+00 -8.2105783756e-01 3.0292545606e+00
-1.0750692989e+00 -8.2106262829e-01 3.0292511806e+00
-1.0750651383e+00 -8.2105673385e-01 3.0292585036e+00
-1.0750652531e+00 -8.2106263489e-01 3.0292474101e+00
-1.0750615913e+00 -8.2105674464e-01 3.0292539836e+00
-1.0750652337e+00 -8.2106164137e-01 3.0292508032e+00
-1.0750614389e+00 -8.2105582132e-01 3.0292575906e+00
5.8887326071e-02 6.0416926259e-01 9.8169784773e-01
5.8886901680e-02 6.0416638059e-01 9.8169670035e-01
5.8887312515e-02 6.0416689395e-01 9.8169490345e-01
5.8886886294e-02 6.0416401508e-01 9.8169375886e-01
5.8885990642e-02 6.0416942145e-01 9.8170057554e-01
5.8885546967e-02 6.0416657261e-01 9.8169941005e-01
5.8885980035e-02 6.0416705620e-01 9.8169763292e-01
5.8885536244e-02 6.0416420847e-01 9.8169646719e-01
-1.7712531382e-02 -1.4158022745e-01 -2.7918032564e-01
-1.7713595086e-02 -1.4157890060e-01 -2.7918749855e-01
-1.7714008655e-02 -1.4157547232e-01 -2.7917842815e-01
-1.7715072142e-02 -1.4157414515e-01 -2.7918560109e-01
-1.7713339393e-02 -1.4158040995e-01 -2.7918067190e-01
-1.7714401925e-02 -1.4157909334e-01 -2.7918783944e-01
-1.7714767462e-02 -1.4157565335e-01 -2.7917875991e-01
-1.7715829924e-02 -1.4157433673e-01 -2.7918592745e-01
1.8131331809e+00 6.4414132875e-01 -1.3753711351e+00
1.8131364315e+00 6.4414234602e-01 -1.3753741575e+00
1.8131329495e+00 6.4413766721e-01 -1.3753754564e+00
1.8131361927e+00 6.4413870828e-01 -1.3753784653e+00
1.8131338668e+00 6.4413892275e-01 -1.3753681997e+00
1.8131370674e+00 6.4413993695e-01 -1.3753712904e+00
1.8131336356e+00 6.4413526102e-01 -1.3753725208e+00
1.8131368285e+00 6.4413629854e-01 -1.3753755971e+00
1.4890037728e-01 4.7583932183e-01 -1.0939646929e+00
1.4890108982e-01 4.7584157939e-01 -1.0939683968e+00
1.4890073515e-01 4.7583927639e-01 -1.0939609449e+00
1.4890152572e-01 4.7584157251e-01 -1.0939648528e+00
1.4890123999e-01 4.7584109431e-01 -1.0939647250e+00
1.4890195279e-01 4.7584335243e-01 -1.0939684297e+00
1.4890159349e-01 4.7584104870e-01 -1.0939609639e+00
1.4890238415e-01 4.7584334514e-01 -1.0939648719e+00
-2.7445155033e-01 7.2286493526e-01 -1.2999671852e+00
-2.7445337987e-01 7.2286432773e-01 -1.2999556877e+00
-2.7444940083e-01 7.2286230998e-01 -1.2999715670e+00
-2.7445119920e-01 7.2286169458e-01 -1.2999600629e+00
-2.7445552691e-01 7.2286466887e-01 -1.2999690633e+00
-2.7445734991e-01 7.2286420176e-01 -1.2999574753e+00
-2.7445337676e-01 7.2286204607e-01 -1.2999734460e+00
-2.7445516632e-01 7.2286158252e-01 -1.2999618593e+00
2.3924882097e-02 -9.9523052881e-01 4.6191689270e+00
2.3924656975e-02 -9.9522769479e-01 4.6191692169e+00
2.3924869251e-02 -9.9522607490e-01 4.6191683313e+00
2.3924845956e-02 -9.9522311284e-01 4.6191687385e+00
2.3916909048e-02 -9.9523004098e-01 4.6191675873e+00
2.3916989553e-02 -9.9522715692e-01 4.6191678755e+00
2.3917226245e-02 -9.9522609691e-01 4.6191662379e+00
2.3917029178e-02 -9.9522301082e-01 4.6191667710e+00
-5.8166348652e-01 1.0386984096e+00 -7.9332805882e-01
-5.8166546610e-01 1.0386939630e+00 -7.9332911172e-01
-5.8166238126e-01 1.0386973159e+00 -7.9332961253e-01
-5.8166435345e-01 1.0386929038e+00 -7.9333067834e-01
-5.8166221177e-01 1.0386964706e+00 -7.9332973625e-01
-5.8166422132e-01 1.0386920252e+00 -7.9333075632e-01
-5.8166110542e-01 1.0386953796e+00 -7.9333129692e-01
-5.8166310766e-01 1.0386909689e+00 -7.9333233000e-01
1.1372394605e+00 -9.8860749262e-01 4.5142245525e-01
1.1372407998e+00 -9.8860600975e-01 4.5142046088e-01
1.1372384635e+00 -9.8860797795e-01 4.5142153191e-01
1.1372398312e+00 -9.8860650279e-01 4.5141955241e-01
1.1372406038e+00 -9.8860582194e-01 4.5142343182e-01
1.1372419437e+00 -9.8860434166e-01 4.5142143629e-01
1.1372394849e+00 -9.8860638061e-01 4.5142256808e-01
1.1372408533e+00 -9.8860490802e-01 4.5142058745e-01
-4.7585922154e-01 1.4430660079e+00 -2.0912430168e+00
-4.7586008486e-01 1.4430646463e+00 -2.0912448537e+00
-4.7586228943e-01 1.4430655196e+00 -2.0912459993e+00
-4.7586313578e-01 1.4430641593e+00 -2.0912478164e+00
-4.7586033648e-01 1.4430676576e+00 -2.0912445785e+00
-4.7586120008e-01 1.4430662959e+00 -2.0912464155e+00
-4.7586340415e-01 1.4430671739e+00 -2.0912475596e+00
-4.7586425074e-01 1.4430658136e+00 -2.0912493760e+00
-1.2149968976e+00 -1.4708801723e+00 1.3356349636e+00
-1.2149982943e+00 -1.4708802063e+00 1.3356290305e+00
-1.2149968982e+00 -1.4708793741e+00 1.3356374477e+00
-1.2149984019e+00 -1.4708796737e+00 1.3356317245e+00
-1.2149991647e+00 -1.4708834196e+00 1.3356335074e+00
-1.2150005542e+00 -1.4708833837e+00 1.3356276008e+00
-1.2149991269e+00 -1.4708826191e+00 1.3356360374e+00
-1.2150006207e+00 -1.4708828491e+00 1.3356303387e+00
-6.3359115905e-01 -1.1373183147e+00 4.7980350383e+00
-6.3359588389e-01 -1.1373192846e+00 4.7980353728e+00
-6.3359272823e-01 -1.1373205455e+00 4.7980419550e+00
-6.3359745339e-01 -1.1373215158e+00 4.7980422886e+00
-6.3359934963e-01 -1.1373178638e+00 4.7980359859e+00
-6.3360397167e-01 -1.1373187181e+00 4.7980363407e+00
-6.3360121834e-01 -1.1373199711e+00 4.7980432272e+00
-6.3360583993e-01 -1.1373208249e+00 4.7980435828e+00
7.8806595915e-03 9.2842353132e-01 3.4228654273e+00
7.8760821059e-03 9.2842418635e-01 3.4228650803e+00
7.8801903850e-03 9.2842386387e-01 3.4228620552e+00
7.8758104215e-03 9.2842430589e-01 3.4228620056e+00
7.8815791478e-03 9.2842428983e-01 3.4228616920e+00
7.8769221122e-03 9.2842483489e-01 3.4228613763e+00
7.8812872240e-03 9.2842439291e-01 3.4228586154e+00
7.8766985552e-03 9.2842506097e-01 3.4228583086e+00
-9.7410732430e-01 8.3645146434e-01 -9.2764735575e-01
-9.7410990674e-01 8.3645311503e-01 -9.2763000834e-01
-9.7410780095e-01 8.3645481443e-01 -9.2764177187e-01
-9.7411042977e-01 8.3645651378e-01 -9.2762433391e-01
-9.7410704305e-01 8.3645296634e-01 -9.2764766676e-01
-9.7410967209e-01 8.3645472888e-01 -9.2763034045e-01
-9.7410756585e-01 8.3645634667e-01 -9.2764210569e-01
-9.7411019309e-01 8.3645812532e-01 -9.2762466698e-01
-1.5989596525e+00 -6.7216154527e-01 1.5376278909e+00
-1.5989592450e+00 -6.7216503827e-01 1.5376276249e+00
-1.5989586484e+00 -6.7216578286e-01 1.5376256281e+00
-1.5989581885e+00 -6.7216935772e-01 1.5376253581e+00
-1.5989665652e+00 -6.7216337237e-01 1.5376241944e+00
-1.5989660934e+00 -6.7216690120e-01 1.5376239563e+00
-1.5989656768e+00 -6.7216773985e-01 1.5376218776e+00
-1.5989651769e+00 -6.7217134643e-01 1.5376216231e+00
7.6887112442e-01 -5.1953747243e-01 2.0985510604e+00
7.6887352378e-01 -5.1953597640e-01 2.0985518965e+00
7.6887293103e-01 -5.1953421962e-01 2.0985546889e+00
7.6887524644e-01 -5.1953284096e-01 2.0985555315e+00
7.6886979117e-01 -5.1953655546e-01 2.0985512459e+00
7.6887217171e-01 -5.1953494279e-01 2.0985520016e+00
7.6887156439e-01 -5.1953326076e-01 2.0985548627e+00
7.6887387664e-01 -5.1953175673e-01 2.0985556240e+00
-1.1751585359e+00 2.9080097122e-01 -1.4935830820e+00
-1.1751587863e+00 2.9079897602e-01 -1.4935878859e+00
-1.1751593090e+00 2.9079672381e-01 -1.4935845619e+00
-1.1751595066e+00 2.9079474663e-01 -1.4935894002e+00
-1.1751586078e+00 2.9080090732e-01 -1.4935874336e+00
-1.1751589112e+00 2.9079890650e-01 -1.4935923092e+00
-1.1751593674e+00 2.9079673921e-01 -1.4935888838e+00
-1.1751596187e+00 2.9079475652e-01 -1.4935937942e+00
1.1802183930e+00 -4.2831618294e-01 4.6291686675e-01
1.1802212171e+00 -4.2831450221e-01 4.6291502238e-01
1.1802196056e+00 -4.2831742085e-01 4.6291959955e-01
1.1802224453e+00 -4.2831573684e-01 4.6291775478e-01
1.1802144222e+00 -4.2831514946e-01 4.6291949361e-01
1.1802172593e+00 -4.2831360927e-01 4.6291769976e-01
1.1802154557e+00 -4.2831651387e-01 4.6292232826e-01
1.1802183071e+00 -4.2831487589e-01 4.6292047399e-01
8.4145328037e-01 5.4923584589e-01 2.3029309663e+00
8.4145689694e-01 5.4923707751e-01 2.3029263390e+00
8.4145363720e-01 5.4923567656e-01 2.3029299232e+00
8.4145735459e-01 5.4923702967e-01 2.3029251010e+00
8.4144968538e-01 5.4923537866e-01 2.3029334299e+00
8.4145330235e-01 5.4923661128e-01 2.3029288013e+00
8.4145007966e-01 5.4923515326e-01 2.3029323637e+00
8.4145379762e-01 5.4923650729e-01 2.3029275402e+00
2.0494784626e-01 -4.8163731058e-01 1.4237130977e-01
2.0494571392e-01 -4.8163869542e-01 1.4236949222e-01
2.0494830429e-01 -4.8163669834e-01 1.4237398414e-01
2.0494618361e-01 -4.8163819600e-01 1.4237224880e-01
2.0494649069e-01 -4.8163804344e-01 1.4237019717e-01
2.0494441494e-01 -4.8163955070e-01 1.4236844168e-01
2.0494673313e-01 -4.8163746014e-01 1.4237263686e-01
2.0494464847e-01 -4.8163885359e-01 1.4237079642e-01
1.5268157795e-01 2.0104616508e-01 9.8996872425e-01
1.5268181342e-01 2.0104463258e-01 9.8996747108e-01
1.5268020766e-01 2.0104697642e-01 9.8996361786e-01
1.5268041316e-01 2.0104523191e-01 9.8996201316e-01
1.5267887532e-01 2.0104648956e-01 9.8996510649e-01
1.5267913242e-01 2.0104471783e-01 9.8996362906e-01
1.5267753651e-01 2.0104736877e-01 9.8996001653e-01
1.5267779357e-01 2.0104559704e-01 9.8995853909e-01
8.3235514877e-01 -4.8315823722e-01 6.0335102207e-01
8.3235334236e-01 -4.8315927383e-01 6.0335344175e-01
8.3235864931e-01 -4.8315736592e-01 6.0334964895e-01
8.3235677207e-01 -4.8315836878e-01 6.0335202334e-01
8.3235420622e-01 -4.8315540658e-01 6.0335079799e-01
8.3235231684e-01 -4.8315642513e-01 6.0335323465e-01
8.3235766834e-01 -4.8315452545e-01 6.0334940536e-01
8.3235580174e-01 -4.8315552175e-01 6.0335184644e-01
-7.9387322450e-01 -1.4420103944e+00 -1.0608282641e+00
-7.9387950849e-01 -1.4420067207e+00 -1.0608148979e+00
-7.9387293565e-01 -1.4420027858e+00 -1.0608297352e+00
-7.9387891989e-01 -1.4419994222e+00 -1.0608165656e+00
-7.9388048924e-01 -1.4420144560e+00 -1.0608269960e+00
-7.9388637121e-01 -1.4420109424e+00 -1.0608139439e+00
-7.9387998949e-01 -1.4420069979e+00 -1.0608291090e+00
-7.9388619276e-01 -1.4420032269e+00 -1.0608160980e+00
-7.7687419537e-01 2.7005522248e+00 2.0264695552e+00
-7.7687189627e-01 2.7005533776e+00 2.0264700827e+00
-7.7687333764e-01 2.7005553059e+00 2.0264668709e+00
-7.7687099774e-01 2.7005564712e+00 2.0264673767e+00
-7.7687485102e-01 2.7005539906e+00 2.0264667716e+00
-7.7687255342e-01 2.7005551431e+00 2.0264672995e+00
-7.7687398284e-01 2.7005573435e+00 2.0264639010e+00
-7.7687168075e-01 2.7005585053e+00 2.0264644282e+00
1.0249409974e+00 -5.4031266270e-01 6.2238694932e-01
1.0249421062e+00 -5.4031070066e-01 6.2240162856e-01
1.0249420207e+00 -5.4030327597e-01 6.2238953027e-01
1.0249433259e+00 -5.4030139505e-01 6.2240386350e-01
1.0249409785e+00 -5.4031387414e-01 6.2238450198e-01
1.0249424873e+00 -5.4031218576e-01 6.2239920665e-01
1.0249420057e+00 -5.4030459876e-01 6.2238714894e-01
1.0249437041e+00 -5.4030276953e-01 6.2240137559e-01
-9.5732187899e-01 6.0342500651e-01 1.7493294754e+00
-9.5731947617e-01 6.0342541280e-01 1.7493243036e+00
-9.5732637157e-01 6.0342679308e-01 1.7493324178e+00
-9.5732383449e-01 6.0342733325e-01 1.7493269729e+00
-9.5732712867e-01 6.0342445263e-01 1.7493318211e+00
-9.5732469887e-01 6.0342497248e-01 1.7493267240e+00
-9.5733149370e-01 6.0342613788e-01 1.7493348097e+00
-9.5732892948e-01 6.0342679171e-01 1.7493294394e+00
6.9148296069e-01 1.4532623701e+00 -1.6180570234e+00
6.9148817433e-01 1.4532616433e+00 -1.6180545939e+00
6.9148296935e-01 1.4532705410e+00 -1.6180588014e+00
6.9148814688e-01 1.4532695719e+00 -1.6180561204e+00
6.9147588962e-01 1.4532619552e+00 -1.6180560194e+00
6.9148091030e-01 1.4532608992e+00 -1.6180535996e+00
6.9147607016e-01 1.4532693864e+00 -1.6180576652e+00
6.9148122954e-01 1.4532685197e+00 -1.6180551218e+00
-5.3121711910e-01 -2.1204878392e-01 -2.5100880642e-01
-5.3121520503e-01 -2.1205116666e-01 -2.5101372276e-01
-5.3121756747e-01 -2.1204381948e-01 -2.5100463595e-01
-5.3121565284e-01 -2.1204631916e-01 -2.5100947848e-01
-5.3121781633e-01 -2.1204862628e-01 -2.5101146486e-01
-5.3121592345e-01 -2.1205076142e-01 -2.5101606586e-01
-5.3121828506e-01 -2.1204340755e-01 -2.5100697708e-01
-5.3121636864e-01 -2.1204591199e-01 -2.5101181646e-01
8.1912938123e-02 -2.7660739435e-01 -5.0820928971e-01
8.1911891922e-02 -2.7661039945e-01 -5.0821711217e-01
8.1912443404e-02 -2.7660754649e-01 -5.0821030978e-01
8.1911401888e-02 -2.7661044712e-01 -5.0821820135e-01
8.1913653439e-02 -2.7660851858e-01 -5.0820675360e-01
8.1912592026e-02 -2.7661137714e-01 -5.0821463080e-01
8.1913188977e-02 -2.7660853527e-01 -5.0820786486e-01
8.1912122875e-02 -2.7661149830e-01 -5.0821567295e-01
7.7648253155e-01 -8.8743652875e-01 -7.0304355763e-01
7.7648258756e-01 -8.8743694597e-01 -7.0303125495e-01
7.7648297496e-01 -8.8743208752e-01 -7.0303804038e-01
7.7648303328e-01 -8.8743252446e-01 -7.0302575451e-01
7.7648278835e-01 -8.8743624755e-01 -7.0304371468e-01
7.7648279877e-01 -8.8743696939e-01 -7.0303113982e-01
7.7648323143e-01 -8.8743180930e-01 -7.0303820128e-01
7.7648324450e-01 -8.8743255075e-01 -7.0302564369e-01
-3.3243331817e-01 2.4414220240e+00 -1.3995979937e+00
-3.3243152533e-01 2.4414234431e+00 -1.3996019079e+00
-3.3243395506e-01 2.4414254442e+00 -1.3995944630e+00
-3.3243219369e-01 2.4414268199e+00 -1.3995983281e+00
-3.3243291243e-01 2.4414223920e+00 -1.3995990184e+00
-3.3243097175e-01 2.4414238780e+00 -1.3996031878e+00
-3.3243354930e-01 2.4414258121e+00 -1.3995954857e+00
-3.3243164357e-01 2.4414272585e+00 -1.3995996042e+00
9.9762186958e-01 1.8192760546e-02 -8.4617794197e-01
9.9762230065e-01 1.8194299294e-02 -8.4618080247e-01
9.9762274786e-01 1.8193605124e-02 -8.4617491992e-01
9.9762315461e-01 1.8195150960e-02 -8.4617780073e-01
9.9761864975e-01 1.8191925262e-02 -8.4617131514e-01
9.9761932041e-01 1.8193657587e-02 -8.4617395698e-01
9.9761950247e-01 1.8192775711e-02 -8.4616831524e-01
9.9762020622e-01 1.8194498064e-02 -8.4617094053e-01
6.6558142865e-01 9.3795095040e-01 -4.3799803996e-01
6.6558199892e-01 9.3795127640e-01 -4.3799832450e-01
6.6558271099e-01 9.3795193339e-01 -4.3799283582e-01
6.6558327989e-01 9.3795225869e-01 -4.3799311486e-01
6.6557614759e-01 9.3795016782e-01 -4.3799738996e-01
6.6557687925e-01 9.3795035647e-01 -4.3799794551e-01
6.6557709028e-01 9.3795169883e-01 -4.3799241418e-01
6.6557781752e-01 9.3795188368e-01 -4.3799296442e-01
-1.6353794236e+00 -2.1118198662e-01 -2.3910812301e+00
-1.6353807289e+00 -2.1117797983e-01 -2.3910865525e+00
-1.6353798684e+00 -2.1118084229e-01 -2.3910818347e+00
-1.6353812026e+00 -2.1117686615e-01 -2.3910871309e+00
-1.6353825141e+00 -2.1118074121e-01 -2.3910807845e+00
-1.6353839500e+00 -2.1117679798e-01 -2.3910862010e+00
-1.6353829223e+00 -2.1117959327e-01 -2.3910814298e+00
-1.6353843873e+00 -2.1117568069e-01 -2.3910868200e+00
-4.7642548950e-01 -9.2280974101e-01 -5.1048519402e+00
-4.7642575392e-01 -9.2281090838e-01 -5.1048521688e+00
-4.7642556872e-01 -9.2280915787e-01 -5.1048505340e+00
-4.7642592310e-01 -9.2281026073e-01 -5.1048506826e+00
-4.7643331090e-01 -9.2281030224e-01 -5.1048545433e+00
-4.7643336831e-01 -9.2281128636e-01 -5.1048544266e+00
-4.7643341285e-01 -9.2280955751e-01 -5.1048532133e+00
-4.7643347031e-01 -9.2281054164e-01 -5.1048530966e+00
9.4318271917e-01 2.4352510309e-04 -4.1666587423e-01
9.4318322803e-01 2.4606588441e-04 -4.1667036933e-01
9.4318448766e-01 2.4274448226e-04 -4.1666655344e-01
9.4318498788e-01 2.4531321586e-04 -4.1667103753e-01
9.4318105629e-01 2.4441468851e-04 -4.1666701803e-01
9.4318155728e-01 2.4697954624e-04 -4.1667150073e-01
9.4318287439e-01 2.4362133280e-04 -4.1666773457e-01
9.4318338244e-01 2.4616579793e-04 -4.1667223113e-01
-9.7894379480e-01 -2.4461202039e-01 -4.4406220312e-01
-9.7894436150e-01 -2.4461231110e-01 -4.4406899811e-01
-9.7894532289e-01 -2.4460832241e-01 -4.4406139616e-01
-9.7894590592e-01 -2.4460863153e-01 -4.4406818194e-01
-9.7894477697e-01 -2.4461241805e-01 -4.4405854962e-01
-9.7894559302e-01 -2.4461278755e-01 -4.4406501585e-01
-9.7894626094e-01 -2.4460877394e-01 -4.4405778467e-01
-9.7894686390e-01 -2.4460901516e-01 -4.4406456353e-01
-1.3260144721e+00 -7.5643865004e-01 -9.5906631034e-01
-1.3260151115e+00 -7.5643845466e-01 -9.5906685240e-01
-1.3260126386e+00 -7.5643710955e-01 -9.5906264097e-01
-1.3260132709e+00 -7.5643691292e-01 -9.5906318293e-01
-1.3260140391e+00 -7.5643820527e-01 -9.5906501720e-01
-1.3260146492e+00 -7.5643798253e-01 -9.5906557118e-01
-1.3260121946e+00 -7.5643666188e-01 -9.5906134343e-01
-1.3260128086e+00 -7.5643644169e-01 -9.5906190067e-01
8.2783399794e-01 -3.6419171069e-01 -3.0160900602e+00
8.2783483076e-01 -3.6419214252e-01 -3.0160902476e+00
8.2783174327e-01 -3.6419042556e-01 -3.0160946391e+00
8.2783257797e-01 -3.6419085633e-01 -3.0160948277e+00
8.2783420881e-01 -3.6419377845e-01 -3.0160869974e+00
8.2783507545e-01 -3.6419425132e-01 -3.0160871580e+00
8.2783194619e-01 -3.6419245714e-01 -3.0160916378e+00
8.2783285035e-01 -3.6419291649e-01 -3.0160918076e+00
1.7935443143e-02 2.4814426093e-01 -2.4089370901e+00
1.7934927762e-02 2.4814160600e-01 -2.4089386478e+00
1.7933019834e-02 2.4814772124e-01 -2.4089341905e+00
1.7932504998e-02 2.4814506807e-01 -2.4089357497e+00
1.7931661711e-02 2.4814379258e-01 -2.4089339379e+00
1.7931147512e-02 2.4814127457e-01 -2.4089353094e+00
1.7929203533e-02 2.4814733053e-01 -2.4089309984e+00
1.7928695368e-02 2.4814481967e-01 -2.4089323682e+00
-7.8361364459e-02 -1.4889823394e+00 -5.9545932705e-01
-7.8360294628e-02 -1.4889833302e+00 -5.9546070463e-01
-7.8360389756e-02 -1.4889759721e+00 -5.9546017224e-01
-7.8359361024e-02 -1.4889769768e+00 -5.9546155951e-01
-7.8363183137e-02 -1.4889823881e+00 -5.9545749025e-01
-7.8362138362e-02 -1.4889833354e+00 -5.9545889771e-01
-7.8362058526e-02 -1.4889761077e+00 -5.9545836478e-01
-7.8361064079e-02 -1.4889770698e+00 -5.9545977760e-01
3.0987293556e-01 -4.8413210190e-01 4.1186007170e-01
3.0987379123e-01 -4.8413290067e-01 4.1185377374e-01
3.0987167690e-01 -4.8413078453e-01 4.1186085833e-01
3.0987252038e-01 -4.8413161216e-01 4.1185453993e-01
3.0986996452e-01 -4.8413125134e-01 4.1185995584e-01
3.0987086086e-01 -4.8413210639e-01 4.1185356382e-01
3.0986868969e-01 -4.8412993723e-01 4.1186074021e-01
3.0986959772e-01 -4.8413076036e-01 4.1185436736e-01
4.4914476640e-01 1.2878312617e+00 -1.2495177213e+00
4.4914412186e-01 1.2878337896e+00 -1.2495217498e+00
4.4914622565e-01 1.2878359585e+00 -1.2495176929e+00
4.4914558329e-01 1.2878383823e+00 -1.2495216478e+00
4.4914210489e-01 1.2878304884e+00 -1.2495193555e+00
4.4914150400e-01 1.2878330255e+00 -1.2495232894e+00
4.4914356394e-01 1.2878351852e+00 -1.2495193272e+00
4.4914296518e-01 1.2878376182e+00 -1.2495231875e+00
4.1056375124e-01 4.0794311101e-01 -1.2743831711e+00
4.1056138695e-01 4.0794933056e-01 -1.2743948070e+00
4.1056584356e-01 4.0795066440e-01 -1.2743926085e+00
4.1056348315e-01 4.0795685703e-01 -1.2744042837e+00
4.1058311088e-01 4.0793129844e-01 -1.2743928350e+00
4.1058077365e-01 4.0793755540e-01 -1.2744044883e+00
4.1058525827e-01 4.0793892820e-01 -1.2744022842e+00
4.1058292493e-01 4.0794515825e-01 -1.2744139768e+00
-6.5985611253e+00 -1.9115196718e+00 -3.9894756872e+00
-6.5985675637e+00 -1.9115257959e+00 -3.9894705156e+00
-6.5985544237e+00 -1.9115171148e+00 -3.9894711757e+00
-6.5985608812e+00 -1.9115232740e+00 -3.9894660357e+00
-6.5985528251e+00 -1.9115155229e+00 -3.9894810229e+00
-6.5985592631e+00 -1.9115216469e+00 -3.9894758509e+00
-6.5985461297e+00 -1.9115129754e+00 -3.9894765257e+00
-6.5985524856e+00 -1.9115191887e+00 -3.9894714829e+00
8.2572105862e-01 4.3165591768e+00 2.1944704248e+00
8.2571983191e-01 4.3165548840e+00 2.1944916215e+00
8.2572669819e-01 4.3165580246e+00 2.1944599536e+00
8.2572547999e-01 4.3165537337e+00 2.1944811641e+00
8.2572308944e-01 4.3165629035e+00 2.1944649768e+00
8.2572199190e-01 4.3165586012e+00 2.1944861343e+00
8.2572901357e-01 4.3165618741e+00 2.1944546797e+00
8.2572789935e-01 4.3165575713e+00 2.1944758245e+00
-1.4825220502e+00 2.6848942776e-01 -1.8541401268e+00
-1.4825213176e+00 2.6848560172e-01 -1.8541472794e+00
-1.4825154847e+00 2.6849680106e-01 -1.8541401736e+00
-1.4825147656e+00 2.6849308905e-01 -1.8541470575e+00
-1.4825302717e+00 2.6848691200e-01 -1.8541348130e+00
-1.4825294978e+00 2.6848310945e-01 -1.8541418745e+00
-1.4825239144e+00 2.6849431354e-01 -1.8541348238e+00
-1.4825231478e+00 2.6849063167e-01 -1.8541416066e+00
-4.6089033762e+00 -2.1936525102e+00 5.6192052059e+00
-4.6088980458e+00 -2.1936574890e+00 5.6192256006e+00
-4.6089040333e+00 -2.1936785966e+00 5.6192001511e+00
-4.6088985838e+00 -2.1936833183e+00 5.6192204993e+00
-4.6089351185e+00 -2.1936541674e+00 5.6192009973e+00
-4.6089296762e+00 -2.1936589111e+00 5.6192210811e+00
-4.6089351972e+00 -2.1936801574e+00 5.6191961103e+00
-4.6089298248e+00 -2.1936851703e+00 5.6192161844e+00
-1.1098122352e+00 -2.9777139208e+00 4.0898556548e+00
-1.1098057256e+00 -2.9777117639e+00 4.0898355647e+00
-1.1098119646e+00 -2.9777094554e+00 4.0898546613e+00
-1.1098051939e+00 -2.9777076324e+00 4.0898346650e+00
-1.1098183712e+00 -2.9777054981e+00 4.0898587404e+00
-1.1098117764e+00 -2.9777033184e+00 4.0898387235e+00
-1.1098182446e+00 -2.9777011185e+00 4.0898579310e+00
-1.1098113882e+00 -2.9776992725e+00 4.0898380082e+00
-2.2035274552e+00 -9.3484600086e-01 3.6239413587e+00
-2.2035145045e+00 -9.3483618025e-01 3.6239795434e+00
-2.2035373092e+00 -9.3485278207e-01 3.6239348770e+00
-2.2035239742e+00 -9.3484242893e-01 3.6239726233e+00
-2.2035061083e+00 -9.3484634575e-01 3.6239429493e+00
-2.2034927614e+00 -9.3483484228e-01 3.6239817720e+00
-2.2035152347e+00 -9.3485357127e-01 3.6239360604e+00
-2.2035022808e+00 -9.3484093235e-01 3.6239748849e+00
2.2664974719e+00 -2.7281849622e+00 8.2467010081e-01
2.2664972202e+00 -2.7281705212e+00 8.2467679092e-01
2.2664817201e+00 -2.7281855945e+00 8.2465654750e-01
2.2664816222e+00 -2.7281711261e+00 8.2466332605e-01
2.2665085343e+00 -2.7281824211e+00 8.2467058377e-01
2.2665082680e+00 -2.7281679589e+00 8.2467729707e-01
2.2664937729e+00 -2.7281822273e+00 8.2465795049e-01
2.2664936332e+00 -2.7281677335e+00 8.2466479227e-01
3.0015402675e+00 2.9652505041e+00 -1.7506436724e+00
3.0015407877e+00 2.9652487502e+00 -1.7506355218e+00
3.0015441204e+00 2.9652372715e+00 -1.7506361279e+00
3.0015446397e+00 2.9652355192e+00 -1.7506279766e+00
3.0015275189e+00 2.9652523892e+00 -1.7506437340e+00
3.0015280590e+00 2.9652505805e+00 -1.7506356073e+00
3.0015314175e+00 2.9652391240e+00 -1.7506361599e+00
3.0015319568e+00 2.9652373168e+00 -1.7506280326e+00
4.5763255648e+00 -4.9266926712e+00 -1.8451075819e-01
4.5763209925e+00 -4.9266935609e+00 -1.8451519021e-01
4.5763205547e+00 -4.9266897792e+00 -1.8450530491e-01
4.5763159774e+00 -4.9266906695e+00 -1.8450973781e-01
4.5763412591e+00 -4.9266894072e+00 -1.8451364631e-01
4.5763366929e+00 -4.9266902899e+00 -1.8451806857e-01
4.5763359605e+00 -4.9266864826e+00 -1.8450793314e-01
4.5763313893e+00 -4.9266873659e+00 -1.8451235618e-01
-2.2426825967e+00 7.2221139936e+00 -6.9818359680e-01
-2.2426869546e+00 7.2221112775e+00 -6.9817414690e-01
-2.2426813321e+00 7.2221184981e+00 -6.9818682630e-01
-2.2426856638e+00 7.2221157534e+00 -6.9817737015e-01
-2.2426907874e+00 7.2221178653e+00 -6.9818395251e-01
-2.2426951860e+00 7.2221151929e+00 -6.9817441684e-01
-2.2426895922e+00 7.2221224434e+00 -6.9818715717e-01
-2.2426939670e+00 7.2221197399e+00 -6.9817761304e-01
-4.5125907817e+00 -8.3708531700e+00 1.4966995744e+00
-4.5125952485e+00 -8.3708472467e+00 1.4967214182e+00
-4.5125818237e+00 -8.3708452651e+00 1.4967037718e+00
-4.5125874325e+00 -8.3708397310e+00 1.4967252638e+00
-4.5126059211e+00 -8.3708601405e+00 1.4966979791e+00
-4.5126101741e+00 -8.3708538173e+00 1.4967198749e+00
-4.5125967391e+00 -8.3708522776e+00 1.4967025320e+00
-4.5126023755e+00 -8.3708462051e+00 1.4967238606e+00
-1.5229321562e+00 4.4044955728e+00 2.8754225772e+00
-1.5229297318e+00 4.4044964066e+00 2.8754373771e+00
-1.5229239050e+00 4.4045113926e+00 2.8754220245e+00
-1.5229215869e+00 4.4045125427e+00 2.8754369573e+00
-1.5229137021e+00 4.4044900737e+00 2.8754200629e+00
-1.5229113391e+00 4.4044912402e+00 2.8754345871e+00
-1.5229066679e+00 4.4045063216e+00 2.8754194646e+00
-1.5229041173e+00 4.4045073304e+00 2.8754346436e+00
1.7017208713e+00 2.2105572327e+00 2.0624326077e+00
1.7017194972e+00 2.2105469836e+00 2.0624501689e+00
1.7017323755e+00 2.2105891489e+00 2.0624264169e+00
1.7017333092e+00 2.2105770559e+00 2.0624432542e+00
1.7017341404e+00 2.2105650907e+00 2.0624264454e+00
1.7017325095e+00 2.2105550659e+00 2.0624438890e+00
1.7017454894e+00 2.2105972057e+00 2.0624200972e+00
1.7017468200e+00 2.2105849177e+00 2.0624371045e+00
7.3751527931e-01 1.5151268895e+00 -1.7522155830e+00
7.3751462614e-01 1.5151251626e+00 -1.7522263044e+00
7.3751007214e-01 1.5151188544e+00 -1.7522110872e+00
7.3750941609e-01 1.5151171389e+00 -1.7522218065e+00
7.3748372953e-01 1.5151319064e+00 -1.7522176637e+00
7.3748255041e-01 1.5151311589e+00 -1.7522282728e+00
7.3747942346e-01 1.5151235790e+00 -1.7522131001e+00
7.3747830257e-01 1.5151229781e+00 -1.7522237524e+00
3.4040499777e+00 6.4210212531e-01 6.4202044698e-01
3.4040508572e+00 6.4210767694e-01 6.4201403109e-01
3.4040423221e+00 6.4210458903e-01 6.4202081732e-01
3.4040428929e+00 6.4210997686e-01 6.4201430554e-01
3.4040543518e+00 6.4209716218e-01 6.4202660392e-01
3.4040533737e+00 6.4210304407e-01 6.4202026578e-01
3.4040466680e+00 6.4209963836e-01 6.4202694608e-01
3.4040456717e+00 6.4210557080e-01 6.4202046616e-01
-1.8275626305e+00 3.0997013373e+00 2.4393388549e+00
-1.8275629607e+00 3.0996987448e+00 2.4393342556e+00
-1.8275515554e+00 3.0997124570e+00 2.4393271156e+00
-1.8275518623e+00 3.0997098622e+00 2.4393225140e+00
-1.8276179534e+00 3.0997149155e+00 2.4393419309e+00
-1.8276175732e+00 3.0997105967e+00 2.4393372947e+00
-1.8276070360e+00 3.0997262456e+00 2.4393299790e+00
-1.8276066423e+00 3.0997219301e+00 2.4393253147e+00
6.6944929524e+00 3.8125642098e+00 -1.9168269307e+00
6.6944992737e+00 3.8125612277e+00 -1.9168306449e+00
6.6944899861e+00 3.8125961029e+00 -1.9168179326e+00
6.6944963288e+00 3.8125933753e+00 -1.9168215720e+00
6.6945030435e+00 3.8125544536e+00 -1.9168233299e+00
6.6945093384e+00 3.8125514532e+00 -1.9168269951e+00
6.6945007841e+00 3.8125861653e+00 -1.9168141724e+00
6.6945074967e+00 3.8125831424e+00 -1.9168176284e+00
1.7294252114e+00 6.9560806178e+00 9.4557729693e-01
1.7294226939e+00 6.9560829570e+00 9.4557092432e-01
1.7294215036e+00 6.9560753706e+00 9.4557787119e-01
1.7294189896e+00 6.9560777085e+00 9.4557149860e-01
1.7294328361e+00 6.9560821230e+00 9.4558237246e-01
1.7294303131e+00 6.9560844528e+00 9.4557599198e-01
1.7294291409e+00 6.9560767189e+00 9.4558267750e-01
1.7294266224e+00 6.9560790485e+00 9.4557629584e-01
-2.8293683836e+00 -1.5140007152e+00 -1.7886673002e+00
-2.8293797180e+00 -1.5140046208e+00 -1.7886740371e+00
-2.8293566508e+00 -1.5139629365e+00 -1.7886550097e+00
-2.8293687573e+00 -1.5139661912e+00 -1.7886611610e+00
-2.8293979277e+00 -1.5140058419e+00 -1.7886701717e+00
-2.8294105854e+00 -1.5140092015e+00 -1.7886764717e+00
-2.8293870869e+00 -1.5139684961e+00 -1.7886576577e+00
-2.8293983709e+00 -1.5139721767e+00 -1.7886643700e+00
-2.1545313154e+00 -2.0594159619e+00 1.2769240719e+00
-2.1545286413e+00 -2.0594129654e+00 1.2769025652e+00
-2.1545401644e+00 -2.0594305710e+00 1.2769152131e+00
-2.1545375892e+00 -2.0594274931e+00 1.2768937165e+00
-2.1545227185e+00 -2.0594242890e+00 1.2769247677e+00
-2.1545198513e+00 -2.0594212461e+00 1.2769030115e+00
-2.1545315272e+00 -2.0594388304e+00 1.2769159245e+00
-2.1545287765e+00 -2.0594357267e+00 1.2768941460e+00
2.3990111844e+00 8.5326586350e-01 7.7995323882e-01
2.3990153277e+00 8.5326103534e-01 7.7996623455e-01
2.3990210007e+00 8.5327880541e-01 7.7994888296e-01
2.3990251569e+00 8.5327302441e-01 7.7996251898e-01
2.3990158213e+00 8.5327946829e-01 7.7997034704e-01
2.3990222683e+00 8.5327361883e-01 7.7998220710e-01
2.3990256310e+00 8.5329242467e-01 7.7996621319e-01
2.3990312451e+00 8.5328566653e-01 7.7997868998e-01
-5.3442037972e-01 -3.4107963714e+00 2.2811948605e+00
-5.3442656268e-01 -3.4107962819e+00 2.2811881744e+00
-5.3442018691e-01 -3.4107919992e+00 2.2811838606e+00
-5.3442599832e-01 -3.4107924689e+00 2.2811772844e+00
-5.3447114170e-01 -3.4107885884e+00 2.2812026217e+00
-5.3447800982e-01 -3.4107870942e+00 2.2811965489e+00
-5.3446974396e-01 -3.4107852946e+00 2.2811911046e+00
-5.3447665968e-01 -3.4107839131e+00 2.2811848717e+00
-7.3724005006e+00 5.8996597781e+00 -1.3133640757e+00
-7.3724009351e+00 5.8996618465e+00 -1.3133557570e+00
-7.3724130959e+00 5.8996982026e+00 -1.3133651960e+00
-7.3724136837e+00 5.8997002181e+00 -1.3133568839e+00
-7.3723919652e+00 5.8996607280e+00 -1.3133708837e+00
-7.3723923935e+00 5.8996628127e+00 -1.3133625562e+00
-7.3724051105e+00 5.8996985509e+00 -1.3133724772e+00
-7.3724056921e+00 5.8997005827e+00 -1.3133641563e+00
4.0405569937e+00 -5.1907208231e+00 1.2386377499e+00
4.0405557533e+00 -5.1907277874e+00 1.2386225371e+00
4.0405651137e+00 -5.1907394480e+00 1.2386277999e+00
4.0405638845e+00 -5.1907463665e+00 1.2386126000e+00
4.0405018278e+00 -5.1907125263e+00 1.2386451375e+00
4.0405004994e+00 -5.1907197994e+00 1.2386295695e+00
4.0405101364e+00 -5.1907309732e+00 1.2386351682e+00
4.0405088084e+00 -5.1907382463e+00 1.2386196007e+00
1.8516565997e+00 -2.2936046630e+00 -2.6259866301e+00
1.8516527042e+00 -2.2935939603e+00 -2.6259989436e+00
1.8516528063e+00 -2.2936069325e+00 -2.6259863531e+00
1.8516489316e+00 -2.2935962167e+00 -2.6259987001e+00
1.8516519371e+00 -2.2936085196e+00 -2.6259789195e+00
1.8516480807e+00 -2.2935978178e+00 -2.6259913642e+00
1.8516481361e+00 -2.2936107843e+00 -2.6259786357e+00
1.8516443005e+00 -2.2936000694e+00 -2.6259911139e+00
-7.4080769258e-01 -1.7453214669e+00 -3.4210278237e+00
-7.4081675580e-01 -1.7453299867e+00 -3.4210339640e+00
-7.4080262894e-01 -1.7453316299e+00 -3.4210251615e+00
-7.4081168980e-01 -1.7453401534e+00 -3.4210313046e+00
-7.4082934542e-01 -1.7453202224e+00 -3.4210101357e+00
-7.4083787999e-01 -1.7453281236e+00 -3.4210169300e+00
-7.4082454595e-01 -1.7453304303e+00 -3.4210074916e+00
-7.4083308053e-01 -1.7453383315e+00 -3.4210142860e+00
1.0502229272e+00 -2.9646104576e-01 -5.6974899773e-01
1.0502271720e+00 -2.9645343740e-01 -5.6974804445e-01
1.0502115692e+00 -2.9646714984e-01 -5.6974243903e-01
1.0502159454e+00 -2.9645955071e-01 -5.6974164625e-01
1.0502207505e+00 -2.9645841858e-01 -5.6974905178e-01
1.0502249321e+00 -2.9645091688e-01 -5.6974805901e-01
1.0502097119e+00 -2.9646389599e-01 -5.6974252114e-01
1.0502140251e+00 -2.9645640327e-01 -5.6974168869e-01
-5.5182970365e+00 9.7100001064e-01 -4.8029880671e-01
-5.5182976075e+00 9.7098888400e-01 -4.8030073939e-01
-5.5183010137e+00 9.7101537746e-01 -4.8030371915e-01
-5.5183011521e+00 9.7100437488e-01 -4.8030559151e-01
-5.5182835543e+00 9.7099396900e-01 -4.8029958788e-01
-5.5182840497e+00 9.7098294607e-01 -4.8030140181e-01
-5.5182873251e+00 9.7100861178e-01 -4.8030381467e-01
-5.5182876408e+00 9.7099741095e-01 -4.8030561697e-01
2.8609423429e+00 1.3871699178e+00 -8.3371246532e-01
2.8609407958e+00 1.3871770444e+00 -8.3371174749e-01
2.8609539668e+00 1.3871657119e+00 -8.3370547071e-01
2.8609524197e+00 1.3871728385e+00 -8.3370475288e-01
2.8609419037e+00 1.3871776286e+00 -8.3370923130e-01
2.8609403786e+00 1.3871846541e+00 -8.3370858397e-01
2.8609534537e+00 1.3871732863e+00 -8.3370222272e-01
2.8609519286e+00 1.3871803118e+00 -8.3370157538e-01
2.5539128358e+00 -7.1790778956e+00 6.5396799747e-01
2.5539185418e+00 -7.1790790631e+00 6.5397239839e-01
2.5539047516e+00 -7.1790991567e+00 6.5396702528e-01
2.5539114749e+00 -7.1791010706e+00 6.5397120137e-01
2.5539355659e+00 -7.1790944517e+00 6.5396942731e-01
2.5539412595e+00 -7.1790934750e+00 6.5397379385e-01
2.5539275103e+00 -7.1791157854e+00 6.5396830887e-01
2.5539342395e+00 -7.1791155029e+00 6.5397251733e-01
-5.0943043281e+00 1.8040828581e+00 1.7730966519e+00
-5.0943056782e+00 1.8040941677e+00 1.7730960663e+00
-5.0943085727e+00 1.8041071456e+00 1.7730955060e+00
-5.0943101217e+00 1.8041186279e+00 1.7730952108e+00
-5.0943094662e+00 1.8040610064e+00 1.7730865613e+00
-5.0943104190e+00 1.8040715587e+00 1.7730856908e+00
-5.0943133161e+00 1.8040849859e+00 1.7730855047e+00
-5.0943148330e+00 1.8040964698e+00 1.7730852109e+00
1.1977276365e+01 2.5390984634e+00 -1.4943345277e-01
1.1977286623e+01 2.5391101015e+00 -1.4940306649e-01
1.1977277127e+01 2.5390771497e+00 -1.4942788880e-01
1.1977287565e+01 2.5390888314e+00 -1.4939767755e-01
1.1977284815e+01 2.5391061339e+00 -1.4943116191e-01
1.1977295192e+01 2.5391169463e+00 -1.4940063690e-01
1.1977285598e+01 2.5390848500e+00 -1.4942564607e-01
1.1977296118e+01 2.5390956657e+00 -1.4939526931e-01
2.2507603465e+00 -1.7311729260e+00 -3.0957353492e+00
2.2507470308e+00 -1.7311655087e+00 -3.0957090819e+00
2.2507516562e+00 -1.7311552439e+00 -3.0957320924e+00
2.2507370940e+00 -1.7311495100e+00 -3.0957036099e+00
2.2507227664e+00 -1.7311568030e+00 -3.0957224048e+00
2.2507106123e+00 -1.7311509918e+00 -3.0956967857e+00
2.2507138346e+00 -1.7311411183e+00 -3.0957180736e+00
2.2507012197e+00 -1.7311348083e+00 -3.0956922661e+00
1.8413043553e+00 -2.1555625384e+00 -2.4494313753e+00
1.8413004142e+00 -2.1555586540e+00 -2.4494165910e+00
1.8413109803e+00 -2.1555334802e+00 -2.4494194209e+00
1.8413073490e+00 -2.1555289291e+00 -2.4494045146e+00
1.8413111579e+00 -2.1555554232e+00 -2.4494369958e+00
1.8413072533e+00 -2.1555514617e+00 -2.4494223232e+00
1.8413177253e+00 -2.1555263222e+00 -2.4494253461e+00
1.8413138344e+00 -2.1555223538e+00 -2.4494104379e+00
5.2002797124e+00 5.7437746543e+00 3.3284395695e+00
5.2002722958e+00 5.7437704642e+00 3.3284504690e+00
5.2002670848e+00 5.7437713475e+00 3.3284356814e+00
5.2002597260e+00 5.7437671945e+00 3.3284466296e+00
5.2002792012e+00 5.7437676043e+00 3.3284423111e+00
5.2002715046e+00 5.7437640660e+00 3.3284532319e+00
5.2002657071e+00 5.7437643128e+00 3.3284383237e+00
5.2002580684e+00 5.7437608115e+00 3.3284492931e+00
-2.6569795697e+00 -3.6357567169e-01 -3.1163901496e+00
-2.6569706222e+00 -3.6357014525e-01 -3.1163837718e+00
-2.6569761454e+00 -3.6352341878e-01 -3.1163777600e+00
-2.6569671163e+00 -3.6351805757e-01 -3.1163714252e+00
-2.6569860680e+00 -3.6356333344e-01 -3.1163939917e+00
-2.6569772584e+00 -3.6355791088e-01 -3.1163875947e+00
-2.6569828357e+00 -3.6351092493e-01 -3.1163815767e+00
-2.6569737580e+00 -3.6350563355e-01 -3.1163751355e+00
-9.9454475071e-02 -3.0394108664e+00 -2.9928220041e+00
-9.9450747504e-02 -3.0394156106e+00 -2.9928156877e+00
-9.9450924566e-02 -3.0394203477e+00 -2.9928370954e+00
-9.9447195002e-02 -3.0394250926e+00 -2.9928307773e+00
-9.9484983324e-02 -3.0394162202e+00 -2.9928280935e+00
-9.9481171194e-02 -3.0394209935e+00 -2.9928217939e+00
-9.9482399241e-02 -3.0394253256e+00 -2.9928418170e+00
-9.9478588952e-02 -3.0394300995e+00 -2.9928355158e+00
-8.0050986904e+00 2.0942898811e+00 -3.5671629900e+00
-8.0051032457e+00 2.0942857806e+00 -3.5671412762e+00
-8.0051081314e+00 2.0942935590e+00 -3.5671568672e+00
-8.0051126680e+00 2.0942894788e+00 -3.5671351675e+00
-8.0051093202e+00 2.0942902279e+00 -3.5671627969e+00
-8.0051138749e+00 2.0942861268e+00 -3.5671410844e+00
-8.0051187842e+00 2.0942939420e+00 -3.5671567018e+00
-8.0051233203e+00 2.0942898622e+00 -3.5671350034e+00
-3.9816254070e+00 -3.8210597125e+00 -2.4792911977e+00
-3.9816227413e+00 -3.8210582420e+00 -2.4792743625e+00
-3.9816056074e+00 -3.8210485193e+00 -2.4792922149e+00
-3.9816026874e+00 -3.8210474583e+00 -2.4792756366e+00
-3.9816478313e+00 -3.8210622175e+00 -2.4792929089e+00
-3.9816452628e+00 -3.8210608526e+00 -2.4792756715e+00
-3.9816286180e+00 -3.8210506410e+00 -2.4792928237e+00
-3.9816255274e+00 -3.8210493388e+00 -2.4792759732e+00
-9.5838298141e-01 -2.7961486509e+00 -1.0936504585e+00
-9.5838362467e-01 -2.7961474932e+00 -1.0936333573e+00
-9.5836875410e-01 -2.7961150587e+00 -1.0936504263e+00
-9.5836943957e-01 -2.7961139711e+00 -1.0936333851e+00
-9.5838617200e-01 -2.7961323754e+00 -1.0936424823e+00
-9.5838769203e-01 -2.7961312847e+00 -1.0936252223e+00
-9.5837056117e-01 -2.7960977961e+00 -1.0936416571e+00
-9.5837212662e-01 -2.7960967647e+00 -1.0936244621e+00
6.4534092738e-01 2.9307094803e+00 2.3195627822e-01
6.4533329460e-01 2.9307053935e+00 2.3198547709e-01
6.4534259364e-01 2.9307183842e+00 2.3194973823e-01
6.4533515546e-01 2.9307148013e+00 2.3197888905e-01
6.4528971149e-01 2.9307049843e+00 2.3196301288e-01
6.4528172413e-01 2.9307022351e+00 2.3199190602e-01
6.4529089444e-01 2.9307143884e+00 2.3195631466e-01
6.4528338121e-01 2.9307114039e+00 2.3198553561e-01
2.2378194558e+00 -1.4713249426e+00 3.3336649478e+00
2.2378186690e+00 -1.4713259452e+00 3.3336768915e+00
2.2378313964e+00 -1.4713398484e+00 3.3336683032e+00
2.2378307229e+00 -1.4713408938e+00 3.3336802628e+00
2.2378339148e+00 -1.4713202512e+00 3.3336560764e+00
2.2378332590e+00 -1.4713212909e+00 3.3336683185e+00
2.2378459167e+00 -1.4713352049e+00 3.3336594476e+00
2.2378452696e+00 -1.4713362753e+00 3.3336716767e+00
-7.4132936865e+00 1.0086263845e+00 9.5975366785e-01
-7.4132930399e+00 1.0086282551e+00 9.5975624988e-01
-7.4132979099e+00 1.0086647760e+00 9.5975833630e-01
-7.4132974072e+00 1.0086666729e+00 9.5976068668e-01
-7.4132886119e+00 1.0086130077e+00 9.5974076362e-01
-7.4132872692e+00 1.0086148795e+00 9.5974333776e-01
-7.4132919702e+00 1.0086513798e+00 9.5974523792e-01
-7.4132914674e+00 1.0086532767e+00 9.5974758824e-01
-1.5911417371e+00 8.8652316663e-01 -4.3091045114e+00
-1.5911326496e+00 8.8651860867e-01 -4.3090797451e+00
-1.5911600627e+00 8.8650267483e-01 -4.3091004444e+00
-1.5911510058e+00 8.8649813418e-01 -4.3090756883e+00
-1.5911875421e+00 8.8652118751e-01 -4.3091044439e+00
-1.5911784786e+00 8.8651791910e-01 -4.3090805581e+00
-1.5912058936e+00 8.8650050158e-01 -4.3091002136e+00
-1.5911968397e+00 8.8649737380e-01 -4.3090764579e+00
3.9487380162e+00 -7.0798792806e-01 -2.3682071342e-01
3.9487483159e+00 -7.0798399848e-01 -2.3681987710e-01
3.9487408769e+00 -7.0795639710e-01 -2.3681930429e-01
3.9487512088e+00 -7.0795216220e-01 -2.3681839434e-01
3.9487296658e+00 -7.0799329246e-01 -2.3682301841e-01
3.9487399241e+00 -7.0798937005e-01 -2.3682215762e-01
3.9487331562e+00 -7.0796061674e-01 -2.3682180063e-01
3.9487434246e+00 -7.0795642885e-01 -2.3682086755e-01
-2.2285749070e-01 2.9655524658e+00 -3.1141664028e+00
-2.2286271567e-01 2.9655567590e+00 -3.1141341673e+00
-2.2287231478e-01 2.9655812417e+00 -3.1141566023e+00
-2.2287729173e-01 2.9655842583e+00 -3.1141249500e+00
-2.2287544533e-01 2.9655552157e+00 -3.1141591386e+00
-2.2288130632e-01 2.9655604692e+00 -3.1141274726e+00
-2.2289109133e-01 2.9655834661e+00 -3.1141504991e+00
-2.2289581280e-01 2.9655877891e+00 -3.1141183340e+00
1.3515122086e+00 -3.7475451527e+00 -1.9465074459e+00
1.3514988928e+00 -3.7475427453e+00 -1.9464882209e+00
1.3515137113e+00 -3.7475478232e+00 -1.9465192270e+00
1.3515001243e+00 -3.7475448219e+00 -1.9465000337e+00
1.3514943597e+00 -3.7475443393e+00 -1.9465092674e+00
1.3514807813e+00 -3.7475414792e+00 -1.9464900801e+00
1.3514955928e+00 -3.7475464213e+00 -1.9465211088e+00
1.3514822818e+00 -3.7475442222e+00 -1.9465018869e+00
-3.9907586983e+00 1.2794157278e-01 1.5864918865e+01
-3.9907610457e+00 1.2794215509e-01 1.5864912137e+01
-3.9907631930e+00 1.2794113960e-01 1.5864921496e+01
-3.9907649952e+00 1.2794154069e-01 1.5864915188e+01
-3.9907449533e+00 1.2794362239e-01 1.5864918862e+01
-3.9907473350e+00 1.2794420991e-01 1.5864912110e+01
-3.9907492811e+00 1.2794361187e-01 1.5864921454e+01
-3.9907510845e+00 1.2794401304e-01 1.5864915146e+01
1.5539695923e+00 2.6929237995e+00 1.8049763807e+01
1.5539723810e+00 2.6929237923e+00 1.8049762242e+01
1.5539712303e+00 2.6929305060e+00 1.8049763060e+01
1.5539736479e+00 2.6929302877e+00 1.8049761661e+01
1.5539777173e+00 2.6929222909e+00 1.8049766691e+01
1.5539805062e+00 2.6929222834e+00 1.8049765126e+01
1.5539794095e+00 2.6929289856e+00 1.8049765974e+01
1.5539818272e+00 2.6929287669e+00 1.8049764575e+01
-1.7568933240e+00 1.2831008811e+00 1.9977404395e+01
-1.7568823543e+00 1.2831119974e+00 1.9977409997e+01
-1.7569040727e+00 1.2830861838e+00 1.9977408827e+01
-1.7568941190e+00 1.2830976917e+00 1.9977414559e+01
-1.7568797534e+00 1.2831026347e+00 1.9977407276e+01
-1.7568681604e+00 1.2831124075e+00 1.9977412847e+01
-1.7568905151e+00 1.2830879792e+00 1.9977411692e+01
-1.7568805418e+00 1.2830984770e+00 1.9977417873e+01
-3.7506558532e-01 -4.3366968278e+00 1.2962028466e+01
-3.7507080926e-01 -4.3366987471e+00 1.2962024632e+01
-3.7506137980e-01 -4.3366971044e+00 1.2962026778e+01
-3.7506660380e-01 -4.3366990238e+00 1.2962022943e+01
-3.7506380117e-01 -4.3366945687e+00 1.2962027683e+01
-3.7506900251e-01 -4.3366965472e+00 1.2962023819e+01
-3.7505967050e-01 -4.3366949966e+00 1.2962026044e+01
-3.7506487203e-01 -4.3366969751e+00 1.2962022180e+01
3.0525247036e+00 -3.1166841228e+00 1.5339938762e+01
3.0525230929e+00 -3.1166798611e+00 1.5339930109e+01
3.0525291875e+00 -3.1167047897e+00 1.5339937227e+01
3.0525275796e+00 -3.1167006441e+00 1.5339928667e+01
3.0525003910e+00 -3.1166864196e+00 1.5339940426e+01
3.0524979924e+00 -3.1166816346e+00 1.5339932452e+01
3.0525058766e+00 -3.1167054961e+00 1.5339938971e+01
3.0525034794e+00 -3.1167008241e+00 1.5339931089e+01
2.1531680775e-01 3.7627677455e+00 1.5902402447e+01
2.1532036431e-01 3.7627609300e+00 1.5902394438e+01
2.1530957425e-01 3.7627637983e+00 1.5902392542e+01
2.1531313078e-01 3.7627569820e+00 1.5902384533e+01
2.1531876095e-01 3.7627614857e+00 1.5902394427e+01
2.1532230162e-01 3.7627547163e+00 1.5902386446e+01
2.1531152591e-01 3.7627575427e+00 1.5902384523e+01
2.1531506562e-01 3.7627507742e+00 1.5902376540e+01
4.2168443709e+00 -1.9185047688e+00 2.1934625733e+01
4.2168401268e+00 -1.9185115769e+00 2.1934624318e+01
4.2168525645e+00 -1.9185223268e+00 2.1934630864e+01
4.2168482819e+00 -1.9185290914e+00 2.1934629417e+01
4.2168549060e+00 -1.9185130337e+00 2.1934629976e+01
4.2168506599e+00 -1.9185198370e+00 2.1934628583e+01
4.2168631107e+00 -1.9185305972e+00 2.1934635118e+01
4.2168588226e+00 -1.9185373652e+00 2.1934633689e+01
-9.9916930526e-01 7.8413995591e-01 1.4746910398e+01
-9.9917167012e-01 7.8413481131e-01 1.4746908008e+01
-9.9916368579e-01 7.8416269530e-01 1.4746900953e+01
-9.9916631456e-01 7.8415754316e-01 1.4746898221e+01
-9.9917326405e-01 7.8412922309e-01 1.4746900235e+01
-9.9917577058e-01 7.8412414758e-01 1.4746897751e+01
-9.9916833121e-01 7.8415298026e-01 1.4746891368e+01
-9.9917084691e-01 7.8414773629e-01 1.4746888683e+01
-3.7931747978e+00 2.7199883565e+00 1.3853005225e+01
-3.7931813414e+00 2.7199925674e+00 1.3853000388e+01
-3.7931701822e+00 2.7200097538e+00 1.3853015002e+01
-3.7931771210e+00 2.7200141065e+00 1.3853010676e+01
-3.7931591693e+00 2.7199886442e+00 1.3852998860e+01
-3.7931655718e+00 2.7199929601e+00 1.3852994149e+01
-3.7931542837e+00 2.7200103301e+00 1.3853008468e+01
-3.7931612220e+00 2.7200146827e+00 1.3853004141e+01
-2.5546852298e+00 -1.6751040485e+00 2.0039696404e+01
-2.5546935272e+00 -1.6751047737e+00 2.0039706704e+01
-2.5546802715e+00 -1.6751169577e+00 2.0039686282e+01
-2.5546886382e+00 -1.6751173124e+00 2.0039696560e+01
-2.5546867768e+00 -1.6751063592e+00 2.0039695502e+01
-2.5546946672e+00 -1.6751066111e+00 2.0039705934e+01
-2.5546818189e+00 -1.6751192704e+00 2.0039685389e+01
-2.5546897805e+00 -1.6751191498e+00 2.0039695790e+01
-1.7791976985e-01 5.6986605432e-01 1.5814276925e+01
-1.7791969624e-01 5.6986456072e-01 1.5814275315e+01
-1.7792044837e-01 5.6987260661e-01 1.5814281762e+01
-1.7792039629e-01 5.6987110002e-01 1.5814280159e+01
-1.7791606557e-01 5.6986458989e-01 1.5814274393e+01
-1.7791599703e-01 5.6986309732e-01 1.5814272781e+01
-1.7791674397e-01 5.6987114199e-01 1.5814279230e+01
-1.7791669713e-01 5.6986963713e-01 1.5814277626e+01
5.9467762441e+00 1.4409619217e+00 1.9248824019e+01
5.9467846953e+00 1.4409616183e+00 1.9248817110e+01
5.9467737355e+00 1.4409563974e+00 1.9248813244e+01
5.9467819706e+00 1.4409561327e+00 1.9248806411e+01
5.9467745947e+00 1.4409627530e+00 1.9248823697e+01
5.9467828106e+00 1.4409625691e+00 1.9248817050e+01
5.9467719107e+00 1.4409566521e+00 1.9248812959e+01
5.9467798479e+00 1.4409564971e+00 1.9248806419e+01
3.1827152270e+00 -1.1419151093e+00 1.5621116479e+01
3.1827115561e+00 -1.1419071072e+00 1.5621115830e+01
3.1827193974e+00 -1.1418965091e+00 1.5621117818e+01
3.1827163441e+00 -1.1418893185e+00 1.5621117175e+01
3.1827185796e+00 -1.1419050587e+00 1.5621118776e+01
3.1827149082e+00 -1.1418970568e+00 1.5621118126e+01
3.1827227175e+00 -1.1418862833e+00 1.5621120044e+01
3.1827196637e+00 -1.1418790935e+00 1.5621119400e+01
-3.4591110869e+00 3.5451176065e+00 1.6706395660e+01
-3.4591115973e+00 3.5451062271e+00 1.6706387383e+01
-3.4591068983e+00 3.5451292644e+00 1.6706391507e+01
-3.4591071731e+00 3.5451189878e+00 1.6706382615e+01
-3.4591014080e+00 3.5451106138e+00 1.6706392980e+01
-3.4591020887e+00 3.5450992349e+00 1.6706384859e+01
-3.4590973206e+00 3.5451222151e+00 1.6706388666e+01
-3.4590976152e+00 3.5451118947e+00 1.6706379792e+01
-8.4264273181e-01 2.0334426770e+00 1.6820534908e+01
-8.4263351034e-01 2.0334521336e+00 1.6820527478e+01
-8.4264816996e-01 2.0334506762e+00 1.6820544191e+01
-8.4263893647e-01 2.0334601650e+00 1.6820536779e+01
-8.4262873484e-01 2.0334392451e+00 1.6820535252e+01
-8.4261934916e-01 2.0334488834e+00 1.6820528058e+01
-8.4263417245e-01 2.0334472448e+00 1.6820544536e+01
-8.4262477468e-01 2.0334569152e+00 1.6820537359e+01
2.4026553258e+00 6.0658700661e-01 1.5332529189e+01
2.4026575362e+00 6.0658537906e-01 1.5332526177e+01
2.4026578893e+00 6.0658089483e-01 1.5332523513e+01
2.4026600910e+00 6.0657927191e-01 1.5332520464e+01
2.4026387832e+00 6.0659338236e-01 1.5332537216e+01
2.4026412591e+00 6.0659220698e-01 1.5332534344e+01
2.4026418259e+00 6.0658742390e-01 1.5332531641e+01
2.4026442929e+00 6.0658625303e-01 1.5332528733e+01
-1.1279699324e+00 -1.0462236181e+00 -1.7895097235e+01
-1.1279631911e+00 -1.0462268485e+00 -1.7895108008e+01
-1.1279655286e+00 -1.0462394029e+00 -1.7895099561e+01
-1.1279588149e+00 -1.0462414706e+00 -1.7895111006e+01
-1.1279641445e+00 -1.0462212014e+00 -1.7895104123e+01
-1.1279581367e+00 -1.0462248859e+00 -1.7895115375e+01
-1.1279597747e+00 -1.0462358602e+00 -1.7895107138e+01
-1.1279537492e+00 -1.0462395197e+00 -1.7895118382e+01
-6.5064186589e+00 8.7661438354e-01 -1.9375506263e+01
-6.5064139789e+00 8.7660598313e-01 -1.9375527807e+01
-6.5064206506e+00 8.7661503869e-01 -1.9375496349e+01
-6.5064160928e+00 8.7660710102e-01 -1.9375517836e+01
-6.5064113035e+00 8.7661915293e-01 -1.9375503134e+01
-6.5064065921e+00 8.7661114552e-01 -1.9375524546e+01
-6.5064133974e+00 8.7662026170e-01 -1.9375493227e+01
-6.5064087255e+00 8.7661187436e-01 -1.9375514780e+01
-1.2823543820e+00 1.9816842668e+00 -2.3020802025e+01
-1.2823502812e+00 1.9816856881e+00 -2.3020806585e+01
-1.2823582092e+00 1.9816782710e+00 -2.3020800696e+01
-1.2823541145e+00 1.9816796329e+00 -2.3020805282e+01
-1.2823492171e+00 1.9816788943e+00 -2.3020799223e+01
-1.2823448222e+00 1.9816801460e+00 -2.3020803656e+01
-1.2823527608e+00 1.9816726407e+00 -2.3020797800e+01
-1.2823486606e+00 1.9816740883e+00 -2.3020802360e+01
3.2112342609e+00 -1.8532604385e+00 -1.6192305055e+01
3.2112429018e+00 -1.8532598718e+00 -1.6192316742e+01
3.2112240473e+00 -1.8532686004e+00 -1.6192288157e+01
3.2112325706e+00 -1.8532677360e+00 -1.6192300087e+01
3.2112383289e+00 -1.8532634918e+00 -1.6192308470e+01
3.2112469749e+00 -1.8532627136e+00 -1.6192320335e+01
3.2112281382e+00 -1.8532714358e+00 -1.6192291764e+01
3.2112366537e+00 -1.8532707871e+00 -1.6192303503e+01
2.9217830036e+00 1.0814275458e+00 -1.7799806639e+01
2.9217743747e+00 1.0814329789e+00 -1.7799809391e+01
2.9217824277e+00 1.0814451681e+00 -1.7799800007e+01
2.9217739213e+00 1.0814503850e+00 -1.7799802644e+01
2.9217727363e+00 1.0814258385e+00 -1.7799796072e+01
2.9217642926e+00 1.0814309955e+00 -1.7799798764e+01
2.9217724519e+00 1.0814427353e+00 -1.7799789349e+01
2.9217638102e+00 1.0814481532e+00 -1.7799792103e+01
1.4520519544e+00 -3.1328434209e+00 -1.6699834275e+01
1.4520509781e+00 -3.1328462291e+00 -1.6699836589e+01
1.4520560661e+00 -3.1328481986e+00 -1.6699821738e+01
1.4520551395e+00 -3.1328509559e+00 -1.6699824114e+01
1.4520551595e+00 -3.1328434914e+00 -1.6699830037e+01
1.4520541828e+00 -3.1328462997e+00 -1.6699832351e+01
1.4520592043e+00 -3.1328484518e+00 -1.6699817445e+01
1.4520582840e+00 -3.1328512257e+00 -1.6699819824e+01
1.9345700327e+00 -1.2814406947e+00 -1.1408431572e+01
1.9345664331e+00 -1.2814375999e+00 -1.1408449794e+01
1.9345751252e+00 -1.2814303778e+00 -1.1408430068e+01
1.9345716962e+00 -1.2814270575e+00 -1.1408448392e+01
1.9345943528e+00 -1.2814410717e+00 -1.1408433211e+01
1.9345903015e+00 -1.2814382535e+00 -1.1408451336e+01
1.9345995494e+00 -1.2814311149e+00 -1.1408431366e+01
1.9345957011e+00 -1.2814280584e+00 -1.1408449510e+01
4.1501136341e-01 1.6774989716e+00 -1.9431202648e+01
4.1501053514e-01 1.6775006462e+00 -1.9431192869e+01
4.1501385089e-01 1.6774864079e+00 -1.9431194856e+01
4.1501308332e-01 1.6774883659e+00 -1.9431184905e+01
4.1501899777e-01 1.6775017372e+00 -1.9431205254e+01
4.1501795691e-01 1.6775031416e+00 -1.9431195575e+01
4.1502139284e-01 1.6774897112e+00 -1.9431197538e+01
4.1502040941e-01 1.6774909293e+00 -1.9431187430e+01
-2.2268369945e+00 4.7749877739e+00 -1.5768223576e+01
-2.2268313498e+00 4.7749887026e+00 -1.5768239278e+01
-2.2268426335e+00 4.7750056445e+00 -1.5768228883e+01
-2.2268370495e+00 4.7750064898e+00 -1.5768244599e+01
-2.2268378222e+00 4.7749877185e+00 -1.5768227058e+01
-2.2268322334e+00 4.7749887246e+00 -1.5768242797e+01
-2.2268433718e+00 4.7750060818e+00 -1.5768231994e+01
-2.2268377875e+00 4.7750069273e+00 -1.5768247709e+01
1.2207878182e+00 -5.2448287293e+00 -1.9580842793e+01
1.2207944118e+00 -5.2448306337e+00 -1.9580841692e+01
1.2207967268e+00 -5.2448320017e+00 -1.9580833035e+01
1.2208031925e+00 -5.2448340983e+00 -1.9580831764e+01
1.2208007676e+00 -5.2448199451e+00 -1.9580839822e+01
1.2208072402e+00 -5.2448218569e+00 -1.9580838741e+01
1.2208096235e+00 -5.2448232125e+00 -1.9580830042e+01
1.2208162380e+00 -5.2448252669e+00 -1.9580828731e+01
2.5345646720e+00 -6.9216469921e-01 -1.5895888774e+01
2.5345651583e+00 -6.9216571106e-01 -1.5895894287e+01
2.5345508289e+00 -6.9218327485e-01 -1.5895888254e+01
2.5345512949e+00 -6.9218433460e-01 -1.5895893753e+01
2.5345645677e+00 -6.9216828275e-01 -1.5895881535e+01
2.5345650278e+00 -6.9216926681e-01 -1.5895887115e+01
2.5345507105e+00 -6.9218691470e-01 -1.5895881006e+01
2.5345511871e+00 -6.9218790209e-01 -1.5895886582e+01
3.1752764286e+00 5.3591358582e-01 -1.4662676805e+01
3.1752782126e+00 5.3591361841e-01 -1.4662679561e+01
3.1752789839e+00 5.3590340831e-01 -1.4662677750e+01
3.1752805821e+00 5.3590332564e-01 -1.4662680715e+01
3.1752798514e+00 5.3592106983e-01 -1.4662666614e+01
3.1752816326e+00 5.3592112308e-01 -1.4662669347e+01
3.1752828029e+00 5.3591040966e-01 -1.4662667619e+01
3.1752846369e+00 5.3591019102e-01 -1.4662670809e+01
2.7757469100e-01 -1.6378040736e+00 -1.5809326502e+01
2.7757000758e-01 -1.6378132314e+00 -1.5809315230e+01
2.7758663820e-01 -1.6378213011e+00 -1.5809326176e+01
2.7758164778e-01 -1.6378299144e+00 -1.5809315227e+01
2.7759222221e-01 -1.6378119137e+00 -1.5809323886e+01
2.7758727485e-01 -1.6378204482e+00 -1.5809312577e+01
2.7760401586e-01 -1.6378287342e+00 -1.5809323577e+01
2.7759908175e-01 -1.6378375398e+00 -1.5809312575e+01
-7.5623591212e-01 -1.3575666120e-01 -1.7387186586e+01
-7.5624074587e-01 -1.3575502271e-01 -1.7387188988e+01
-7.5623887163e-01 -1.3575821696e-01 -1.7387191849e+01
-7.5624373499e-01 -1.3575652100e-01 -1.7387194317e+01
-7.5622880643e-01 -1.3575249097e-01 -1.7387181523e+01
-7.5623366544e-01 -1.3575087597e-01 -1.7387183903e+01
-7.5623247226e-01 -1.3575457544e-01 -1.7387187257e+01
-7.5623732358e-01 -1.3575288734e-01 -1.7387189700e+01
-2.5294246060e-01 -8.6701031098e-01 -2.1674643182e+01
-2.5294955633e-01 -8.6701455812e-01 -2.1674650775e+01
-2.5293459244e-01 -8.6701003061e-01 -2.1674652496e+01
-2.5294172562e-01 -8.6701439578e-01 -2.1674660054e+01
-2.5295412831e-01 -8.6701089337e-01 -2.1674652566e+01
-2.5296096050e-01 -8.6701471488e-01 -2.1674660163e+01
-2.5294560337e-01 -8.6701037308e-01 -2.1674662169e+01
-2.5295247452e-01 -8.6701431889e-01 -2.1674669726e+01
-2.9487477254e+00 -1.6387193926e+00 -1.8199588892e+01
-2.9487442156e+00 -1.6387220974e+00 -1.8199610476e+01
-2.9487521665e+00 -1.6387210365e+00 -1.8199576939e+01
-2.9487482874e+00 -1.6387235591e+00 -1.8199598581e+01
-2.9487229424e+00 -1.6387228033e+00 -1.8199600868e+01
-2.9487204331e+00 -1.6387250228e+00 -1.8199621669e+01
-2.9487274284e+00 -1.6387244343e+00 -1.8199588942e+01
-2.9487249407e+00 -1.6387267106e+00 -1.8199609673e+01
-1.2277355436e+00 2.8202829417e+00 1.4619181980e+01
-1.2277408389e+00 2.8202818667e+00 1.4619165616e+01
-1.2277332002e+00 2.8202784235e+00 1.4619179346e+01
-1.2277384776e+00 2.8202774740e+00 1.4619163029e+01
-1.2277253604e+00 2.8202855480e+00 1.4619184232e+01
-1.2277306463e+00 2.8202834096e+00 1.4619168532e+01
-1.2277230454e+00 2.8202810748e+00 1.4619181526e+01
-1.2277282807e+00 2.8202790052e+00 1.4619165942e+01
6.7018299998e+00 1.7220988184e+00 1.8776185386e+01
6.7018305668e+00 1.7220970401e+00 1.8776168789e+01
6.7018300985e+00 1.7220849185e+00 1.8776175543e+01
6.7018310457e+00 1.7220835456e+00 1.8776158615e+01
6.7018260061e+00 1.7220963375e+00 1.8776180985e+01
6.7018265736e+00 1.7220945538e+00 1.8776164389e+01
6.7018263301e+00 1.7220823896e+00 1.8776171028e+01
6.7018281042e+00 1.7220803042e+00 1.8776153323e+01
2.8770409527e+00 -2.5204676961e+00 1.6141430569e+01
2.8770388986e+00 -2.5204699450e+00 1.6141426312e+01
2.8770388128e+00 -2.5204883308e+00 1.6141440856e+01
2.8770367591e+00 -2.5204905635e+00 1.6141436590e+01
2.8770417409e+00 -2.5204723395e+00 1.6141432539e+01
2.8770396570e+00 -2.5204744707e+00 1.6141428196e+01
2.8770396119e+00 -2.5204929620e+00 1.6141442824e+01
2.8770375174e+00 -2.5204950892e+00 1.6141438474e+01
-6.3821703425e+00 -3.0552054873e-01 1.6015019182e+01
-6.3821705135e+00 -3.0552062817e-01 1.6015010898e+01
-6.3821686427e+00 -3.0551803993e-01 1.6015021198e+01
-6.3821689808e+00 -3.0551806293e-01 1.6015013003e+01
-6.3821658691e+00 -3.0552104548e-01 1.6015015934e+01
-6.3821662458e+00 -3.0552127224e-01 1.6015007397e+01
-6.3821645535e+00 -3.0551829887e-01 1.6015017660e+01
-6.3821649142e+00 -3.0551853494e-01 1.6015009137e+01
-1.0681666095e+00 -1.9113749536e+00 1.8822096465e+01
-1.0681680230e+00 -1.9113746612e+00 1.8822081540e+01
-1.0681692456e+00 -1.9113858179e+00 1.8822105332e+01
-1.0681706537e+00 -1.9113855235e+00 1.8822090404e+01
-1.0681572028e+00 -1.9113748985e+00 1.8822096658e+01
-1.0681585898e+00 -1.9113749903e+00 1.8822081599e+01
-1.0681597857e+00 -1.9113859081e+00 1.8822105545e+01
-1.0681611775e+00 -1.9113860033e+00 1.8822090491e+01
1.7962897682e+00 2.4947779885e+00 1.8962408877e+01
1.7962892409e+00 2.4947740221e+00 1.8962400550e+01
1.7962907093e+00 2.4947930728e+00 1.8962413726e+01
1.7962901394e+00 2.4947889748e+00 1.8962405188e+01
1.7963061645e+00 2.4947756458e+00 1.8962399787e+01
1.7963055168e+00 2.4947708914e+00 1.8962391959e+01
1.7963076073e+00 2.4947902043e+00 1.8962403424e+01
1.7963069172e+00 2.4947853181e+00 1.8962395385e+01
-1.1066317576e+00 -1.9364731300e+00 2.2753480571e+01
-1.1066333441e+00 -1.9364721041e+00 2.2753458728e+01
-1.1066316774e+00 -1.9364691522e+00 2.2753479613e+01
-1.1066333195e+00 -1.9364675913e+00 2.2753458048e+01
-1.1066262076e+00 -1.9364710598e+00 2.2753484302e+01
-1.1066280268e+00 -1.9364695059e+00 2.2753462559e+01
-1.1066261566e+00 -1.9364669134e+00 2.2753483591e+01
-1.1066280351e+00 -1.9364655983e+00 2.2753461744e+01
4.6491529070e-01 3.6156133709e+00 2.1924033322e+01
4.6492015244e-01 3.6156082670e+00 2.1924028247e+01
4.6491113958e-01 3.6156039549e+00 2.1924031933e+01
4.6491607700e-01 3.6155989746e+00 2.1924026688e+01
4.6492367764e-01 3.6156124110e+00 2.1924036692e+01
4.6492826420e-01 3.6156063864e+00 2.1924032240e+01
4.6492005187e-01 3.6156025761e+00 2.1924034763e+01
4.6492472033e-01 3.6155974074e+00 2.1924029645e+01
-3.8588443480e-01 1.7830956166e-01 2.0083573354e+01
-3.8588730293e-01 1.7830334364e-01 2.0083562232e+01
-3.8587994460e-01 1.7829866087e-01 2.0083577151e+01
-3.8588355251e-01 1.7829321275e-01 2.0083566863e+01
-3.8590218201e-01 1.7831548684e-01 2.0083575743e+01
-3.8590506234e-01 1.7830994731e-01 2.0083564037e+01
-3.8589653425e-01 1.7830505905e-01 2.0083580199e+01
-3.8590015415e-01 1.7830029036e-01 2.0083569328e+01
-6.2071861906e+00 -2.4338985198e+00 1.9920813899e+01
-6.2071769779e+00 -2.4338947707e+00 1.9920817868e+01
-6.2071841351e+00 -2.4338958781e+00 1.9920810006e+01
-6.2071750013e+00 -2.4338923985e+00 1.9920814007e+01
-6.2071783362e+00 -2.4338977446e+00 1.9920806873e+01
-6.2071696026e+00 -2.4338941473e+00 1.9920810561e+01
-6.2071762807e+00 -2.4338951031e+00 1.9920802981e+01
-6.2071676260e+00 -2.4338917752e+00 1.9920806701e+01
-7.8294369595e-01 4.2259867731e+00 1.9063716073e+01
-7.8294181225e-01 4.2259874454e+00 1.9063708650e+01
-7.8295447315e-01 4.2259804762e+00 1.9063706079e+01
-7.8295258566e-01 4.2259811470e+00 1.9063698660e+01
-7.8296412356e-01 4.2259884341e+00 1.9063717137e+01
-7.8296214990e-01 4.2259894254e+00 1.9063709560e+01
-7.8297472541e-01 4.2259824628e+00 1.9063707426e+01
-7.8297301423e-01 4.2259834904e+00 1.9063699920e+01
1.5922574225e+00 -2.7584077362e+00 1.7187489164e+01
1.5922542764e+00 -2.7584032896e+00 1.7187476269e+01
1.5922670691e+00 -2.7584173307e+00 1.7187492146e+01
1.5922639230e+00 -2.7584128841e+00 1.7187479251e+01
1.5922456948e+00 -2.7583919574e+00 1.7187491226e+01
1.5922427244e+00 -2.7583878303e+00 1.7187478346e+01
1.5922549312e+00 -2.7584017666e+00 1.7187494425e+01
1.5922522708e+00 -2.7583974544e+00 1.7187481438e+01
-1.6482870203e+00 -2.3776177545e+00 1.8655294790e+01
-1.6482884041e+00 -2.3776131279e+00 1.8655279634e+01
-1.6482897075e+00 -2.3776216891e+00 1.8655277855e+01
-1.6482908320e+00 -2.3776170370e+00 1.8655262770e+01
-1.6482748490e+00 -2.3776230350e+00 1.8655289986e+01
-1.6482764652e+00 -2.3776183274e+00 1.8655274497e+01
-1.6482775266e+00 -2.3776269567e+00 1.8655273059e+01
-1.6482791523e+00 -2.3776222690e+00 1.8655257564e+01
-2.4242575782e+00 4.1396475383e+00 2.0959395306e+01
-2.4242599184e+00 4.1396479551e+00 2.0959391200e+01
-2.4242557514e+00 4.1396370209e+00 2.0959401945e+01
-2.4242582555e+00 4.1396374232e+00 2.0959397858e+01
-2.4242471052e+00 4.1396501365e+00 2.0959394505e+01
-2.4242494195e+00 4.1396505526e+00 2.0959390367e+01
-2.4242451926e+00 4.1396393025e+00 2.0959401424e+01
-2.4242477974e+00 4.1396395894e+00 2.0959397391e+01
3.2614723186e+00 -2.2823593096e-01 1.9229468889e+01
3.2614772882e+00 -2.2822971173e-01 1.9229449364e+01
3.2614855053e+00 -2.2824977650e-01 1.9229463651e+01
3.2614904745e+00 -2.2824356088e-01 1.9229444129e+01
3.2614893849e+00 -2.2823744746e-01 1.9229469682e+01
3.2614951308e+00 -2.2823084279e-01 1.9229450756e+01
3.2615031843e+00 -2.2825125768e-01 1.9229464916e+01
3.2615081906e+00 -2.2824504859e-01 1.9229445414e+01
2.1449408381e+00 6.9832606956e-01 2.3040461392e+01
2.1449390611e+00 6.9832392259e-01 2.3040453623e+01
2.1449303183e+00 6.9832082973e-01 2.3040460648e+01
2.1449288335e+00 6.9831845610e-01 2.3040453068e+01
2.1449523251e+00 6.9832798278e-01 2.3040462483e+01
2.1449511121e+00 6.9832567367e-01 2.3040454921e+01
2.1449421481e+00 6.9832243089e-01 2.3040461921e+01
2.1449405648e+00 6.9832043249e-01 2.3040454211e+01
1.1661527492e+00 -1.9824765152e+00 -1.8172139178e+01
1.1661539532e+00 -1.9824742147e+00 -1.8172137355e+01
1.1661577661e+00 -1.9824758566e+00 -1.8172138284e+01
1.1661589503e+00 -1.9824735127e+00 -1.8172136393e+01
1.1661510807e+00 -1.9824785264e+00 -1.8172139561e+01
1.1661522852e+00 -1.9824762255e+00 -1.8172137738e+01
1.1661564178e+00 -1.9824777948e+00 -1.8172138590e+01
1.1661576297e+00 -1.9824754981e+00 -1.8172136772e+01
-8.0082980679e+00 -2.1643145695e-01 -1.5862101848e+01
-8.0082960781e+00 -2.1643443321e-01 -1.5862094528e+01
-8.0083030324e+00 -2.1643813921e-01 -1.5862096771e+01
-8.0083010426e+00 -2.1644111548e-01 -1.5862089451e+01
-8.0083021651e+00 -2.1643302511e-01 -1.5862095990e+01
-8.0083001756e+00 -2.1643600122e-01 -1.5862088670e+01
-8.0083069987e+00 -2.1643968300e-01 -1.5862090731e+01
-8.0083050092e+00 -2.1644265923e-01 -1.5862083411e+01
-4.8079744827e-01 1.7205672400e+00 -1.5416782002e+01
-4.8079872628e-01 1.7205659911e+00 -1.5416776157e+01
-4.8079546588e-01 1.7205703191e+00 -1.5416783733e+01
-4.8079680046e-01 1.7205690675e+00 -1.5416777895e+01
-4.8079263224e-01 1.7205665895e+00 -1.5416782601e+01
-4.8079390721e-01 1.7205653436e+00 -1.5416776744e+01
-4.8079051318e-01 1.7205693470e+00 -1.5416784205e+01
-4.8079181066e-01 1.7205681490e+00 -1.5416778281e+01
4.3987826065e+00 2.9624386336e+00 -1.5288957813e+01
4.3987890722e+00 2.9624503503e+00 -1.5288928543e+01
4.3987829523e+00 2.9624398789e+00 -1.5288952097e+01
4.3987896815e+00 2.9624517024e+00 -1.5288922670e+01
4.3987932121e+00 2.9624426732e+00 -1.5288949883e+01
4.3987995922e+00 2.9624542052e+00 -1.5288920691e+01
4.3987935368e+00 2.9624439328e+00 -1.5288944082e+01
4.3988001961e+00 2.9624555525e+00 -1.5288914814e+01
-7.8110092641e-01 3.8629379036e+00 -1.8838486248e+01
-7.8110343372e-01 3.8629389788e+00 -1.8838478370e+01
-7.8110761765e-01 3.8629450806e+00 -1.8838493809e+01
-7.8111014535e-01 3.8629461265e+00 -1.8838485973e+01
-7.8109806817e-01 3.8629350632e+00 -1.8838485423e+01
-7.8110056371e-01 3.8629361411e+00 -1.8838477540e+01
-7.8110479803e-01 3.8629424464e+00 -1.8838492751e+01
-7.8110731398e-01 3.8629434950e+00 -1.8838484910e+01
1.6025138658e+00 3.3204790474e+00 -1.8479680193e+01
1.6025189969e+00 3.3204755823e+00 -1.8479664540e+01
1.6025193122e+00 3.3204904892e+00 -1.8479682005e+01
1.6025255224e+00 3.3204868940e+00 -1.8479666968e+01
1.6025040617e+00 3.3204696047e+00 -1.8479681533e+01
1.6025094279e+00 3.3204666179e+00 -1.8479665788e+01
1.6025093033e+00 3.3204812017e+00 -1.8479683607e+01
1.6025143671e+00 3.3204783997e+00 -1.8479667986e+01
2.5763310498e+00 3.9158950468e+00 -1.4839633487e+01
2.5763332912e+00 3.9159045190e+00 -1.4839625416e+01
2.5763336366e+00 3.9159085650e+00 -1.4839626536e+01
2.5763357488e+00 3.9159179215e+00 -1.4839618616e+01
2.5763211881e+00 3.9158971053e+00 -1.4839634520e+01
2.5763233701e+00 3.9159061249e+00 -1.4839626936e+01
2.5763248931e+00 3.9159109897e+00 -1.4839627208e+01
2.5763270903e+00 3.9159199434e+00 -1.4839619591e+01
2.3277361066e+00 2.2557294257e+00 -1.7172583218e+01
2.3277450145e+00 2.2557291911e+00 -1.7172540856e+01
2.3277402914e+00 2.2557188110e+00 -1.7172583620e+01
2.3277489600e+00 2.2557187218e+00 -1.7172541222e+01
2.3277191118e+00 2.2557175455e+00 -1.7172589173e+01
2.3277280221e+00 2.2557176901e+00 -1.7172546680e+01
2.3277233223e+00 2.2557077874e+00 -1.7172589746e+01
2.3277327429e+00 2.2557073124e+00 -1.7172546872e+01
-7.2211768490e-01 -2.7788090274e+00 -1.7245661508e+01
-7.2211930650e-01 -2.7788079144e+00 -1.7245653640e+01
-7.2212134154e-01 -2.7787934177e+00 -1.7245664487e+01
-7.2212296862e-01 -2.7787921014e+00 -1.7245656461e+01
-7.2211940446e-01 -2.7787996246e+00 -1.7245656770e+01
-7.2212102667e-01 -2.7787985128e+00 -1.7245648901e+01
-7.2212304995e-01 -2.7787840352e+00 -1.7245659597e+01
-7.2212449222e-01 -2.7787832180e+00 -1.7245651527e+01
1.7374880216e-01 7.0617054770e-02 -1.8314928601e+01
1.7375607595e-01 7.0617453610e-02 -1.8314922633e+01
1.7374757635e-01 7.0617789389e-02 -1.8314934442e+01
1.7375489085e-01 7.0618195313e-02 -1.8314928528e+01
1.7372558541e-01 7.0618117528e-02 -1.8314925982e+01
1.7373197784e-01 7.0617977246e-02 -1.8314920821e+01
1.7372430334e-01 7.0618767691e-02 -1.8314931717e+01
1.7373072892e-01 7.0618650387e-02 -1.8314926347e+01
-1.1699191557e+00 -6.0242482186e+00 -1.5299461739e+01
-1.1699210297e+00 -6.0242493339e+00 -1.5299456901e+01
-1.1699220696e+00 -6.0242451112e+00 -1.5299458417e+01
-1.1699239420e+00 -6.0242462264e+00 -1.5299453577e+01
-1.1699158215e+00 -6.0242498372e+00 -1.5299460401e+01
-1.1699176962e+00 -6.0242509540e+00 -1.5299455567e+01
-1.1699187420e+00 -6.0242466323e+00 -1.5299456999e+01
-1.1699206173e+00 -6.0242477488e+00 -1.5299452164e+01
5.6633960941e-01 5.4619908644e+00 -2.0436449268e+01
5.6635213142e-01 5.4619890060e+00 -2.0436444661e+01
5.6633794884e-01 5.4619831546e+00 -2.0436454118e+01
5.6635059106e-01 5.4619812935e+00 -2.0436449664e+01
5.6634957145e-01 5.4619918920e+00 -2.0436443212e+01
5.6636210259e-01 5.4619900404e+00 -2.0436438610e+01
5.6634785866e-01 5.4619842147e+00 -2.0436448067e+01
5.6636050725e-01 5.4619823591e+00 -2.0436443625e+01
1.1453911847e+00 -5.8033589112e+00 -1.8012469997e+01
1.1453935601e+00 -5.8033590413e+00 -1.8012465713e+01
1.1453813024e+00 -5.8033606135e+00 -1.8012459632e+01
1.1453836783e+00 -5.8033607396e+00 -1.8012455345e+01
1.1454041628e+00 -5.8033519803e+00 -1.8012470640e+01
1.1454064468e+00 -5.8033521627e+00 -1.8012466353e+01
1.1453943503e+00 -5.8033538187e+00 -1.8012460381e+01
1.1453966345e+00 -5.8033539941e+00 -1.8012456092e+01
-2.8772981739e+00 -4.0696551044e+00 -1.6472811035e+01
-2.8773052062e+00 -4.0696712438e+00 -1.6472775933e+01
-2.8773035772e+00 -4.0696584925e+00 -1.6472802869e+01
-2.8773096400e+00 -4.0696753969e+00 -1.6472768770e+01
-2.8772917116e+00 -4.0696568971e+00 -1.6472816282e+01
-2.8772987828e+00 -4.0696728226e+00 -1.6472781276e+01
-2.8772973865e+00 -4.0696601882e+00 -1.6472807993e+01
-2.8773029417e+00 -4.0696770856e+00 -1.6472774345e+01
8.5560001968e-01 -3.9046644327e+00 -1.8141471346e+01
8.5560222668e-01 -3.9046537650e+00 -1.8141464611e+01
8.5560997981e-01 -3.9046595606e+00 -1.8141463878e+01
8.5561217504e-01 -3.9046488146e+00 -1.8141457311e+01
8.5560091786e-01 -3.9046617865e+00 -1.8141462729e+01
8.5560312167e-01 -3.9046511183e+00 -1.8141455990e+01
8.5560992081e-01 -3.9046569711e+00 -1.8141454634e+01
8.5561211906e-01 -3.9046462259e+00 -1.8141448072e+01
2.9136142971e+00 -2.5777703991e+00 -2.0539895942e+01
2.9136035562e+00 -2.5777740069e+00 -2.0539875087e+01
2.9136204387e+00 -2.5777617802e+00 -2.0539892187e+01
2.9136100182e+00 -2.5777645865e+00 -2.0539870806e+01
2.9136088605e+00 -2.5777683032e+00 -2.0539891252e+01
2.9135979641e+00 -2.5777721552e+00 -2.0539870302e+01
2.9136150456e+00 -2.5777596258e+00 -2.0539887264e+01
2.9136042730e+00 -2.5777629907e+00 -2.0539866200e+01
8.1782190240e-01 3.3792049277e+00 2.0317177564e+01
8.1782136415e-01 3.3792051768e+00 2.0317179438e+01
8.1782248676e-01 3.3792204990e+00 2.0317174278e+01
8.1782202998e-01 3.3792207663e+00 2.0317176088e+01
8.1782123777e-01 3.3791997110e+00 2.0317172749e+01
8.1782063615e-01 3.3791999824e+00 2.0317174467e+01
8.1782174211e-01 3.3792152685e+00 2.0317169520e+01
8.1782118337e-01 3.3792156253e+00 2.0317171212e+01
-4.7307247190e+00 9.6253674967e-01 1.5858623223e+01
-4.7307213778e+00 9.6253376926e-01 1.5858626608e+01
-4.7307236729e+00 9.6253468664e-01 1.5858627164e+01
-4.7307203320e+00 9.6253170617e-01 1.5858630549e+01
-4.7307512667e+00 9.6253023129e-01 1.5858627347e+01
-4.7307469994e+00 9.6252650599e-01 1.5858629996e+01
-4.7307503133e+00 9.6252811548e-01 1.5858631165e+01
-4.7307460804e+00 9.6252434221e-01 1.5858633741e+01
-1.7510166305e-01 -5.1592060202e-01 1.9074630037e+01
-1.7509779598e-01 -5.1592083976e-01 1.9074624064e+01
-1.7510201934e-01 -5.1591923729e-01 1.9074628319e+01
-1.7509820079e-01 -5.1591956280e-01 1.9074622317e+01
-1.7509696040e-01 -5.1592237982e-01 1.9074629649e+01
-1.7509313406e-01 -5.1592270382e-01 1.9074623552e+01
-1.7509731510e-01 -5.1592089780e-01 1.9074627817e+01
-1.7509353725e-01 -5.1592131055e-01 1.9074621691e+01
1.8489516572e+00 4.1999951741e+00 1.3397135795e+01
1.8489621219e+00 4.1999970749e+00 1.3397129530e+01
1.8489499592e+00 4.2000078472e+00 1.3397132542e+01
1.8489609489e+00 4.2000103265e+00 1.3397126581e+01
1.8489614437e+00 4.1999971613e+00 1.3397136213e+01
1.8489719105e+00 4.1999990623e+00 1.3397129947e+01
1.8489594204e+00 4.2000100301e+00 1.3397132846e+01
1.8489703236e+00 4.2000125639e+00 1.3397126822e+01
3.2386736238e+00 -3.2866969394e+00 1.6107929678e+01
3.2386767477e+00 -3.2866976957e+00 1.6107921148e+01
3.2386743336e+00 -3.2867062099e+00 1.6107932716e+01
3.2386773885e+00 -3.2867069614e+00 1.6107924141e+01
3.2386766543e+00 -3.2866976124e+00 1.6107930797e+01
3.2386797678e+00 -3.2866983798e+00 1.6107922261e+01
3.2386774816e+00 -3.2867067883e+00 1.6107933832e+01
3.2386805259e+00 -3.2867075507e+00 1.6107925252e+01
2.1674313906e+00 4.0195203863e+00 1.5358167773e+01
2.1674229220e+00 4.0195263930e+00 1.5358161821e+01
2.1674273721e+00 4.0195103875e+00 1.5358168338e+01
2.1674189507e+00 4.0195161170e+00 1.5358162602e+01
2.1674447345e+00 4.0195204625e+00 1.5358176726e+01
2.1674362992e+00 4.0195263861e+00 1.5358170648e+01
2.1674411152e+00 4.0195105600e+00 1.5358177850e+01
2.1674327381e+00 4.0195162066e+00 1.5358171979e+01
-3.2056540260e+00 3.8854795845e+00 1.7801109037e+01
-3.2056597364e+00 3.8854771188e+00 1.7801103629e+01
-3.2056558533e+00 3.8854828517e+00 1.7801108600e+01
-3.2056615643e+00 3.8854803792e+00 1.7801103190e+01
-3.2056500968e+00 3.8854748407e+00 1.7801103546e+01
-3.2056557715e+00 3.8854724003e+00 1.7801098139e+01
-3.2056515853e+00 3.8854782392e+00 1.7801103440e+01
-3.2056572988e+00 3.8854757162e+00 1.7801098151e+01
7.2805616042e-01 5.2652555245e-01 1.7512009164e+01
7.2804780641e-01 5.2651564936e-01 1.7512010533e+01
7.2805350663e-01 5.2651425826e-01 1.7512016016e+01
7.2804508865e-01 5.2650446811e-01 1.7512017550e+01
7.2805139847e-01 5.2652429633e-01 1.7512008293e+01
7.2804334212e-01 5.2651429648e-01 1.7512009791e+01
7.2804852462e-01 5.2651364593e-01 1.7512014561e+01
7.2804041636e-01 5.2650376381e-01 1.7512016222e+01
-2.5631293407e+00 -3.1390635840e+00 1.7452224273e+01
-2.5631263013e+00 -3.1390606741e+00 1.7452220926e+01
-2.5631383208e+00 -3.1390714498e+00 1.7452226253e+01
-2.5631353176e+00 -3.1390684633e+00 1.7452222811e+01
-2.5631292002e+00 -3.1390666436e+00 1.7452225191e+01
-2.5631261697e+00 -3.1390637815e+00 1.7452221854e+01
-2.5631382961e+00 -3.1390744780e+00 1.7452227153e+01
-2.5631352474e+00 -3.1390715659e+00 1.7452223804e+01
9.7854584037e-01 4.1965682689e+00 2.0811357938e+01
9.7855223228e-01 4.1965629919e+00 2.0811354151e+01
9.7854563925e-01 4.1965636831e+00 2.0811359846e+01
9.7855187412e-01 4.1965584823e+00 2.0811356333e+01
9.7854946740e-01 4.1965735198e+00 2.0811355896e+01
9.7855550830e-01 4.1965682826e+00 2.0811352473e+01
9.7854907536e-01 4.1965690414e+00 2.0811358235e+01
9.7855526962e-01 4.1965637964e+00 2.0811354750e+01
3.7783926452e+00 -2.4075760132e+00 1.4219311797e+01
3.7783945047e+00 -2.4075692650e+00 1.4219309041e+01
3.7783905901e+00 -2.4075783859e+00 1.4219315825e+01
3.7783924340e+00 -2.4075716406e+00 1.4219313076e+01
3.7783990314e+00 -2.4075809802e+00 1.4219307004e+01
3.7784008725e+00 -2.4075741890e+00 1.4219304235e+01
3.7783969760e+00 -2.4075833089e+00 1.4219311047e+01
3.7783987965e+00 -2.4075765430e+00 1.4219308281e+01
2.7987905113e-01 1.7872459889e-01 1.6671300798e+01
2.7988653880e-01 1.7871472488e-01 1.6671290964e+01
2.7987273862e-01 1.7871651908e-01 1.6671302055e+01
2.7988001969e-01 1.7870680455e-01 1.6671292504e+01
2.7988773186e-01 1.7872595079e-01 1.6671301525e+01
2.7989521765e-01 1.7871607294e-01 1.6671291694e+01
2.7988225260e-01 1.7871797492e-01 1.6671303061e+01
2.7988953114e-01 1.7870825690e-01 1.6671293512e+01
3.0338542170e+00 -2.6257371135e+00 1.3150667549e+01
3.0338573773e+00 -2.6257346418e+00 1.3150659457e+01
3.0338578597e+00 -2.6257296551e+00 1.3150664089e+01
3.0338610317e+00 -2.6257272130e+00 1.3150656007e+01
3.0338409743e+00 -2.6257312162e+00 1.3150677472e+01
3.0338434015e+00 -2.6257291468e+00 1.3150668896e+01
3.0338445677e+00 -2.6257236105e+00 1.3150673621e+01
3.0338469933e+00 -2.6257216197e+00 1.3150665030e+01
-3.7138891710e+00 4.2169446215e-01 1.4737271548e+01
-3.7138937129e+00 4.2169367095e-01 1.4737274230e+01
-3.7138770059e+00 4.2170314827e-01 1.4737271297e+01
-3.7138812143e+00 4.2170247224e-01 1.4737273702e+01
-3.7139042699e+00 4.2168802946e-01 1.4737268084e+01
-3.7139090116e+00 4.2168719931e-01 1.4737270291e+01
-3.7138925691e+00 4.2169711142e-01 1.4737268186e+01
-3.7138973893e+00 4.2169617705e-01 1.4737270114e+01
-2.7759149658e+00 -1.4129792239e+00 1.2249042729e+01
-2.7759187247e+00 -1.4129733459e+00 1.2249037850e+01
-2.7759074647e+00 -1.4129815534e+00 1.2249047814e+01
-2.7759112191e+00 -1.4129756719e+00 1.2249042932e+01
-2.7759026194e+00 -1.4129849500e+00 1.2249040717e+01
-2.7759063781e+00 -1.4129790724e+00 1.2249035839e+01
-2.7758951106e+00 -1.4129872617e+00 1.2249045803e+01
-2.7758988650e+00 -1.4129813805e+00 1.2249040921e+01
-1.4157317384e+00 -3.3293881939e+00 1.5520042677e+01
-1.4157364515e+00 -3.3293820647e+00 1.5520070481e+01
-1.4157281196e+00 -3.3293823599e+00 1.5520050441e+01
-1.4157326978e+00 -3.3293760089e+00 1.5520078165e+01
-1.4157239660e+00 -3.3293828926e+00 1.5520036414e+01
-1.4157288817e+00 -3.3293769384e+00 1.5520063842e+01
-1.4157203162e+00 -3.3293770039e+00 1.5520044251e+01
-1.4157248414e+00 -3.3293709337e+00 1.5520071481e+01
2.2783628248e-02 -5.9646132490e+00 -1.6625070974e+01
2.2785425817e-02 -5.9646141670e+00 -1.6625065022e+01
2.2784398165e-02 -5.9645988194e+00 -1.6625065598e+01
2.2786064677e-02 -5.9645989850e+00 -1.6625059613e+01
2.2799790150e-02 -5.9646157657e+00 -1.6625074102e+01
2.2801585826e-02 -5.9646166792e+00 -1.6625068148e+01
2.2800537871e-02 -5.9646014731e+00 -1.6625069300e+01
2.2802201881e-02 -5.9646016343e+00 -1.6625063312e+01
-2.6820625262e+00 -1.6750717628e+00 -1.2418060019e+01
-2.6820653771e+00 -1.6750760630e+00 -1.2418036439e+01
-2.6820613986e+00 -1.6750908419e+00 -1.2418061281e+01
-2.6820633980e+00 -1.6750954233e+00 -1.2418037918e+01
-2.6820535668e+00 -1.6750684451e+00 -1.2418062108e+01
-2.6820564504e+00 -1.6750724794e+00 -1.2418038522e+01
-2.6820524638e+00 -1.6750875555e+00 -1.2418063324e+01
-2.6820552624e+00 -1.6750914249e+00 -1.2418039421e+01
2.3956816736e+00 1.7719656963e+00 -1.4401732627e+01
2.3956826120e+00 1.7719654498e+00 -1.4401726890e+01
2.3956817674e+00 1.7719699104e+00 -1.4401729649e+01
2.3956827109e+00 1.7719696815e+00 -1.4401723905e+01
2.3956886921e+00 1.7719653287e+00 -1.4401737516e+01
2.3956897056e+00 1.7719651557e+00 -1.4401731743e+01
2.3956887938e+00 1.7719695564e+00 -1.4401734528e+01
2.3956898119e+00 1.7719694006e+00 -1.4401728747e+01
-1.3228915354e+00 7.9868760594e-01 -1.7797899928e+01
-1.3228972267e+00 7.9868635642e-01 -1.7797903709e+01
-1.3228947267e+00 7.9867408896e-01 -1.7797900231e+01
-1.3229004252e+00 7.9867283956e-01 -1.7797904007e+01
-1.3228989524e+00 7.9868619694e-01 -1.7797910474e+01
-1.3229054924e+00 7.9868500661e-01 -1.7797913785e+01
-1.3229018641e+00 7.9867263086e-01 -1.7797910362e+01
-1.3229084309e+00 7.9867143226e-01 -1.7797913669e+01
1.4492652844e+00 3.1478008378e+00 -1.4661433639e+01
1.4492698653e+00 3.1478026642e+00 -1.4661402914e+01
1.4492712707e+00 3.1478067763e+00 -1.4661434481e+01
1.4492757184e+00 3.1478086281e+00 -1.4661403570e+01
1.4492647720e+00 3.1478090379e+00 -1.4661429682e+01
1.4492697581e+00 3.1478105283e+00 -1.4661399518e+01
1.4492707567e+00 3.1478149725e+00 -1.4661430528e+01
1.4492756072e+00 3.1478164958e+00 -1.4661400186e+01
-5.1133836976e-01 -1.1830241592e+00 -1.7388810846e+01
-5.1133505289e-01 -1.1830215114e+00 -1.7388811842e+01
-5.1134404946e-01 -1.1830287837e+00 -1.7388803457e+01
-5.1134062187e-01 -1.1830261279e+00 -1.7388804365e+01
-5.1133075281e-01 -1.1830247786e+00 -1.7388816377e+01
-5.1132738219e-01 -1.1830221160e+00 -1.7388817422e+01
-5.1133643243e-01 -1.1830294011e+00 -1.7388808979e+01
-5.1133295079e-01 -1.1830267309e+00 -1.7388809937e+01
-2.6211392636e+00 2.3844628752e+00 -1.7087265821e+01
-2.6211399233e+00 2.3844594580e+00 -1.7087258910e+01
-2.6211441813e+00 2.3844665885e+00 -1.7087258518e+01
-2.6211448368e+00 2.3844631721e+00 -1.7087251600e+01
-2.6211545441e+00 2.3844691537e+00 -1.7087252452e+01
-2.6211549132e+00 2.3844653743e+00 -1.7087245931e+01
-2.6211595631e+00 2.3844721117e+00 -1.7087244919e+01
-2.6211599372e+00 2.3844683043e+00 -1.7087238389e+01
4.7222224675e+00 -2.1645440704e+00 -1.9747070338e+01
4.7222256727e+00 -2.1645523642e+00 -1.9747071725e+01
4.7222246111e+00 -2.1645606823e+00 -1.9747072475e+01
4.7222277810e+00 -2.1645690467e+00 -1.9747073765e+01
4.7222253031e+00 -2.1645447894e+00 -1.9747063002e+01
4.7222284732e+00 -2.1645531543e+00 -1.9747064292e+01
4.7222272986e+00 -2.1645613759e+00 -1.9747065098e+01
4.7222304689e+00 -2.1645697406e+00 -1.9747066388e+01
-8.9000033392e+00 6.0415238007e+00 -1.5926794710e+01
-8.9000037119e+00 6.0415257990e+00 -1.5926797258e+01
-8.9000040278e+00 6.0415228505e+00 -1.5926806498e+01
-8.9000043717e+00 6.0415248000e+00 -1.5926809113e+01
-8.8999774517e+00 6.0415232148e+00 -1.5926798235e+01
-8.8999778243e+00 6.0415252130e+00 -1.5926800783e+01
-8.8999778639e+00 6.0415224598e+00 -1.5926810125e+01
-8.8999782365e+00 6.0415244581e+00 -1.5926812673e+01
2.5492123355e+00 -2.7570711096e+00 -2.0978450495e+01
2.5492227298e+00 -2.7570718162e+00 -2.0978436472e+01
2.5492214368e+00 -2.7570722256e+00 -2.0978447830e+01
2.5492323946e+00 -2.7570729698e+00 -2.0978433290e+01
2.5492241501e+00 -2.7570808982e+00 -2.0978448578e+01
2.5492346182e+00 -2.7570811842e+00 -2.0978434676e+01
2.5492332974e+00 -2.7570820054e+00 -2.0978445921e+01
2.5492442948e+00 -2.7570823342e+00 -2.0978431549e+01
6.3255282956e+00 3.4569164606e-01 -1.4830211930e+01
6.3255426547e+00 3.4569876886e-01 -1.4830188534e+01
6.3255234940e+00 3.4569262543e-01 -1.4830222243e+01
6.3255374981e+00 3.4569989607e-01 -1.4830199386e+01
6.3255242468e+00 3.4569215498e-01 -1.4830219593e+01
6.3255386604e+00 3.4569901853e-01 -1.4830196118e+01
6.3255192138e+00 3.4569304945e-01 -1.4830229953e+01
6.3255331613e+00 3.4570038864e-01 -1.4830207222e+01
1.6397500919e+00 2.3786384125e+00 -1.7143700630e+01
1.6397501765e+00 2.3786359343e+00 -1.7143694244e+01
1.6397506599e+00 2.3786415285e+00 -1.7143700247e+01
1.6397507409e+00 2.3786390512e+00 -1.7143693853e+01
1.6397512790e+00 2.3786382908e+00 -1.7143706739e+01
1.6397512584e+00 2.3786358194e+00 -1.7143700193e+01
1.6397518411e+00 2.3786414063e+00 -1.7143706285e+01
1.6397518181e+00 2.3786389362e+00 -1.7143699739e+01
-1.8157866388e+00 -5.8241532905e+00 -1.5703097572e+01
-1.8157894273e+00 -5.8241498258e+00 -1.5703106135e+01
-1.8157911133e+00 -5.8241602817e+00 -1.5703100938e+01
-1.8157939012e+00 -5.8241568176e+00 -1.5703109501e+01
-1.8157808495e+00 -5.8241608587e+00 -1.5703113813e+01
-1.8157836423e+00 -5.8241574211e+00 -1.5703122054e+01
-1.8157852677e+00 -5.8241679652e+00 -1.5703117230e+01
-1.8157881541e+00 -5.8241645094e+00 -1.5703125599e+01
-3.8449756531e+00 -2.7572602135e+00 -1.2755234030e+01
-3.8449793223e+00 -2.7572706576e+00 -1.2755205329e+01
-3.8449791501e+00 -2.7572651309e+00 -1.2755239411e+01
-3.8449828603e+00 -2.7572759704e+00 -1.2755210735e+01
-3.8449737738e+00 -2.7572619864e+00 -1.2755234721e+01
-3.8449772487e+00 -2.7572719153e+00 -1.2755206369e+01
-3.8449773659e+00 -2.7572670163e+00 -1.2755240131e+01
-3.8449807633e+00 -2.7572772735e+00 -1.2755211713e+01
2.0428758848e+00 -2.6750935658e+00 -2.0619954735e+01
2.0428694850e+00 -2.6750894548e+00 -2.0619951862e+01
2.0428856591e+00 -2.6751066454e+00 -2.0619956652e+01
2.0428793155e+00 -2.6751024211e+00 -2.0619953926e+01
2.0428796933e+00 -2.6750969635e+00 -2.0619948186e+01
2.0428733043e+00 -2.6750928327e+00 -2.0619945597e+01
2.0428894612e+00 -2.6751100157e+00 -2.0619950406e+01
2.0428831069e+00 -2.6751058113e+00 -2.0619947397e+01
3.5841629485e+00 4.0683388357e-02 -1.5134563280e+01
3.5841562324e+00 4.0686152573e-02 -1.5134563749e+01
3.5841538832e+00 4.0678922576e-02 -1.5134560830e+01
3.5841478945e+00 4.0681264136e-02 -1.5134561875e+01
3.5841758637e+00 4.0683799393e-02 -1.5134562426e+01
3.5841690879e+00 4.0686564703e-02 -1.5134562972e+01
3.5841667363e+00 4.0679313359e-02 -1.5134559895e+01
3.5841607208e+00 4.0681593502e-02 -1.5134560926e+01
