9.9086210000e+01
9.7646900000e+00
4.6216400000e+01
1.3841200000e+00
-1.0352800000e+01
3.2328000000e+00
1.0155424000e+02
6.9220100000e+00
4.6445540000e+01
1.8487000000e-01
-1.0526780000e+01
2.1425800000e+00
1.1285445000e+02
8.4655900000e+00
5.2766730000e+01
-4.0452200000e+00
-1.4268200000e+00
-1.0805590000e+01
1.0243861000e+02
1.8228340000e+01
5.6561210000e+01
6.9738300000e+00
-2.3614320000e+01
6.3617400000e+00
1.0703834000e+02
1.1138900000e+01
4.7678450000e+01
4.6195600000e+00
-1.4200940000e+01
1.0087800000e+00
