8.6115142543e+01
3.9756282763e+01
2.9398296461e+01
1.9001140507e+00
-2.9577942291e+00
-1.1989203735e+00
9.5188900313e+01
4.7300534738e+01
3.1530161963e+01
3.5636088465e+00
-1.1894106993e+01
1.1403287857e+00
1.0109699507e+02
3.7396637038e+01
4.2071861546e+01
1.0209365387e+00
-8.5159574241e+00
1.8328875087e+00
1.0816621368e+02
3.5344962698e+01
4.7776362133e+01
3.0219337105e-01
-1.6889576148e+01
4.2556798636e-01
9.1966484850e+01
4.5703825149e+01
4.1504433603e+01
3.2314990840e+00
-9.4879747128e+00
-2.0859622494e+00
