2.1864243219e+00 -1.2371441088e+00 -2.2016898678e+00
2.1864238042e+00 -1.2371488714e+00 -2.2017016251e+00
2.1864250128e+00 -1.2371506138e+00 -2.2016891071e+00
2.1864246719e+00 -1.2371554767e+00 -2.2017009961e+00
2.1864197032e+00 -1.2371466341e+00 -2.2016856858e+00
2.1864191008e+00 -1.2371514302e+00 -2.2016974730e+00
2.1864205763e+00 -1.2371532505e+00 -2.2016850565e+00
2.1864199737e+00 -1.2371580465e+00 -2.2016968437e+00
-1.4691305216e+00 -1.1871819071e+00 1.3781773914e+00
-1.4691315786e+00 -1.1871789927e+00 1.3781699788e+00
-1.4691294970e+00 -1.1871797547e+00 1.3781782266e+00
-1.4691305856e+00 -1.1871769205e+00 1.3781708904e+00
-1.4691377476e+00 -1.1871809729e+00 1.3781763241e+00
-1.4691388744e+00 -1.1871777855e+00 1.3781686868e+00
-1.4691364515e+00 -1.1871787297e+00 1.3781774109e+00
-1.4691375976e+00 -1.1871755904e+00 1.3781698427e+00
-1.5713989503e+00 -1.2850254791e+00 1.3094835846e+00
-1.5713983653e+00 -1.2850299852e+00 1.3094726813e+00
-1.5713998126e+00 -1.2850309263e+00 1.3094841762e+00
-1.5713992483e+00 -1.2850354616e+00 1.3094732372e+00
-1.5713939982e+00 -1.2850237125e+00 1.3094831692e+00
-1.5713930988e+00 -1.2850281163e+00 1.3094725510e+00
-1.5713945599e+00 -1.2850290005e+00 1.3094840342e+00
-1.5713939768e+00 -1.2850335871e+00 1.3094731096e+00
6.6576638396e-01 1.3185125464e+00 1.4151115787e+00
6.6576960394e-01 1.3185158570e+00 1.4151006000e+00
6.6576535315e-01 1.3185186826e+00 1.4151144686e+00
6.6576879853e-01 1.3185221683e+00 1.4151037400e+00
6.6577139236e-01 1.3185104198e+00 1.4151128901e+00
6.6577480831e-01 1.3185138333e+00 1.4151021419e+00
6.6577063582e-01 1.3185165785e+00 1.4151159381e+00
6.6577388197e-01 1.3185199350e+00 1.4151049686e+00
1.0185178948e+00 -2.9348184645e+00 5.2083750965e-01
1.0185166451e+00 -2.9348215453e+00 5.2084824836e-01
1.0185165142e+00 -2.9348179255e+00 5.2083784202e-01
1.0185154470e+00 -2.9348215544e+00 5.2084948527e-01
1.0185199009e+00 -2.9348177949e+00 5.2083766827e-01
1.0185186267e+00 -2.9348208593e+00 5.2084835189e-01
1.0185184412e+00 -2.9348171631e+00 5.2083793683e-01
1.0185174910e+00 -2.9348209848e+00 5.2084963111e-01
4.7145047137e-01 1.6074152855e+00 3.1305774432e-01
4.7145107698e-01 1.6074154585e+00 3.1305184822e-01
4.7145009687e-01 1.6074153493e+00 3.1305893359e-01
4.7145071587e-01 1.6074154487e+00 3.1305305073e-01
4.7145268589e-01 1.6074149985e+00 3.1305914611e-01
4.7145324697e-01 1.6074151995e+00 3.1305321685e-01
4.7145232583e-01 1.6074153502e+00 3.1305996644e-01
4.7145294091e-01 1.6074155137e+00 3.1305407028e-01
-1.0136853519e-01 -1.5340059508e+00 1.7893249900e+00
-1.0136759995e-01 -1.5340078202e+00 1.7893205272e+00
-1.0136791454e-01 -1.5340087100e+00 1.7893282625e+00
-1.0136696003e-01 -1.5340105824e+00 1.7893237905e+00
-1.0136573590e-01 -1.5340065600e+00 1.7893280369e+00
-1.0136478011e-01 -1.5340084309e+00 1.7893235684e+00
-1.0136511077e-01 -1.5340092941e+00 1.7893313162e+00
-1.0136414508e-01 -1.5340111708e+00 1.7893268413e+00
1.9343415438e-01 1.0025083051e+00 -2.6312511765e+00
1.9343440146e-01 1.0025081108e+00 -2.6312389206e+00
1.9343346149e-01 1.0025077133e+00 -2.6312500788e+00
1.9343409741e-01 1.0025070689e+00 -2.6312380449e+00
1.9343581753e-01 1.0025069746e+00 -2.6312484030e+00
1.9343589791e-01 1.0025064661e+00 -2.6312365077e+00
1.9343512313e-01 1.0025063814e+00 -2.6312473021e+00
1.9343559954e-01 1.0025054186e+00 -2.6312356352e+00
1.8921787526e+00 2.7899412953e+00 -1.5861717808e+00
1.8921750248e+00 2.7899438094e+00 -1.5861791192e+00
1.8921785537e+00 2.7899348098e+00 -1.5861699885e+00
1.8921748266e+00 2.7899373202e+00 -1.5861773322e+00
1.8921698976e+00 2.7899421811e+00 -1.5861738642e+00
1.8921664527e+00 2.7899445702e+00 -1.5861810307e+00
1.8921698740e+00 2.7899358127e+00 -1.5861722364e+00
1.8921662538e+00 2.7899380812e+00 -1.5861793077e+00
1.0491951346e+00 -1.0930810867e+00 7.9296362877e-01
1.0491945319e+00 -1.0930811581e+00 7.9297230550e-01
1.0491960859e+00 -1.0930758623e+00 7.9296107989e-01
1.0491952101e+00 -1.0930759977e+00 7.9296943881e-01
1.0491894508e+00 -1.0930810053e+00 7.9295974472e-01
1.0491884307e+00 -1.0930813133e+00 7.9296890737e-01
1.0491903065e+00 -1.0930757270e+00 7.9295717364e-01
1.0491893684e+00 -1.0930761131e+00 7.9296600232e-01
-2.2420486031e+00 6.5418923466e-01 -2.2533785567e+00
-2.2420472524e+00 6.5419010305e-01 -2.2533949145e+00
-2.2420490015e+00 6.5418309762e-01 -2.2533782317e+00
-2.2420476499e+00 6.5418397063e-01 -2.2533945928e+00
-2.2420468552e+00 6.5418904939e-01 -2.2533783279e+00
-2.2420455020e+00 6.5418992000e-01 -2.2533946756e+00
-2.2420472537e+00 6.5418290487e-01 -2.2533779944e+00
-2.2420458996e+00 6.5418378012e-01 -2.2533943454e+00
8.9929361175e-01 -4.4354490225e-01 -1.9334836351e+00
8.9929383816e-01 -4.4354553813e-01 -1.9334909777e+00
8.9929484466e-01 -4.4353804828e-01 -1.9334842372e+00
8.9929539266e-01 -4.4353805376e-01 -1.9334915962e+00
8.9928942013e-01 -4.4354505711e-01 -1.9334800750e+00
8.9928965658e-01 -4.4354570145e-01 -1.9334874137e+00
8.9929072101e-01 -4.4353833976e-01 -1.9334809593e+00
8.9929118938e-01 -4.4353871311e-01 -1.9334880340e+00
-4.0549784695e-01 2.0553399436e+00 8.2899501740e-01
-4.0549385606e-01 2.0553406650e+00 8.2898677455e-01
-4.0549519437e-01 2.0553317963e+00 8.2899715352e-01
-4.0549130499e-01 2.0553324490e+00 8.2898886610e-01
-4.0549426811e-01 2.0553411688e+00 8.2899348731e-01
-4.0549033092e-01 2.0553418299e+00 8.2898521497e-01
-4.0549204913e-01 2.0553327497e+00 8.2899521321e-01
-4.0548816210e-01 2.0553334022e+00 8.2898692247e-01
2.7655427077e-01 -1.2465819739e+00 -7.0808029737e-01
2.7655457326e-01 -1.2465829583e+00 -7.0808838116e-01
2.7655404289e-01 -1.2465797786e+00 -7.0808428498e-01
2.7655436069e-01 -1.2465808013e+00 -7.0809235634e-01
2.7655850499e-01 -1.2465818652e+00 -7.0808054205e-01
2.7655874009e-01 -1.2465829198e+00 -7.0808857383e-01
2.7655818574e-01 -1.2465796929e+00 -7.0808437751e-01
2.7655831568e-01 -1.2465806445e+00 -7.0809247030e-01
6.0923888466e-01 1.6578639066e+00 -6.9173721040e-01
6.0923872334e-01 1.6578656372e+00 -6.9173908652e-01
6.0923750066e-01 1.6578583942e+00 -6.9173642418e-01
6.0923734357e-01 1.6578601256e+00 -6.9173830151e-01
6.0923817921e-01 1.6578638704e+00 -6.9173472068e-01
6.0923783481e-01 1.6578656680e+00 -6.9173666213e-01
6.0923705402e-01 1.6578581885e+00 -6.9173424056e-01
6.0923670483e-01 1.6578599832e+00 -6.9173618444e-01
-2.3477619893e+00 -1.6205065462e+00 4.1189013973e-01
-2.3477629160e+00 -1.6205065924e+00 4.1188532292e-01
-2.3477635610e+00 -1.6204976115e+00 4.1188829321e-01
-2.3477646617e+00 -1.6204975157e+00 4.1188339360e-01
-2.3477660328e+00 -1.6205052729e+00 4.1188837700e-01
-2.3477672138e+00 -1.6205052403e+00 4.1188342761e-01
-2.3477681794e+00 -1.6204960523e+00 4.1188670538e-01
-2.3477691486e+00 -1.6204961226e+00 4.1188184025e-01
-9.3542364711e-01 -5.3007374801e-01 -8.1019949147e-01
-9.3542297391e-01 -5.3007734734e-01 -8.1018306945e-01
-9.3542134260e-01 -5.3007032616e-01 -8.1019898821e-01
-9.3542077308e-01 -5.3007289626e-01 -8.1018214995e-01
-9.3542914086e-01 -5.3007350473e-01 -8.1019987923e-01
-9.3542844010e-01 -5.3007715290e-01 -8.1018398346e-01
-9.3542692605e-01 -5.3006993007e-01 -8.1019940083e-01
-9.3542635982e-01 -5.3007264685e-01 -8.1018256059e-01
-4.2171227477e-02 1.2960080318e+00 2.5977707870e+00
-4.2169771391e-02 1.2960097935e+00 2.5977853316e+00
-4.2171725868e-02 1.2960098507e+00 2.5977733630e+00
-4.2170120258e-02 1.2960117394e+00 2.5977878182e+00
-4.2171223386e-02 1.2960090932e+00 2.5977672304e+00
-4.2169822952e-02 1.2960106655e+00 2.5977820023e+00
-4.2171720580e-02 1.2960109105e+00 2.5977698085e+00
-4.2170458308e-02 1.2960124918e+00 2.5977846725e+00
2.2890629209e-01 -2.0890037206e-01 -3.5755536963e-01
2.2890723339e-01 -2.0890135572e-01 -3.5755482205e-01
2.2890590505e-01 -2.0889679917e-01 -3.5755342801e-01
2.2890680489e-01 -2.0889765841e-01 -3.5755288244e-01
2.2890618406e-01 -2.0890143181e-01 -3.5755741298e-01
2.2890706616e-01 -2.0890234579e-01 -3.5755689479e-01
2.2890575748e-01 -2.0889799349e-01 -3.5755525691e-01
2.2890664892e-01 -2.0889889288e-01 -3.5755473348e-01
1.3770590572e-01 1.0655602597e+00 -2.5831661663e+00
1.3770592846e-01 1.0655620467e+00 -2.5831665627e+00
1.3770734069e-01 1.0655684758e+00 -2.5831648311e+00
1.3770691477e-01 1.0655696399e+00 -2.5831651301e+00
1.3769819128e-01 1.0655591209e+00 -2.5831646369e+00
1.3769811719e-01 1.0655606095e+00 -2.5831647131e+00
1.3769962938e-01 1.0655670280e+00 -2.5831631633e+00
1.3769950440e-01 1.0655684903e+00 -2.5831635297e+00
-1.1171326735e-02 -8.5984080426e-02 -1.3858338944e+00
-1.1172287997e-02 -8.5987563586e-02 -1.3858350719e+00
-1.1172158589e-02 -8.5987228321e-02 -1.3858333162e+00
-1.1173016524e-02 -8.5990687139e-02 -1.3858345582e+00
-1.1168103912e-02 -8.5983271718e-02 -1.3858343342e+00
-1.1169096200e-02 -8.5986717600e-02 -1.3858354850e+00
-1.1168941363e-02 -8.5986422224e-02 -1.3858337564e+00
-1.1169830324e-02 -8.5989843764e-02 -1.3858349717e+00
-9.7220133960e-01 1.8295257363e+00 -2.6273317498e+00
-9.7219893231e-01 1.8295289042e+00 -2.6273342873e+00
-9.7220121787e-01 1.8295273753e+00 -2.6273330871e+00
-9.7219884084e-01 1.8295305150e+00 -2.6273355716e+00
-9.7219877305e-01 1.8295236659e+00 -2.6273296747e+00
-9.7219638892e-01 1.8295267973e+00 -2.6273321633e+00
-9.7219866110e-01 1.8295252697e+00 -2.6273309686e+00
-9.7219626181e-01 1.8295284474e+00 -2.6273335009e+00
3.0317024305e-01 -8.5060237360e-01 1.4762349525e+00
3.0316893933e-01 -8.5060657903e-01 1.4762485264e+00
3.0317023202e-01 -8.5060103839e-01 1.4762345351e+00
3.0316889301e-01 -8.5060468916e-01 1.4762482730e+00
3.0317035357e-01 -8.5060215364e-01 1.4762341307e+00
3.0316909408e-01 -8.5060631430e-01 1.4762478658e+00
3.0317032146e-01 -8.5060082488e-01 1.4762337614e+00
3.0316905006e-01 -8.5060441014e-01 1.4762476237e+00
5.9519820732e-01 1.4690553704e+00 3.3735346691e+00
5.9519574191e-01 1.4690589546e+00 3.3735349278e+00
5.9519653435e-01 1.4690574333e+00 3.3735374831e+00
5.9519408488e-01 1.4690609781e+00 3.3735377024e+00
5.9519916649e-01 1.4690545588e+00 3.3735328253e+00
5.9519678592e-01 1.4690581303e+00 3.3735330553e+00
5.9519759719e-01 1.4690566873e+00 3.3735357473e+00
5.9519523767e-01 1.4690602221e+00 3.3735359335e+00
8.4696276728e-02 -6.1464671527e-01 -2.3217072335e+00
8.4699518309e-02 -6.1464430683e-01 -2.3217058540e+00
8.4696253616e-02 -6.1465038130e-01 -2.3217063316e+00
8.4699572896e-02 -6.1464798646e-01 -2.3217048502e+00
8.4696183368e-02 -6.1464689938e-01 -2.3217034223e+00
8.4699424916e-02 -6.1464449118e-01 -2.3217020429e+00
8.4696127068e-02 -6.1465058953e-01 -2.3217025072e+00
8.4699456910e-02 -6.1464820103e-01 -2.3217010174e+00
-7.9090925421e-01 1.3497766761e+00 3.6032772676e+00
-7.9091059633e-01 1.3497756453e+00 3.6032804271e+00
-7.9091027023e-01 1.3497827170e+00 3.6032743194e+00
-7.9091175715e-01 1.3497817483e+00 3.6032774170e+00
-7.9091048973e-01 1.3497760238e+00 3.6032787683e+00
-7.9091182497e-01 1.3497749790e+00 3.6032818945e+00
-7.9091151058e-01 1.3497820603e+00 3.6032757915e+00
-7.9091299361e-01 1.3497810756e+00 3.6032788531e+00
-1.1541071530e+00 4.9970495737e-01 -7.1235546956e-01
-1.1541071686e+00 4.9970478331e-01 -7.1233885471e-01
-1.1541073148e+00 4.9969823457e-01 -7.1235391923e-01
-1.1541073218e+00 4.9969803075e-01 -7.1233717854e-01
-1.1541160897e+00 4.9970687210e-01 -7.1235720732e-01
-1.1541165933e+00 4.9970622347e-01 -7.1234146760e-01
-1.1541159613e+00 4.9970002815e-01 -7.1235591520e-01
-1.1541166664e+00 4.9969954907e-01 -7.1233981297e-01
1.2683650166e+00 4.8139961975e-01 -1.4609039096e+00
1.2683653111e+00 4.8139950937e-01 -1.4608872122e+00
1.2683652775e+00 4.8140593531e-01 -1.4609039453e+00
1.2683656663e+00 4.8140563299e-01 -1.4608874299e+00
1.2683587202e+00 4.8139768466e-01 -1.4609051358e+00
1.2683591492e+00 4.8139777674e-01 -1.4608887546e+00
1.2683589803e+00 4.8140400281e-01 -1.4609051720e+00
1.2683595076e+00 4.8140389691e-01 -1.4608889750e+00
-2.2861748641e-01 -1.0177159305e+00 4.4433917766e-01
-2.2861722904e-01 -1.0177164460e+00 4.4433867944e-01
-2.2861700739e-01 -1.0177172927e+00 4.4434086185e-01
-2.2861678755e-01 -1.0177177693e+00 4.4434039658e-01
-2.2861348654e-01 -1.0177145182e+00 4.4433968938e-01
-2.2861324087e-01 -1.0177150253e+00 4.4433931743e-01
-2.2861303002e-01 -1.0177158770e+00 4.4434135557e-01
-2.2861279292e-01 -1.0177163541e+00 4.4434100694e-01
4.4154284565e-01 -2.4837378183e-01 -2.8130036895e+00
4.4154440278e-01 -2.4837350550e-01 -2.8129927708e+00
4.4154323169e-01 -2.4836907333e-01 -2.8130029829e+00
4.4154494870e-01 -2.4836887871e-01 -2.8129916311e+00
4.4154452935e-01 -2.4837343536e-01 -2.8130066922e+00
4.4154609159e-01 -2.4837281149e-01 -2.8129960083e+00
4.4154485173e-01 -2.4836876969e-01 -2.8130060453e+00
4.4154654185e-01 -2.4836829723e-01 -2.8129949269e+00
-5.9747564093e-01 -2.0272538653e+00 4.6046580745e+00
-5.9747820739e-01 -2.0272514406e+00 4.6046570095e+00
-5.9747641565e-01 -2.0272528782e+00 4.6046590256e+00
-5.9747900052e-01 -2.0272504843e+00 4.6046579565e+00
-5.9747531331e-01 -2.0272542523e+00 4.6046568953e+00
-5.9747786682e-01 -2.0272518483e+00 4.6046558560e+00
-5.9747613499e-01 -2.0272530956e+00 4.6046580889e+00
-5.9747868722e-01 -2.0272507368e+00 4.6046570190e+00
6.5742856319e-01 1.4745146862e+00 -6.3205774694e-01
6.5742647253e-01 1.4745134098e+00 -6.3206156081e-01
6.5742829568e-01 1.4745201971e+00 -6.3205956383e-01
6.5742614423e-01 1.4745187948e+00 -6.3206337281e-01
6.5742953960e-01 1.4745150639e+00 -6.3205880250e-01
6.5742746796e-01 1.4745138251e+00 -6.3206256729e-01
6.5742928800e-01 1.4745205862e+00 -6.3206061829e-01
6.5742715560e-01 1.4745192165e+00 -6.3206437822e-01
7.8926818828e-01 3.8983948667e-01 8.9259097855e-01
7.8926941286e-01 3.8983942701e-01 8.9258923524e-01
7.8926830854e-01 3.8983563790e-01 8.9258741252e-01
7.8926962064e-01 3.8983522485e-01 8.9258605671e-01
7.8926384827e-01 3.8983818514e-01 8.9258919534e-01
7.8926496325e-01 3.8983764253e-01 8.9258762575e-01
7.8926436576e-01 3.8983374669e-01 8.9258565561e-01
7.8926545479e-01 3.8983359788e-01 8.9258375511e-01
-7.6357630011e-01 -2.8552646096e-01 2.4377764507e+00
-7.6357496663e-01 -2.8552660695e-01 2.4377769358e+00
-7.6357739207e-01 -2.8551662092e-01 2.4377782031e+00
-7.6357606052e-01 -2.8551686485e-01 2.4377786131e+00
-7.6357379749e-01 -2.8552564253e-01 2.4377757500e+00
-7.6357246409e-01 -2.8552578815e-01 2.4377762349e+00
-7.6357485892e-01 -2.8551601908e-01 2.4377771697e+00
-7.6357352689e-01 -2.8551626249e-01 2.4377775804e+00
2.8822536635e-01 1.0108116811e+00 2.2442971508e+00
2.8822713487e-01 1.0108110968e+00 2.2443085059e+00
2.8822691342e-01 1.0108100708e+00 2.2442939542e+00
2.8822850369e-01 1.0108099510e+00 2.2443057920e+00
2.8821981466e-01 1.0108115335e+00 2.2442976472e+00
2.8822171420e-01 1.0108109220e+00 2.2443089766e+00
2.8822136400e-01 1.0108101142e+00 2.2442946725e+00
2.8822308366e-01 1.0108097758e+00 2.2443062610e+00
6.6039862934e-01 -5.0462582682e-02 1.1641464600e+00
6.6039862333e-01 -5.0463025555e-02 1.1641478747e+00
6.6039881800e-01 -5.0458326588e-02 1.1641510153e+00
6.6039883667e-01 -5.0458806410e-02 1.1641524148e+00
6.6039468887e-01 -5.0461545932e-02 1.1641454569e+00
6.6039468253e-01 -5.0461991506e-02 1.1641468677e+00
6.6039494042e-01 -5.0457292991e-02 1.1641500019e+00
6.6039495873e-01 -5.0457775541e-02 1.1641513973e+00
-1.1962379547e+00 1.9326952687e+00 8.7450187994e-01
-1.1962419337e+00 1.9326933245e+00 8.7449917373e-01
-1.1962388280e+00 1.9326987628e+00 8.7449928076e-01
-1.1962429125e+00 1.9326968563e+00 8.7449646959e-01
-1.1962365823e+00 1.9326942313e+00 8.7450222393e-01
-1.1962405613e+00 1.9326922870e+00 8.7449951779e-01
-1.1962374390e+00 1.9326977515e+00 8.7449963012e-01
-1.1962415235e+00 1.9326958450e+00 8.7449681892e-01
-1.2350271648e+00 -1.8301573212e+00 4.3320648300e+00
-1.2350277850e+00 -1.8301547333e+00 4.3320783693e+00
-1.2350247382e+00 -1.8301543081e+00 4.3320678592e+00
-1.2350254363e+00 -1.8301518455e+00 4.3320816307e+00
-1.2350226938e+00 -1.8301578176e+00 4.3320673609e+00
-1.2350235126e+00 -1.8301553206e+00 4.3320806894e+00
-1.2350202621e+00 -1.8301547990e+00 4.3320703807e+00
-1.2350211642e+00 -1.8301524311e+00 4.3320839472e+00
-4.3144707929e-01 1.4248154618e+00 -1.7403328833e+00
-4.3144732215e-01 1.4248126699e+00 -1.7403364318e+00
-4.3144805115e-01 1.4248117263e+00 -1.7403366644e+00
-4.3144831030e-01 1.4248089621e+00 -1.7403401688e+00
-4.3144440779e-01 1.4248140091e+00 -1.7403331081e+00
-4.3144465054e-01 1.4248112173e+00 -1.7403366571e+00
-4.3144534547e-01 1.4248104304e+00 -1.7403368996e+00
-4.3144560391e-01 1.4248076666e+00 -1.7403404033e+00
5.5146985051e-01 -6.1491165982e-01 -3.3675898822e+00
5.5147132142e-01 -6.1490847959e-01 -3.3675911678e+00
5.5146873187e-01 -6.1490260248e-01 -3.3675879589e+00
5.5147022096e-01 -6.1489936964e-01 -3.3675893779e+00
5.5147230892e-01 -6.1491102265e-01 -3.3675885876e+00
5.5147377891e-01 -6.1490784282e-01 -3.3675898698e+00
5.5147135299e-01 -6.1490195299e-01 -3.3675867340e+00
5.5147284221e-01 -6.1489872017e-01 -3.3675881531e+00
9.8055018889e-01 5.6228309018e-01 2.7089845846e+00
9.8055389275e-01 5.6228514197e-01 2.7089999448e+00
9.8055166944e-01 5.6227835671e-01 2.7089811984e+00
9.8055537031e-01 5.6228023835e-01 2.7089964978e+00
9.8054669503e-01 5.6228305404e-01 2.7089860283e+00
9.8055028399e-01 5.6228517136e-01 2.7090014560e+00
9.8054817265e-01 5.6227832380e-01 2.7089826451e+00
9.8055175155e-01 5.6228025115e-01 2.7089980031e+00
1.0802901839e+00 1.5994542556e+00 -3.9994271769e-01
1.0802924449e+00 1.5994529574e+00 -3.9994277490e-01
1.0802910207e+00 1.5994575172e+00 -3.9994213316e-01
1.0802932807e+00 1.5994562190e+00 -3.9994219048e-01
1.0802824079e+00 1.5994525198e+00 -3.9993768475e-01
1.0802846202e+00 1.5994513116e+00 -3.9993771619e-01
1.0802830008e+00 1.5994559086e+00 -3.9993704957e-01
1.0802852681e+00 1.5994547097e+00 -3.9993711197e-01
-4.4377446469e-01 -1.5283276485e-01 -8.1746772439e-01
-4.4377433706e-01 -1.5282876754e-01 -8.1746860153e-01
-4.4377498550e-01 -1.5284020622e-01 -8.1747042744e-01
-4.4377483387e-01 -1.5283621280e-01 -8.1747128035e-01
-4.4377695339e-01 -1.5283162037e-01 -8.1747014857e-01
-4.4377681207e-01 -1.5282764985e-01 -8.1747105426e-01
-4.4377748039e-01 -1.5283903790e-01 -8.1747284456e-01
-4.4377731506e-01 -1.5283507126e-01 -8.1747372601e-01
7.5007861852e-01 -5.0647676635e-01 2.4453060945e+00
7.5007681378e-01 -5.0648101933e-01 2.4453065579e+00
7.5007997114e-01 -5.0647678414e-01 2.4453065304e+00
7.5007816747e-01 -5.0648103548e-01 2.4453069953e+00
7.5007198270e-01 -5.0647641895e-01 2.4453043509e+00
7.5007013190e-01 -5.0648071162e-01 2.4453049005e+00
7.5007339805e-01 -5.0647623893e-01 2.4453051006e+00
7.5007154537e-01 -5.0648053352e-01 2.4453056490e+00
-3.0956173247e-01 -7.4753054510e-01 -2.8592660527e-01
-3.0956510045e-01 -7.4752861490e-01 -2.8592755374e-01
-3.0956109218e-01 -7.4753627783e-01 -2.8592942451e-01
-3.0956439191e-01 -7.4753437932e-01 -2.8593042866e-01
-3.0955678184e-01 -7.4752999646e-01 -2.8592683722e-01
-3.0956014981e-01 -7.4752806626e-01 -2.8592778570e-01
-3.0955617143e-01 -7.4753583645e-01 -2.8592960541e-01
-3.0955947116e-01 -7.4753393794e-01 -2.8593060956e-01
-4.5080500904e-01 1.5421651857e+00 1.0951006957e+00
-4.5080875907e-01 1.5421627225e+00 1.0950993304e+00
-4.5080668070e-01 1.5421716986e+00 1.0951016171e+00
-4.5081042645e-01 1.5421691933e+00 1.0951006150e+00
-4.5079968520e-01 1.5421642369e+00 1.0951015516e+00
-4.5080342598e-01 1.5421617779e+00 1.0951001787e+00
-4.5080136499e-01 1.5421707599e+00 1.0951024764e+00
-4.5080510151e-01 1.5421682587e+00 1.0951014669e+00
2.6183991855e-01 -1.3480570163e+00 6.0416919292e+00
2.6183978751e-01 -1.3480549071e+00 6.0416909251e+00
2.6183961350e-01 -1.3480609551e+00 6.0416895501e+00
2.6183968198e-01 -1.3480587431e+00 6.0416887711e+00
2.6183508236e-01 -1.3480557111e+00 6.0416927249e+00
2.6183518533e-01 -1.3480534951e+00 6.0416921462e+00
2.6183511715e-01 -1.3480594139e+00 6.0416907092e+00
2.6183522000e-01 -1.3480572117e+00 6.0416899132e+00
4.9563071077e-02 4.0555568795e-01 -4.3866840364e+00
4.9566948364e-02 4.0555633553e-01 -4.3866864076e+00
4.9561855002e-02 4.0556429344e-01 -4.3866782540e+00
4.9565809352e-02 4.0556481752e-01 -4.3866806855e+00
4.9557609978e-02 4.0555566108e-01 -4.3866835115e+00
4.9561434266e-02 4.0555633948e-01 -4.3866859787e+00
4.9556059564e-02 4.0556418442e-01 -4.3866784610e+00
4.9559978724e-02 4.0556472518e-01 -4.3866809552e+00
2.7688058891e+00 1.2575575322e-01 1.8173477738e+00
2.7688052719e+00 1.2575058076e-01 1.8173289973e+00
2.7687989852e+00 1.2573903420e-01 1.8173488216e+00
2.7687983579e+00 1.2573389659e-01 1.8173300206e+00
2.7688207132e+00 1.2574842358e-01 1.8173449282e+00
2.7688199664e+00 1.2574320343e-01 1.8173261821e+00
2.7688138363e+00 1.2573170166e-01 1.8173458946e+00
2.7688130991e+00 1.2572654186e-01 1.8173271137e+00
-2.3399941858e+00 3.3148098837e-01 -4.2726345365e+00
-2.3399947499e+00 3.3147599534e-01 -4.2726057835e+00
-2.3399974571e+00 3.3151175276e-01 -4.2726383087e+00
-2.3399979302e+00 3.3150678021e-01 -4.2726098960e+00
-2.3399893201e+00 3.3148563506e-01 -4.2726346381e+00
-2.3399898643e+00 3.3148062925e-01 -4.2726058804e+00
-2.3399936972e+00 3.3151566683e-01 -4.2726383934e+00
-2.3399951283e+00 3.3151129808e-01 -4.2726091948e+00
-2.7695697774e+00 -2.2154160811e+00 5.1462785116e+00
-2.7695816524e+00 -2.2154099754e+00 5.1463003635e+00
-2.7695698114e+00 -2.2154284621e+00 5.1462728571e+00
-2.7695817788e+00 -2.2154229746e+00 5.1462952855e+00
-2.7695846940e+00 -2.2154112416e+00 5.1462562382e+00
-2.7695970699e+00 -2.2154055347e+00 5.1462779126e+00
-2.7695844370e+00 -2.2154241014e+00 5.1462505008e+00
-2.7695971309e+00 -2.2154190907e+00 5.1462726811e+00
8.4113128736e-01 1.6069119929e+00 7.2239379530e-01
8.4111883096e-01 1.6069037326e+00 7.2240657890e-01
8.4111806659e-01 1.6069121106e+00 7.2238167306e-01
8.4110633171e-01 1.6069035018e+00 7.2239375573e-01
8.4108255886e-01 1.6069065014e+00 7.2239374323e-01
8.4106925427e-01 1.6068986245e+00 7.2240717267e-01
8.4106917032e-01 1.6069061913e+00 7.2238127106e-01
8.4105582506e-01 1.6068983961e+00 7.2239479304e-01
-1.1319498426e+01 -1.1382764271e+00 1.7601048072e+00
-1.1319500633e+01 -1.1382761004e+00 1.7601305049e+00
-1.1319499256e+01 -1.1382833661e+00 1.7600914070e+00
-1.1319501064e+01 -1.1382828997e+00 1.7601169768e+00
-1.1319465511e+01 -1.1382863296e+00 1.7601031192e+00
-1.1319467704e+01 -1.1382860184e+00 1.7601288205e+00
-1.1319466538e+01 -1.1382933494e+00 1.7600897317e+00
-1.1319468328e+01 -1.1382929138e+00 1.7601153022e+00
3.1001723566e+00 3.4365719845e+00 3.5478749117e+00
3.1001838998e+00 3.4365665059e+00 3.5478813820e+00
3.1001892095e+00 3.4365700988e+00 3.5478662826e+00
3.1002006966e+00 3.4365646849e+00 3.5478727630e+00
3.1001915876e+00 3.4365779517e+00 3.5478733480e+00
3.1002029301e+00 3.4365728828e+00 3.5478797853e+00
3.1002083359e+00 3.4365759422e+00 3.5478647225e+00
3.1002196262e+00 3.4365707018e+00 3.5478710841e+00
1.1615674846e+01 -4.4537683020e-01 1.4606085876e+00
1.1615664963e+01 -4.4537448498e-01 1.4605891044e+00
1.1615685172e+01 -4.4538821391e-01 1.4606047703e+00
1.1615675234e+01 -4.4538594800e-01 1.4605852644e+00
1.1615648443e+01 -4.4538130915e-01 1.4606112840e+00
1.1615638021e+01 -4.4537821173e-01 1.4605919182e+00
1.1615658881e+01 -4.4539357837e-01 1.4606071744e+00
1.1615648417e+01 -4.4539042131e-01 1.4605877593e+00
7.3350481445e-01 -3.7575464256e+00 2.7885441888e-01
7.3350370540e-01 -3.7575466662e+00 2.7883724730e-01
7.3350257525e-01 -3.7575373708e+00 2.7884771462e-01
7.3350138679e-01 -3.7575377116e+00 2.7883040128e-01
7.3351490517e-01 -3.7575432930e+00 2.7885770774e-01
7.3351378259e-01 -3.7575435079e+00 2.7884053882e-01
7.3351302194e-01 -3.7575344636e+00 2.7885130005e-01
7.3351182140e-01 -3.7575347751e+00 2.7883398887e-01
-1.7261923215e+00 1.3520223230e+00 -1.2428938672e+00
-1.7261952466e+00 1.3520257902e+00 -1.2428720215e+00
-1.7261853627e+00 1.3520104596e+00 -1.2428889914e+00
-1.7261891723e+00 1.3520133756e+00 -1.2428678935e+00
-1.7262330992e+00 1.3520209936e+00 -1.2429021542e+00
-1.7262359365e+00 1.3520241579e+00 -1.2428808906e+00
-1.7262265288e+00 1.3520094786e+00 -1.2428979739e+00
-1.7262289289e+00 1.3520128478e+00 -1.2428763931e+00
-8.5546660339e+00 -1.8968506704e+00 2.0405798934e+00
-8.5546696445e+00 -1.8968500985e+00 2.0405937511e+00
-8.5546584923e+00 -1.8968174197e+00 2.0405664547e+00
-8.5546623261e+00 -1.8968167830e+00 2.0405806843e+00
-8.5546941748e+00 -1.8968466766e+00 2.0405750556e+00
-8.5546979010e+00 -1.8968461147e+00 2.0405891759e+00
-8.5546864853e+00 -1.8968124771e+00 2.0405629533e+00
-8.5546903796e+00 -1.8968119735e+00 2.0405774603e+00
-1.7215106599e+00 -4.3723843591e+00 1.2728657402e+00
-1.7215124946e+00 -4.3723866461e+00 1.2728393529e+00
-1.7215171132e+00 -4.3724077690e+00 1.2728654476e+00
-1.7215189729e+00 -4.3724102953e+00 1.2728389821e+00
-1.7214884320e+00 -4.3723752445e+00 1.2728630504e+00
-1.7214903955e+00 -4.3723774667e+00 1.2728363686e+00
-1.7214948694e+00 -4.3723986161e+00 1.2728627575e+00
-1.7214968579e+00 -4.3724010777e+00 1.2728359975e+00
2.7877730958e-01 2.4734931314e+00 -8.4586635026e-01
2.7877337207e-01 2.4734957003e+00 -8.4585118968e-01
2.7878181362e-01 2.4735166186e+00 -8.4588509366e-01
2.7877783340e-01 2.4735192338e+00 -8.4586993588e-01
2.7874750291e-01 2.4734911931e+00 -8.4586394416e-01
2.7874354959e-01 2.4734938116e+00 -8.4584914860e-01
2.7875238168e-01 2.4735148883e+00 -8.4588280670e-01
2.7874844557e-01 2.4735174697e+00 -8.4586796414e-01
-8.3642203038e-01 -1.0003799069e+01 -2.0286473485e+00
-8.3643279671e-01 -1.0003795867e+01 -2.0286785708e+00
-8.3642463306e-01 -1.0003814062e+01 -2.0286388936e+00
-8.3643508250e-01 -1.0003810687e+01 -2.0286702812e+00
-8.3641380044e-01 -1.0003785751e+01 -2.0286409128e+00
-8.3642374620e-01 -1.0003782667e+01 -2.0286722456e+00
-8.3641648740e-01 -1.0003800737e+01 -2.0286325816e+00
-8.3642650605e-01 -1.0003797724e+01 -2.0286639355e+00
2.2809808118e+00 1.1323111400e+01 1.7343075092e+00
2.2809793144e+00 1.1323103186e+01 1.7342973962e+00
2.2809693884e+00 1.1323154626e+01 1.7343099948e+00
2.2809679672e+00 1.1323146403e+01 1.7342998835e+00
2.2810045513e+00 1.1323099281e+01 1.7343099672e+00
2.2810029432e+00 1.1323090922e+01 1.7342998171e+00
2.2809927534e+00 1.1323143203e+01 1.7343124703e+00
2.2809913322e+00 1.1323135003e+01 1.7343023636e+00
1.4523653675e+00 -8.4950939631e-01 -1.7992298861e+00
1.4523632257e+00 -8.4950422321e-01 -1.7992013083e+00
1.4523617173e+00 -8.4951005718e-01 -1.7992266609e+00
1.4523595445e+00 -8.4950496598e-01 -1.7991979488e+00
1.4523628618e+00 -8.4951307531e-01 -1.7992299834e+00
1.4523606989e+00 -8.4950724428e-01 -1.7992008861e+00
1.4523591513e+00 -8.4951376193e-01 -1.7992266147e+00
1.4523570015e+00 -8.4950786167e-01 -1.7991976797e+00
5.8592564303e+00 3.9319351283e+00 1.0648329048e+00
5.8592493924e+00 3.9319366958e+00 1.0648199963e+00
5.8592454241e+00 3.9319444717e+00 1.0648247595e+00
5.8592383089e+00 3.9319459054e+00 1.0648119617e+00
5.8592484013e+00 3.9319387096e+00 1.0648377398e+00
5.8592416693e+00 3.9319404978e+00 1.0648246709e+00
5.8592373879e+00 3.9319480564e+00 1.0648296071e+00
5.8592305789e+00 3.9319497103e+00 1.0648166491e+00
5.3711875799e+00 -4.5115998299e+00 1.8215953581e+00
5.3711858163e+00 -4.5116160302e+00 1.8215925445e+00
5.3711885337e+00 -4.5116170995e+00 1.8215835990e+00
5.3711864100e+00 -4.5116331127e+00 1.8215805052e+00
5.3711889334e+00 -4.5115949427e+00 1.8215990552e+00
5.3711871702e+00 -4.5116111422e+00 1.8215962419e+00
5.3711898911e+00 -4.5116122086e+00 1.8215873018e+00
5.3711877823e+00 -4.5116282121e+00 1.8215841961e+00
-6.9721551710e+00 3.2166476384e+00 -2.3481215961e+00
-6.9721638584e+00 3.2166544289e+00 -2.3481164843e+00
-6.9721564266e+00 3.2166519907e+00 -2.3481196961e+00
-6.9721650732e+00 3.2166592096e+00 -2.3481144267e+00
-6.9721569818e+00 3.2166451823e+00 -2.3481176754e+00
-6.9721657660e+00 3.2166519720e+00 -2.3481124310e+00
-6.9721579247e+00 3.2166495946e+00 -2.3481158021e+00
-6.9721666666e+00 3.2166568158e+00 -2.3481104022e+00
6.3015311177e-01 2.4578030511e+00 -2.0020363478e+00
6.3014635013e-01 2.4577950452e+00 -2.0020401654e+00
6.3015206829e-01 2.4577807981e+00 -2.0020263813e+00
6.3014551761e-01 2.4577726222e+00 -2.0020298362e+00
6.3009506078e-01 2.4578013908e+00 -2.0020409609e+00
6.3008755246e-01 2.4577938608e+00 -2.0020440574e+00
6.3009415415e-01 2.4577776632e+00 -2.0020306856e+00
6.3008682802e-01 2.4577698950e+00 -2.0020333254e+00
8.2136618697e+00 2.5310202291e+00 6.9221432001e-01
8.2136537453e+00 2.5310299715e+00 6.9223370815e-01
8.2136637038e+00 2.5310343846e+00 6.9221298688e-01
8.2136555382e+00 2.5310438824e+00 6.9223210672e-01
8.2136534261e+00 2.5310204880e+00 6.9221687750e-01
8.2136457858e+00 2.5310299494e+00 6.9223661492e-01
8.2136550441e+00 2.5310347479e+00 6.9221569710e-01
8.2136473513e+00 2.5310439615e+00 6.9223516511e-01
-6.9024857954e+00 -7.8324126742e+00 -3.0838408613e+00
-6.9024764376e+00 -7.8324063005e+00 -3.0838642595e+00
-6.9024867454e+00 -7.8324287359e+00 -3.0838406829e+00
-6.9024774641e+00 -7.8324222437e+00 -3.0838642336e+00
-6.9024635610e+00 -7.8324081505e+00 -3.0838424003e+00
-6.9024542597e+00 -7.8324016656e+00 -3.0838659336e+00
-6.9024645347e+00 -7.8324247811e+00 -3.0838419100e+00
-6.9024551927e+00 -7.8324183919e+00 -3.0838653202e+00
-2.4516333090e+00 8.1760134018e+00 1.9203866751e+00
-2.4516301610e+00 8.1760027719e+00 1.9203902889e+00
-2.4516302689e+00 8.1760122774e+00 1.9203879290e+00
-2.4516271138e+00 8.1760016352e+00 1.9203915368e+00
-2.4516149463e+00 8.1760102229e+00 1.9203867202e+00
-2.4516117983e+00 8.1759995930e+00 1.9203903339e+00
-2.4516118972e+00 8.1760090691e+00 1.9203879129e+00
-2.4516087420e+00 8.1759984269e+00 1.9203915207e+00
4.1124641840e+00 -1.2136489670e+01 7.1098673449e-01
4.1124682735e+00 -1.2136488464e+01 7.1097869711e-01
4.1124630115e+00 -1.2136503044e+01 7.1097521967e-01
4.1124671396e+00 -1.2136500922e+01 7.1096647720e-01
4.1124653946e+00 -1.2136485844e+01 7.1098713131e-01
4.1124694992e+00 -1.2136484665e+01 7.1097911463e-01
4.1124642347e+00 -1.2136499229e+01 7.1097563528e-01
4.1124683644e+00 -1.2136497121e+01 7.1096689419e-01
-5.1938385834e+00 2.2156179674e+00 2.1077480796e+00
-5.1938334240e+00 2.2156100708e+00 2.1077385565e+00
-5.1938391715e+00 2.2156205591e+00 2.1077404562e+00
-5.1938340122e+00 2.2156126610e+00 2.1077309332e+00
-5.1938320343e+00 2.2156088515e+00 2.1077427198e+00
-5.1938268748e+00 2.2156009549e+00 2.1077331965e+00
-5.1938316659e+00 2.2156119867e+00 2.1077357640e+00
-5.1938265068e+00 2.2156040888e+00 2.1077262410e+00
1.8684873766e-01 -3.9399120668e+00 -9.2146049313e-01
1.8684103154e-01 -3.9399036995e+00 -9.2144314444e-01
1.8685656942e-01 -3.9399320264e+00 -9.2146217344e-01
1.8684870836e-01 -3.9399234969e+00 -9.2144477347e-01
1.8683959095e-01 -3.9399173939e+00 -9.2145335893e-01
1.8683152314e-01 -3.9399089065e+00 -9.2143634792e-01
1.8684744733e-01 -3.9399374406e+00 -9.2145515313e-01
1.8683922955e-01 -3.9399287827e+00 -9.2143808284e-01
-2.6105622105e-01 3.1144518341e+00 1.4378610529e+00
-2.6106207348e-01 3.1144500276e+00 1.4378612072e+00
-2.6105099489e-01 3.1144477532e+00 1.4378666165e+00
-2.6105685897e-01 3.1144459585e+00 1.4378667488e+00
-2.6105210908e-01 3.1144528405e+00 1.4378607101e+00
-2.6105798982e-01 3.1144509788e+00 1.4378609347e+00
-2.6104668053e-01 3.1144488018e+00 1.4378663042e+00
-2.6105257147e-01 3.1144469547e+00 1.4378665049e+00
-9.1449350744e-01 -2.3413834689e+00 2.6568372695e+00
-9.1448689828e-01 -2.3413891885e+00 2.6568648031e+00
-9.1449458713e-01 -2.3414120375e+00 2.6568389486e+00
-9.1448907093e-01 -2.3414175631e+00 2.6568673419e+00
-9.1449260921e-01 -2.3413786745e+00 2.6568395339e+00
-9.1448596797e-01 -2.3413843286e+00 2.6568670987e+00
-9.1449392133e-01 -2.3414074844e+00 2.6568413019e+00
-9.1448809920e-01 -2.3414128010e+00 2.6568696454e+00
3.0847524816e+00 -1.3813065771e+00 1.6155540561e+00
3.0847500094e+00 -1.3813156436e+00 1.6155385165e+00
3.0847551563e+00 -1.3813140099e+00 1.6155626848e+00
3.0847526869e+00 -1.3813230820e+00 1.6155471286e+00
3.0847532834e+00 -1.3813160420e+00 1.6155477064e+00
3.0847508458e+00 -1.3813253130e+00 1.6155318850e+00
3.0847561024e+00 -1.3813236399e+00 1.6155563006e+00
3.0847536677e+00 -1.3813329166e+00 1.6155404626e+00
-1.8777984762e-01 9.3729692857e+00 3.2577656639e+00
-1.8777625142e-01 9.3729774563e+00 3.2577627257e+00
-1.8777967088e-01 9.3729508132e+00 3.2577613250e+00
-1.8777641430e-01 9.3729589760e+00 3.2577582650e+00
-1.8776533305e-01 9.3729685191e+00 3.2577705948e+00
-1.8776171934e-01 9.3729766790e+00 3.2577676733e+00
-1.8776521618e-01 9.3729499131e+00 3.2577662603e+00
-1.8776191655e-01 9.3729580799e+00 3.2577632405e+00
3.6782427013e+00 2.1073781959e+00 2.1987757128e+00
3.6782452440e+00 2.1073663162e+00 2.1987531970e+00
3.6782389039e+00 2.1073708578e+00 2.1987788549e+00
3.6782414320e+00 2.1073589595e+00 2.1987563376e+00
3.6782520314e+00 2.1073752214e+00 2.1987746523e+00
3.6782545702e+00 2.1073633350e+00 2.1987521323e+00
3.6782476716e+00 2.1073679895e+00 2.1987785861e+00
3.6782502034e+00 2.1073560975e+00 2.1987560738e+00
1.7762936641e+00 3.6696043852e+00 6.5998832296e-01
1.7762835014e+00 3.6696191161e+00 6.5998636959e-01
1.7762887624e+00 3.6695791434e+00 6.5998992362e-01
1.7762792254e+00 3.6695935696e+00 6.5998714617e-01
1.7762902469e+00 3.6695999985e+00 6.5999344992e-01
1.7762801037e+00 3.6696147169e+00 6.5999151231e-01
1.7762857414e+00 3.6695745159e+00 6.5999513882e-01
1.7762762240e+00 3.6695889296e+00 6.5999237713e-01
-7.1825381953e+00 -1.8511670032e+00 -2.6271015516e-01
-7.1825345907e+00 -1.8511724747e+00 -2.6271954414e-01
-7.1825341395e+00 -1.8511655675e+00 -2.6270493554e-01
-7.1825305351e+00 -1.8511710402e+00 -2.6271432354e-01
-7.1825657473e+00 -1.8511617260e+00 -2.6270503831e-01
-7.1825621056e+00 -1.8511673579e+00 -2.6271487845e-01
-7.1825612586e+00 -1.8511606081e+00 -2.6270013511e-01
-7.1825577066e+00 -1.8511661990e+00 -2.6270998195e-01
-2.7803294642e+00 -1.2241033563e+00 2.4346743566e+00
-2.7803245181e+00 -1.2241096155e+00 2.4346621834e+00
-2.7803346010e+00 -1.2241005497e+00 2.4346675733e+00
-2.7803295065e+00 -1.2241067474e+00 2.4346552534e+00
-2.7803203115e+00 -1.2241038862e+00 2.4346747329e+00
-2.7803152496e+00 -1.2241100947e+00 2.4346626519e+00
-2.7803254736e+00 -1.2241011306e+00 2.4346679489e+00
-2.7803202631e+00 -1.2241072777e+00 2.4346557211e+00
5.3514599143e+00 1.3923729087e-01 -8.1960824022e-01
5.3514632264e+00 1.3924024069e-01 -8.1960765875e-01
5.3514595140e+00 1.3926640341e-01 -8.1960158306e-01
5.3514626426e+00 1.3926897150e-01 -8.1960116553e-01
5.3514556893e+00 1.3923089784e-01 -8.1960308950e-01
5.3514589895e+00 1.3923386176e-01 -8.1960251800e-01
5.3514547867e+00 1.3926023237e-01 -8.1959668716e-01
5.3514584456e+00 1.3926254673e-01 -8.1959605364e-01
2.6888997107e+00 -2.0385056143e-01 4.1827442826e-02
2.6889048119e+00 -2.0385074203e-01 4.1816496094e-02
2.6889021669e+00 -2.0385467738e-01 4.1829947643e-02
2.6889076945e+00 -2.0385520875e-01 4.1819320688e-02
2.6888563184e+00 -2.0385078512e-01 4.1826135913e-02
2.6888611799e+00 -2.0385122333e-01 4.1815516684e-02
2.6888586036e+00 -2.0385571466e-01 4.1828388092e-02
2.6888635245e+00 -2.0385597077e-01 4.1817417074e-02
4.6420855115e+00 2.8729711051e+00 -3.4537079966e+00
4.6420978313e+00 2.8729790421e+00 -3.4537328773e+00
4.6420856482e+00 2.8730276587e+00 -3.4537227058e+00
4.6420976071e+00 2.8730354025e+00 -3.4537474648e+00
4.6420453574e+00 2.8729738174e+00 -3.4536999006e+00
4.6420580125e+00 2.8729818334e+00 -3.4537245387e+00
4.6420431368e+00 2.8730293942e+00 -3.4537156515e+00
4.6420557866e+00 2.8730375138e+00 -3.4537401098e+00
-4.2777393271e+00 -8.4509028607e+00 7.3262451511e-02
-4.2777360675e+00 -8.4509024487e+00 7.3257938881e-02
-4.2777411402e+00 -8.4509246025e+00 7.3263000363e-02
-4.2777378834e+00 -8.4509242099e+00 7.3258501609e-02
-4.2777113164e+00 -8.4508993069e+00 7.3260252129e-02
-4.2777080561e+00 -8.4508988933e+00 7.3255739295e-02
-4.2777130697e+00 -8.4509210917e+00 7.3260753904e-02
-4.2777098121e+00 -8.4509206976e+00 7.3256254722e-02
-7.6593638975e+00 1.0119956642e+00 -1.3240727650e+00
-7.6593647887e+00 1.0119999080e+00 -1.3240748488e+00
-7.6593599886e+00 1.0120068670e+00 -1.3240709348e+00
-7.6593608344e+00 1.0120110594e+00 -1.3240731023e+00
-7.6593516039e+00 1.0119918111e+00 -1.3240721410e+00
-7.6593525145e+00 1.0119960312e+00 -1.3240742224e+00
-7.6593478327e+00 1.0120029722e+00 -1.3240701062e+00
-7.6593486975e+00 1.0120071444e+00 -1.3240722775e+00
3.6664998422e+00 -5.8329893660e+00 -2.1890134651e+00
3.6664879445e+00 -5.8329880931e+00 -2.1890253822e+00
3.6665062721e+00 -5.8330044143e+00 -2.1890131581e+00
3.6664943736e+00 -5.8330032297e+00 -2.1890250785e+00
3.6664992584e+00 -5.8329874868e+00 -2.1890158934e+00
3.6664873379e+00 -5.8329862162e+00 -2.1890278057e+00
3.6665056917e+00 -5.8330025402e+00 -2.1890155873e+00
3.6664937682e+00 -5.8330013565e+00 -2.1890274981e+00
-2.7024903738e+00 1.8433458035e+00 1.7658959302e+00
-2.7024992144e+00 1.8433495629e+00 1.7659040406e+00
-2.7024972525e+00 1.8433765224e+00 1.7659048723e+00
-2.7025057316e+00 1.8433800401e+00 1.7659126106e+00
-2.7024865335e+00 1.8433448029e+00 1.7658919178e+00
-2.7024955264e+00 1.8433484002e+00 1.7658998795e+00
-2.7024937280e+00 1.8433755093e+00 1.7659007376e+00
-2.7025021589e+00 1.8433790735e+00 1.7659084095e+00
2.0683050214e+00 3.3319868157e+00 -2.7181421006e+00
2.0683155753e+00 3.3319908217e+00 -2.7181675452e+00
2.0683010837e+00 3.3319573544e+00 -2.7181434638e+00
2.0683116322e+00 3.3319614821e+00 -2.7181689889e+00
2.0682973380e+00 3.3319789439e+00 -2.7181463888e+00
2.0683078918e+00 3.3319829498e+00 -2.7181718339e+00
2.0682939253e+00 3.3319504708e+00 -2.7181477280e+00
2.0683044739e+00 3.3319545983e+00 -2.7181732536e+00
-2.8014765264e+00 -5.1901604902e+00 4.1138627163e-01
-2.8014727169e+00 -5.1901636324e+00 4.1138118433e-01
-2.8014798994e+00 -5.1901178219e+00 4.1139136514e-01
-2.8014765596e+00 -5.1901204374e+00 4.1138634716e-01
-2.8014903401e+00 -5.1901600024e+00 4.1138695600e-01
-2.8014865472e+00 -5.1901631955e+00 4.1138184399e-01
-2.8014937262e+00 -5.1901175314e+00 4.1139179530e-01
-2.8014904034e+00 -5.1901201960e+00 4.1138675187e-01
-2.2222154947e+00 7.1731676164e+00 -4.8744815508e+00
-2.2222182064e+00 7.1731756400e+00 -4.8744986954e+00
-2.2222105113e+00 7.1731646334e+00 -4.8744877373e+00
-2.2222128295e+00 7.1731727700e+00 -4.8745048107e+00
-2.2222288534e+00 7.1731802041e+00 -4.8744695591e+00
-2.2222315651e+00 7.1731882275e+00 -4.8744867035e+00
-2.2222238908e+00 7.1731772328e+00 -4.8744757585e+00
-2.2222262091e+00 7.1731853692e+00 -4.8744928316e+00
9.0803705312e-01 -3.4861806244e+00 -6.4309164611e-02
9.0803859730e-01 -3.4861895105e+00 -6.4306815829e-02
9.0803013417e-01 -3.4861544925e+00 -6.4297926976e-02
9.0803147803e-01 -3.4861629331e+00 -6.4296347458e-02
9.0803049477e-01 -3.4861867651e+00 -6.4317012478e-02
9.0803205179e-01 -3.4861957004e+00 -6.4314693246e-02
9.0802349394e-01 -3.4861606895e+00 -6.4306306321e-02
9.0802479016e-01 -3.4861693437e+00 -6.4304716666e-02
-1.2680123523e+00 7.2016962201e+00 -5.1335248115e+00
-1.2680220387e+00 7.2016953887e+00 -5.1335298823e+00
-1.2680134287e+00 7.2016899053e+00 -5.1335201114e+00
-1.2680229113e+00 7.2016897272e+00 -5.1335251675e+00
-1.2680020404e+00 7.2016929925e+00 -5.1335310357e+00
-1.2680119032e+00 7.2016922053e+00 -5.1335360729e+00
-1.2680030817e+00 7.2016865919e+00 -5.1335263359e+00
-1.2680127407e+00 7.2016864580e+00 -5.1335313584e+00
-1.8718751870e+00 -1.2511802278e+00 8.6218272974e-02
-1.8718817229e+00 -1.2511825574e+00 8.6231146861e-02
-1.8718676337e+00 -1.2511783304e+00 8.6231732186e-02
-1.8718744427e+00 -1.2511805609e+00 8.6244378278e-02
-1.8718658500e+00 -1.2511754960e+00 8.6223481553e-02
-1.8718724096e+00 -1.2511778253e+00 8.6236336713e-02
-1.8718583916e+00 -1.2511736613e+00 8.6236944349e-02
-1.8718652442e+00 -1.2511759172e+00 8.6249582380e-02
6.1583839241e+00 -1.9907276068e+00 -5.5193005321e+00
6.1583727874e+00 -1.9907228574e+00 -5.5193087585e+00
6.1583762253e+00 -1.9907463423e+00 -5.5192996816e+00
6.1583650887e+00 -1.9907415931e+00 -5.5193079076e+00
6.1583841040e+00 -1.9907275958e+00 -5.5193030630e+00
6.1583729709e+00 -1.9907228477e+00 -5.5193112944e+00
6.1583764035e+00 -1.9907463299e+00 -5.5193022455e+00
6.1583652709e+00 -1.9907415817e+00 -5.5193104770e+00
-7.1864359527e-01 4.8366941078e+00 -7.7119883155e-02
-7.1864466411e-01 4.8366895704e+00 -7.7113546663e-02
-7.1864416721e-01 4.8366989346e+00 -7.7110910393e-02
-7.1864465348e-01 4.8366953162e+00 -7.7104648148e-02
-7.1864556378e-01 4.8366959528e+00 -7.7120155606e-02
-7.1864662923e-01 4.8366914191e+00 -7.7113816679e-02
-7.1864613506e-01 4.8367007769e+00 -7.7111186391e-02
-7.1864661694e-01 4.8366971622e+00 -7.7104921643e-02
2.8245407751e+00 1.7374877644e+00 2.1165832239e+01
2.8245523320e+00 1.7374815159e+00 2.1165822174e+01
2.8245392035e+00 1.7374877188e+00 2.1165831289e+01
2.8245506761e+00 1.7374814195e+00 2.1165821238e+01
2.8245473071e+00 1.7374856434e+00 2.1165827484e+01
2.8245588793e+00 1.7374793510e+00 2.1165817392e+01
2.8245457158e+00 1.7374856615e+00 2.1165826453e+01
2.8245570600e+00 1.7374793966e+00 2.1165816513e+01
-4.2065731217e+00 -2.6775513120e-02 1.3898440737e+01
-4.2065723042e+00 -2.6769191878e-02 1.3898446495e+01
-4.2065727154e+00 -2.6779330618e-02 1.3898447240e+01
-4.2065718711e+00 -2.6773069002e-02 1.3898453041e+01
-4.2065546815e+00 -2.6771440508e-02 1.3898441126e+01
-4.2065537986e+00 -2.6765097435e-02 1.3898446890e+01
-4.2065541887e+00 -2.6775243249e-02 1.3898447638e+01
-4.2065533018e+00 -2.6768988545e-02 1.3898453467e+01
-1.2965165939e+00 -2.5586484797e+00 1.0490092267e+01
-1.2965200073e+00 -2.5586509714e+00 1.0490072097e+01
-1.2965176659e+00 -2.5586479246e+00 1.0490090116e+01
-1.2965210201e+00 -2.5586504115e+00 1.0490069969e+01
-1.2965147260e+00 -2.5586475731e+00 1.0490091017e+01
-1.2965181290e+00 -2.5586500325e+00 1.0490070872e+01
-1.2965152470e+00 -2.5586469711e+00 1.0490088897e+01
-1.2965186017e+00 -2.5586494584e+00 1.0490068748e+01
2.7037514594e+00 2.4695890452e+00 1.5919790559e+01
2.7037477633e+00 2.4695954784e+00 1.5919823458e+01
2.7037511227e+00 2.4695877363e+00 1.5919794859e+01
2.7037471410e+00 2.4695941694e+00 1.5919827639e+01
2.7037535383e+00 2.4695904650e+00 1.5919795943e+01
2.7037509225e+00 2.4695963520e+00 1.5919828424e+01
2.7037530513e+00 2.4695892867e+00 1.5919799878e+01
2.7037500838e+00 2.4695952067e+00 1.5919832255e+01
-8.3353873452e-01 -6.2584946565e+00 1.1257132814e+01
-8.3354798017e-01 -6.2584917110e+00 1.1257132904e+01
-8.3354686018e-01 -6.2584844582e+00 1.1257134667e+01
-8.3355578314e-01 -6.2584819122e+00 1.1257135126e+01
-8.3356785628e-01 -6.2584876437e+00 1.1257138808e+01
-8.3357713850e-01 -6.2584846242e+00 1.1257138940e+01
-8.3357610611e-01 -6.2584768074e+00 1.1257141756e+01
-8.3358525683e-01 -6.2584743820e+00 1.1257142220e+01
-1.8770786851e+00 1.1960512346e+01 1.6164366093e+01
-1.8770791072e+00 1.1960512616e+01 1.6164395939e+01
-1.8770746574e+00 1.1960507043e+01 1.6164370375e+01
-1.8770752064e+00 1.1960507127e+01 1.6164400034e+01
-1.8770822110e+00 1.1960511626e+01 1.6164364979e+01
-1.8770824000e+00 1.1960511757e+01 1.6164394817e+01
-1.8770780762e+00 1.1960506045e+01 1.6164369370e+01
-1.8770784342e+00 1.1960506093e+01 1.6164399015e+01
-8.4592243153e-01 -1.3381795080e+00 1.8299183652e+01
-8.4591538771e-01 -1.3381796056e+00 1.8299185377e+01
-8.4591852891e-01 -1.3381829151e+00 1.8299183335e+01
-8.4591152196e-01 -1.3381830455e+00 1.8299185046e+01
-8.4592185574e-01 -1.3381767225e+00 1.8299184713e+01
-8.4591481314e-01 -1.3381768235e+00 1.8299186443e+01
-8.4591761794e-01 -1.3381800989e+00 1.8299184367e+01
-8.4591060805e-01 -1.3381802373e+00 1.8299186080e+01
2.9452591185e+00 3.3824514587e+00 1.5429474560e+01
2.9452597817e+00 3.3824555203e+00 1.5429478363e+01
2.9452561605e+00 3.3824455197e+00 1.5429474629e+01
2.9452572484e+00 3.3824496448e+00 1.5429478416e+01
2.9452482878e+00 3.3824533972e+00 1.5429477313e+01
2.9452491419e+00 3.3824573798e+00 1.5429481463e+01
2.9452451062e+00 3.3824472370e+00 1.5429477044e+01
2.9452463838e+00 3.3824512827e+00 1.5429481179e+01
-1.0943675029e+00 -3.3263693431e+00 2.0347515061e+01
-1.0943553262e+00 -3.3263672313e+00 2.0347531825e+01
-1.0943687844e+00 -3.3263429772e+00 2.0347518667e+01
-1.0943572476e+00 -3.3263399239e+00 2.0347535074e+01
-1.0943612710e+00 -3.3263681747e+00 2.0347512472e+01
-1.0943490904e+00 -3.3263658630e+00 2.0347528936e+01
-1.0943627065e+00 -3.3263415939e+00 2.0347516022e+01
-1.0943511293e+00 -3.3263386408e+00 2.0347532058e+01
1.9450418899e+00 2.2193069449e+00 1.8269838194e+01
1.9450453774e+00 2.2193053660e+00 1.8269840929e+01
1.9450410102e+00 2.2193041914e+00 1.8269834308e+01
1.9450445215e+00 2.2193025843e+00 1.8269837008e+01
1.9450320752e+00 2.2193052927e+00 1.8269840678e+01
1.9450350621e+00 2.2193038048e+00 1.8269843049e+01
1.9450313384e+00 2.2193023152e+00 1.8269836738e+01
1.9450343162e+00 2.2193008655e+00 1.8269839140e+01
-1.1417105491e+00 3.7327422388e+00 1.6478752112e+01
-1.1417101049e+00 3.7327519165e+00 1.6478764160e+01
-1.1417123463e+00 3.7327582708e+00 1.6478750388e+01
-1.1417118394e+00 3.7327679711e+00 1.6478762275e+01
-1.1417023052e+00 3.7327421738e+00 1.6478746692e+01
-1.1417019139e+00 3.7327517687e+00 1.6478758619e+01
-1.1417040653e+00 3.7327582285e+00 1.6478744977e+01
-1.1417037012e+00 3.7327678343e+00 1.6478756720e+01
-1.5436384370e+00 -7.6910716024e-01 1.8028547796e+01
-1.5436388869e+00 -7.6912051033e-01 1.8028553981e+01
-1.5436404630e+00 -7.6911293059e-01 1.8028541847e+01
-1.5436409141e+00 -7.6912639246e-01 1.8028548107e+01
-1.5436274786e+00 -7.6910600260e-01 1.8028546527e+01
-1.5436278260e+00 -7.6911941670e-01 1.8028552633e+01
-1.5436295551e+00 -7.6911174403e-01 1.8028540572e+01
-1.5436298839e+00 -7.6912520433e-01 1.8028546647e+01
6.5703139884e+00 -2.5887073242e+00 1.9685690141e+01
6.5703011291e+00 -2.5887012826e+00 1.9685694439e+01
6.5703146891e+00 -2.5886804195e+00 1.9685688839e+01
6.5703019814e+00 -2.5886744571e+00 1.9685692919e+01
6.5703073339e+00 -2.5887089747e+00 1.9685694395e+01
6.5702945145e+00 -2.5887029830e+00 1.9685698731e+01
6.5703081185e+00 -2.5886824366e+00 1.9685692768e+01
6.5702953637e+00 -2.5886765436e+00 1.9685696885e+01
-3.8674687513e+00 -3.3933807460e-01 9.2123897984e+00
-3.8674694586e+00 -3.3933191452e-01 9.2124279254e+00
-3.8674654802e+00 -3.3934628635e-01 9.2123836212e+00
-3.8674668381e+00 -3.3933997320e-01 9.2124216487e+00
-3.8674761655e+00 -3.3933846997e-01 9.2123909600e+00
-3.8674770147e+00 -3.3933227336e-01 9.2124289440e+00
-3.8674729150e+00 -3.3934702814e-01 9.2123843682e+00
-3.8674744144e+00 -3.3934067811e-01 9.2124222539e+00
-4.9062564326e+00 -1.5329796863e+00 2.0812105987e+01
-4.9062536358e+00 -1.5329838817e+00 2.0812123439e+01
-4.9062551677e+00 -1.5329536691e+00 2.0812104790e+01
-4.9062517227e+00 -1.5329591365e+00 2.0812122474e+01
-4.9062595422e+00 -1.5329829547e+00 2.0812105493e+01
-4.9062566086e+00 -1.5329868824e+00 2.0812122703e+01
-4.9062582676e+00 -1.5329567925e+00 2.0812103937e+01
-4.9062547117e+00 -1.5329621183e+00 2.0812121736e+01
5.1432780834e+00 -2.9594172561e+00 1.3676184981e+01
5.1432778779e+00 -2.9594158238e+00 1.3676194802e+01
5.1432745654e+00 -2.9594122221e+00 1.3676191471e+01
5.1432744433e+00 -2.9594105244e+00 1.3676201497e+01
5.1432733151e+00 -2.9594098595e+00 1.3676189329e+01
5.1432730205e+00 -2.9594084945e+00 1.3676199077e+01
5.1432697522e+00 -2.9594046571e+00 1.3676195585e+01
5.1432695297e+00 -2.9594031866e+00 1.3676205678e+01
-6.1738097099e+00 1.6412414931e+00 -1.6066723939e+01
-6.1738112817e+00 1.6412327352e+00 -1.6066727351e+01
-6.1738070548e+00 1.6412494357e+00 -1.6066736567e+01
-6.1738085981e+00 1.6412406191e+00 -1.6066739941e+01
-6.1738032520e+00 1.6412410297e+00 -1.6066721942e+01
-6.1738043937e+00 1.6412323667e+00 -1.6066725357e+01
-6.1738005981e+00 1.6412489727e+00 -1.6066734570e+01
-6.1738017112e+00 1.6412402509e+00 -1.6066737947e+01
3.7832974643e-01 1.5009031560e+00 -1.8784572278e+01
3.7832946542e-01 1.5009067472e+00 -1.8784574525e+01
3.7832598456e-01 1.5008949761e+00 -1.8784569949e+01
3.7832570932e-01 1.5008985718e+00 -1.8784572192e+01
3.7833063405e-01 1.5009020080e+00 -1.8784571795e+01
3.7833035825e-01 1.5009056004e+00 -1.8784574036e+01
3.7832687504e-01 1.5008939419e+00 -1.8784569512e+01
3.7832659407e-01 1.5008975361e+00 -1.8784571761e+01
2.7821035003e+00 -7.4056900797e+00 -1.0526880059e+01
2.7820995047e+00 -7.4057069442e+00 -1.0526845480e+01
2.7820999326e+00 -7.4057145980e+00 -1.0526874294e+01
2.7820957152e+00 -7.4057312314e+00 -1.0526839932e+01
2.7821058080e+00 -7.4056942217e+00 -1.0526880110e+01
2.7821028498e+00 -7.4057108573e+00 -1.0526845599e+01
2.7821017313e+00 -7.4057185452e+00 -1.0526874628e+01
2.7820992183e+00 -7.4057350314e+00 -1.0526840023e+01
-3.5303835296e-01 3.8567306623e+00 -2.0185707774e+01
-3.5304213062e-01 3.8567341336e+00 -2.0185712246e+01
-3.5303306697e-01 3.8567194409e+00 -2.0185702741e+01
-3.5303688673e-01 3.8567229696e+00 -2.0185707225e+01
-3.5301671279e-01 3.8567334245e+00 -2.0185706911e+01
-3.5302048939e-01 3.8567369103e+00 -2.0185711376e+01
-3.5301140822e-01 3.8567218778e+00 -2.0185702131e+01
-3.5301522403e-01 3.8567254249e+00 -2.0185706603e+01
1.2490154946e+00 -7.8496585438e+00 -1.0034848266e+01
1.2490154673e+00 -7.8496623297e+00 -1.0034840949e+01
1.2490125942e+00 -7.8496639479e+00 -1.0034850978e+01
1.2490125595e+00 -7.8496677037e+00 -1.0034843644e+01
1.2490151342e+00 -7.8496568906e+00 -1.0034850305e+01
1.2490145228e+00 -7.8496606418e+00 -1.0034842958e+01
1.2490126672e+00 -7.8496625388e+00 -1.0034852890e+01
1.2490120462e+00 -7.8496662675e+00 -1.0034845516e+01
-6.2241550283e-02 3.6456021666e-01 -1.7882950620e+01
-6.2245603822e-02 3.6456712428e-01 -1.7882950855e+01
-6.2240586180e-02 3.6455374680e-01 -1.7882948606e+01
-6.2244632221e-02 3.6456065172e-01 -1.7882948840e+01
-6.2262245692e-02 3.6456290672e-01 -1.7882949597e+01
-6.2266371935e-02 3.6456947022e-01 -1.7882949574e+01
-6.2261007844e-02 3.6455619341e-01 -1.7882947738e+01
-6.2265133191e-02 3.6456275889e-01 -1.7882947715e+01
3.3098566942e+00 -1.4683831964e+00 -1.5616539240e+01
3.3098588447e+00 -1.4683967437e+00 -1.5616542234e+01
3.3098593551e+00 -1.4683829072e+00 -1.5616547383e+01
3.3098614256e+00 -1.4683972606e+00 -1.5616549829e+01
3.3098550599e+00 -1.4683813320e+00 -1.5616537270e+01
3.3098572121e+00 -1.4683948835e+00 -1.5616540259e+01
3.3098576744e+00 -1.4683810708e+00 -1.5616545338e+01
3.3098597465e+00 -1.4683954284e+00 -1.5616547780e+01
-5.4905238325e-01 6.2544556142e-02 -1.7123778408e+01
-5.4904665399e-01 6.2550393846e-02 -1.7123784390e+01
-5.4905404511e-01 6.2540089548e-02 -1.7123780764e+01
-5.4904837724e-01 6.2545887368e-02 -1.7123786701e+01
-5.4904865356e-01 6.2543175289e-02 -1.7123777809e+01
-5.4904292157e-01 6.2549013492e-02 -1.7123783796e+01
-5.4905032863e-01 6.2538696687e-02 -1.7123780172e+01
-5.4904465991e-01 6.2544497262e-02 -1.7123786111e+01
3.2817716954e+00 -1.1138210740e+00 -1.9834154991e+01
3.2817658229e+00 -1.1138184441e+00 -1.9834156886e+01
3.2817728792e+00 -1.1138146627e+00 -1.9834155743e+01
3.2817668151e+00 -1.1138118882e+00 -1.9834157964e+01
3.2817809659e+00 -1.1138163879e+00 -1.9834148677e+01
3.2817754934e+00 -1.1138136005e+00 -1.9834150316e+01
3.2817821890e+00 -1.1138098446e+00 -1.9834149465e+01
3.2817765355e+00 -1.1138069185e+00 -1.9834151411e+01
-1.7319799571e-01 -4.2485751584e+00 -1.5566311008e+01
-1.7320013087e-01 -4.2485754165e+00 -1.5566311109e+01
-1.7319577773e-01 -4.2485909717e+00 -1.5566309696e+01
-1.7319792047e-01 -4.2485913335e+00 -1.5566309840e+01
-1.7319069880e-01 -4.2485719979e+00 -1.5566306997e+01
-1.7319298061e-01 -4.2485719666e+00 -1.5566307094e+01
-1.7318847715e-01 -4.2485878090e+00 -1.5566305680e+01
-1.7319076871e-01 -4.2485878838e+00 -1.5566305824e+01
3.7296667375e-01 4.3873629972e+00 -1.6779858289e+01
3.7296600381e-01 4.3873636930e+00 -1.6779854964e+01
3.7296441234e-01 4.3873799966e+00 -1.6779859741e+01
3.7296373890e-01 4.3873806828e+00 -1.6779856435e+01
3.7296988842e-01 4.3873532654e+00 -1.6779865940e+01
3.7296902201e-01 4.3873540762e+00 -1.6779862354e+01
3.7296830085e-01 4.3873708300e+00 -1.6779866784e+01
3.7296763810e-01 4.3873715276e+00 -1.6779863432e+01
1.4053839139e-01 8.5442063384e-01 -1.3589701577e+01
1.4053341773e-01 8.5442310974e-01 -1.3589682684e+01
1.4054178303e-01 8.5441315989e-01 -1.3589709477e+01
1.4053713237e-01 8.5441585562e-01 -1.3589690807e+01
1.4054339505e-01 8.5442391467e-01 -1.3589706085e+01
1.4053772801e-01 8.5442636486e-01 -1.3589687710e+01
1.4054680815e-01 8.5441681309e-01 -1.3589714292e+01
1.4054144452e-01 8.5441910432e-01 -1.3589695825e+01
-2.7970037698e+00 4.0147320244e+00 -2.0143659851e+01
-2.7970007446e+00 4.0147370657e+00 -2.0143644596e+01
-2.7970049369e+00 4.0147379882e+00 -2.0143664643e+01
-2.7970017569e+00 4.0147430611e+00 -2.0143649314e+01
-2.7970079302e+00 4.0147328855e+00 -2.0143656961e+01
-2.7970047113e+00 4.0147379823e+00 -2.0143641791e+01
-2.7970090804e+00 4.0147388402e+00 -2.0143661796e+01
-2.7970057228e+00 4.0147439783e+00 -2.0143646509e+01
2.1163469080e+00 -3.5812734284e+00 -1.8465183319e+01
2.1163437423e+00 -3.5812774604e+00 -1.8465174916e+01
2.1163411123e+00 -3.5812865789e+00 -1.8465183402e+01
2.1163386340e+00 -3.5812909975e+00 -1.8465174702e+01
2.1163420601e+00 -3.5812755298e+00 -1.8465182050e+01
2.1163391728e+00 -3.5812794525e+00 -1.8465173644e+01
2.1163365335e+00 -3.5812885818e+00 -1.8465182117e+01
2.1163339716e+00 -3.5812930487e+00 -1.8465173385e+01
-3.3847138831e+00 3.7097932750e+00 -1.7358156639e+01
-3.3847133665e+00 3.7097984332e+00 -1.7358158887e+01
-3.3847146141e+00 3.7097981460e+00 -1.7358155042e+01
-3.3847142013e+00 3.7098031030e+00 -1.7358156922e+01
-3.3847137449e+00 3.7097920636e+00 -1.7358156014e+01
-3.3847131694e+00 3.7097972738e+00 -1.7358158257e+01
-3.3847144817e+00 3.7097969302e+00 -1.7358154414e+01
-3.3847140018e+00 3.7098019371e+00 -1.7358156297e+01
-1.5687253943e+00 -4.9524163983e+00 -1.8672353341e+01
-1.5687170979e+00 -4.9524148771e+00 -1.8672359983e+01
-1.5687223548e+00 -4.9524388082e+00 -1.8672353655e+01
-1.5687148519e+00 -4.9524377185e+00 -1.8672360760e+01
-1.5687254472e+00 -4.9524161802e+00 -1.8672352195e+01
-1.5687171509e+00 -4.9524146596e+00 -1.8672358837e+01
-1.5687226623e+00 -4.9524385447e+00 -1.8672352457e+01
-1.5687151596e+00 -4.9524374555e+00 -1.8672359562e+01
2.4823877343e+00 2.2586078375e+00 1.7846395642e+01
2.4823851541e+00 2.2586083816e+00 1.7846397649e+01
2.4823878452e+00 2.2586208301e+00 1.7846403911e+01
2.4823853963e+00 2.2586210916e+00 1.7846405923e+01
2.4823939939e+00 2.2586025355e+00 1.7846389085e+01
2.4823914366e+00 2.2586031087e+00 1.7846391135e+01
2.4823940483e+00 2.2586156842e+00 1.7846397317e+01
2.4823916215e+00 2.2586159747e+00 1.7846399370e+01
-4.0022787389e+00 2.4212126763e+00 1.4478913226e+01
-4.0022896580e+00 2.4212137395e+00 1.4478911754e+01
-4.0022835228e+00 2.4211979877e+00 1.4478920499e+01
-4.0022944336e+00 2.4211990606e+00 1.4478919033e+01
-4.0022734380e+00 2.4212044473e+00 1.4478912292e+01
-4.0022847371e+00 2.4212056357e+00 1.4478910228e+01
-4.0022771106e+00 2.4211906242e+00 1.4478920386e+01
-4.0022884014e+00 2.4211918223e+00 1.4478918328e+01
-2.0870223346e+00 3.2046149484e-01 1.5661044746e+01
-2.0870218644e+00 3.2045977230e-01 1.5661043026e+01
-2.0870225955e+00 3.2047607455e-01 1.5661052930e+01
-2.0870221234e+00 3.2047435360e-01 1.5661051205e+01
-2.0870179009e+00 3.2046635424e-01 1.5661054405e+01
-2.0870174513e+00 3.2046467415e-01 1.5661052749e+01
-2.0870181116e+00 3.2048108817e-01 1.5661062553e+01
-2.0870176597e+00 3.2047941037e-01 1.5661060893e+01
-6.0834640915e-01 -3.7801150458e+00 1.1353183567e+01
-6.0834191978e-01 -3.7801165134e+00 1.1353179358e+01
-6.0834426201e-01 -3.7801309455e+00 1.1353185496e+01
-6.0834009574e-01 -3.7801325012e+00 1.1353181209e+01
-6.0833404973e-01 -3.7801130374e+00 1.1353179751e+01
-6.0832985574e-01 -3.7801146586e+00 1.1353175895e+01
-6.0833189950e-01 -3.7801289322e+00 1.1353181690e+01
-6.0832802910e-01 -3.7801306405e+00 1.1353177755e+01
-1.3981391278e-01 4.0583024908e+00 1.9323879218e+01
-1.3981198604e-01 4.0582889663e+00 1.9323872130e+01
-1.3981677052e-01 4.0583260597e+00 1.9323889121e+01
-1.3981482399e-01 4.0583123996e+00 1.9323882131e+01
-1.3982088870e-01 4.0582997931e+00 1.9323876431e+01
-1.3981896099e-01 4.0582862685e+00 1.9323869344e+01
-1.3982398534e-01 4.0583231085e+00 1.9323886163e+01
-1.3982203787e-01 4.0583094481e+00 1.9323879174e+01
5.5931648190e+00 2.0420117686e+00 1.8364304739e+01
5.5931757761e+00 2.0420154156e+00 1.8364299971e+01
5.5931706335e+00 2.0420039187e+00 1.8364309608e+01
5.5931815875e+00 2.0420075697e+00 1.8364304846e+01
5.5931591459e+00 2.0420168801e+00 1.8364305040e+01
5.5931701029e+00 2.0420205269e+00 1.8364300275e+01
5.5931649527e+00 2.0420088935e+00 1.8364310021e+01
5.5931759065e+00 2.0420125441e+00 1.8364305261e+01
1.2247193535e+00 2.0642273605e+00 1.6405233425e+01
1.2247188488e+00 2.0642248585e+00 1.6405234444e+01
1.2247191836e+00 2.0642346224e+00 1.6405239161e+01
1.2247184166e+00 2.0642317426e+00 1.6405240164e+01
1.2247199022e+00 2.0642262507e+00 1.6405234258e+01
1.2247193975e+00 2.0642237486e+00 1.6405235277e+01
1.2247197174e+00 2.0642335276e+00 1.6405239990e+01
1.2247189504e+00 2.0642306478e+00 1.6405240993e+01
-3.9257831099e-02 3.4818045792e+00 2.0255736512e+01
-3.9264777506e-02 3.4818070248e+00 2.0255735270e+01
-3.9253233709e-02 3.4818035936e+00 2.0255745275e+01
-3.9260158483e-02 3.4818061220e+00 2.0255744011e+01
-3.9256558986e-02 3.4818063804e+00 2.0255737116e+01
-3.9263605995e-02 3.4818088331e+00 2.0255735824e+01
-3.9252236340e-02 3.4818056713e+00 2.0255746220e+01
-3.9259161504e-02 3.4818081996e+00 2.0255744956e+01
-1.6284348751e+00 -2.8959874642e+00 1.7276405371e+01
-1.6284327711e+00 -2.8959845738e+00 1.7276427111e+01
-1.6284244914e+00 -2.8959642147e+00 1.7276413318e+01
-1.6284220965e+00 -2.8959603506e+00 1.7276434990e+01
-1.6284347203e+00 -2.8959849229e+00 1.7276403503e+01
-1.6284322354e+00 -2.8959822096e+00 1.7276425840e+01
-1.6284244499e+00 -2.8959617514e+00 1.7276411824e+01
-1.6284216321e+00 -2.8959575888e+00 1.7276433381e+01
-1.4857170282e+00 -1.5112584808e+00 1.7177662201e+01
-1.4857201299e+00 -1.5112576934e+00 1.7177661766e+01
-1.4857124468e+00 -1.5112678362e+00 1.7177654433e+01
-1.4857157273e+00 -1.5112672031e+00 1.7177654097e+01
-1.4857151316e+00 -1.5112576113e+00 1.7177659676e+01
-1.4857182335e+00 -1.5112568238e+00 1.7177659241e+01
-1.4857104832e+00 -1.5112669704e+00 1.7177651939e+01
-1.4857137637e+00 -1.5112663371e+00 1.7177651602e+01
1.6623397420e+00 -2.5884627607e+00 1.7101112790e+01
1.6623365307e+00 -2.5884686021e+00 1.7101118181e+01
1.6623402502e+00 -2.5884509379e+00 1.7101118006e+01
1.6623370470e+00 -2.5884567486e+00 1.7101123385e+01
1.6623588311e+00 -2.5884637338e+00 1.7101112185e+01
1.6623556444e+00 -2.5884698595e+00 1.7101117312e+01
1.6623593601e+00 -2.5884518718e+00 1.7101117455e+01
1.6623561811e+00 -2.5884579663e+00 1.7101122568e+01
-2.0693859630e+00 5.3506065017e+00 1.6188465709e+01
-2.0693905749e+00 5.3506117016e+00 1.6188462764e+01
-2.0693887670e+00 5.3506071486e+00 1.6188462114e+01
-2.0693934522e+00 5.3506124044e+00 1.6188459326e+01
-2.0693681649e+00 5.3506066445e+00 1.6188465499e+01
-2.0693727760e+00 5.3506118460e+00 1.6188462563e+01
-2.0693708398e+00 5.3506073816e+00 1.6188462076e+01
-2.0693755250e+00 5.3506126371e+00 1.6188459287e+01
6.1667802636e-01 -4.1697789166e+00 2.2846362427e+01
6.1667900363e-01 -4.1697790763e+00 2.2846365567e+01
6.1667945323e-01 -4.1697765204e+00 2.2846369230e+01
6.1668043692e-01 -4.1697766865e+00 2.2846372366e+01
6.1666030939e-01 -4.1697846552e+00 2.2846361731e+01
6.1666162468e-01 -4.1697845911e+00 2.2846365187e+01
6.1666171105e-01 -4.1697821962e+00 2.2846368802e+01
6.1666289622e-01 -4.1697823208e+00 2.2846372209e+01
-1.9621827691e-01 2.8764456560e+00 1.8334733122e+01
-1.9620845847e-01 2.8764537452e+00 1.8334719915e+01
-1.9622152118e-01 2.8764399819e+00 1.8334732618e+01
-1.9621170933e-01 2.8764480746e+00 1.8334719416e+01
-1.9622287933e-01 2.8764461289e+00 1.8334732109e+01
-1.9621305949e-01 2.8764542130e+00 1.8334718899e+01
-1.9622610049e-01 2.8764404748e+00 1.8334731555e+01
-1.9621628760e-01 2.8764485631e+00 1.8334718352e+01
-1.4300131417e+00 -1.2666720929e+00 1.7358501011e+01
-1.4299972202e+00 -1.2666715062e+00 1.7358526243e+01
-1.4300192078e+00 -1.2666689402e+00 1.7358503581e+01
-1.4300030757e+00 -1.2666681547e+00 1.7358528914e+01
-1.4300098944e+00 -1.2666727467e+00 1.7358502781e+01
-1.4299940039e+00 -1.2666721551e+00 1.7358528014e+01
-1.4300159663e+00 -1.2666696127e+00 1.7358505339e+01
-1.4299998550e+00 -1.2666688160e+00 1.7358530674e+01
2.6931493401e+00 -2.1007170356e+00 2.1247917596e+01
2.6931510697e+00 -2.1007216120e+00 2.1247904085e+01
2.6931487698e+00 -2.1007185057e+00 2.1247907078e+01
2.6931504963e+00 -2.1007230950e+00 2.1247893515e+01
2.6931478399e+00 -2.1007188782e+00 2.1247918447e+01
2.6931495657e+00 -2.1007234572e+00 2.1247904935e+01
2.6931472679e+00 -2.1007203495e+00 2.1247907935e+01
2.6931489906e+00 -2.1007249415e+00 2.1247894371e+01
1.7010378114e+00 -1.7293369140e+00 -1.5118939372e+01
1.7010366682e+00 -1.7293367887e+00 -1.5118906615e+01
1.7010308117e+00 -1.7293276375e+00 -1.5118949136e+01
1.7010296546e+00 -1.7293275360e+00 -1.5118916462e+01
1.7010534752e+00 -1.7293330435e+00 -1.5118933901e+01
1.7010514795e+00 -1.7293324710e+00 -1.5118900578e+01
1.7010464302e+00 -1.7293237918e+00 -1.5118943667e+01
1.7010444210e+00 -1.7293232510e+00 -1.5118910427e+01
1.6908992780e+00 2.5152132573e+00 -1.9982103137e+01
1.6909003361e+00 2.5152135400e+00 -1.9982088583e+01
1.6909009161e+00 2.5152271031e+00 -1.9982106264e+01
1.6909018821e+00 2.5152275608e+00 -1.9982091159e+01
1.6909185877e+00 2.5152096477e+00 -1.9982098240e+01
1.6909196430e+00 2.5152099307e+00 -1.9982083689e+01
1.6909192653e+00 2.5152229109e+00 -1.9982101308e+01
1.6909202089e+00 2.5152233689e+00 -1.9982086205e+01
-3.1111325670e+00 -1.1871201126e+00 -1.7818331537e+01
-3.1111344335e+00 -1.1871199004e+00 -1.7818301710e+01
-3.1111319858e+00 -1.1871101075e+00 -1.7818335914e+01
-3.1111345451e+00 -1.1871093352e+00 -1.7818306841e+01
-3.1111400909e+00 -1.1871233638e+00 -1.7818339721e+01
-3.1111423014e+00 -1.1871223829e+00 -1.7818310487e+01
-3.1111408388e+00 -1.1871126372e+00 -1.7818344915e+01
-3.1111425371e+00 -1.1871120585e+00 -1.7818316283e+01
2.0397189992e+00 2.7687406171e+00 -1.9444484908e+01
2.0397130747e+00 2.7687410907e+00 -1.9444444530e+01
2.0397187970e+00 2.7687322989e+00 -1.9444484234e+01
2.0397125926e+00 2.7687328686e+00 -1.9444444196e+01
2.0397153535e+00 2.7687378542e+00 -1.9444480547e+01
2.0397086058e+00 2.7687385360e+00 -1.9444441199e+01
2.0397148631e+00 2.7687297063e+00 -1.9444480211e+01
2.0397083834e+00 2.7687302755e+00 -1.9444440474e+01
2.8546194078e+00 2.2002299044e+00 -1.5628565588e+01
2.8546209051e+00 2.2002345949e+00 -1.5628554626e+01
2.8546231412e+00 2.2002324428e+00 -1.5628574385e+01
2.8546246942e+00 2.2002372353e+00 -1.5628563294e+01
2.8546045085e+00 2.2002271045e+00 -1.5628562597e+01
2.8546058426e+00 2.2002316166e+00 -1.5628551422e+01
2.8546083874e+00 2.2002301391e+00 -1.5628570838e+01
2.8546095826e+00 2.2002345702e+00 -1.5628559785e+01
1.5809539430e+00 -2.8047696388e+00 -2.3866727203e+01
1.5809494706e+00 -2.8047741553e+00 -2.3866707673e+01
1.5809497308e+00 -2.8047698658e+00 -2.3866734408e+01
1.5809450424e+00 -2.8047744420e+00 -2.3866715194e+01
1.5809391081e+00 -2.8047606709e+00 -2.3866718720e+01
1.5809347940e+00 -2.8047645822e+00 -2.3866698820e+01
1.5809348303e+00 -2.8047610377e+00 -2.3866725878e+01
1.5809302411e+00 -2.8047648692e+00 -2.3866706323e+01
-8.7156472467e-01 1.4436551420e+00 -1.3835593601e+01
-8.7156381272e-01 1.4436672895e+00 -1.3835560363e+01
-8.7156580013e-01 1.4436716451e+00 -1.3835602356e+01
-8.7156491889e-01 1.4436838191e+00 -1.3835569117e+01
-8.7158460812e-01 1.4436554415e+00 -1.3835594338e+01
-8.7158505721e-01 1.4436681169e+00 -1.3835560775e+01
-8.7158658708e-01 1.4436724342e+00 -1.3835602652e+01
-8.7158602308e-01 1.4436844749e+00 -1.3835569662e+01
-7.4115344262e+00 -4.8637623652e-01 -1.6282823233e+01
-7.4115323191e+00 -4.8637755964e-01 -1.6282814476e+01
-7.4115320210e+00 -4.8637315134e-01 -1.6282824540e+01
-7.4115298271e+00 -4.8637469064e-01 -1.6282815672e+01
-7.4115361427e+00 -4.8637755711e-01 -1.6282835114e+01
-7.4115340354e+00 -4.8637888022e-01 -1.6282826356e+01
-7.4115337011e+00 -4.8637450791e-01 -1.6282836434e+01
-7.4115315071e+00 -4.8637604714e-01 -1.6282827567e+01
-1.8470248894e+00 -3.8567270599e+00 -1.6068065010e+01
-1.8470296944e+00 -3.8567278280e+00 -1.6068051777e+01
-1.8470269366e+00 -3.8567224255e+00 -1.6068065885e+01
-1.8470316367e+00 -3.8567233917e+00 -1.6068052148e+01
-1.8470155332e+00 -3.8567251451e+00 -1.6068059666e+01
-1.8470203195e+00 -3.8567259130e+00 -1.6068046434e+01
-1.8470175653e+00 -3.8567202913e+00 -1.6068060585e+01
-1.8470222467e+00 -3.8567212573e+00 -1.6068046849e+01
2.1628428177e+00 3.5281850141e+00 -1.7626889826e+01
2.1628448464e+00 3.5281850215e+00 -1.7626880564e+01
2.1628434603e+00 3.5281756239e+00 -1.7626889097e+01
2.1628454971e+00 3.5281756056e+00 -1.7626879851e+01
2.1628415017e+00 3.5281798475e+00 -1.7626902375e+01
2.1628432358e+00 3.5281803055e+00 -1.7626893129e+01
2.1628427913e+00 3.5281701976e+00 -1.7626902147e+01
2.1628445337e+00 3.5281706303e+00 -1.7626892917e+01
1.5015917862e+00 -3.9395473958e+00 -1.9634856854e+01
1.5015957638e+00 -3.9395423168e+00 -1.9634821820e+01
1.5015972956e+00 -3.9395261577e+00 -1.9634855410e+01
1.5016010273e+00 -3.9395228212e+00 -1.9634820589e+01
1.5016107056e+00 -3.9395518658e+00 -1.9634856029e+01
1.5016140491e+00 -3.9395473893e+00 -1.9634821696e+01
1.5016156410e+00 -3.9395311313e+00 -1.9634855189e+01
1.5016200620e+00 -3.9395271171e+00 -1.9634819772e+01
4.6266747001e-01 -7.4611929138e-01 -2.0848942674e+01
4.6266207877e-01 -7.4612255504e-01 -2.0848925763e+01
4.6266719117e-01 -7.4613061294e-01 -2.0848933497e+01
4.6266181020e-01 -7.4613388746e-01 -2.0848916512e+01
4.6268463962e-01 -7.4611565368e-01 -2.0848941744e+01
4.6267929320e-01 -7.4611894508e-01 -2.0848924830e+01
4.6268353291e-01 -7.4612780239e-01 -2.0848933126e+01
4.6267819676e-01 -7.4613110465e-01 -2.0848916137e+01
4.7244353760e+00 7.3842585811e-01 -1.9725340386e+01
4.7244382307e+00 7.3843123884e-01 -1.9725294839e+01
4.7244335535e+00 7.3845441900e-01 -1.9725336998e+01
4.7244367218e+00 7.3845939220e-01 -1.9725291376e+01
4.7244075892e+00 7.3842098115e-01 -1.9725342758e+01
4.7244107083e+00 7.3842587391e-01 -1.9725296929e+01
4.7244068495e+00 7.3844893573e-01 -1.9725339488e+01
4.7244096971e+00 7.3845448780e-01 -1.9725293513e+01
-2.6385039893e+00 -3.5360578656e+00 -1.7925502404e+01
-2.6385042668e+00 -3.5360609438e+00 -1.7925491021e+01
-2.6385063546e+00 -3.5360693751e+00 -1.7925496759e+01
-2.6385069712e+00 -3.5360723142e+00 -1.7925485795e+01
-2.6385120747e+00 -3.5360601886e+00 -1.7925509306e+01
-2.6385123469e+00 -3.5360632685e+00 -1.7925497916e+01
-2.6385147127e+00 -3.5360712597e+00 -1.7925503734e+01
-2.6385150766e+00 -3.5360747187e+00 -1.7925492775e+01
-4.4793200790e+00 2.4006370015e+00 -1.8705183758e+01
-4.4793154445e+00 2.4006368099e+00 -1.8705172241e+01
-4.4793203555e+00 2.4006441732e+00 -1.8705183106e+01
-4.4793158051e+00 2.4006444512e+00 -1.8705172034e+01
-4.4793111155e+00 2.4006358374e+00 -1.8705185809e+01
-4.4793064294e+00 2.4006356147e+00 -1.8705174290e+01
-4.4793113921e+00 2.4006430092e+00 -1.8705185157e+01
-4.4793067901e+00 2.4006432561e+00 -1.8705174083e+01
-5.9225707008e-01 -3.6125746928e+00 -1.8599252894e+01
-5.9225276333e-01 -3.6125757648e+00 -1.8599246708e+01
-5.9224778219e-01 -3.6125850274e+00 -1.8599243502e+01
-5.9224348074e-01 -3.6125861057e+00 -1.8599237320e+01
-5.9225899225e-01 -3.6125722492e+00 -1.8599254770e+01
-5.9225496470e-01 -3.6125737771e+00 -1.8599248547e+01
-5.9224971564e-01 -3.6125826035e+00 -1.8599245373e+01
-5.9224568089e-01 -3.6125841609e+00 -1.8599239152e+01
-1.8905320119e+00 2.1603986627e+00 1.8700324636e+01
-1.8905360073e+00 2.1603989914e+00 1.8700316566e+01
-1.8905346864e+00 2.1603963358e+00 1.8700329362e+01
-1.8905385939e+00 2.1603962376e+00 1.8700320814e+01
-1.8905294165e+00 2.1603974485e+00 1.8700321864e+01
-1.8905334265e+00 2.1603977850e+00 1.8700313801e+01
-1.8905320706e+00 2.1603950106e+00 1.8700326630e+01
-1.8905359967e+00 2.1603949133e+00 1.8700318080e+01
2.1580516221e+00 -1.2645571479e+00 1.4394443870e+01
2.1580517751e+00 -1.2645587427e+00 1.4394435810e+01
2.1580580470e+00 -1.2645653032e+00 1.4394452635e+01
2.1580582568e+00 -1.2645667935e+00 1.4394444569e+01
2.1580464994e+00 -1.2645506942e+00 1.4394449914e+01
2.1580467830e+00 -1.2645523051e+00 1.4394441842e+01
2.1580529174e+00 -1.2645588526e+00 1.4394458689e+01
2.1580532601e+00 -1.2645603527e+00 1.4394450613e+01
-2.4773141905e+00 7.5588757583e-01 1.6666902706e+01
-2.4773126003e+00 7.5589075963e-01 1.6666903033e+01
-2.4773166607e+00 7.5589794799e-01 1.6666898809e+01
-2.4773153365e+00 7.5590092933e-01 1.6666898404e+01
-2.4772991932e+00 7.5588704553e-01 1.6666915576e+01
-2.4772976030e+00 7.5589022930e-01 1.6666915903e+01
-2.4773016898e+00 7.5589733177e-01 1.6666911693e+01
-2.4773001514e+00 7.5590016795e-01 1.6666911639e+01
-3.6628215706e-02 -7.1859241910e-01 2.1951721089e+01
-3.6622063248e-02 -7.1859801124e-01 2.1951712081e+01
-3.6637267485e-02 -7.1860748229e-01 2.1951729732e+01
-3.6631072635e-02 -7.1861312036e-01 2.1951720768e+01
-3.6618427316e-02 -7.1858959741e-01 2.1951726587e+01
-3.6612314896e-02 -7.1859519050e-01 2.1951717556e+01
-3.6626485508e-02 -7.1860530919e-01 2.1951734327e+01
-3.6620378231e-02 -7.1861092925e-01 2.1951725291e+01
-3.1744182032e-01 2.2893853218e+00 1.5240744942e+01
-3.1744450732e-01 2.2893895675e+00 1.5240743945e+01
-3.1743863048e-01 2.2893939348e+00 1.5240741159e+01
-3.1744158246e-01 2.2893975905e+00 1.5240739795e+01
-3.1745115432e-01 2.2893802646e+00 1.5240745480e+01
-3.1745355061e-01 2.2893844522e+00 1.5240743838e+01
-3.1744795693e-01 2.2893886408e+00 1.5240741411e+01
-3.1745065305e-01 2.2893927276e+00 1.5240739954e+01
2.8766788714e+00 -1.5420827000e+00 1.6766981866e+01
2.8766757998e+00 -1.5420872370e+00 1.6766978078e+01
2.8766832247e+00 -1.5420993971e+00 1.6766988438e+01
2.8766804090e+00 -1.5421044843e+00 1.6766984786e+01
2.8766861523e+00 -1.5420772287e+00 1.6766978950e+01
2.8766830032e+00 -1.5420817778e+00 1.6766975070e+01
2.8766902463e+00 -1.5420939636e+00 1.6766985677e+01
2.8766873512e+00 -1.5420989239e+00 1.6766981849e+01
2.4635840825e+00 5.8826484472e+00 1.7117246689e+01
2.4635898714e+00 5.8826531504e+00 1.7117232290e+01
2.4635865540e+00 5.8826531721e+00 1.7117243910e+01
2.4635923030e+00 5.8826578620e+00 1.7117229527e+01
2.4635846646e+00 5.8826466158e+00 1.7117246693e+01
2.4635904411e+00 5.8826513597e+00 1.7117232318e+01
2.4635871523e+00 5.8826513241e+00 1.7117243917e+01
2.4635928888e+00 5.8826560547e+00 1.7117229557e+01
-3.2229227884e+00 -7.2072324380e+00 1.9508295614e+01
-3.2229285483e+00 -7.2072343485e+00 1.9508292289e+01
-3.2229227476e+00 -7.2072468231e+00 1.9508300415e+01
-3.2229285067e+00 -7.2072487152e+00 1.9508297358e+01
-3.2229191616e+00 -7.2072310281e+00 1.9508294754e+01
-3.2229249926e+00 -7.2072329607e+00 1.9508291465e+01
-3.2229193127e+00 -7.2072454388e+00 1.9508299505e+01
-3.2229251432e+00 -7.2072473531e+00 1.9508296484e+01
5.6284861842e+00 5.4320579092e-01 1.6482896362e+01
5.6284905538e+00 5.4320247251e-01 1.6482887226e+01
5.6284879191e+00 5.4321293356e-01 1.6482894131e+01
5.6284923243e+00 5.4320955728e-01 1.6482884969e+01
5.6284899466e+00 5.4320407488e-01 1.6482896218e+01
5.6284944281e+00 5.4320098179e-01 1.6482886831e+01
5.6284916792e+00 5.4321120417e-01 1.6482893972e+01
5.6284962054e+00 5.4320812466e-01 1.6482884609e+01
3.2475752482e-01 4.2102162436e-01 2.1796403715e+01
3.2475836115e-01 4.2102720079e-01 2.1796399777e+01
3.2475302130e-01 4.2101541958e-01 2.1796404853e+01
3.2475408641e-01 4.2102119403e-01 2.1796400854e+01
3.2476733089e-01 4.2102125446e-01 2.1796396656e+01
3.2476819161e-01 4.2102678529e-01 2.1796392686e+01
3.2476289512e-01 4.2101495392e-01 2.1796397663e+01
3.2476397722e-01 4.2102067518e-01 2.1796393628e+01
-2.2055709302e-01 1.6129568089e+00 1.6161161732e+01
-2.2055752807e-01 1.6129574636e+00 1.6161162018e+01
-2.2055655782e-01 1.6129620903e+00 1.6161163232e+01
-2.2055702013e-01 1.6129628143e+00 1.6161163436e+01
-2.2055484768e-01 1.6129522628e+00 1.6161169561e+01
-2.2055511838e-01 1.6129528018e+00 1.6161170118e+01
-2.2055435996e-01 1.6129576254e+00 1.6161170946e+01
-2.2055465792e-01 1.6129582337e+00 1.6161171421e+01
2.1585730751e+00 1.3179929201e-01 2.0921992879e+01
2.1585720228e+00 1.3180321803e-01 2.0922006230e+01
2.1585726907e+00 1.3180722110e-01 2.0922001183e+01
2.1585700260e+00 1.3181226993e-01 2.0922014962e+01
2.1585894039e+00 1.3180365513e-01 2.0921996197e+01
2.1585884453e+00 1.3180760773e-01 2.0922009675e+01
2.1585881625e+00 1.3181210503e-01 2.0922005021e+01
2.1585864225e+00 1.3181690144e-01 2.0922018556e+01
1.9799895537e+00 1.6984397785e+00 2.0263209579e+01
1.9799855654e+00 1.6984373811e+00 2.0263205988e+01
1.9799862762e+00 1.6984456198e+00 2.0263212244e+01
1.9799824687e+00 1.6984432276e+00 2.0263208532e+01
1.9799928745e+00 1.6984407703e+00 2.0263204078e+01
1.9799891090e+00 1.6984382693e+00 2.0263200468e+01
1.9799895874e+00 1.6984466096e+00 2.0263206741e+01
1.9799858425e+00 1.6984440404e+00 2.0263203288e+01
-4.4143677555e+00 7.6470253001e-01 1.6663903245e+01
-4.4143696059e+00 7.6470234166e-01 1.6663900278e+01
-4.4143682449e+00 7.6470257240e-01 1.6663899080e+01
-4.4143700604e+00 7.6470236369e-01 1.6663896133e+01
-4.4143758004e+00 7.6470051722e-01 1.6663906822e+01
-4.4143775323e+00 7.6470021287e-01 1.6663903752e+01
-4.4143762553e+00 7.6470049049e-01 1.6663902674e+01
-4.4143779776e+00 7.6470025974e-01 1.6663899662e+01
-5.5068613356e+00 -2.4330769832e+00 1.3311385767e+01
-5.5068627908e+00 -2.4330852674e+00 1.3311371795e+01
-5.5068607861e+00 -2.4330736898e+00 1.3311385014e+01
-5.5068623468e+00 -2.4330820824e+00 1.3311371097e+01
-5.5068707408e+00 -2.4330723513e+00 1.3311393459e+01
-5.5068722223e+00 -2.4330806274e+00 1.3311379494e+01
-5.5068702449e+00 -2.4330690716e+00 1.3311392698e+01
-5.5068717667e+00 -2.4330774418e+00 1.3311378756e+01
3.2773526941e+00 1.4087612547e+00 1.6433065937e+01
3.2773529851e+00 1.4087695448e+00 1.6433063134e+01
3.2773576002e+00 1.4087468113e+00 1.6433071499e+01
3.2773579130e+00 1.4087553884e+00 1.6433068415e+01
3.2773520284e+00 1.4087590334e+00 1.6433067118e+01
3.2773523179e+00 1.4087673162e+00 1.6433064316e+01
3.2773569346e+00 1.4087445901e+00 1.6433072681e+01
3.2773572382e+00 1.4087531680e+00 1.6433069601e+01
-2.9971008123e-01 1.4668451258e+00 -1.3542985196e+01
-2.9970796274e-01 1.4668422115e+00 -1.3542999904e+01
-2.9971042429e-01 1.4668715804e+00 -1.3542974068e+01
-2.9970787627e-01 1.4668689702e+00 -1.3542988907e+01
-2.9969931488e-01 1.4668469861e+00 -1.3542984581e+01
-2.9969722048e-01 1.4668440784e+00 -1.3542999226e+01
-2.9969963242e-01 1.4668732705e+00 -1.3542973259e+01
-2.9969709992e-01 1.4668706651e+00 -1.3542988012e+01
3.3325262009e+00 -4.4756807655e+00 -2.1312558412e+01
3.3325213168e+00 -4.4756751582e+00 -2.1312564980e+01
3.3325222843e+00 -4.4756900289e+00 -2.1312561025e+01
3.3325174036e+00 -4.4756844410e+00 -2.1312567622e+01
3.3325332148e+00 -4.4756796624e+00 -2.1312558594e+01
3.3325283330e+00 -4.4756740618e+00 -2.1312565165e+01
3.3325293432e+00 -4.4756889020e+00 -2.1312561238e+01
3.3325244589e+00 -4.4756833095e+00 -2.1312567830e+01
2.1810415680e+00 -1.2480261979e+00 -1.4330101606e+01
2.1810376517e+00 -1.2480311472e+00 -1.4330121474e+01
2.1810440585e+00 -1.2480118545e+00 -1.4330096442e+01
2.1810400902e+00 -1.2480167788e+00 -1.4330116324e+01
2.1810425407e+00 -1.2480335752e+00 -1.4330105751e+01
2.1810386208e+00 -1.2480384887e+00 -1.4330125690e+01
2.1810450346e+00 -1.2480192292e+00 -1.4330100585e+01
2.1810410611e+00 -1.2480241429e+00 -1.4330120472e+01
-4.6062064821e+00 -1.3982085034e+00 -1.3620086630e+01
-4.6061939755e+00 -1.3981987849e+00 -1.3620098694e+01
-4.6062083253e+00 -1.3982224168e+00 -1.3620088167e+01
-4.6061958196e+00 -1.3982127204e+00 -1.3620100259e+01
-4.6062061597e+00 -1.3982049039e+00 -1.3620088183e+01
-4.6061936370e+00 -1.3981951829e+00 -1.3620100268e+01
-4.6062080011e+00 -1.3982188223e+00 -1.3620089710e+01
-4.6061954804e+00 -1.3982091195e+00 -1.3620101826e+01
2.7942831412e+00 2.5953926471e+00 -2.4715903562e+01
2.7942856294e+00 2.5953850632e+00 -2.4715909259e+01
2.7942840260e+00 2.5954071502e+00 -2.4715893683e+01
2.7942864156e+00 2.5953994989e+00 -2.4715899446e+01
2.7942789289e+00 2.5953919721e+00 -2.4715905034e+01
2.7942814422e+00 2.5953843657e+00 -2.4715910731e+01
2.7942799975e+00 2.5954069262e+00 -2.4715895187e+01
2.7942823997e+00 2.5953992609e+00 -2.4715900972e+01
1.5465707625e+00 -8.0767137136e+00 -1.2106885320e+01
1.5465636342e+00 -8.0767077652e+00 -1.2106883396e+01
1.5465761073e+00 -8.0767236564e+00 -1.2106887485e+01
1.5465689911e+00 -8.0767177529e+00 -1.2106885578e+01
1.5465669138e+00 -8.0767140745e+00 -1.2106885749e+01
1.5465597638e+00 -8.0767081448e+00 -1.2106883886e+01
1.5465719891e+00 -8.0767239819e+00 -1.2106888253e+01
1.5465648512e+00 -8.0767180972e+00 -1.2106886407e+01
-2.9979515306e+00 1.2280454298e+00 -1.9619369359e+01
-2.9979542347e+00 1.2280445563e+00 -1.9619378703e+01
-2.9979513634e+00 1.2280600785e+00 -1.9619363573e+01
-2.9979542653e+00 1.2280588630e+00 -1.9619373073e+01
-2.9979532929e+00 1.2280437879e+00 -1.9619368373e+01
-2.9979559931e+00 1.2280429181e+00 -1.9619377710e+01
-2.9979531415e+00 1.2280584043e+00 -1.9619362582e+01
-2.9979560397e+00 1.2280571925e+00 -1.9619372076e+01
3.3204192828e-01 -1.4936118887e+00 -1.5825773309e+01
3.3203919124e-01 -1.4936105669e+00 -1.5825770204e+01
3.3204174062e-01 -1.4936150501e+00 -1.5825771024e+01
3.3203894482e-01 -1.4936136706e+00 -1.5825767790e+01
3.3204846774e-01 -1.4936120705e+00 -1.5825778544e+01
3.3204575252e-01 -1.4936107505e+00 -1.5825775409e+01
3.3204807578e-01 -1.4936151056e+00 -1.5825776057e+01
3.3204530147e-01 -1.4936137276e+00 -1.5825772794e+01
1.1268446851e+00 -3.5188279264e-01 -1.8097670930e+01
1.1268428642e+00 -3.5188836963e-01 -1.8097690305e+01
1.1268468851e+00 -3.5187684692e-01 -1.8097672157e+01
1.1268448521e+00 -3.5188255282e-01 -1.8097691040e+01
1.1268493187e+00 -3.5188127593e-01 -1.8097673428e+01
1.1268474872e+00 -3.5188687090e-01 -1.8097692798e+01
1.1268515198e+00 -3.5187534078e-01 -1.8097674667e+01
1.1268494657e+00 -3.5188105386e-01 -1.8097693528e+01
-1.2432101866e+00 -4.9582457951e-01 -1.8524714768e+01
-1.2432105606e+00 -4.9582183822e-01 -1.8524714652e+01
-1.2432059436e+00 -4.9582515566e-01 -1.8524719000e+01
-1.2432063368e+00 -4.9582225247e-01 -1.8524718942e+01
-1.2432049660e+00 -4.9582949540e-01 -1.8524719297e+01
-1.2432053481e+00 -4.9582677420e-01 -1.8524719157e+01
-1.2432007413e+00 -4.9583012493e-01 -1.8524723510e+01
-1.2432011428e+00 -4.9582724183e-01 -1.8524723426e+01
-3.0989010555e+00 1.6920690757e+00 -1.9846199995e+01
-3.0988976614e+00 1.6920609987e+00 -1.9846215676e+01
-3.0989052781e+00 1.6920854253e+00 -1.9846195847e+01
-3.0989008946e+00 1.6920770770e+00 -1.9846212155e+01
-3.0988961546e+00 1.6920682890e+00 -1.9846198388e+01
-3.0988927602e+00 1.6920602118e+00 -1.9846214069e+01
-3.0989003304e+00 1.6920847295e+00 -1.9846194361e+01
-3.0988959200e+00 1.6920763695e+00 -1.9846210738e+01
-8.2341078197e-01 1.3892717226e+00 -1.7411317342e+01
-8.2340406490e-01 1.3892774808e+00 -1.7411322872e+01
-8.2341478120e-01 1.3892843117e+00 -1.7411320678e+01
-8.2340808376e-01 1.3892900095e+00 -1.7411326227e+01
-8.2339498404e-01 1.3892737573e+00 -1.7411318201e+01
-8.2338827494e-01 1.3892795288e+00 -1.7411323720e+01
-8.2339897990e-01 1.3892850244e+00 -1.7411320761e+01
-8.2339228216e-01 1.3892907254e+00 -1.7411326313e+01
4.0509633573e+00 -2.3460476607e+00 -1.9545124941e+01
4.0509710669e+00 -2.3460423562e+00 -1.9545129320e+01
4.0509612946e+00 -2.3460411911e+00 -1.9545122534e+01
4.0509688499e+00 -2.3460357990e+00 -1.9545126819e+01
4.0509588263e+00 -2.3460451232e+00 -1.9545132333e+01
4.0509665299e+00 -2.3460398098e+00 -1.9545136729e+01
4.0509567551e+00 -2.3460386551e+00 -1.9545129957e+01
4.0509643090e+00 -2.3460332569e+00 -1.9545134233e+01
-4.9338625733e+00 2.2531022857e+00 -1.5503905120e+01
-4.9338614385e+00 2.2531011936e+00 -1.5503911700e+01
-4.9338686751e+00 2.2531121632e+00 -1.5503901148e+01
-4.9338674990e+00 2.2531110927e+00 -1.5503907450e+01
-4.9338914457e+00 2.2531101300e+00 -1.5503899462e+01
-4.9338905016e+00 2.2531091072e+00 -1.5503906311e+01
-4.9338956997e+00 2.2531189562e+00 -1.5503896184e+01
-4.9338947523e+00 2.2531179898e+00 -1.5503902733e+01
-1.1841603393e-01 -3.9640682457e+00 -1.8942709057e+01
-1.1841602494e-01 -3.9640723562e+00 -1.8942703895e+01
-1.1841222036e-01 -3.9640619326e+00 -1.8942707287e+01
-1.1841203469e-01 -3.9640658202e+00 -1.8942701873e+01
-1.1841647882e-01 -3.9640691691e+00 -1.8942704289e+01
-1.1841628305e-01 -3.9640730175e+00 -1.8942698811e+01
-1.1841268375e-01 -3.9640628659e+00 -1.8942702525e+01
-1.1841229308e-01 -3.9640664833e+00 -1.8942696789e+01
6.0119997384e+00 5.6199868096e+00 -1.2194346149e+01
6.0119918930e+00 5.6199901557e+00 -1.2194346285e+01
6.0120007296e+00 5.6199819250e+00 -1.2194355885e+01
6.0119928648e+00 5.6199850705e+00 -1.2194355933e+01
6.0120067700e+00 5.6199845580e+00 -1.2194351528e+01
6.0119989214e+00 5.6199878856e+00 -1.2194351615e+01
6.0120071969e+00 5.6199795672e+00 -1.2194361283e+01
6.0119993296e+00 5.6199826938e+00 -1.2194361281e+01
