2.3059731297e+00 -1.0995070970e+00 2.0172999784e+00
2.3059754699e+00 -1.0995099389e+00 2.0172936200e+00
2.3059718329e+00 -1.0995042814e+00 2.0173039401e+00
2.3059742646e+00 -1.0995071726e+00 2.0172975345e+00
2.3059714260e+00 -1.0995052295e+00 2.0172967438e+00
2.3059737866e+00 -1.0995082229e+00 2.0172901183e+00
2.3059697438e+00 -1.0995019737e+00 2.0173010955e+00
2.3059720729e+00 -1.0995047384e+00 2.0172950436e+00
-1.7571364241e+00 1.8982413170e-01 -3.1773501315e+00
-1.7571354777e+00 1.8982344364e-01 -3.1773497460e+00
-1.7571371614e+00 1.8981865762e-01 -3.1773493756e+00
-1.7571361530e+00 1.8981810307e-01 -3.1773490168e+00
-1.7571394149e+00 1.8982359762e-01 -3.1773506644e+00
-1.7571385122e+00 1.8982292703e-01 -3.1773503044e+00
-1.7571401316e+00 1.8981804700e-01 -3.1773499079e+00
-1.7571391458e+00 1.8981750394e-01 -3.1773495692e+00
-1.2847045694e+00 -1.2405804451e+00 8.8255994711e-01
-1.2847077585e+00 -1.2405816683e+00 8.8255444631e-01
-1.2847038701e+00 -1.2405810512e+00 8.8256567991e-01
-1.2847071126e+00 -1.2405821047e+00 8.8256041675e-01
-1.2847062163e+00 -1.2405834195e+00 8.8256227887e-01
-1.2847095104e+00 -1.2405845288e+00 8.8255681785e-01
-1.2847054327e+00 -1.2405839705e+00 8.8256787385e-01
-1.2847087227e+00 -1.2405850859e+00 8.8256241983e-01
1.5233682742e+00 1.1355435740e-01 -7.5398460219e-02
1.5233693531e+00 1.1355201895e-01 -7.5400879777e-02
1.5233696582e+00 1.1355399277e-01 -7.5395514176e-02
1.5233706422e+00 1.1355148009e-01 -7.5398146246e-02
1.5233699076e+00 1.1355654657e-01 -7.5398457182e-02
1.5233709307e+00 1.1355422890e-01 -7.5400906975e-02
1.5233712444e+00 1.1355623464e-01 -7.5395492580e-02
1.5233721771e+00 1.1355374224e-01 -7.5398154046e-02
-5.3918350397e-01 -1.5595325244e+00 1.1875520197e+00
-5.3918398289e-01 -1.5595292471e+00 1.1875518422e+00
-5.3918179442e-01 -1.5595320925e+00 1.1875577271e+00
-5.3918226481e-01 -1.5595287146e+00 1.1875575975e+00
-5.3917845471e-01 -1.5595330481e+00 1.1875525576e+00
-5.3917868534e-01 -1.5595298348e+00 1.1875521883e+00
-5.3917648324e-01 -1.5595326995e+00 1.1875580571e+00
-5.3917696816e-01 -1.5595293024e+00 1.1875579448e+00
-1.2098887456e+00 1.4181728943e+00 2.9872552272e+00
-1.2098878849e+00 1.4181744974e+00 2.9872663122e+00
-1.2098882192e+00 1.4181669041e+00 2.9872552913e+00
-1.2098873542e+00 1.4181689371e+00 2.9872660450e+00
-1.2098827063e+00 1.4181740681e+00 2.9872531432e+00
-1.2098816077e+00 1.4181756897e+00 2.9872642677e+00
-1.2098818972e+00 1.4181678395e+00 2.9872529546e+00
-1.2098811142e+00 1.4181700911e+00 2.9872640851e+00
3.1051616855e-01 -3.9035780480e-02 2.7076820866e+00
3.1051656810e-01 -3.9035558105e-02 2.7076836236e+00
3.1051524903e-01 -3.9035940728e-02 2.7076865899e+00
3.1051568647e-01 -3.9035739325e-02 2.7076880963e+00
3.1051679155e-01 -3.9034504000e-02 2.7076796643e+00
3.1051717780e-01 -3.9034210004e-02 2.7076811879e+00
3.1051583729e-01 -3.9034636086e-02 2.7076842002e+00
3.1051631860e-01 -3.9034446102e-02 2.7076856529e+00
1.1556260300e+00 -8.3282943184e-01 -3.8105452962e-01
1.1556211079e+00 -8.3282883355e-01 -3.8105661286e-01
1.1556254952e+00 -8.3283510106e-01 -3.8105313896e-01
1.1556205044e+00 -8.3283455769e-01 -3.8105517038e-01
1.1556264745e+00 -8.3282980540e-01 -3.8105189390e-01
1.1556215911e+00 -8.3282927719e-01 -3.8105361038e-01
1.1556259735e+00 -8.3283547835e-01 -3.8105055404e-01
1.1556211045e+00 -8.3283494310e-01 -3.8105227150e-01
-1.2316883256e+00 2.2191146467e+00 -2.8119319493e+00
-1.2316905133e+00 2.2191149479e+00 -2.8119336588e+00
-1.2316893334e+00 2.2191114257e+00 -2.8119303539e+00
-1.2316914889e+00 2.2191117247e+00 -2.8119321034e+00
-1.2316875861e+00 2.2191137337e+00 -2.8119333032e+00
-1.2316897582e+00 2.2191140163e+00 -2.8119349990e+00
-1.2316885273e+00 2.2191103860e+00 -2.8119317218e+00
-1.2316906690e+00 2.2191106661e+00 -2.8119334578e+00
-7.5969250110e-01 -2.5509103617e+00 -3.1726675143e+00
-7.5968984622e-01 -2.5509117976e+00 -3.1726727337e+00
-7.5969031606e-01 -2.5509086339e+00 -3.1726668661e+00
-7.5968771873e-01 -2.5509100535e+00 -3.1726721020e+00
-7.5969491127e-01 -2.5509096516e+00 -3.1726663616e+00
-7.5969225303e-01 -2.5509110841e+00 -3.1726715820e+00
-7.5969273961e-01 -2.5509079719e+00 -3.1726656760e+00
-7.5969014554e-01 -2.5509093949e+00 -3.1726709109e+00
1.1693758293e+00 4.0659733418e-02 -3.9243973298e+00
1.1693796635e+00 4.0660418162e-02 -3.9244010239e+00
1.1693750665e+00 4.0661145227e-02 -3.9243939708e+00
1.1693787036e+00 4.0661742625e-02 -3.9243974516e+00
1.1693664847e+00 4.0658303833e-02 -3.9243965514e+00
1.1693703626e+00 4.0659006815e-02 -3.9244003073e+00
1.1693661601e+00 4.0660069890e-02 -3.9243932453e+00
1.1693698437e+00 4.0660694531e-02 -3.9243967475e+00
-1.3185677409e-02 8.6625976464e-01 -1.6867823413e-01
-1.3186092187e-02 8.6626354622e-01 -1.6866880679e-01
-1.3186555592e-02 8.6626091387e-01 -1.6867996706e-01
-1.3187356787e-02 8.6626548628e-01 -1.6867105827e-01
-1.3185012837e-02 8.6626048212e-01 -1.6867966280e-01
-1.3185425182e-02 8.6626455191e-01 -1.6867034826e-01
-1.3185858488e-02 8.6626201837e-01 -1.6868150204e-01
-1.3186609628e-02 8.6626644543e-01 -1.6867253889e-01
1.4242458106e-01 1.7688558888e-04 -2.1276718177e-01
1.4242554194e-01 1.7733230879e-04 -2.1276801394e-01
1.4242658031e-01 1.7388504222e-04 -2.1276767509e-01
1.4242752852e-01 1.7408332872e-04 -2.1276830992e-01
1.4243109183e-01 1.7770650410e-04 -2.1276582064e-01
1.4243203880e-01 1.7785135853e-04 -2.1276648646e-01
1.4243292826e-01 1.7431670397e-04 -2.1276614190e-01
1.4243388709e-01 1.7481549848e-04 -2.1276693849e-01
1.1298358879e+00 4.4549363057e-01 1.3558620251e+00
1.1298343127e+00 4.4549319700e-01 1.3558566839e+00
1.1298351165e+00 4.4549199584e-01 1.3558633247e+00
1.1298335292e+00 4.4549159810e-01 1.3558579669e+00
1.1298382757e+00 4.4549361386e-01 1.3558620831e+00
1.1298366921e+00 4.4549318287e-01 1.3558567454e+00
1.1298375171e+00 4.4549196498e-01 1.3558634179e+00
1.1298359356e+00 4.4549153286e-01 1.3558580798e+00
7.5078329429e-01 1.4998842921e+00 4.3047524965e+00
7.5078088307e-01 1.4998868549e+00 4.3047701371e+00
7.5078303494e-01 1.4998813430e+00 4.3047545681e+00
7.5078055248e-01 1.4998836357e+00 4.3047723988e+00
7.5078491753e-01 1.4998854923e+00 4.3047526473e+00
7.5078249654e-01 1.4998879209e+00 4.3047705572e+00
7.5078476908e-01 1.4998821489e+00 4.3047546943e+00
7.5078232575e-01 1.4998848593e+00 4.3047724520e+00
-8.2541840384e-01 -1.4200671852e+00 3.8877092779e+00
-8.2541616589e-01 -1.4200727766e+00 3.8877097662e+00
-8.2541903508e-01 -1.4200669824e+00 3.8877107034e+00
-8.2541672352e-01 -1.4200725876e+00 3.8877112315e+00
-8.2541757746e-01 -1.4200679617e+00 3.8877090820e+00
-8.2541527115e-01 -1.4200737033e+00 3.8877094253e+00
-8.2541822593e-01 -1.4200677887e+00 3.8877105240e+00
-8.2541584588e-01 -1.4200735439e+00 3.8877109071e+00
9.5961599558e-01 -3.6148526503e-01 6.6304006433e-01
9.5961888185e-01 -3.6149013105e-01 6.6304205445e-01
9.5961509065e-01 -3.6148986839e-01 6.6304040527e-01
9.5961803512e-01 -3.6149472090e-01 6.6304236283e-01
9.5961767130e-01 -3.6148360367e-01 6.6303611507e-01
9.5962058918e-01 -3.6148844633e-01 6.6303808095e-01
9.5961675103e-01 -3.6148819323e-01 6.6303647622e-01
9.5961972072e-01 -3.6149301618e-01 6.6303840434e-01
2.1521028084e-01 1.4006584728e+00 -3.5218573191e-01
2.1521240968e-01 1.4006606481e+00 -3.5218922776e-01
2.1521055246e-01 1.4006576048e+00 -3.5218782720e-01
2.1521268166e-01 1.4006597801e+00 -3.5219132270e-01
2.1521117174e-01 1.4006581084e+00 -3.5218803423e-01
2.1521330329e-01 1.4006602855e+00 -3.5219152936e-01
2.1521166157e-01 1.4006571549e+00 -3.5218980087e-01
2.1521379084e-01 1.4006593301e+00 -3.5219329634e-01
1.4282629245e+00 -3.6288167803e-01 1.3938510803e+00
1.4282621332e+00 -3.6288470881e-01 1.3938565380e+00
1.4282625241e+00 -3.6288445941e-01 1.3938517301e+00
1.4282619664e+00 -3.6288742169e-01 1.3938571261e+00
1.4282545781e+00 -3.6288461918e-01 1.3938510618e+00
1.4282536387e+00 -3.6288746132e-01 1.3938562257e+00
1.4282541611e+00 -3.6288780941e-01 1.3938520770e+00
1.4282533653e+00 -3.6289058645e-01 1.3938571707e+00
1.3337445207e+00 -1.3348194952e-01 2.5809797537e-01
1.3337463643e+00 -1.3348183240e-01 2.5809828386e-01
1.3337439827e+00 -1.3348024110e-01 2.5809766580e-01
1.3337460121e+00 -1.3348000123e-01 2.5809790824e-01
1.3337410044e+00 -1.3348112407e-01 2.5809697485e-01
1.3337428524e+00 -1.3348100519e-01 2.5809728502e-01
1.3337405554e+00 -1.3347935800e-01 2.5809659588e-01
1.3337424676e+00 -1.3347918334e-01 2.5809689816e-01
-2.6362591506e+00 -1.2479958302e+00 -2.4634987267e+00
-2.6362642753e+00 -1.2479955399e+00 -2.4634839553e+00
-2.6362576490e+00 -1.2479933428e+00 -2.4635015484e+00
-2.6362630674e+00 -1.2479923953e+00 -2.4634866091e+00
-2.6362561263e+00 -1.2479980145e+00 -2.4634964907e+00
-2.6362613702e+00 -1.2479976720e+00 -2.4634816370e+00
-2.6362545890e+00 -1.2479953421e+00 -2.4634993039e+00
-2.6362600353e+00 -1.2479944675e+00 -2.4634844145e+00
-4.2492196308e-01 7.7641472235e-01 -5.3743221837e-01
-4.2492208681e-01 7.7641428853e-01 -5.3743357997e-01
-4.2492091978e-01 7.7641594061e-01 -5.3743398495e-01
-4.2492110829e-01 7.7641516968e-01 -5.3743510240e-01
-4.2492551702e-01 7.7641777073e-01 -5.3743172048e-01
-4.2492566458e-01 7.7641734544e-01 -5.3743311542e-01
-4.2492505278e-01 7.7641880044e-01 -5.3743384780e-01
-4.2492522667e-01 7.7641835270e-01 -5.3743523340e-01
-5.5570742975e-01 -5.7815632372e-01 -3.5318530623e+00
-5.5570425825e-01 -5.7816171925e-01 -3.5318560074e+00
-5.5570705054e-01 -5.7815192987e-01 -3.5318545652e+00
-5.5570370217e-01 -5.7815757851e-01 -3.5318577990e+00
-5.5570547605e-01 -5.7815663933e-01 -3.5318512698e+00
-5.5570220222e-01 -5.7816209037e-01 -3.5318541500e+00
-5.5570515840e-01 -5.7815231457e-01 -3.5318527428e+00
-5.5570173975e-01 -5.7815805930e-01 -3.5318559269e+00
-9.3206591091e-02 -4.3836866787e-01 -3.2522763639e+00
-9.3209159148e-02 -4.3836250008e-01 -3.2522734945e+00
-9.3207593703e-02 -4.3836440886e-01 -3.2522779779e+00
-9.3210435569e-02 -4.3835827804e-01 -3.2522752924e+00
-9.3204731686e-02 -4.3836823405e-01 -3.2522729925e+00
-9.3207285582e-02 -4.3836204267e-01 -3.2522701129e+00
-9.3205435922e-02 -4.3836406011e-01 -3.2522749599e+00
-9.3208263505e-02 -4.3835790565e-01 -3.2522722642e+00
6.6014053488e-01 3.8267588103e-01 -3.6934780951e+00
6.6014280320e-01 3.8267176459e-01 -3.6934661016e+00
6.6013755584e-01 3.8267556514e-01 -3.6934785064e+00
6.6014010639e-01 3.8267160252e-01 -3.6934669328e+00
6.6014361366e-01 3.8267691998e-01 -3.6934801417e+00
6.6014577153e-01 3.8267267070e-01 -3.6934682484e+00
6.6014076580e-01 3.8267665086e-01 -3.6934804005e+00
6.6014303569e-01 3.8267240754e-01 -3.6934692043e+00
4.6189288917e-01 -2.1388257752e+00 1.2573125133e+00
4.6189079931e-01 -2.1388225381e+00 1.2573234966e+00
4.6189160803e-01 -2.1388261399e+00 1.2573091012e+00
4.6188949356e-01 -2.1388229189e+00 1.2573200286e+00
4.6189379343e-01 -2.1388277237e+00 1.2573106741e+00
4.6189174996e-01 -2.1388244333e+00 1.2573216390e+00
4.6189245073e-01 -2.1388281109e+00 1.2573072547e+00
4.6189043953e-01 -2.1388248129e+00 1.2573181687e+00
2.2361863404e+00 9.1980055891e-01 2.9285088170e-01
2.2361888674e+00 9.1979730843e-01 2.9285265131e-01
2.2361855099e+00 9.1980338967e-01 2.9285000972e-01
2.2361880200e+00 9.1980016139e-01 2.9285184138e-01
2.2361800509e+00 9.1980040987e-01 2.9284960021e-01
2.2361825398e+00 9.1979719727e-01 2.9285131487e-01
2.2361788821e+00 9.1980295608e-01 2.9284860971e-01
2.2361814252e+00 9.1979977788e-01 2.9285057597e-01
-8.1107299693e-01 -7.5999751881e-01 2.2176110592e+00
-8.1107321037e-01 -7.5999220190e-01 2.2176116856e+00
-8.1107286312e-01 -7.5999691244e-01 2.2176129229e+00
-8.1107305975e-01 -7.5999159453e-01 2.2176135512e+00
-8.1107577924e-01 -7.5999703393e-01 2.2176103099e+00
-8.1107596445e-01 -7.5999166052e-01 2.2176109490e+00
-8.1107564675e-01 -7.5999648860e-01 2.2176122288e+00
-8.1107582156e-01 -7.5999112011e-01 2.2176128719e+00
3.0072723750e-01 4.5671778041e-01 -1.0062735093e+00
3.0072820193e-01 4.5671810367e-01 -1.0062745873e+00
3.0073113552e-01 4.5672105297e-01 -1.0062779578e+00
3.0073202165e-01 4.5672139467e-01 -1.0062790577e+00
3.0072642786e-01 4.5671945901e-01 -1.0062731689e+00
3.0072744735e-01 4.5671976502e-01 -1.0062742664e+00
3.0073031541e-01 4.5672268355e-01 -1.0062772230e+00
3.0073126924e-01 4.5672300761e-01 -1.0062783338e+00
2.4848108215e+00 -3.9670819996e-01 2.8256683048e+00
2.4848101972e+00 -3.9670610928e-01 2.8256709227e+00
2.4848116247e+00 -3.9670791368e-01 2.8256692366e+00
2.4848111035e+00 -3.9670585579e-01 2.8256716769e+00
2.4848096288e+00 -3.9670969053e-01 2.8256682744e+00
2.4848090058e+00 -3.9670759973e-01 2.8256708920e+00
2.4848103920e+00 -3.9670935414e-01 2.8256692335e+00
2.4848098719e+00 -3.9670729599e-01 2.8256716734e+00
-3.1873148928e+00 1.1385327110e+00 -3.9073313481e+00
-3.1873203343e+00 1.1385351411e+00 -3.9073339760e+00
-3.1873159146e+00 1.1385297854e+00 -3.9073337323e+00
-3.1873215342e+00 1.1385320854e+00 -3.9073365025e+00
-3.1873106860e+00 1.1385321276e+00 -3.9073300445e+00
-3.1873162906e+00 1.1385344387e+00 -3.9073328409e+00
-3.1873119744e+00 1.1385291447e+00 -3.9073326557e+00
-3.1873174281e+00 1.1385315489e+00 -3.9073352603e+00
-2.0370169687e+00 -8.3368600503e-02 -2.8923727960e+00
-2.0370137701e+00 -8.3371247725e-02 -2.8923727990e+00
-2.0370165972e+00 -8.3370402522e-02 -2.8923777793e+00
-2.0370135150e+00 -8.3372699742e-02 -2.8923775179e+00
-2.0370152703e+00 -8.3369353773e-02 -2.8923689929e+00
-2.0370122117e+00 -8.3371932428e-02 -2.8923692091e+00
-2.0370148938e+00 -8.3371172286e-02 -2.8923739609e+00
-2.0370119518e+00 -8.3373400155e-02 -2.8923739119e+00
5.4031231302e-01 -1.3951525996e-02 4.6020214883e+00
5.4031407592e-01 -1.3952805075e-02 4.6020214326e+00
5.4031194853e-01 -1.3955869864e-02 4.6020216732e+00
5.4031371154e-01 -1.3957148826e-02 4.6020216173e+00
5.4031314500e-01 -1.3950348516e-02 4.6020172276e+00
5.4031521456e-01 -1.3951495442e-02 4.6020175238e+00
5.4031277699e-01 -1.3954694439e-02 4.6020174004e+00
5.4031484092e-01 -1.3955844771e-02 4.6020176919e+00
-1.2372221935e+00 -3.1392360334e-02 1.4225823123e+00
-1.2372189262e+00 -3.1389073639e-02 1.4225757451e+00
-1.2372207870e+00 -3.1392286760e-02 1.4225843473e+00
-1.2372175217e+00 -3.1389001666e-02 1.4225777848e+00
-1.2372236187e+00 -3.1389997090e-02 1.4225805190e+00
-1.2372203493e+00 -3.1386744220e-02 1.4225739569e+00
-1.2372222974e+00 -3.1390078192e-02 1.4225825356e+00
-1.2372190252e+00 -3.1386822213e-02 1.4225759816e+00
-3.9659864649e-01 -7.6933409308e-01 -5.2007482066e-01
-3.9659542294e-01 -7.6933601953e-01 -5.2006296019e-01
-3.9659960879e-01 -7.6933854061e-01 -5.2007559142e-01
-3.9659647907e-01 -7.6934048388e-01 -5.2006344664e-01
-3.9660104952e-01 -7.6933459535e-01 -5.2007112591e-01
-3.9659784773e-01 -7.6933648747e-01 -5.2005934178e-01
-3.9660198236e-01 -7.6933908102e-01 -5.2007187923e-01
-3.9659887618e-01 -7.6934098752e-01 -5.2005980853e-01
-1.5447336173e+00 1.0331443829e+00 3.0729685895e+00
-1.5447317703e+00 1.0331468336e+00 3.0729639662e+00
-1.5447323035e+00 1.0331454371e+00 3.0729705338e+00
-1.5447304559e+00 1.0331478828e+00 3.0729658911e+00
-1.5447428534e+00 1.0331428074e+00 3.0729730529e+00
-1.5447410610e+00 1.0331453110e+00 3.0729683807e+00
-1.5447417822e+00 1.0331439767e+00 3.0729751813e+00
-1.5447399946e+00 1.0331464746e+00 3.0729705226e+00
-1.1022994826e+00 -4.2589590433e-01 -1.1666223749e-01
-1.1023040732e+00 -4.2589331341e-01 -1.1666367166e-01
-1.1023003739e+00 -4.2590184397e-01 -1.1666328746e-01
-1.1023049471e+00 -4.2589928971e-01 -1.1666467612e-01
-1.1022985941e+00 -4.2589548488e-01 -1.1666324435e-01
-1.1023031499e+00 -4.2589289464e-01 -1.1666472272e-01
-1.1022994342e+00 -4.2590141359e-01 -1.1666434007e-01
-1.1023040257e+00 -4.2589882456e-01 -1.1666577634e-01
2.0279175660e+00 4.0267848696e-01 1.9504152066e-01
2.0279188790e+00 4.0267737014e-01 1.9503828567e-01
2.0279156063e+00 4.0267986581e-01 1.9504672694e-01
2.0279168989e+00 4.0267872237e-01 1.9504343275e-01
2.0279196489e+00 4.0267880365e-01 1.9504119905e-01
2.0279209345e+00 4.0267765205e-01 1.9503792373e-01
2.0279177081e+00 4.0268035944e-01 1.9504652506e-01
2.0279190174e+00 4.0267923622e-01 1.9504327398e-01
-6.8540766941e-01 2.1051272973e-01 -2.9766033791e-01
-6.8540565223e-01 2.1051435696e-01 -2.9766060477e-01
-6.8540734780e-01 2.1050662470e-01 -2.9766116893e-01
-6.8540535517e-01 2.1050820662e-01 -2.9766138306e-01
-6.8541404099e-01 2.1051328037e-01 -2.9766090610e-01
-6.8541186413e-01 2.1051468139e-01 -2.9766137966e-01
-6.8541347752e-01 2.1050708612e-01 -2.9766188581e-01
-6.8541132524e-01 2.1050844181e-01 -2.9766230680e-01
1.0087531840e+00 9.4678983182e-01 -1.8553055878e+00
1.0087471854e+00 9.4679071833e-01 -1.8553080117e+00
1.0087528752e+00 9.4678969347e-01 -1.8553012850e+00
1.0087468988e+00 9.4679053733e-01 -1.8553037758e+00
1.0087495809e+00 9.4678835125e-01 -1.8553084532e+00
1.0087433876e+00 9.4678928684e-01 -1.8553110297e+00
1.0087493107e+00 9.4678817112e-01 -1.8553041363e+00
1.0087431394e+00 9.4678906401e-01 -1.8553067810e+00
4.2763737670e-02 -3.1041382805e-01 6.1597112241e-01
4.2767859756e-02 -3.1041422229e-01 6.1596524421e-01
4.2763269532e-02 -3.1040804677e-01 6.1596616450e-01
4.2767365395e-02 -3.1040857099e-01 6.1596037688e-01
4.2755861813e-02 -3.1041431494e-01 6.1597456047e-01
4.2759998763e-02 -3.1041475654e-01 6.1596872513e-01
4.2755670561e-02 -3.1040913152e-01 6.1596892539e-01
4.2759997776e-02 -3.1040952745e-01 6.1596337331e-01
-5.3830107479e-01 -9.9292813775e-01 6.0202755668e-01
-5.3829846051e-01 -9.9293016746e-01 6.0202561679e-01
-5.3830120367e-01 -9.9293016990e-01 6.0202794696e-01
-5.3829857981e-01 -9.9293219443e-01 6.0202601412e-01
-5.3830243966e-01 -9.9292762393e-01 6.0203125374e-01
-5.3829983265e-01 -9.9292984482e-01 6.0202943104e-01
-5.3830256102e-01 -9.9292964943e-01 6.0203164924e-01
-5.3829994432e-01 -9.9293186500e-01 6.0202983342e-01
-6.0464377440e-01 1.5441479138e+00 -2.4777589135e+00
-6.0464549326e-01 1.5441473209e+00 -2.4777627559e+00
-6.0464161831e-01 1.5441557803e+00 -2.4777594944e+00
-6.0464364115e-01 1.5441555579e+00 -2.4777629569e+00
-6.0464344499e-01 1.5441483878e+00 -2.4777563403e+00
-6.0464520185e-01 1.5441478399e+00 -2.4777601665e+00
-6.0464131223e-01 1.5441564863e+00 -2.4777566964e+00
-6.0464333519e-01 1.5441562640e+00 -2.4777601589e+00
-1.5691334827e+00 -1.1404545363e+00 -2.5337567099e-01
-1.5691307379e+00 -1.1404530559e+00 -2.5337696582e-01
-1.5691337637e+00 -1.1404578728e+00 -2.5337708023e-01
-1.5691310234e+00 -1.1404563923e+00 -2.5337837575e-01
-1.5691352303e+00 -1.1404551725e+00 -2.5337494695e-01
-1.5691325376e+00 -1.1404537298e+00 -2.5337622218e-01
-1.5691355227e+00 -1.1404585708e+00 -2.5337638378e-01
-1.5691328324e+00 -1.1404571242e+00 -2.5337765299e-01
9.6503668771e-02 -1.0528372976e+00 3.4597166977e+00
9.6501257365e-02 -1.0528428952e+00 3.4597138230e+00
9.6504202569e-02 -1.0528356545e+00 3.4597182493e+00
9.6501625292e-02 -1.0528413452e+00 3.4597153113e+00
9.6500728255e-02 -1.0528372383e+00 3.4597146829e+00
9.6498200076e-02 -1.0528427975e+00 3.4597120281e+00
9.6501111437e-02 -1.0528358156e+00 3.4597162766e+00
9.6498748972e-02 -1.0528412611e+00 3.4597134749e+00
2.1342853493e+00 -4.6370857721e-01 -6.1074361138e-01
2.1342791887e+00 -4.6370413998e-01 -6.1072838261e-01
2.1342853830e+00 -4.6371104100e-01 -6.1074376154e-01
2.1342792933e+00 -4.6370659366e-01 -6.1072858497e-01
2.1342874450e+00 -4.6370849878e-01 -6.1074260409e-01
2.1342812492e+00 -4.6370391886e-01 -6.1072781781e-01
2.1342874782e+00 -4.6371096673e-01 -6.1074274351e-01
2.1342813683e+00 -4.6370642119e-01 -6.1072804489e-01
-1.3570215225e+00 -1.2141552638e-01 8.2963605865e-03
-1.3570198292e+00 -1.2141626136e-01 8.2949287502e-03
-1.3570244626e+00 -1.2141537996e-01 8.2957661256e-03
-1.3570227514e+00 -1.2141615487e-01 8.2943858204e-03
-1.3570225707e+00 -1.2141529865e-01 8.2956392773e-03
-1.3570209012e+00 -1.2141609438e-01 8.2942088026e-03
-1.3570255600e+00 -1.2141516038e-01 8.2950658119e-03
-1.3570238941e+00 -1.2141595807e-01 8.2936418660e-03
-5.4134394751e-01 4.7189691052e-01 3.0644433109e+00
-5.4134522203e-01 4.7189596172e-01 3.0644570267e+00
-5.4134361812e-01 4.7189476209e-01 3.0644439927e+00
-5.4134489747e-01 4.7189383696e-01 3.0644577400e+00
-5.4134213078e-01 4.7189698281e-01 3.0644410883e+00
-5.4134344367e-01 4.7189609084e-01 3.0644548465e+00
-5.4134179695e-01 4.7189483847e-01 3.0644417708e+00
-5.4134311471e-01 4.7189397001e-01 3.0644555604e+00
1.2290060224e+00 5.0145992602e+00 6.7191707006e-01
1.2289882996e+00 5.0145925593e+00 6.7193160911e-01
1.2290042648e+00 5.0145913901e+00 6.7192812516e-01
1.2289881575e+00 5.0145852392e+00 6.7194295894e-01
1.2290235036e+00 5.0146026540e+00 6.7191024233e-01
1.2290054831e+00 5.0145966665e+00 6.7192459399e-01
1.2290216830e+00 5.0145945983e+00 6.7192057425e-01
1.2290046176e+00 5.0145893261e+00 6.7193597645e-01
2.4768103318e+00 -6.4908679677e+00 7.7536148055e-01
2.4768128901e+00 -6.4908708235e+00 7.7536399199e-01
2.4768062920e+00 -6.4908267814e+00 7.7535381536e-01
2.4768075166e+00 -6.4908284832e+00 7.7535618913e-01
2.4768051835e+00 -6.4908813886e+00 7.7534876166e-01
2.4768077208e+00 -6.4908843779e+00 7.7535129113e-01
2.4768019129e+00 -6.4908388407e+00 7.7534048067e-01
2.4768025103e+00 -6.4908417154e+00 7.7534289610e-01
8.3106203171e-01 -1.2081794124e+00 2.3553235359e-01
8.3107351994e-01 -1.2081820975e+00 2.3554416692e-01
8.3105075499e-01 -1.2081537564e+00 2.3553799046e-01
8.3106225100e-01 -1.2081548503e+00 2.3555040208e-01
8.3101029122e-01 -1.2081874951e+00 2.3552426696e-01
8.3102098066e-01 -1.2081890961e+00 2.3553608365e-01
8.3099916855e-01 -1.2081604737e+00 2.3552923508e-01
8.3101121952e-01 -1.2081627304e+00 2.3554160980e-01
6.2927293521e+00 -8.5203939410e-01 -2.0256629903e+00
6.2927287546e+00 -8.5203737580e-01 -2.0256547867e+00
6.2927356477e+00 -8.5203279408e-01 -2.0256623966e+00
6.2927342482e+00 -8.5203050199e-01 -2.0256543233e+00
6.2927368437e+00 -8.5203950281e-01 -2.0256710519e+00
6.2927357477e+00 -8.5203735886e-01 -2.0256623767e+00
6.2927432587e+00 -8.5203208991e-01 -2.0256709655e+00
6.2927412484e+00 -8.5203064087e-01 -2.0256618624e+00
3.3402005719e-01 -3.1473092467e+00 2.4506343562e-02
3.3402054890e-01 -3.1473108853e+00 2.4503390719e-02
3.3403668902e-01 -3.1473120957e+00 2.4499172211e-02
3.3403720648e-01 -3.1473138027e+00 2.4496181885e-02
3.3403570500e-01 -3.1473054115e+00 2.4494867300e-02
3.3403616367e-01 -3.1473069673e+00 2.4491811098e-02
3.3405225165e-01 -3.1473082291e+00 2.4487450608e-02
3.3405273606e-01 -3.1473098534e+00 2.4484356924e-02
-3.4868231095e+00 -1.9970778506e+00 -2.1783493505e+00
-3.4868265563e+00 -1.9970720031e+00 -2.1783437177e+00
-3.4868202288e+00 -1.9970323545e+00 -2.1783581732e+00
-3.4868230334e+00 -1.9970264313e+00 -2.1783513470e+00
-3.4868273627e+00 -1.9970778993e+00 -2.1783441633e+00
-3.4868308498e+00 -1.9970719853e+00 -2.1783386763e+00
-3.4868242456e+00 -1.9970325138e+00 -2.1783526991e+00
-3.4868269994e+00 -1.9970264716e+00 -2.1783461895e+00
-2.9992996074e+00 9.2119819858e+00 -7.3568664388e-01
-2.9993031398e+00 9.2119810641e+00 -7.3569594113e-01
-2.9993042743e+00 9.2119648822e+00 -7.3568034853e-01
-2.9993077694e+00 9.2119640031e+00 -7.3568978972e-01
-2.9992836242e+00 9.2119892039e+00 -7.3567859178e-01
-2.9992871122e+00 9.2119883639e+00 -7.3568799620e-01
-2.9992880919e+00 9.2119721481e+00 -7.3567204126e-01
-2.9992916406e+00 9.2119711885e+00 -7.3568137988e-01
-6.3655566933e+00 -1.4720227834e+00 4.8167082869e-01
-6.3655642685e+00 -1.4720179053e+00 4.8168555654e-01
-6.3655693842e+00 -1.4719661661e+00 4.8165878413e-01
-6.3655745023e+00 -1.4719602822e+00 4.8167471527e-01
-6.3655437171e+00 -1.4720323710e+00 4.8167194296e-01
-6.3655507605e+00 -1.4720274592e+00 4.8168648426e-01
-6.3655558834e+00 -1.4719756858e+00 4.8165974339e-01
-6.3655613737e+00 -1.4719699241e+00 4.8167597483e-01
6.8155089925e+00 2.2102514956e+00 -1.7349326169e+00
6.8155076489e+00 2.2102411300e+00 -1.7349271415e+00
6.8155019536e+00 2.2102435906e+00 -1.7349154803e+00
6.8155006488e+00 2.2102332085e+00 -1.7349099869e+00
6.8155266379e+00 2.2102693021e+00 -1.7349339613e+00
6.8155253001e+00 2.2102576962e+00 -1.7349277009e+00
6.8155195600e+00 2.2102615503e+00 -1.7349173860e+00
6.8155182546e+00 2.2102499277e+00 -1.7349111038e+00
-5.2178578335e+00 1.2909155549e+00 2.1783328720e+00
-5.2178587013e+00 1.2909241142e+00 2.1783438042e+00
-5.2178506246e+00 1.2908943648e+00 2.1783279562e+00
-5.2178500266e+00 1.2909013406e+00 2.1783383297e+00
-5.2178675514e+00 1.2909098313e+00 2.1783257693e+00
-5.2178675203e+00 1.2909176159e+00 2.1783366801e+00
-5.2178596719e+00 1.2908875943e+00 2.1783207982e+00
-5.2178594238e+00 1.2908962200e+00 2.1783311778e+00
1.3312333754e+00 -2.2917787736e-01 -1.5477888886e+00
1.3312346687e+00 -2.2917292919e-01 -1.5477852762e+00
1.3312376655e+00 -2.2919240156e-01 -1.5477820410e+00
1.3312389048e+00 -2.2918735449e-01 -1.5477787280e+00
1.3311751975e+00 -2.2918737222e-01 -1.5477902926e+00
1.3311764538e+00 -2.2918232529e-01 -1.5477865431e+00
1.3311799308e+00 -2.2920187466e-01 -1.5477837284e+00
1.3311811889e+00 -2.2919676092e-01 -1.5477802293e+00
3.4445392046e+00 3.1865720120e+00 -1.0579511319e+00
3.4445409577e+00 3.1865788691e+00 -1.0579441948e+00
3.4445309001e+00 3.1865613782e+00 -1.0579470890e+00
3.4445326895e+00 3.1865682164e+00 -1.0579401414e+00
3.4445305902e+00 3.1865818608e+00 -1.0579578519e+00
3.4445322997e+00 3.1865887290e+00 -1.0579508941e+00
3.4445222233e+00 3.1865714647e+00 -1.0579540867e+00
3.4445239652e+00 3.1865783120e+00 -1.0579471152e+00
-6.3659211957e+00 -2.5898258111e+00 3.0153540852e+00
-6.3659208043e+00 -2.5898213618e+00 3.0153515242e+00
-6.3659107763e+00 -2.5897899210e+00 3.0153574509e+00
-6.3659111273e+00 -2.5897854925e+00 3.0153549092e+00
-6.3659070598e+00 -2.5898248262e+00 3.0153615390e+00
-6.3659066683e+00 -2.5898203769e+00 3.0153589782e+00
-6.3658971782e+00 -2.5897887094e+00 3.0153649657e+00
-6.3658975043e+00 -2.5897842890e+00 3.0153624280e+00
3.3642385805e+00 9.3001692543e-01 1.4311248070e+00
3.3642386607e+00 9.3001365780e-01 1.4311226906e+00
3.3642417162e+00 9.2998426969e-01 1.4311314039e+00
3.3642424021e+00 9.2998174872e-01 1.4311292308e+00
3.3642618396e+00 9.3002516410e-01 1.4311283144e+00
3.3642619112e+00 9.3002190045e-01 1.4311261989e+00
3.3642650008e+00 9.2999246135e-01 1.4311349669e+00
3.3642656781e+00 9.2998994436e-01 1.4311327947e+00
-1.1971591734e+00 -1.7105069176e+00 2.0919345588e+00
-1.1971537132e+00 -1.7105066770e+00 2.0919473986e+00
-1.1971606602e+00 -1.7104892669e+00 2.0919383587e+00
-1.1971564555e+00 -1.7104884968e+00 2.0919514087e+00
-1.1971439138e+00 -1.7105065037e+00 2.0919386557e+00
-1.1971383896e+00 -1.7105070193e+00 2.0919514576e+00
-1.1971455469e+00 -1.7104893945e+00 2.0919423153e+00
-1.1971411411e+00 -1.7104887977e+00 2.0919555434e+00
-1.4035154489e+00 -1.7055257385e+00 4.3874667962e-01
-1.4035016924e+00 -1.7055183728e+00 4.3875682341e-01
-1.4035238123e+00 -1.7055547455e+00 4.3873756255e-01
-1.4035101072e+00 -1.7055488026e+00 4.3874697838e-01
-1.4035437967e+00 -1.7055318473e+00 4.3874094255e-01
-1.4035305905e+00 -1.7055252446e+00 4.3875016724e-01
-1.4035520483e+00 -1.7055610307e+00 4.3873160807e-01
-1.4035388871e+00 -1.7055541960e+00 4.3874088894e-01
1.0022844664e+00 1.2076375205e+00 3.6103797571e+00
1.0022827545e+00 1.2076324505e+00 3.6103961647e+00
1.0022831057e+00 1.2076385139e+00 3.6103779837e+00
1.0022810731e+00 1.2076336503e+00 3.6103943213e+00
1.0022432512e+00 1.2076442476e+00 3.6103946684e+00
1.0022408337e+00 1.2076409028e+00 3.6104104098e+00
1.0022416020e+00 1.2076454914e+00 3.6103928579e+00
1.0022394412e+00 1.2076418587e+00 3.6104088466e+00
1.7086022045e+00 -1.2256974167e-02 1.0392566570e+00
1.7086091619e+00 -1.2256748564e-02 1.0392598466e+00
1.7086028049e+00 -1.2271867774e-02 1.0392615593e+00
1.7086094678e+00 -1.2271804184e-02 1.0392648893e+00
1.7086014915e+00 -1.2258687970e-02 1.0392626376e+00
1.7086084238e+00 -1.2258442557e-02 1.0392657750e+00
1.7086021137e+00 -1.2273591167e-02 1.0392674655e+00
1.7086087453e+00 -1.2273507311e-02 1.0392707443e+00
-1.7691662057e+00 4.3258199407e+00 -2.0180212092e+00
-1.7691668529e+00 4.3258178067e+00 -2.0180163284e+00
-1.7691626735e+00 4.3258145495e+00 -2.0180203375e+00
-1.7691633067e+00 4.3258125675e+00 -2.0180152705e+00
-1.7691567882e+00 4.3258203725e+00 -2.0180203743e+00
-1.7691567192e+00 4.3258182406e+00 -2.0180154147e+00
-1.7691532120e+00 4.3258150994e+00 -2.0180193807e+00
-1.7691531368e+00 4.3258131082e+00 -2.0180142196e+00
-1.2806404915e+00 -2.1125434496e+00 1.1601712355e-01
-1.2806390181e+00 -2.1125424047e+00 1.1602446481e-01
-1.2806366287e+00 -2.1125488740e+00 1.1601650153e-01
-1.2806352132e+00 -2.1125478284e+00 1.1602398930e-01
-1.2806505028e+00 -2.1125447874e+00 1.1602481922e-01
-1.2806491206e+00 -2.1125436052e+00 1.1603220616e-01
-1.2806467279e+00 -2.1125500777e+00 1.1602424351e-01
-1.2806452212e+00 -2.1125491694e+00 1.1603168565e-01
-8.8891989249e-02 -2.7949950507e+00 -1.3816904985e+00
-8.8906909999e-02 -2.7950064353e+00 -1.3816888893e+00
-8.8886693013e-02 -2.7949863452e+00 -1.3817009720e+00
-8.8900515179e-02 -2.7949984937e+00 -1.3817001316e+00
-8.8871140574e-02 -2.7949973842e+00 -1.3816880343e+00
-8.8886117220e-02 -2.7950085299e+00 -1.3816863536e+00
-8.8866009594e-02 -2.7949872641e+00 -1.3816992907e+00
-8.8879772900e-02 -2.7949992279e+00 -1.3816987289e+00
5.5503279994e+00 -4.8321983063e-01 -9.7969673864e-01
5.5503224629e+00 -4.8321878135e-01 -9.7970753846e-01
5.5503239033e+00 -4.8323846940e-01 -9.7969088999e-01
5.5503174961e+00 -4.8323712606e-01 -9.7970134982e-01
5.5503424701e+00 -4.8321805751e-01 -9.7969864722e-01
5.5503361231e+00 -4.8321650221e-01 -9.7970906805e-01
5.5503389833e+00 -4.8323657115e-01 -9.7969231926e-01
5.5503326126e+00 -4.8323498736e-01 -9.7970276282e-01
-1.3129059668e+00 3.9558177036e-03 1.3417294638e-02
-1.3129001542e+00 3.9546524527e-03 1.3414114569e-02
-1.3129139442e+00 3.9657715282e-03 1.3412032247e-02
-1.3129078623e+00 3.9644455985e-03 1.3408972832e-02
-1.3129520609e+00 3.9583510323e-03 1.3413149362e-02
-1.3129462878e+00 3.9569943158e-03 1.3409990781e-02
-1.3129600580e+00 3.9683585225e-03 1.3407989090e-02
-1.3129539999e+00 3.9668439015e-03 1.3404970602e-02
-5.0715080914e+00 4.3151871496e+00 -2.2806481452e+00
-5.0715085116e+00 4.3151691700e+00 -2.2806817357e+00
-5.0715145271e+00 4.3151667619e+00 -2.2806527450e+00
-5.0715150237e+00 4.3151486948e+00 -2.2806863712e+00
-5.0714942462e+00 4.3151968411e+00 -2.2806475325e+00
-5.0714957134e+00 4.3151783036e+00 -2.2806818603e+00
-5.0715017312e+00 4.3151759054e+00 -2.2806526232e+00
-5.0715022295e+00 4.3151578382e+00 -2.2806862439e+00
3.0851688146e+00 1.2461436842e+00 5.2579904248e+00
3.0851758721e+00 1.2461411053e+00 5.2580157035e+00
3.0851668202e+00 1.2461476976e+00 5.2579865289e+00
3.0851741061e+00 1.2461451668e+00 5.2580118100e+00
3.0851687039e+00 1.2461507734e+00 5.2579928413e+00
3.0851758412e+00 1.2461495563e+00 5.2580173312e+00
3.0851668008e+00 1.2461547851e+00 5.2579893079e+00
3.0851741428e+00 1.2461534149e+00 5.2580133991e+00
-4.2944784149e+00 1.8392668300e+00 -2.3541906666e+00
-4.2944728245e+00 1.8392716526e+00 -2.3541828995e+00
-4.2944797459e+00 1.8392498423e+00 -2.3541832913e+00
-4.2944742257e+00 1.8392545418e+00 -2.3541756512e+00
-4.2944742880e+00 1.8392598139e+00 -2.3541852276e+00
-4.2944687222e+00 1.8392646098e+00 -2.3541774534e+00
-4.2944756699e+00 1.8392427752e+00 -2.3541778856e+00
-4.2944701492e+00 1.8392474745e+00 -2.3541702456e+00
-5.8093571724e+00 -2.8219262629e+00 -1.4890181361e+00
-5.8093647202e+00 -2.8219328381e+00 -1.4890189317e+00
-5.8093564575e+00 -2.8219343314e+00 -1.4890087300e+00
-5.8093646365e+00 -2.8219403073e+00 -1.4890088623e+00
-5.8093529823e+00 -2.8219315344e+00 -1.4890049938e+00
-5.8093615726e+00 -2.8219377951e+00 -1.4890050441e+00
-5.8093525763e+00 -2.8219397468e+00 -1.4889953652e+00
-5.8093607550e+00 -2.8219457228e+00 -1.4889954972e+00
4.1738288280e+00 3.4592130386e+00 -7.0521800470e+00
4.1738253415e+00 3.4592166478e+00 -7.0521574940e+00
4.1738227481e+00 3.4591937826e+00 -7.0521757896e+00
4.1738204406e+00 3.4591968450e+00 -7.0521538135e+00
4.1738358594e+00 3.4592206409e+00 -7.0521800860e+00
4.1738316934e+00 3.4592244500e+00 -7.0521565403e+00
4.1738294246e+00 3.4592014345e+00 -7.0521759379e+00
4.1738264495e+00 3.4592047033e+00 -7.0521529565e+00
5.7302842815e+00 6.6075321933e-01 8.9991206222e-01
5.7302919088e+00 6.6075754215e-01 8.9989493089e-01
5.7302937492e+00 6.6074179727e-01 8.9991881613e-01
5.7303007305e+00 6.6074566054e-01 8.9990114829e-01
5.7302948717e+00 6.6074705493e-01 8.9990011348e-01
5.7303019335e+00 6.6075083664e-01 8.9988240136e-01
5.7303036659e+00 6.6073419830e-01 8.9990687733e-01
5.7303114052e+00 6.6073940520e-01 8.9988920238e-01
3.6676523619e+00 6.9574533772e-01 -4.8278112595e+00
3.6676456923e+00 6.9574824853e-01 -4.8278194000e+00
3.6676525347e+00 6.9574507222e-01 -4.8278227721e+00
3.6676459795e+00 6.9574815958e-01 -4.8278307066e+00
3.6676633136e+00 6.9574624418e-01 -4.8278179508e+00
3.6676566014e+00 6.9574917380e-01 -4.8278259671e+00
3.6676634330e+00 6.9574761750e-01 -4.8278304480e+00
3.6676568195e+00 6.9575043263e-01 -4.8278383878e+00
-1.9394956654e+00 4.4911266391e-01 -8.7280893691e-01
-1.9394911798e+00 4.4912272333e-01 -8.7282597108e-01
-1.9395024360e+00 4.4910619633e-01 -8.7280616174e-01
-1.9394988826e+00 4.4911685550e-01 -8.7282233812e-01
-1.9394986781e+00 4.4909962849e-01 -8.7280119324e-01
-1.9394943834e+00 4.4910957052e-01 -8.7281842598e-01
-1.9395050407e+00 4.4909287190e-01 -8.7279833908e-01
-1.9395016784e+00 4.4910341362e-01 -8.7281471400e-01
-1.2730621635e+00 -1.6225245599e-01 3.5964531056e-01
-1.2730533334e+00 -1.6224508652e-01 3.5963782420e-01
-1.2730599642e+00 -1.6225689878e-01 3.5964726045e-01
-1.2730510864e+00 -1.6224935567e-01 3.5963981138e-01
-1.2730518940e+00 -1.6226704304e-01 3.5963848329e-01
-1.2730430928e+00 -1.6225961369e-01 3.5963092387e-01
-1.2730501700e+00 -1.6227189384e-01 3.5964052275e-01
-1.2730413419e+00 -1.6226427446e-01 3.5963299490e-01
7.9404627210e-01 6.6316836946e+00 -2.0516644824e+00
7.9404910133e-01 6.6316804284e+00 -2.0516514350e+00
7.9404110065e-01 6.6316792323e+00 -2.0516633873e+00
7.9404381779e-01 6.6316760858e+00 -2.0516504513e+00
7.9403577209e-01 6.6316863751e+00 -2.0516557624e+00
7.9403863728e-01 6.6316831189e+00 -2.0516428381e+00
7.9403048412e-01 6.6316818505e+00 -2.0516548079e+00
7.9403323269e-01 6.6316787136e+00 -2.0516419956e+00
1.9196099984e+00 5.0668349577e-01 -2.8899794618e-01
1.9196026299e+00 5.0669039374e-01 -2.8899530625e-01
1.9196167668e+00 5.0667330434e-01 -2.8899850766e-01
1.9196093838e+00 5.0668016772e-01 -2.8899587496e-01
1.9196150284e+00 5.0668474985e-01 -2.8899984278e-01
1.9196077005e+00 5.0669158437e-01 -2.8899712269e-01
1.9196217540e+00 5.0667456020e-01 -2.8900039104e-01
1.9196144203e+00 5.0668136550e-01 -2.8899765959e-01
8.6870250605e-02 9.0309857998e-01 -1.3939439873e+00
8.6873805230e-02 9.0308651902e-01 -1.3939356757e+00
8.6873284942e-02 9.0309586944e-01 -1.3939431430e+00
8.6876991843e-02 9.0308384434e-01 -1.3939348125e+00
8.6852637266e-02 9.0310099211e-01 -1.3939409198e+00
8.6856119036e-02 9.0308990281e-01 -1.3939334344e+00
8.6854780722e-02 9.0309776334e-01 -1.3939403031e+00
8.6858511826e-02 9.0308668107e-01 -1.3939327442e+00
-1.2415224876e+00 -1.1262698956e+00 2.3164433202e+00
-1.2415104142e+00 -1.1262647210e+00 2.3164423120e+00
-1.2415393185e+00 -1.1262915401e+00 2.3164470473e+00
-1.2415272445e+00 -1.1262863657e+00 2.3164460373e+00
-1.2415585494e+00 -1.1262793196e+00 2.3164454794e+00
-1.2415466057e+00 -1.1262741002e+00 2.3164442745e+00
-1.2415752336e+00 -1.1263007136e+00 2.3164489898e+00
-1.2415632968e+00 -1.1262954992e+00 2.3164478238e+00
5.0545577889e+00 4.6149470210e-01 1.1146867347e+00
5.0545627020e+00 4.6149343176e-01 1.1146965141e+00
5.0545683350e+00 4.6154055059e-01 1.1146845629e+00
5.0545739369e+00 4.6153985172e-01 1.1146943170e+00
5.0545242938e+00 4.6148594364e-01 1.1146724463e+00
5.0545299472e+00 4.6148519401e-01 1.1146821910e+00
5.0545370043e+00 4.6153245369e-01 1.1146717751e+00
5.0545422325e+00 4.6153195038e-01 1.1146816573e+00
1.4826954157e+00 -4.7880961190e+00 5.7008411333e+00
1.4827045194e+00 -4.7880860505e+00 5.7008442781e+00
1.4826993669e+00 -4.7881143725e+00 5.7008456399e+00
1.4827084547e+00 -4.7881042567e+00 5.7008487202e+00
1.4827135138e+00 -4.7880904073e+00 5.7008434321e+00
1.4827225965e+00 -4.7880802674e+00 5.7008465566e+00
1.4827174385e+00 -4.7881085838e+00 5.7008479241e+00
1.4827265203e+00 -4.7880984622e+00 5.7008510217e+00
-5.1240609973e+00 6.1726120872e-01 -4.2343707936e+00
-5.1240524191e+00 6.1725244618e-01 -4.2343791213e+00
-5.1240705408e+00 6.1730431478e-01 -4.2343794715e+00
-5.1240622431e+00 6.1729616807e-01 -4.2343876986e+00
-5.1240215864e+00 6.1723963842e-01 -4.2343929692e+00
-5.1240130071e+00 6.1723087538e-01 -4.2344012966e+00
-5.1240310963e+00 6.1728275566e-01 -4.2344016522e+00
-5.1240227789e+00 6.1727460957e-01 -4.2344098536e+00
2.1281530870e-01 -4.4604847802e+00 2.6225982648e+00
2.1281013265e-01 -4.4604815703e+00 2.6225960881e+00
2.1282161349e-01 -4.4604861502e+00 2.6225990736e+00
2.1281643861e-01 -4.4604829170e+00 2.6225969544e+00
2.1277782972e-01 -4.4604774730e+00 2.6225952689e+00
2.1277225590e-01 -4.4604726114e+00 2.6225943231e+00
2.1278402758e-01 -4.4604787458e+00 2.6225960066e+00
2.1277846348e-01 -4.4604738972e+00 2.6225950447e+00
1.0036132447e+00 2.9870384926e+00 -1.3253828289e+00
1.0036159391e+00 2.9870369852e+00 -1.3253895552e+00
1.0036083889e+00 2.9870751365e+00 -1.3253991305e+00
1.0036105770e+00 2.9870739970e+00 -1.3254050412e+00
1.0036317430e+00 2.9870395498e+00 -1.3253826878e+00
1.0036344586e+00 2.9870380291e+00 -1.3253891424e+00
1.0036268622e+00 2.9870763196e+00 -1.3253985275e+00
1.0036290441e+00 2.9870751475e+00 -1.3254047746e+00
-3.4341509699e+00 -6.8961086450e+00 9.4832369969e-01
-3.4341524681e+00 -6.8960963925e+00 9.4835226747e-01
-3.4341501429e+00 -6.8961057342e+00 9.4832291919e-01
-3.4341514540e+00 -6.8960935046e+00 9.4835151920e-01
-3.4341458205e+00 -6.8961081780e+00 9.4832307739e-01
-3.4341471702e+00 -6.8960958863e+00 9.4835165146e-01
-3.4341448464e+00 -6.8961051184e+00 9.4832236627e-01
-3.4341462823e+00 -6.8960930130e+00 9.4835099260e-01
-6.0034643840e-01 2.9116984848e+00 7.3470704527e-01
-6.0033895860e-01 2.9117025309e+00 7.3470766135e-01
-6.0033665737e-01 2.9116889382e+00 7.3468469627e-01
-6.0032915517e-01 2.9116929595e+00 7.3468533196e-01
-6.0039001353e-01 2.9116962021e+00 7.3469876799e-01
-6.0038245438e-01 2.9117003510e+00 7.3469945322e-01
-6.0038007264e-01 2.9116856293e+00 7.3467682357e-01
-6.0037249400e-01 2.9116897641e+00 7.3467751734e-01
4.1197109399e+00 2.3722531979e+00 4.7530272812e+00
4.1197152202e+00 2.3722521594e+00 4.7530353500e+00
4.1197191930e+00 2.3722900194e+00 4.7530324452e+00
4.1197232793e+00 2.3722891506e+00 4.7530406096e+00
4.1196965585e+00 2.3722509719e+00 4.7530317705e+00
4.1197008056e+00 2.3722499392e+00 4.7530397863e+00
4.1197053915e+00 2.3722884251e+00 4.7530366617e+00
4.1197094440e+00 2.3722875818e+00 4.7530447712e+00
3.3659646810e+00 1.8940580209e+00 3.0250917800e-01
3.3659634511e+00 1.8940599668e+00 3.0253672606e-01
3.3659708741e+00 1.8940354857e+00 3.0249298685e-01
3.3659685819e+00 1.8940362523e+00 3.0251998739e-01
3.3659841273e+00 1.8940756910e+00 3.0250418791e-01
3.3659821502e+00 1.8940759501e+00 3.0253154914e-01
3.3659901262e+00 1.8940543426e+00 3.0248740460e-01
3.3659875317e+00 1.8940542715e+00 3.0251403605e-01
-2.3674651294e+00 2.8577545013e-01 3.2087190927e+00
-2.3674702855e+00 2.8576247197e-01 3.2087211409e+00
-2.3674651191e+00 2.8579261424e-01 3.2087226091e+00
-2.3674702709e+00 2.8577995713e-01 3.2087246017e+00
-2.3674541684e+00 2.8575959856e-01 3.2087155921e+00
-2.3674593046e+00 2.8574711185e-01 3.2087178192e+00
-2.3674541852e+00 2.8577735923e-01 3.2087194263e+00
-2.3674593688e+00 2.8576421608e-01 3.2087212393e+00
-2.4121175584e+00 3.6085746801e-01 -2.0991442211e+00
-2.4121260259e+00 3.6085898014e-01 -2.0991375473e+00
-2.4121342245e+00 3.6084355120e-01 -2.0991505499e+00
-2.4121426979e+00 3.6084504295e-01 -2.0991438552e+00
-2.4121068379e+00 3.6085246726e-01 -2.0991406735e+00
-2.4121152363e+00 3.6085389651e-01 -2.0991339044e+00
-2.4121236443e+00 3.6083847347e-01 -2.0991470523e+00
-2.4121320485e+00 3.6083988235e-01 -2.0991402624e+00
1.3097244123e-01 -2.1152859762e+00 -6.1256266108e+00
1.3097135242e-01 -2.1152863760e+00 -6.1256194685e+00
1.3096778599e-01 -2.1152790204e+00 -6.1256225554e+00
1.3096643161e-01 -2.1152790307e+00 -6.1256154564e+00
1.3097491251e-01 -2.1152818266e+00 -6.1256233139e+00
1.3097418797e-01 -2.1152823877e+00 -6.1256159788e+00
1.3097052045e-01 -2.1152752626e+00 -6.1256194305e+00
1.3096925565e-01 -2.1152752660e+00 -6.1256121700e+00
6.9459820273e-01 1.4241858443e+00 1.7519386050e+01
6.9459732289e-01 1.4241823122e+00 1.7519380644e+01
6.9459719060e-01 1.4241977299e+00 1.7519379687e+01
6.9459629525e-01 1.4241941957e+00 1.7519374093e+01
6.9460433709e-01 1.4241855618e+00 1.7519383554e+01
6.9460349052e-01 1.4241820106e+00 1.7519378144e+01
6.9460327935e-01 1.4241974078e+00 1.7519377100e+01
6.9460243208e-01 1.4241938593e+00 1.7519371521e+01
-1.4193196906e+00 1.5457089353e+00 1.6693472232e+01
-1.4193254071e+00 1.5457096629e+00 1.6693467023e+01
-1.4193155157e+00 1.5457066407e+00 1.6693473872e+01
-1.4193212440e+00 1.5457073278e+00 1.6693468636e+01
-1.4193377049e+00 1.5457104489e+00 1.6693478708e+01
-1.4193434998e+00 1.5457111260e+00 1.6693473484e+01
-1.4193335365e+00 1.5457082693e+00 1.6693480384e+01
-1.4193393266e+00 1.5457089406e+00 1.6693475157e+01
-2.5748148628e+00 3.9930406938e-01 2.1623423416e+01
-2.5748179251e+00 3.9930580099e-01 2.1623426436e+01
-2.5748118372e+00 3.9930389443e-01 2.1623420976e+01
-2.5748152400e+00 3.9930566950e-01 2.1623423930e+01
-2.5748114341e+00 3.9930685535e-01 2.1623419928e+01
-2.5748148244e+00 3.9930858384e-01 2.1623422897e+01
-2.5748086945e+00 3.9930589854e-01 2.1623417211e+01
-2.5748120965e+00 3.9930767324e-01 2.1623420165e+01
-6.7166714461e-01 2.9889942323e+00 1.9411924569e+01
-6.7166032011e-01 2.9889897208e+00 1.9411921384e+01
-6.7166822058e-01 2.9889953994e+00 1.9411925523e+01
-6.7166147824e-01 2.9889909286e+00 1.9411922069e+01
-6.7166506734e-01 2.9889889347e+00 1.9411924698e+01
-6.7165806478e-01 2.9889843936e+00 1.9411921467e+01
-6.7166592634e-01 2.9889905341e+00 1.9411925690e+01
-6.7165901250e-01 2.9889860210e+00 1.9411922191e+01
-3.6012998317e+00 -3.3263120841e+00 1.5100167170e+01
-3.6012990046e+00 -3.3263073433e+00 1.5100203762e+01
-3.6012963734e+00 -3.3262856981e+00 1.5100167097e+01
-3.6012938074e+00 -3.3262818151e+00 1.5100202513e+01
-3.6013375228e+00 -3.3263188945e+00 1.5100164014e+01
-3.6013333919e+00 -3.3263137322e+00 1.5100200367e+01
-3.6013320523e+00 -3.3262921774e+00 1.5100164182e+01
-3.6013295839e+00 -3.3262886073e+00 1.5100200500e+01
-2.1910763346e+00 4.0509574070e+00 1.9099301339e+01
-2.1910831617e+00 4.0509613671e+00 1.9099301249e+01
-2.1910774520e+00 4.0509724037e+00 1.9099299948e+01
-2.1910832066e+00 4.0509757397e+00 1.9099299102e+01
-2.1910645902e+00 4.0509569849e+00 1.9099297507e+01
-2.1910714724e+00 4.0509610388e+00 1.9099297561e+01
-2.1910655357e+00 4.0509716855e+00 1.9099296291e+01
-2.1910714894e+00 4.0509753166e+00 1.9099295283e+01
4.4594473315e+00 1.1546369360e+00 1.5615434025e+01
4.4594474337e+00 1.1546406593e+00 1.5615459505e+01
4.4594480202e+00 1.1546494325e+00 1.5615435817e+01
4.4594483881e+00 1.1546529800e+00 1.5615461700e+01
4.4594537516e+00 1.1546332922e+00 1.5615436862e+01
4.4594541400e+00 1.1546370001e+00 1.5615462759e+01
4.4594545567e+00 1.1546457000e+00 1.5615438641e+01
4.4594548954e+00 1.1546494229e+00 1.5615464620e+01
4.6370057077e+00 2.7193787850e+00 1.6586525437e+01
4.6370103679e+00 2.7193792083e+00 1.6586523410e+01
4.6370034489e+00 2.7193819470e+00 1.6586522269e+01
4.6370080625e+00 2.7193823773e+00 1.6586520232e+01
4.6369877166e+00 2.7193902432e+00 1.6586542878e+01
4.6369921440e+00 2.7193902535e+00 1.6586540922e+01
4.6369855587e+00 2.7193937068e+00 1.6586539763e+01
4.6369899472e+00 2.7193936934e+00 1.6586537764e+01
7.3161251116e-01 -2.5652559106e+00 1.1114059191e+01
7.3161546241e-01 -2.5652578074e+00 1.1114040695e+01
7.3161142899e-01 -2.5652590517e+00 1.1114058262e+01
7.3161448062e-01 -2.5652610169e+00 1.1114039750e+01
7.3162570562e-01 -2.5652607264e+00 1.1114058095e+01
7.3162862996e-01 -2.5652626225e+00 1.1114039600e+01
7.3162484457e-01 -2.5652640081e+00 1.1114056852e+01
7.3162779459e-01 -2.5652659359e+00 1.1114038343e+01
8.7816971204e-01 1.5735673671e-01 1.7915865806e+01
8.7817093351e-01 1.5735451260e-01 1.7915861773e+01
8.7817078116e-01 1.5736065027e-01 1.7915862226e+01
8.7817189144e-01 1.5735865777e-01 1.7915858636e+01
8.7817232095e-01 1.5736158074e-01 1.7915865235e+01
8.7817360050e-01 1.5735939313e-01 1.7915861195e+01
8.7817345441e-01 1.5736549670e-01 1.7915861565e+01
8.7817456565e-01 1.5736350387e-01 1.7915857976e+01
-2.1602248292e+00 1.5689111427e+00 1.4500864675e+01
-2.1602312183e+00 1.5689170276e+00 1.4500855600e+01
-2.1602223064e+00 1.5689119883e+00 1.4500861812e+01
-2.1602291434e+00 1.5689179655e+00 1.4500852847e+01
-2.1602176380e+00 1.5689150603e+00 1.4500857950e+01
-2.1602240146e+00 1.5689209346e+00 1.4500848880e+01
-2.1602155463e+00 1.5689158750e+00 1.4500855178e+01
-2.1602219230e+00 1.5689218375e+00 1.4500846151e+01
-3.1692261329e+00 -2.7053612840e+00 2.0351746071e+01
-3.1692259636e+00 -2.7053617958e+00 2.0351736923e+01
-3.1692256339e+00 -2.7053433954e+00 2.0351747338e+01
-3.1692254395e+00 -2.7053439487e+00 2.0351738375e+01
-3.1692173600e+00 -2.7053654590e+00 2.0351744224e+01
-3.1692172381e+00 -2.7053659438e+00 2.0351735060e+01
-3.1692163135e+00 -2.7053476181e+00 2.0351745431e+01
-3.1692161861e+00 -2.7053481703e+00 2.0351736468e+01
1.2190962235e+00 1.7812952145e+00 2.0637050609e+01
1.2190972946e+00 1.7812882844e+00 2.0637061330e+01
1.2190886417e+00 1.7813058860e+00 2.0637045388e+01
1.2190912453e+00 1.7812995219e+00 2.0637056316e+01
1.2190738137e+00 1.7813014805e+00 2.0637052669e+01
1.2190760839e+00 1.7812942311e+00 2.0637063529e+01
1.2190668753e+00 1.7813130257e+00 2.0637049346e+01
1.2190683792e+00 1.7813056774e+00 2.0637059770e+01
1.0498456234e+00 -3.0395216261e+00 2.0629345623e+01
1.0498434421e+00 -3.0395181765e+00 2.0629342412e+01
1.0498462838e+00 -3.0395160304e+00 2.0629347660e+01
1.0498440514e+00 -3.0395124689e+00 2.0629344292e+01
1.0498189393e+00 -3.0395237804e+00 2.0629353750e+01
1.0498175099e+00 -3.0395211386e+00 2.0629349590e+01
1.0498189991e+00 -3.0395181174e+00 2.0629355721e+01
1.0498176087e+00 -3.0395155275e+00 2.0629351581e+01
-8.2507275529e-01 -6.2136733783e-02 1.3275330375e+01
-8.2507548544e-01 -6.2139814675e-02 1.3275346838e+01
-8.2506822910e-01 -6.2135739659e-02 1.3275325361e+01
-8.2507096603e-01 -6.2138923732e-02 1.3275341883e+01
-8.2506419513e-01 -6.2142259631e-02 1.3275333844e+01
-8.2506680891e-01 -6.2145362392e-02 1.3275350394e+01
-8.2505980396e-01 -6.2141022437e-02 1.3275328826e+01
-8.2506245374e-01 -6.2144088698e-02 1.3275345399e+01
2.4795613853e+00 1.8967782858e+00 1.5930299079e+01
2.4795601682e+00 1.8967815729e+00 1.5930330498e+01
2.4795596418e+00 1.8967765615e+00 1.5930301553e+01
2.4795583550e+00 1.8967800446e+00 1.5930333294e+01
2.4795627107e+00 1.8967850594e+00 1.5930298228e+01
2.4795619758e+00 1.8967891333e+00 1.5930329559e+01
2.4795611476e+00 1.8967840010e+00 1.5930300980e+01
2.4795601856e+00 1.8967877401e+00 1.5930332388e+01
-3.9124034873e+00 -1.1107938124e-01 -1.8906810777e+01
-3.9124026969e+00 -1.1107747750e-01 -1.8906817203e+01
-3.9124013970e+00 -1.1108778228e-01 -1.8906805878e+01
-3.9124005560e+00 -1.1108584805e-01 -1.8906812311e+01
-3.9124067524e+00 -1.1108376511e-01 -1.8906806027e+01
-3.9124060954e+00 -1.1108185137e-01 -1.8906812867e+01
-3.9124046888e+00 -1.1109215386e-01 -1.8906801069e+01
-3.9124040296e+00 -1.1109024113e-01 -1.8906807920e+01
-4.2662880824e+00 1.7892324878e+00 -1.8030981951e+01
-4.2662873825e+00 1.7892401564e+00 -1.8030997436e+01
-4.2662853059e+00 1.7892345120e+00 -1.8030980596e+01
-4.2662846069e+00 1.7892421802e+00 -1.8030996081e+01
-4.2662900939e+00 1.7892298649e+00 -1.8030977572e+01
-4.2662893759e+00 1.7892375334e+00 -1.8030993059e+01
-4.2662873223e+00 1.7892318916e+00 -1.8030976208e+01
-4.2662866051e+00 1.7892395596e+00 -1.8030991696e+01
9.5910876298e-01 2.7272997707e-01 -1.7068117122e+01
9.5910353332e-01 2.7272962262e-01 -1.7068126858e+01
9.5911142309e-01 2.7271972897e-01 -1.7068108288e+01
9.5910619318e-01 2.7271937436e-01 -1.7068118023e+01
9.5912216101e-01 2.7273146662e-01 -1.7068108363e+01
9.5911696946e-01 2.7273108896e-01 -1.7068118100e+01
9.5912485315e-01 2.7272127601e-01 -1.7068099128e+01
9.5911962149e-01 2.7272092075e-01 -1.7068108864e+01
-1.2535491948e+00 1.6627197793e+00 -1.9457850847e+01
-1.2535458861e+00 1.6627243539e+00 -1.9457861683e+01
-1.2535558278e+00 1.6627188059e+00 -1.9457844346e+01
-1.2535525115e+00 1.6627233802e+00 -1.9457855178e+01
-1.2535364518e+00 1.6627218441e+00 -1.9457847982e+01
-1.2535331551e+00 1.6627264575e+00 -1.9457858794e+01
-1.2535430559e+00 1.6627206873e+00 -1.9457841495e+01
-1.2535397518e+00 1.6627253004e+00 -1.9457852304e+01
-1.9452433204e+00 -2.5281925751e+00 -1.4598010515e+01
-1.9452478369e+00 -2.5281921250e+00 -1.4598016135e+01
-1.9452469443e+00 -2.5281877500e+00 -1.4598003820e+01
-1.9452514805e+00 -2.5281872707e+00 -1.4598009441e+01
-1.9452373479e+00 -2.5282006192e+00 -1.4598010642e+01
-1.9452418547e+00 -2.5282001637e+00 -1.4598016253e+01
-1.9452406911e+00 -2.5281955982e+00 -1.4598003604e+01
-1.9452452178e+00 -2.5281951132e+00 -1.4598009216e+01
-2.6887901437e+00 4.4982434078e-01 -1.8571052658e+01
-2.6887886060e+00 4.4982557463e-01 -1.8571055497e+01
-2.6887914293e+00 4.4981426764e-01 -1.8571045847e+01
-2.6887899534e+00 4.4981549551e-01 -1.8571048764e+01
-2.6887825878e+00 4.4983290168e-01 -1.8571056739e+01
-2.6887810502e+00 4.4983413560e-01 -1.8571059578e+01
-2.6887842074e+00 4.4982161826e-01 -1.8571049368e+01
-2.6887827318e+00 4.4982284624e-01 -1.8571052284e+01
3.8599651718e+00 -7.6938031220e-01 -1.4531244511e+01
3.8599741190e+00 -7.6937993684e-01 -1.4531248011e+01
3.8599649352e+00 -7.6936532441e-01 -1.4531238782e+01
3.8599744085e+00 -7.6936443945e-01 -1.4531241821e+01
3.8599689626e+00 -7.6938376469e-01 -1.4531246052e+01
3.8599776625e+00 -7.6938390124e-01 -1.4531249600e+01
3.8599686943e+00 -7.6936876050e-01 -1.4531240328e+01
3.8599780019e+00 -7.6936839907e-01 -1.4531243368e+01
1.0258111408e+01 -9.6483475381e-01 -1.6583277242e+01
1.0258108961e+01 -9.6482949609e-01 -1.6583276925e+01
1.0258107136e+01 -9.6482905182e-01 -1.6583271012e+01
1.0258104487e+01 -9.6482319837e-01 -1.6583270730e+01
1.0258104363e+01 -9.6483159566e-01 -1.6583277599e+01
1.0258101920e+01 -9.6482633649e-01 -1.6583277282e+01
1.0258100098e+01 -9.6482585481e-01 -1.6583271378e+01
1.0258097452e+01 -9.6481999914e-01 -1.6583271095e+01
4.5583703482e+00 -4.0507805151e+00 -1.5182375967e+01
4.5583697606e+00 -4.0507751416e+00 -1.5182384815e+01
4.5583743352e+00 -4.0507641631e+00 -1.5182380317e+01
4.5583734789e+00 -4.0507591281e+00 -1.5182389041e+01
4.5583591914e+00 -4.0507774023e+00 -1.5182365701e+01
4.5583585986e+00 -4.0507721869e+00 -1.5182374446e+01
4.5583631091e+00 -4.0507613941e+00 -1.5182369900e+01
4.5583622764e+00 -4.0507561412e+00 -1.5182378298e+01
1.5541789347e+00 -2.7370404782e+00 -1.4622740622e+01
1.5541797653e+00 -2.7370524661e+00 -1.4622749988e+01
1.5541820256e+00 -2.7370369697e+00 -1.4622740192e+01
1.5541828852e+00 -2.7370489905e+00 -1.4622749534e+01
1.5541696559e+00 -2.7370313490e+00 -1.4622733076e+01
1.5541705272e+00 -2.7370434275e+00 -1.4622742208e+01
1.5541727339e+00 -2.7370278105e+00 -1.4622732558e+01
1.5541736257e+00 -2.7370399009e+00 -1.4622741712e+01
-6.8941189464e+00 -1.3552826462e-01 -1.7728045632e+01
-6.8941235027e+00 -1.3552629675e-01 -1.7728050070e+01
-6.8941309767e+00 -1.3551961075e-01 -1.7728039384e+01
-6.8941356976e+00 -1.3551757780e-01 -1.7728044011e+01
-6.8940946509e+00 -1.3553182447e-01 -1.7728047803e+01
-6.8940992072e+00 -1.3552985663e-01 -1.7728052242e+01
-6.8941061208e+00 -1.3552150399e-01 -1.7728042083e+01
-6.8941109232e+00 -1.3551942309e-01 -1.7728046637e+01
-3.8577403577e+00 -8.6568861548e-01 -1.9866280611e+01
-3.8577428023e+00 -8.6569166548e-01 -1.9866281280e+01
-3.8577400723e+00 -8.6568772329e-01 -1.9866288694e+01
-3.8577425358e+00 -8.6569079674e-01 -1.9866289374e+01
-3.8577293013e+00 -8.6569204843e-01 -1.9866284179e+01
-3.8577317199e+00 -8.6569506832e-01 -1.9866284873e+01
-3.8577288732e+00 -8.6569108372e-01 -1.9866292262e+01
-3.8577313109e+00 -8.6569412698e-01 -1.9866292967e+01
-1.6720887058e+00 4.1142612674e+00 -1.2227978280e+01
-1.6721075167e+00 4.1142603885e+00 -1.2227957347e+01
-1.6720920092e+00 4.1142572710e+00 -1.2227970152e+01
-1.6721112368e+00 4.1142569357e+00 -1.2227948626e+01
-1.6721256545e+00 4.1142734554e+00 -1.2227964246e+01
-1.6721439469e+00 4.1142735442e+00 -1.2227942372e+01
-1.6721287100e+00 4.1142675350e+00 -1.2227954255e+01
-1.6721474867e+00 4.1142679026e+00 -1.2227934065e+01
2.8645064747e+00 -2.9817984947e+00 -1.8658881316e+01
2.8644972222e+00 -2.9817954773e+00 -1.8658869310e+01
2.8645050460e+00 -2.9818027060e+00 -1.8658883163e+01
2.8644959553e+00 -2.9817995633e+00 -1.8658871215e+01
2.8645140729e+00 -2.9817990556e+00 -1.8658881169e+01
2.8645057398e+00 -2.9817970077e+00 -1.8658869842e+01
2.8645127121e+00 -2.9818033716e+00 -1.8658882985e+01
2.8645044009e+00 -2.9818013046e+00 -1.8658871559e+01
-1.7573582002e+00 -3.9306856508e+00 -1.3385268593e+01
-1.7573567731e+00 -3.9306833373e+00 -1.3385267621e+01
-1.7573445201e+00 -3.9306882100e+00 -1.3385261741e+01
-1.7573426878e+00 -3.9306858048e+00 -1.3385260772e+01
-1.7573734270e+00 -3.9306842855e+00 -1.3385271805e+01
-1.7573724857e+00 -3.9306823183e+00 -1.3385271431e+01
-1.7573598105e+00 -3.9306869466e+00 -1.3385264908e+01
-1.7573585442e+00 -3.9306850411e+00 -1.3385264323e+01
3.6310729095e-01 1.5235421566e+00 -1.9609970168e+01
3.6310809540e-01 1.5235307804e+00 -1.9609974903e+01
3.6310346583e-01 1.5235396231e+00 -1.9609968346e+01
3.6310425113e-01 1.5235282630e+00 -1.9609973105e+01
3.6310427425e-01 1.5235379237e+00 -1.9609977665e+01
3.6310517586e-01 1.5235264374e+00 -1.9609982736e+01
3.6310045066e-01 1.5235354182e+00 -1.9609975789e+01
3.6310134743e-01 1.5235239439e+00 -1.9609980885e+01
1.2538308816e+00 -1.9995067430e+00 1.8737850489e+01
1.2538244881e+00 -1.9995148797e+00 1.8737850013e+01
1.2538336526e+00 -1.9995064720e+00 1.8737852963e+01
1.2538272176e+00 -1.9995145499e+00 1.8737852447e+01
1.2538313872e+00 -1.9995101643e+00 1.8737840009e+01
1.2538250063e+00 -1.9995183156e+00 1.8737839250e+01
1.2538340040e+00 -1.9995098835e+00 1.8737842510e+01
1.2538275815e+00 -1.9995179759e+00 1.8737841711e+01
-1.5871406847e+00 4.5316748223e+00 1.7125140042e+01
-1.5871459783e+00 4.5316723513e+00 1.7125157226e+01
-1.5871404321e+00 4.5316800123e+00 1.7125137420e+01
-1.5871457213e+00 4.5316777292e+00 1.7125154464e+01
-1.5871554667e+00 4.5316729161e+00 1.7125129574e+01
-1.5871604476e+00 4.5316705806e+00 1.7125146231e+01
-1.5871554843e+00 4.5316783574e+00 1.7125126929e+01
-1.5871601780e+00 4.5316760964e+00 1.7125143558e+01
-6.8527009123e-01 -1.3676240627e-01 1.6821897574e+01
-6.8527006449e-01 -1.3676084639e-01 1.6821895453e+01
-6.8527085078e-01 -1.3677579185e-01 1.6821908747e+01
-6.8527082736e-01 -1.3677422929e-01 1.6821906631e+01
-6.8525356439e-01 -1.3675887216e-01 1.6821905377e+01
-6.8525353999e-01 -1.3675730845e-01 1.6821903277e+01
-6.8525524394e-01 -1.3677284248e-01 1.6821916052e+01
-6.8525522177e-01 -1.3677127503e-01 1.6821913956e+01
2.6210299227e+00 5.6447588717e+00 1.4130406583e+01
2.6210285532e+00 5.6447563079e+00 1.4130407839e+01
2.6210322960e+00 5.6447820869e+00 1.4130409216e+01
2.6210312344e+00 5.6447799244e+00 1.4130410344e+01
2.6210494149e+00 5.6447629190e+00 1.4130409586e+01
2.6210483830e+00 5.6447603601e+00 1.4130410842e+01
2.6210521792e+00 5.6447863962e+00 1.4130412124e+01
2.6210511107e+00 5.6447842313e+00 1.4130413257e+01
-4.5174029439e+00 1.4368630102e-01 1.6572227800e+01
-4.5174005330e+00 1.4368777946e-01 1.6572222396e+01
-4.5174044476e+00 1.4367311755e-01 1.6572235623e+01
-4.5174020009e+00 1.4367465053e-01 1.6572230074e+01
-4.5174199414e+00 1.4369421412e-01 1.6572238851e+01
-4.5174178898e+00 1.4369578299e-01 1.6572233060e+01
-4.5174212737e+00 1.4368099545e-01 1.6572246451e+01
-4.5174192214e+00 1.4368258638e-01 1.6572240703e+01
-3.6195059089e+00 6.1750432982e+00 1.4578287773e+01
-3.6195015672e+00 6.1750341986e+00 1.4578275399e+01
-3.6195027817e+00 6.1750685266e+00 1.4578288991e+01
-3.6194984547e+00 6.1750595769e+00 1.4578276519e+01
-3.6195080295e+00 6.1750334656e+00 1.4578282050e+01
-3.6195037086e+00 6.1750242697e+00 1.4578269832e+01
-3.6195051042e+00 6.1750589334e+00 1.4578283437e+01
-3.6195008007e+00 6.1750498862e+00 1.4578271118e+01
3.4152463157e+00 1.5290885635e+00 2.2304795108e+01
3.4152512525e+00 1.5290837050e+00 2.2304789332e+01
3.4152436608e+00 1.5290824302e+00 2.2304803188e+01
3.4152485047e+00 1.5290776423e+00 2.2304797478e+01
3.4152525499e+00 1.5290903578e+00 2.2304796280e+01
3.4152574994e+00 1.5290854812e+00 2.2304790530e+01
3.4152498996e+00 1.5290842255e+00 2.2304804361e+01
3.4152547542e+00 1.5290794271e+00 2.2304798670e+01
4.2894760771e+00 5.3619077789e+00 1.9330682811e+01
4.2894775600e+00 5.3619020024e+00 1.9330675392e+01
4.2894738373e+00 5.3619171254e+00 1.9330682968e+01
4.2894753196e+00 5.3619113501e+00 1.9330675550e+01
4.2894701984e+00 5.3619124524e+00 1.9330695093e+01
4.2894716706e+00 5.3619066771e+00 1.9330687657e+01
4.2894679433e+00 5.3619217575e+00 1.9330695368e+01
4.2894693919e+00 5.3619159693e+00 1.9330687845e+01
2.4103077854e+00 -7.6968671441e-01 1.7795270664e+01
2.4103020459e+00 -7.6968555383e-01 1.7795266144e+01
2.4103204714e+00 -7.6968956013e-01 1.7795280222e+01
2.4103148858e+00 -7.6968852627e-01 1.7795276016e+01
2.4103070571e+00 -7.6968840923e-01 1.7795269514e+01
2.4103013301e+00 -7.6968725821e-01 1.7795265014e+01
2.4103199900e+00 -7.6969141864e-01 1.7795278809e+01
2.4103144169e+00 -7.6969039433e-01 1.7795274623e+01
-2.8759197642e+00 -6.4386510914e-01 1.5988850511e+01
-2.8759256094e+00 -6.4386096073e-01 1.5988838459e+01
-2.8759199110e+00 -6.4386380698e-01 1.5988848649e+01
-2.8759257573e+00 -6.4385965818e-01 1.5988836596e+01
-2.8759202435e+00 -6.4386541106e-01 1.5988851319e+01
-2.8759260934e+00 -6.4386126915e-01 1.5988839260e+01
-2.8759204046e+00 -6.4386410862e-01 1.5988849464e+01
-2.8759262513e+00 -6.4385996064e-01 1.5988837411e+01
2.2473657060e+00 -2.3891302350e+00 1.9110125299e+01
2.2473630644e+00 -2.3891250290e+00 1.9110141481e+01
2.2473548291e+00 -2.3891389838e+00 1.9110135336e+01
2.2473529548e+00 -2.3891346130e+00 1.9110151119e+01
2.2473757688e+00 -2.3891364656e+00 1.9110115664e+01
2.2473731482e+00 -2.3891323063e+00 1.9110132748e+01
2.2473651125e+00 -2.3891450857e+00 1.9110126036e+01
2.2473632722e+00 -2.3891417607e+00 1.9110142512e+01
5.4277545433e+00 3.4451898520e-01 1.1686113820e+01
5.4277519843e+00 3.4451702596e-01 1.1686103480e+01
5.4277558610e+00 3.4450987784e-01 1.1686113497e+01
5.4277533071e+00 3.4450792089e-01 1.1686103163e+01
5.4277671095e+00 3.4452323753e-01 1.1686106641e+01
5.4277646997e+00 3.4452161525e-01 1.1686096327e+01
5.4277684375e+00 3.4451407862e-01 1.1686106319e+01
5.4277660334e+00 3.4451245802e-01 1.1686096012e+01
-4.3960388362e+00 -8.6246401200e-01 1.5090438863e+01
-4.3960389064e+00 -8.6246372897e-01 1.5090423915e+01
-4.3960451185e+00 -8.6247666435e-01 1.5090445054e+01
-4.3960451888e+00 -8.6247638125e-01 1.5090430105e+01
-4.3960321953e+00 -8.6246411119e-01 1.5090452391e+01
-4.3960322893e+00 -8.6246379685e-01 1.5090437417e+01
-4.3960385177e+00 -8.6247681045e-01 1.5090458628e+01
-4.3960386118e+00 -8.6247649604e-01 1.5090443654e+01
-3.6542168361e+00 -4.0757420086e+00 1.6008009930e+01
-3.6542171460e+00 -4.0757408504e+00 1.6008005959e+01
-3.6542192311e+00 -4.0757516740e+00 1.6008011260e+01
-3.6542195319e+00 -4.0757504929e+00 1.6008007330e+01
-3.6542184672e+00 -4.0757371114e+00 1.6008008482e+01
-3.6542188035e+00 -4.0757359632e+00 1.6008004505e+01
-3.6542208479e+00 -4.0757466964e+00 1.6008009852e+01
-3.6542211889e+00 -4.0757456073e+00 1.6008005875e+01
1.2775381492e+00 3.3910211752e-01 1.4878867659e+01
1.2775468409e+00 3.3910818728e-01 1.4878849180e+01
1.2775419075e+00 3.3909221586e-01 1.4878871818e+01
1.2775508921e+00 3.3909849026e-01 1.4878852926e+01
1.2775327817e+00 3.3910331317e-01 1.4878870747e+01
1.2775417859e+00 3.3910961377e-01 1.4878851832e+01
1.2775369149e+00 3.3909361575e-01 1.4878874330e+01
1.2775455883e+00 3.3909962264e-01 1.4878856004e+01
7.2760732317e-01 -1.8950471208e+00 1.9178947744e+01
7.2761978245e-01 -1.8950429606e+00 1.9178937066e+01
7.2760546914e-01 -1.8950527745e+00 1.9178942002e+01
7.2761790106e-01 -1.8950485340e+00 1.9178931399e+01
7.2761118643e-01 -1.8950506348e+00 1.9178950124e+01
7.2762364574e-01 -1.8950464746e+00 1.9178939445e+01
7.2760933397e-01 -1.8950562829e+00 1.9178944380e+01
7.2762176587e-01 -1.8950520426e+00 1.9178933777e+01
-1.2880842322e+00 3.2288664790e+00 -1.7942416046e+01
-1.2880896660e+00 3.2288670288e+00 -1.7942415067e+01
-1.2880860023e+00 3.2288768676e+00 -1.7942421266e+01
-1.2880915462e+00 3.2288775108e+00 -1.7942420328e+01
-1.2881031727e+00 3.2288650974e+00 -1.7942410116e+01
-1.2881085386e+00 3.2288658495e+00 -1.7942409829e+01
-1.2881044197e+00 3.2288761479e+00 -1.7942415288e+01
-1.2881097132e+00 3.2288767921e+00 -1.7942415082e+01
-6.6888899659e-03 -1.9034302260e+00 -1.7759366571e+01
-6.6931287854e-03 -1.9034284204e+00 -1.7759336510e+01
-6.6897675316e-03 -1.9034194334e+00 -1.7759365342e+01
-6.6926346674e-03 -1.9034167481e+00 -1.7759334468e+01
-6.6887526001e-03 -1.9034273749e+00 -1.7759356715e+01
-6.6930245854e-03 -1.9034253102e+00 -1.7759326348e+01
-6.6897195021e-03 -1.9034162171e+00 -1.7759355157e+01
-6.6926738246e-03 -1.9034137840e+00 -1.7759324597e+01
-7.3650960521e-01 -4.5940623597e+00 -1.3039579973e+01
-7.3651037778e-01 -4.5940565423e+00 -1.3039586275e+01
-7.3649826146e-01 -4.5940557135e+00 -1.3039588419e+01
-7.3649913881e-01 -4.5940496997e+00 -1.3039595002e+01
-7.3650243088e-01 -4.5940544406e+00 -1.3039575575e+01
-7.3650314417e-01 -4.5940485780e+00 -1.3039581786e+01
-7.3649122333e-01 -4.5940473841e+00 -1.3039584158e+01
-7.3649185413e-01 -4.5940416286e+00 -1.3039590531e+01
-1.6914821521e-01 9.6558793190e-01 -1.8594273964e+01
-1.6915073066e-01 9.6559060384e-01 -1.8594267596e+01
-1.6915326928e-01 9.6558592761e-01 -1.8594280679e+01
-1.6915573134e-01 9.6558865525e-01 -1.8594274308e+01
-1.6913423894e-01 9.6558203096e-01 -1.8594275130e+01
-1.6913664892e-01 9.6558473990e-01 -1.8594268667e+01
-1.6913932342e-01 9.6557984451e-01 -1.8594281607e+01
-1.6914170750e-01 9.6558268001e-01 -1.8594275172e+01
-5.9042576651e-01 1.6562857075e+00 -1.9011681825e+01
-5.9041544491e-01 1.6562830052e+00 -1.9011678958e+01
-5.9043085260e-01 1.6563121594e+00 -1.9011702423e+01
-5.9042043487e-01 1.6563095028e+00 -1.9011699441e+01
-5.9041927745e-01 1.6562862689e+00 -1.9011684132e+01
-5.9040894255e-01 1.6562835748e+00 -1.9011681262e+01
-5.9042422471e-01 1.6563123960e+00 -1.9011705103e+01
-5.9041379367e-01 1.6563097475e+00 -1.9011702117e+01
-9.1657521424e-01 -1.3368168861e+00 -1.9775308954e+01
-9.1658044525e-01 -1.3368151461e+00 -1.9775310563e+01
-9.1657499506e-01 -1.3368138381e+00 -1.9775307203e+01
-9.1658022982e-01 -1.3368118521e+00 -1.9775308892e+01
-9.1659382986e-01 -1.3368223683e+00 -1.9775309696e+01
-9.1659958302e-01 -1.3368202700e+00 -1.9775311318e+01
-9.1659346797e-01 -1.3368191266e+00 -1.9775307764e+01
-9.1659925616e-01 -1.3368171449e+00 -1.9775309346e+01
3.1111152369e+00 2.4533071992e+00 -1.9384928140e+01
3.1111149634e+00 2.4533117530e+00 -1.9384919574e+01
3.1111150547e+00 2.4533301057e+00 -1.9384938516e+01
3.1111138771e+00 2.4533341280e+00 -1.9384930714e+01
3.1110834145e+00 2.4533064009e+00 -1.9384930819e+01
3.1110833521e+00 2.4533106599e+00 -1.9384922538e+01
3.1110833031e+00 2.4533286042e+00 -1.9384940993e+01
3.1110823960e+00 2.4533323220e+00 -1.9384933401e+01
2.2714293383e-01 -2.2024478294e+00 -1.8147203081e+01
2.2715189392e-01 -2.2024570034e+00 -1.8147206639e+01
2.2714164150e-01 -2.2024304972e+00 -1.8147202176e+01
2.2715052248e-01 -2.2024399577e+00 -1.8147206978e+01
2.2713287633e-01 -2.2024493560e+00 -1.8147204195e+01
2.2714174762e-01 -2.2024589090e+00 -1.8147208943e+01
2.2713161683e-01 -2.2024318990e+00 -1.8147203588e+01
2.2714138220e-01 -2.2024419645e+00 -1.8147208700e+01
-5.8081011794e-01 -5.4541346742e+00 -1.8343022258e+01
-5.8081508781e-01 -5.4541355140e+00 -1.8343011878e+01
-5.8080382460e-01 -5.4541417091e+00 -1.8343030207e+01
-5.8080886546e-01 -5.4541424921e+00 -1.8343019736e+01
-5.8081303589e-01 -5.4541349620e+00 -1.8343022392e+01
-5.8081822292e-01 -5.4541359315e+00 -1.8343011640e+01
-5.8080673804e-01 -5.4541419922e+00 -1.8343030335e+01
-5.8081200502e-01 -5.4541429061e+00 -1.8343019499e+01
-8.4684637723e-01 1.6797504020e+00 -1.5607706642e+01
-8.4684175672e-01 1.6797489618e+00 -1.5607710210e+01
-8.4684217581e-01 1.6797701440e+00 -1.5607708734e+01
-8.4683684285e-01 1.6797683556e+00 -1.5607712779e+01
-8.4685662659e-01 1.6797520337e+00 -1.5607706373e+01
-8.4685201096e-01 1.6797505977e+00 -1.5607709939e+01
-8.4685210887e-01 1.6797723262e+00 -1.5607708054e+01
-8.4684677621e-01 1.6797705377e+00 -1.5607712098e+01
-7.3753377701e+00 1.9216519674e-01 -1.3509053339e+01
-7.3753371735e+00 1.9216457609e-01 -1.3509045408e+01
-7.3753421782e+00 1.9218325889e-01 -1.3509067141e+01
-7.3753412356e+00 1.9218239458e-01 -1.3509059031e+01
-7.3753085871e+00 1.9216141631e-01 -1.3509050679e+01
-7.3753078001e+00 1.9216066000e-01 -1.3509042504e+01
-7.3753130967e+00 1.9217902240e-01 -1.3509064267e+01
-7.3753121173e+00 1.9217821802e-01 -1.3509056246e+01
-1.3495221571e+00 -1.0423253958e+00 -1.7834996086e+01
-1.3495281256e+00 -1.0423342621e+00 -1.7834994585e+01
-1.3495285335e+00 -1.0423261862e+00 -1.7834992897e+01
-1.3495340911e+00 -1.0423348624e+00 -1.7834991030e+01
-1.3495192992e+00 -1.0423271951e+00 -1.7834992059e+01
-1.3495252703e+00 -1.0423360619e+00 -1.7834990557e+01
-1.3495256792e+00 -1.0423279092e+00 -1.7834988838e+01
-1.3495312409e+00 -1.0423365848e+00 -1.7834986971e+01
2.6164858231e+00 3.3207736263e-01 -1.8306106579e+01
2.6164825808e+00 3.3207937815e-01 -1.8306108294e+01
2.6164777027e+00 3.3207241061e-01 -1.8306107622e+01
2.6164744602e+00 3.3207449780e-01 -1.8306109297e+01
2.6164713569e+00 3.3207968012e-01 -1.8306113209e+01
2.6164679376e+00 3.3208185715e-01 -1.8306114853e+01
2.6164631486e+00 3.3207481291e-01 -1.8306114240e+01
2.6164598431e+00 3.3207679273e-01 -1.8306115958e+01
1.7563954610e+00 -1.2091524348e+00 -1.7410964409e+01
1.7563958340e+00 -1.2091594783e+00 -1.7410964973e+01
1.7563998472e+00 -1.2091387331e+00 -1.7410968987e+01
1.7564002354e+00 -1.2091457669e+00 -1.7410969578e+01
1.7563956616e+00 -1.2091613466e+00 -1.7410961665e+01
1.7563960283e+00 -1.2091683911e+00 -1.7410962231e+01
1.7564001603e+00 -1.2091477322e+00 -1.7410966185e+01
1.7564005446e+00 -1.2091547972e+00 -1.7410966805e+01
2.1122745507e+00 1.2621561130e-01 -2.2346384159e+01
2.1122823932e+00 1.2620972895e-01 -2.2346389045e+01
2.1122722859e+00 1.2620397298e-01 -2.2346386841e+01
2.1122801355e+00 1.2619806467e-01 -2.2346391815e+01
2.1122733780e+00 1.2621486326e-01 -2.2346388040e+01
2.1122811642e+00 1.2620896719e-01 -2.2346392895e+01
2.1122712667e+00 1.2620354820e-01 -2.2346390766e+01
2.1122790692e+00 1.2619763405e-01 -2.2346395673e+01
1.7418016800e+00 -2.4733002305e-01 -1.9430261520e+01
1.7417938941e+00 -2.4731499434e-01 -1.9430265239e+01
1.7418055837e+00 -2.4730854853e-01 -1.9430269301e+01
1.7417974943e+00 -2.4729377341e-01 -1.9430272377e+01
1.7417956811e+00 -2.4732154856e-01 -1.9430258094e+01
1.7417879202e+00 -2.4730656473e-01 -1.9430261842e+01
1.7417994011e+00 -2.4730058745e-01 -1.9430265837e+01
1.7417919461e+00 -2.4728611980e-01 -1.9430269482e+01
-2.7887787772e+00 2.9483148151e+00 2.1520028579e+01
-2.7887889325e+00 2.9483252111e+00 2.1520023492e+01
-2.7887798204e+00 2.9483158286e+00 2.1520035055e+01
-2.7887899798e+00 2.9483262252e+00 2.1520029973e+01
-2.7887757998e+00 2.9483138062e+00 2.1520036978e+01
-2.7887861399e+00 2.9483237705e+00 2.1520031853e+01
-2.7887768943e+00 2.9483148262e+00 2.1520043432e+01
-2.7887871901e+00 2.9483247828e+00 2.1520038331e+01
2.0836616937e+00 3.6811143445e-01 1.6032280491e+01
2.0836755810e+00 3.6810512960e-01 1.6032275513e+01
2.0836603665e+00 3.6811785760e-01 1.6032281356e+01
2.0836742585e+00 3.6811155373e-01 1.6032276380e+01
2.0836753305e+00 3.6811444315e-01 1.6032277207e+01
2.0836892178e+00 3.6810813829e-01 1.6032272229e+01
2.0836740491e+00 3.6812085868e-01 1.6032278035e+01
2.0836879305e+00 3.6811454832e-01 1.6032273079e+01
-8.0544256080e+00 1.7526673332e+00 1.4646705938e+01
-8.0544267763e+00 1.7526770530e+00 1.4646709688e+01
-8.0544204787e+00 1.7526894741e+00 1.4646704368e+01
-8.0544218497e+00 1.7526994760e+00 1.4646708188e+01
-8.0544305534e+00 1.7526610373e+00 1.4646702937e+01
-8.0544318983e+00 1.7526698034e+00 1.4646707302e+01
-8.0544248894e+00 1.7526832719e+00 1.4646701446e+01
-8.0544261960e+00 1.7526932600e+00 1.4646705237e+01
-1.1625032638e-02 2.5777656993e+00 2.0483723796e+01
-1.1637272957e-02 2.5777643983e+00 2.0483726227e+01
-1.1621971610e-02 2.5777705427e+00 2.0483721338e+01
-1.1634124030e-02 2.5777693580e+00 2.0483723838e+01
-1.1611189839e-02 2.5777679412e+00 2.0483729383e+01
-1.1623282244e-02 2.5777665839e+00 2.0483731688e+01
-1.1608126885e-02 2.5777728133e+00 2.0483726950e+01
-1.1620128607e-02 2.5777715688e+00 2.0483729321e+01
5.4693221768e+00 1.2428414784e+00 1.8835696129e+01
5.4693272362e+00 1.2428511163e+00 1.8835692180e+01
5.4693237889e+00 1.2428323017e+00 1.8835709383e+01
5.4693289506e+00 1.2428416922e+00 1.8835705659e+01
5.4693364863e+00 1.2428492647e+00 1.8835691836e+01
5.4693415521e+00 1.2428589206e+00 1.8835687944e+01
5.4693377436e+00 1.2428399666e+00 1.8835705039e+01
5.4693428819e+00 1.2428493672e+00 1.8835701257e+01
-1.9927500293e+00 1.3025228034e-01 2.0971191672e+01
-1.9927489396e+00 1.3025020926e-01 2.0971187482e+01
-1.9927541080e+00 1.3026483609e-01 2.0971192209e+01
-1.9927529646e+00 1.3026263558e-01 2.0971187931e+01
-1.9927456602e+00 1.3024673112e-01 2.0971197065e+01
-1.9927444417e+00 1.3024470490e-01 2.0971192928e+01
-1.9927497616e+00 1.3025915463e-01 2.0971197626e+01
-1.9927484800e+00 1.3025699809e-01 2.0971193399e+01
3.8276939686e+00 5.3074960027e+00 2.0115901827e+01
3.8277000434e+00 5.3074968083e+00 2.0115890358e+01
3.8276894548e+00 5.3074879119e+00 2.0115913204e+01
3.8276950939e+00 5.3074878767e+00 2.0115901461e+01
3.8276887996e+00 5.3074964523e+00 2.0115901563e+01
3.8276946678e+00 5.3074973620e+00 2.0115889640e+01
3.8276840779e+00 5.3074884605e+00 2.0115912438e+01
3.8276899070e+00 5.3074883293e+00 2.0115901201e+01
-1.2476028638e+00 4.2332621041e-02 1.4040411032e+01
-1.2476005754e+00 4.2331934074e-02 1.4040416117e+01
-1.2475994529e+00 4.2341464756e-02 1.4040408501e+01
-1.2475973128e+00 4.2340971012e-02 1.4040413607e+01
-1.2476212469e+00 4.2326896821e-02 1.4040404548e+01
-1.2476186343e+00 4.2326404201e-02 1.4040409737e+01
-1.2476181625e+00 4.2336102645e-02 1.4040402402e+01
-1.2476156660e+00 4.2335731503e-02 1.4040407638e+01
-5.9568361489e-01 -2.0291028746e+00 2.0316521705e+01
-5.9568971629e-01 -2.0290941691e+00 2.0316534493e+01
-5.9567304647e-01 -2.0291133454e+00 2.0316519334e+01
-5.9567952858e-01 -2.0291053228e+00 2.0316532013e+01
-5.9570262260e-01 -2.0291084752e+00 2.0316521185e+01
-5.9570808513e-01 -2.0290985110e+00 2.0316534183e+01
-5.9569223289e-01 -2.0291185667e+00 2.0316518970e+01
-5.9569796426e-01 -2.0291096998e+00 2.0316531280e+01
9.7616109881e-01 1.5698146741e+00 1.5805940202e+01
9.7615565627e-01 1.5698044143e+00 1.5805937535e+01
9.7615810011e-01 1.5698085793e+00 1.5805946966e+01
9.7615265695e-01 1.5697983204e+00 1.5805944296e+01
9.7616167091e-01 1.5698215906e+00 1.5805944550e+01
9.7615622377e-01 1.5698112974e+00 1.5805941882e+01
9.7615864209e-01 1.5698154534e+00 1.5805951337e+01
9.7615320114e-01 1.5698051567e+00 1.5805948670e+01
-3.3175525908e-01 3.2565634725e+00 1.4241954397e+01
-3.3175776190e-01 3.2565655243e+00 1.4241953556e+01
-3.3176434944e-01 3.2565496774e+00 1.4241956275e+01
-3.3176688974e-01 3.2565517582e+00 1.4241955440e+01
-3.3172661782e-01 3.2565645671e+00 1.4241962166e+01
-3.3172912253e-01 3.2565666179e+00 1.4241961323e+01
-3.3173559258e-01 3.2565510169e+00 1.4241964102e+01
-3.3173813435e-01 3.2565530967e+00 1.4241963264e+01
-1.3301607387e+00 -2.7328983681e+00 1.7615799162e+01
-1.3301596620e+00 -2.7329054091e+00 1.7615800772e+01
-1.3301597421e+00 -2.7328977501e+00 1.7615799650e+01
-1.3301577560e+00 -2.7329044562e+00 1.7615801784e+01
-1.3301562988e+00 -2.7329018394e+00 1.7615799204e+01
-1.3301552203e+00 -2.7329088778e+00 1.7615800817e+01
-1.3301555627e+00 -2.7329007220e+00 1.7615799792e+01
-1.3301535815e+00 -2.7329074330e+00 1.7615801916e+01
1.3542966418e+00 -4.9559563463e+00 1.8711025666e+01
1.3542984323e+00 -4.9559578050e+00 1.8711024542e+01
1.3542969063e+00 -4.9559517466e+00 1.8711021258e+01
1.3542986906e+00 -4.9559530882e+00 1.8711020265e+01
1.3542901709e+00 -4.9559550409e+00 1.8711025042e+01
1.3542919574e+00 -4.9559563828e+00 1.8711024049e+01
1.3542899578e+00 -4.9559503916e+00 1.8711020670e+01
1.3542917505e+00 -4.9559518508e+00 1.8711019546e+01
8.1709549418e-01 1.4278042999e+00 1.7644187676e+01
8.1710243232e-01 1.4278061626e+00 1.7644185605e+01
8.1709747597e-01 1.4277865421e+00 1.7644196111e+01
8.1710363960e-01 1.4277879742e+00 1.7644193567e+01
8.1709276693e-01 1.4278051330e+00 1.7644185640e+01
8.1709939321e-01 1.4278071814e+00 1.7644183460e+01
8.1709481838e-01 1.4277871994e+00 1.7644194205e+01
8.1710066909e-01 1.4277888201e+00 1.7644191548e+01
7.3418120351e-01 -7.0472166973e+00 2.0731714619e+01
7.3418921351e-01 -7.0472242376e+00 2.0731705892e+01
7.3418444279e-01 -7.0472153983e+00 2.0731710541e+01
7.3419256855e-01 -7.0472228656e+00 2.0731701856e+01
7.3417211652e-01 -7.0472188807e+00 2.0731710221e+01
7.3418020896e-01 -7.0472267067e+00 2.0731701453e+01
7.3417555478e-01 -7.0472175447e+00 2.0731706198e+01
7.3418366770e-01 -7.0472253869e+00 2.0731697369e+01
2.7405076783e+00 2.5613803507e+00 1.7090986048e+01
2.7405076172e+00 2.5613883010e+00 1.7090976981e+01
2.7405147003e+00 2.5613672134e+00 1.7090996778e+01
2.7405142379e+00 2.5613753092e+00 1.7090987723e+01
2.7405075367e+00 2.5613836035e+00 1.7090982556e+01
2.7405074306e+00 2.5613916039e+00 1.7090973451e+01
2.7405145348e+00 2.5613704305e+00 1.7090993286e+01
2.7405140324e+00 2.5613785706e+00 1.7090984186e+01
1.9971295473e+00 -5.9367224151e-01 -1.8674295073e+01
1.9971326622e+00 -5.9367789370e-01 -1.8674296735e+01
1.9971269576e+00 -5.9367210587e-01 -1.8674291215e+01
1.9971300562e+00 -5.9367773047e-01 -1.8674292843e+01
1.9971197184e+00 -5.9367770831e-01 -1.8674306542e+01
1.9971229269e+00 -5.9368454578e-01 -1.8674307198e+01
1.9971168406e+00 -5.9367701620e-01 -1.8674302903e+01
1.9971200673e+00 -5.9368388371e-01 -1.8674303592e+01
2.0534150935e+00 -1.0490914212e+00 -1.7753575183e+01
2.0534117818e+00 -1.0490890898e+00 -1.7753580935e+01
2.0534110681e+00 -1.0490889378e+00 -1.7753576022e+01
2.0534077665e+00 -1.0490865765e+00 -1.7753581806e+01
2.0534193066e+00 -1.0490894503e+00 -1.7753581994e+01
2.0534160306e+00 -1.0490872784e+00 -1.7753587703e+01
2.0534153171e+00 -1.0490869393e+00 -1.7753582889e+01
2.0534120561e+00 -1.0490847423e+00 -1.7753588633e+01
1.7144639174e-01 -2.8001728471e+00 -1.7220934651e+01
1.7145453725e-01 -2.8001639493e+00 -1.7220923685e+01
1.7144490399e-01 -2.8001726159e+00 -1.7220930796e+01
1.7145337673e-01 -2.8001638337e+00 -1.7220920014e+01
1.7145153016e-01 -2.8001713449e+00 -1.7220932971e+01
1.7145980136e-01 -2.8001624269e+00 -1.7220921806e+01
1.7145007407e-01 -2.8001710849e+00 -1.7220929053e+01
1.7145864814e-01 -2.8001622445e+00 -1.7220918122e+01
-3.1102238796e+00 -4.8659477928e+00 -1.5099611629e+01
-3.1102212171e+00 -4.8659509128e+00 -1.5099622585e+01
-3.1102175457e+00 -4.8659412692e+00 -1.5099608667e+01
-3.1102148588e+00 -4.8659444269e+00 -1.5099619574e+01
-3.1102178261e+00 -4.8659488227e+00 -1.5099617030e+01
-3.1102151769e+00 -4.8659519852e+00 -1.5099627989e+01
-3.1102116255e+00 -4.8659422031e+00 -1.5099613992e+01
-3.1102088239e+00 -4.8659454582e+00 -1.5099624967e+01
-1.2013783964e+00 -1.9068222498e-01 -2.0750077818e+01
-1.2013683825e+00 -1.9067269387e-01 -2.0750079651e+01
-1.2013797913e+00 -1.9068692598e-01 -2.0750072112e+01
-1.2013695055e+00 -1.9067692230e-01 -2.0750073992e+01
-1.2013757932e+00 -1.9067826077e-01 -2.0750070229e+01
-1.2013657550e+00 -1.9066873979e-01 -2.0750072139e+01
-1.2013769537e+00 -1.9068304789e-01 -2.0750064262e+01
-1.2013666872e+00 -1.9067303234e-01 -2.0750066064e+01
-2.0696754321e+00 -2.1375596502e+00 -1.7856386953e+01
-2.0696666179e+00 -2.1375656999e+00 -1.7856394369e+01
-2.0696707585e+00 -2.1375433820e+00 -1.7856388222e+01
-2.0696618865e+00 -2.1375493093e+00 -1.7856395653e+01
-2.0696933885e+00 -2.1375633169e+00 -1.7856382375e+01
-2.0696848076e+00 -2.1375693554e+00 -1.7856389428e+01
-2.0696883845e+00 -2.1375489282e+00 -1.7856383245e+01
-2.0696796020e+00 -2.1375550070e+00 -1.7856390619e+01
6.2129043522e-01 -5.6291804067e+00 -1.3045559154e+01
6.2127655275e-01 -5.6291919118e+00 -1.3045533874e+01
6.2129633302e-01 -5.6291850357e+00 -1.3045556817e+01
6.2128221430e-01 -5.6291967378e+00 -1.3045531969e+01
6.2128375962e-01 -5.6291905185e+00 -1.3045563631e+01
6.2127009976e-01 -5.6292019863e+00 -1.3045538267e+01
6.2128972661e-01 -5.6291951380e+00 -1.3045561253e+01
6.2127604798e-01 -5.6292066678e+00 -1.3045536038e+01
1.7957946778e+00 -5.8756571806e+00 -1.7405392789e+01
1.7957873827e+00 -5.8756574685e+00 -1.7405398901e+01
1.7957911222e+00 -5.8756524814e+00 -1.7405394603e+01
1.7957836500e+00 -5.8756531237e+00 -1.7405400682e+01
1.7957983292e+00 -5.8756547334e+00 -1.7405387888e+01
1.7957910337e+00 -5.8756550207e+00 -1.7405394001e+01
1.7957947536e+00 -5.8756500074e+00 -1.7405389748e+01
1.7957872779e+00 -5.8756506520e+00 -1.7405395830e+01
-8.3847801969e-01 1.3763578134e+00 -1.8328788273e+01
-8.3849451943e-01 1.3763643293e+00 -1.8328799487e+01
-8.3847938494e-01 1.3763628196e+00 -1.8328785293e+01
-8.3849589007e-01 1.3763693291e+00 -1.8328796466e+01
-8.3847561184e-01 1.3763562971e+00 -1.8328794013e+01
-8.3849203188e-01 1.3763630471e+00 -1.8328804741e+01
-8.3847697296e-01 1.3763613068e+00 -1.8328791060e+01
-8.3849339437e-01 1.3763680437e+00 -1.8328801755e+01
-1.2920939430e-01 -6.3380506383e-01 -1.4963392808e+01
-1.2921431356e-01 -6.3380684453e-01 -1.4963398583e+01
-1.2920913767e-01 -6.3380171041e-01 -1.4963395882e+01
-1.2921407150e-01 -6.3380349892e-01 -1.4963401644e+01
-1.2919297220e-01 -6.3380068521e-01 -1.4963404872e+01
-1.2919788591e-01 -6.3380357645e-01 -1.4963409957e+01
-1.2919272093e-01 -6.3379730598e-01 -1.4963408008e+01
-1.2919764505e-01 -6.3380020807e-01 -1.4963413078e+01
1.2987998793e+00 2.2563078825e+00 -1.7486347445e+01
1.2988096435e+00 2.2563136974e+00 -1.7486355763e+01
1.2988004790e+00 2.2563113733e+00 -1.7486348790e+01
1.2988102812e+00 2.2563171408e+00 -1.7486357210e+01
1.2988048974e+00 2.2563096043e+00 -1.7486352054e+01
1.2988147547e+00 2.2563153584e+00 -1.7486360448e+01
1.2988055082e+00 2.2563131221e+00 -1.7486353493e+01
1.2988152313e+00 2.2563189422e+00 -1.7486361813e+01
1.3341958224e+00 1.3491106264e+00 -1.6656465012e+01
1.3341888346e+00 1.3491109658e+00 -1.6656467523e+01
1.3341988411e+00 1.3491271123e+00 -1.6656468942e+01
1.3341903920e+00 1.3491280390e+00 -1.6656470597e+01
1.3341980040e+00 1.3491073744e+00 -1.6656466501e+01
1.3341906822e+00 1.3491078973e+00 -1.6656469128e+01
1.3342005671e+00 1.3491242234e+00 -1.6656470671e+01
1.3341924585e+00 1.3491249742e+00 -1.6656472212e+01
1.5875772880e+00 -2.1710715843e+00 -1.9356596263e+01
1.5875855319e+00 -2.1710709677e+00 -1.9356595822e+01
1.5875730453e+00 -2.1710669452e+00 -1.9356601509e+01
1.5875809631e+00 -2.1710664856e+00 -1.9356600711e+01
1.5875759981e+00 -2.1710666417e+00 -1.9356599881e+01
1.5875839067e+00 -2.1710661808e+00 -1.9356599076e+01
1.5875718050e+00 -2.1710619021e+00 -1.9356605271e+01
1.5875797120e+00 -2.1710614399e+00 -1.9356604468e+01
-1.2234558675e+00 1.1530957716e+00 -1.3284534056e+01
-1.2234467818e+00 1.1530947681e+00 -1.3284547698e+01
-1.2234540818e+00 1.1530982684e+00 -1.3284534503e+01
-1.2234449991e+00 1.1530973319e+00 -1.3284548241e+01
-1.2234623150e+00 1.1530906490e+00 -1.3284531648e+01
-1.2234532047e+00 1.1530896923e+00 -1.3284545393e+01
-1.2234608646e+00 1.1530938729e+00 -1.3284532153e+01
-1.2234517487e+00 1.1530927340e+00 -1.3284545843e+01
-1.2566712290e+00 3.2255534257e-01 -2.1237375846e+01
-1.2566741570e+00 3.2255686354e-01 -2.1237370512e+01
-1.2566682205e+00 3.2257286665e-01 -2.1237372202e+01
-1.2566700490e+00 3.2257383776e-01 -2.1237368160e+01
-1.2566720873e+00 3.2254854861e-01 -2.1237369902e+01
-1.2566750770e+00 3.2255025790e-01 -2.1237364449e+01
-1.2566688950e+00 3.2256604695e-01 -2.1237366329e+01
-1.2566710650e+00 3.2256703785e-01 -2.1237362099e+01
-5.5721088078e-02 3.6865789584e+00 -1.7431839325e+01
-5.5720531213e-02 3.6865742147e+00 -1.7431840154e+01
-5.5724957869e-02 3.6865787250e+00 -1.7431839884e+01
-5.5724430643e-02 3.6865740428e+00 -1.7431840734e+01
-5.5713237073e-02 3.6865868224e+00 -1.7431840195e+01
-5.5712361722e-02 3.6865823513e+00 -1.7431841116e+01
-5.5717107951e-02 3.6865865880e+00 -1.7431840754e+01
-5.5716290235e-02 3.6865820923e+00 -1.7431841735e+01
