-6.2333445963e-01 1.6459962072e+00 2.3629554861e+00
-6.2333555760e-01 1.6459955374e+00 2.3629549997e+00
-6.2333432838e-01 1.6460004746e+00 2.3629603908e+00
-6.2333543629e-01 1.6459998101e+00 2.3629599120e+00
-6.2333417144e-01 1.6459963009e+00 2.3629561394e+00
-6.2333526898e-01 1.6459956309e+00 2.3629556533e+00
-6.2333402460e-01 1.6460005511e+00 2.3629610532e+00
-6.2333513238e-01 1.6459998866e+00 2.3629605740e+00
-6.8846301109e-01 1.5267864786e+00 1.6394251385e+00
-6.8846709726e-01 1.5267901253e+00 1.6394227333e+00
-6.8846295716e-01 1.5267834415e+00 1.6394261885e+00
-6.8846701855e-01 1.5267870827e+00 1.6394237499e+00
-6.8846799685e-01 1.5267873735e+00 1.6394228408e+00
-6.8847209618e-01 1.5267911336e+00 1.6394201734e+00
-6.8846801165e-01 1.5267843661e+00 1.6394240660e+00
-6.8847208413e-01 1.5267881195e+00 1.6394213663e+00
-1.0683506666e+00 -5.1392854328e-01 2.4406944127e+00
-1.0683511875e+00 -5.1392993570e-01 2.4406919744e+00
-1.0683503499e+00 -5.1392541111e-01 2.4406944527e+00
-1.0683508147e+00 -5.1392677311e-01 2.4406920778e+00
-1.0683471293e+00 -5.1392953790e-01 2.4406959773e+00
-1.0683475082e+00 -5.1393084067e-01 2.4406934747e+00
-1.0683471291e+00 -5.1392609004e-01 2.4406962517e+00
-1.0683474518e+00 -5.1392736238e-01 2.4406938125e+00
-1.2906093466e+00 1.8917014616e+00 -2.7346530601e+00
-1.2906057089e+00 1.8917012134e+00 -2.7346583925e+00
-1.2906107970e+00 1.8917003279e+00 -2.7346526676e+00
-1.2906072064e+00 1.8917003043e+00 -2.7346577163e+00
-1.2906045148e+00 1.8917014239e+00 -2.7346514517e+00
-1.2906007535e+00 1.8917011786e+00 -2.7346567864e+00
-1.2906058421e+00 1.8917002408e+00 -2.7346509660e+00
-1.2906022176e+00 1.8917001795e+00 -2.7346560337e+00
9.4825679454e-01 1.7377694799e+00 -9.3283861264e-01
9.4825814384e-01 1.7377668473e+00 -9.3284126475e-01
9.4825685298e-01 1.7377757886e+00 -9.3284174340e-01
9.4825820777e-01 1.7377731347e+00 -9.3284443001e-01
9.4825447016e-01 1.7377725207e+00 -9.3283495841e-01
9.4825582690e-01 1.7377698851e+00 -9.3283760502e-01
9.4825459574e-01 1.7377787848e+00 -9.3283826445e-01
9.4825595108e-01 1.7377761553e+00 -9.3284095126e-01
8.5927499003e-01 1.0363863054e-01 -2.7485766655e+00
8.5927610521e-01 1.0364068523e-01 -2.7485625180e+00
8.5927536779e-01 1.0363439557e-01 -2.7485793892e+00
8.5927680189e-01 1.0363623694e-01 -2.7485654620e+00
8.5926912761e-01 1.0363572290e-01 -2.7485750208e+00
8.5927105043e-01 1.0363761160e-01 -2.7485621763e+00
8.5926939737e-01 1.0363146754e-01 -2.7485776981e+00
8.5927151387e-01 1.0363328953e-01 -2.7485649379e+00
9.0393484037e-01 -1.2560808412e+00 -1.1088978033e+00
9.0393484171e-01 -1.2560844536e+00 -1.1088844243e+00
9.0393596149e-01 -1.2560777637e+00 -1.1088951156e+00
9.0393591037e-01 -1.2560813244e+00 -1.1088817910e+00
9.0393813486e-01 -1.2560835771e+00 -1.1088960855e+00
9.0393810173e-01 -1.2560867728e+00 -1.1088830327e+00
9.0393925452e-01 -1.2560804990e+00 -1.1088933990e+00
9.0393917980e-01 -1.2560837311e+00 -1.1088803398e+00
1.3588637842e+00 1.4138757079e-01 2.6043183477e-01
1.3588622831e+00 1.4138975340e-01 2.6044601093e-01
1.3588637077e+00 1.4138315553e-01 2.6042930393e-01
1.3588622797e+00 1.4138548508e-01 2.6044352529e-01
1.3588591907e+00 1.4138675696e-01 2.6043203445e-01
1.3588576539e+00 1.4138852483e-01 2.6044655052e-01
1.3588591125e+00 1.4138233932e-01 2.6042950555e-01
1.3588576482e+00 1.4138425346e-01 2.6044406664e-01
9.1287350492e-01 1.0978439123e+00 3.6835150040e+00
9.1287046387e-01 1.0978407285e+00 3.6835166555e+00
9.1287615209e-01 1.0978459138e+00 3.6835194846e+00
9.1287311124e-01 1.0978427298e+00 3.6835211361e+00
9.1287673592e-01 1.0978466659e+00 3.6835128403e+00
9.1287371323e-01 1.0978434781e+00 3.6835144895e+00
9.1287941191e-01 1.0978486235e+00 3.6835172763e+00
9.1287638941e-01 1.0978454355e+00 3.6835189256e+00
-5.5135717512e-01 -6.9675210919e-01 -2.4187588110e+00
-5.5135879041e-01 -6.9675040691e-01 -2.4187585459e+00
-5.5135600089e-01 -6.9675123463e-01 -2.4187559984e+00
-5.5135763741e-01 -6.9674965432e-01 -2.4187557965e+00
-5.5135681027e-01 -6.9675230998e-01 -2.4187613939e+00
-5.5135842519e-01 -6.9675060724e-01 -2.4187611289e+00
-5.5135540720e-01 -6.9675174397e-01 -2.4187585511e+00
-5.5135705144e-01 -6.9675015644e-01 -2.4187583501e+00
-9.5062509347e-01 -9.4705187232e-01 1.5548845000e+00
-9.5062374162e-01 -9.4705642908e-01 1.5548828957e+00
-9.5062519893e-01 -9.4705235830e-01 1.5548861695e+00
-9.5062384404e-01 -9.4705691534e-01 1.5548845624e+00
-9.5062343669e-01 -9.4705301761e-01 1.5548852269e+00
-9.5062225184e-01 -9.4705763444e-01 1.5548836915e+00
-9.5062350618e-01 -9.4705350969e-01 1.5548869141e+00
-9.5062231826e-01 -9.4705812665e-01 1.5548853761e+00
5.3804430245e-01 1.8277770574e-01 -2.1018094882e+00
5.3804167597e-01 1.8278108438e-01 -2.1018140292e+00
5.3804416313e-01 1.8277285528e-01 -2.1018067164e+00
5.3804149527e-01 1.8277622784e-01 -2.1018112074e+00
5.3804687487e-01 1.8277708639e-01 -2.1018072115e+00
5.3804424840e-01 1.8278046495e-01 -2.1018117530e+00
5.3804672909e-01 1.8277230828e-01 -2.1018043016e+00
5.3804406124e-01 1.8277568076e-01 -2.1018087931e+00
7.2349766366e-01 -1.2023970646e+00 2.6211686169e+00
7.2349805268e-01 -1.2023968784e+00 2.6211642771e+00
7.2349734088e-01 -1.2023972711e+00 2.6211718094e+00
7.2349783455e-01 -1.2023971746e+00 2.6211676531e+00
7.2350105591e-01 -1.2023966427e+00 2.6211700192e+00
7.2350150246e-01 -1.2023963624e+00 2.6211656933e+00
7.2350082707e-01 -1.2023969063e+00 2.6211731492e+00
7.2350137832e-01 -1.2023967157e+00 2.6211690065e+00
-1.8142087622e+00 -3.0967552053e-01 1.3811782403e+00
-1.8142060218e+00 -3.0967351271e-01 1.3811745041e+00
-1.8142079429e+00 -3.0967719551e-01 1.3811795976e+00
-1.8142051969e+00 -3.0967514907e-01 1.3811756676e+00
-1.8142128117e+00 -3.0967439421e-01 1.3811784521e+00
-1.8142105274e+00 -3.0967263024e-01 1.3811747253e+00
-1.8142117551e+00 -3.0967606478e-01 1.3811801187e+00
-1.8142094777e+00 -3.0967427821e-01 1.3811761786e+00
-6.1262477306e-01 9.3424853312e-01 8.8038001268e-01
-6.1262280465e-01 9.3424918579e-01 8.8037434054e-01
-6.1262696317e-01 9.3425091293e-01 8.8038498523e-01
-6.1262499471e-01 9.3425156560e-01 8.8037931302e-01
-6.1262710710e-01 9.3424951104e-01 8.8037890752e-01
-6.1262493275e-01 9.3425023595e-01 8.8037352038e-01
-6.1262916511e-01 9.3425200586e-01 8.8038365260e-01
-6.1262699072e-01 9.3425273077e-01 8.8037826539e-01
1.3662939686e-01 3.2083874616e-01 -2.0730020885e+00
1.3662999517e-01 3.2083955542e-01 -2.0730011789e+00
1.3662846416e-01 3.2083758328e-01 -2.0730011660e+00
1.3662911189e-01 3.2083837009e-01 -2.0730002247e+00
1.3662834068e-01 3.2083955641e-01 -2.0729991852e+00
1.3662896313e-01 3.2084042872e-01 -2.0729982682e+00
1.3662740955e-01 3.2083839279e-01 -2.0729982564e+00
1.3662808105e-01 3.2083924263e-01 -2.0729973074e+00
-2.7425849664e-01 1.9310807180e+00 -2.2684494038e+00
-2.7425954855e-01 1.9310806854e+00 -2.2684488525e+00
-2.7426005584e-01 1.9310820581e+00 -2.2684509358e+00
-2.7426112066e-01 1.9310820282e+00 -2.2684503871e+00
-2.7426182161e-01 1.9310786026e+00 -2.2684482444e+00
-2.7426291740e-01 1.9310786081e+00 -2.2684476466e+00
-2.7426340981e-01 1.9310797851e+00 -2.2684496774e+00
-2.7426450578e-01 1.9310797905e+00 -2.2684490798e+00
-1.5392669308e+00 -3.1814020756e-01 2.3279411341e-01
-1.5392686150e+00 -3.1813872807e-01 2.3279092548e-01
-1.5392658751e+00 -3.1813753410e-01 2.3279755128e-01
-1.5392675581e+00 -3.1813605530e-01 2.3279436889e-01
-1.5392629029e+00 -3.1813832763e-01 2.3279440856e-01
-1.5392645956e+00 -3.1813685429e-01 2.3279122848e-01
-1.5392618560e+00 -3.1813562385e-01 2.3279783789e-01
-1.5392635475e+00 -3.1813415120e-01 2.3279466336e-01
-2.8345435484e-01 6.7375167145e-01 -1.3558735432e+00
-2.8345384003e-01 6.7375163743e-01 -1.3558738432e+00
-2.8345369789e-01 6.7375335603e-01 -1.3558779444e+00
-2.8345318330e-01 6.7375332193e-01 -1.3558782444e+00
-2.8345442257e-01 6.7375276426e-01 -1.3558757640e+00
-2.8345392053e-01 6.7375273493e-01 -1.3558760187e+00
-2.8345376548e-01 6.7375444901e-01 -1.3558801655e+00
-2.8345326365e-01 6.7375441960e-01 -1.3558804201e+00
3.4769722788e-01 -4.4131304561e-01 -3.3733979284e-01
3.4770173359e-01 -4.4131305364e-01 -3.3734624940e-01
3.4769791322e-01 -4.4130869530e-01 -3.3733945679e-01
3.4770256377e-01 -4.4130850255e-01 -3.3734630765e-01
3.4769534997e-01 -4.4131285198e-01 -3.3734186684e-01
3.4770005492e-01 -4.4131285596e-01 -3.3734882761e-01
3.4769577737e-01 -4.4130783289e-01 -3.3734155882e-01
3.4770042897e-01 -4.4130776921e-01 -3.3734863490e-01
6.3044767501e-01 -9.8852003821e-01 -2.0629693521e+00
6.3044838258e-01 -9.8852071134e-01 -2.0629705690e+00
6.3044847648e-01 -9.8851773182e-01 -2.0629709661e+00
6.3044918397e-01 -9.8851840496e-01 -2.0629721821e+00
6.3044878573e-01 -9.8852033445e-01 -2.0629632903e+00
6.3044945796e-01 -9.8852105382e-01 -2.0629645963e+00
6.3044952056e-01 -9.8851801874e-01 -2.0629648773e+00
6.3045019271e-01 -9.8851873810e-01 -2.0629661823e+00
-3.7960422618e-02 2.2477762951e-01 -2.0919228790e+00
-3.7962351641e-02 2.2477912254e-01 -2.0919251244e+00
-3.7961334551e-02 2.2477897702e-01 -2.0919221313e+00
-3.7963265267e-02 2.2478039236e-01 -2.0919244077e+00
-3.7960634946e-02 2.2477601960e-01 -2.0919193659e+00
-3.7962597844e-02 2.2477757510e-01 -2.0919216897e+00
-3.7961546723e-02 2.2477736706e-01 -2.0919186180e+00
-3.7963511275e-02 2.2477884507e-01 -2.0919209727e+00
8.7157964431e-01 -2.8641637442e+00 -1.7473332754e+00
8.7157936206e-01 -2.8641659816e+00 -1.7473336315e+00
8.7157936405e-01 -2.8641650551e+00 -1.7473333974e+00
8.7157907563e-01 -2.8641672962e+00 -1.7473337589e+00
8.7157742275e-01 -2.8641614453e+00 -1.7473325269e+00
8.7157712386e-01 -2.8641636557e+00 -1.7473328398e+00
8.7157691355e-01 -2.8641629952e+00 -1.7473328531e+00
8.7157661466e-01 -2.8641652055e+00 -1.7473331661e+00
1.4248695277e+00 6.4255208489e-01 3.7002161976e-01
1.4248684675e+00 6.4255317269e-01 3.7002182492e-01
1.4248683456e+00 6.4255499560e-01 3.7002490051e-01
1.4248672854e+00 6.4255608341e-01 3.7002510568e-01
1.4248688740e+00 6.4255057367e-01 3.7002458972e-01
1.4248678143e+00 6.4255166154e-01 3.7002479471e-01
1.4248676900e+00 6.4255348077e-01 3.7002787241e-01
1.4248666304e+00 6.4255456868e-01 3.7002807736e-01
1.0505610504e+00 9.7477257764e-03 3.1611260162e-01
1.0505603592e+00 9.7468817072e-03 3.1611306369e-01
1.0505603317e+00 9.7454934177e-03 3.1611073444e-01
1.0505596406e+00 9.7446492801e-03 3.1611119646e-01
1.0505576912e+00 9.7487888820e-03 3.1611466482e-01
1.0505569660e+00 9.7479345586e-03 3.1611514669e-01
1.0505569009e+00 9.7466078239e-03 3.1611276384e-01
1.0505561757e+00 9.7457534305e-03 3.1611324566e-01
-4.1846474746e-01 -2.6127163659e-01 1.5460497064e+00
-4.1846716498e-01 -2.6127042593e-01 1.5460466810e+00
-4.1846477677e-01 -2.6127676933e-01 1.5460479392e+00
-4.1846719816e-01 -2.6127555856e-01 1.5460449115e+00
-4.1847200722e-01 -2.6127368183e-01 1.5460500874e+00
-4.1847449198e-01 -2.6127247520e-01 1.5460468815e+00
-4.1847205387e-01 -2.6127879982e-01 1.5460483373e+00
-4.1847454183e-01 -2.6127759297e-01 1.5460451292e+00
1.0665483106e-01 -1.1726611430e+00 -2.1069729469e+00
1.0665643133e-01 -1.1726630658e+00 -2.1069759123e+00
1.0665564507e-01 -1.1726627244e+00 -2.1069722427e+00
1.0665723888e-01 -1.1726646402e+00 -2.1069752081e+00
1.0665661817e-01 -1.1726596924e+00 -2.1069757066e+00
1.0665821726e-01 -1.1726616082e+00 -2.1069786608e+00
1.0665743017e-01 -1.1726612723e+00 -2.1069750003e+00
1.0665902468e-01 -1.1726631829e+00 -2.1069779569e+00
-2.2930181088e-02 1.3632141650e+00 2.8406565082e+00
-2.2930430575e-02 1.3632143090e+00 2.8406551820e+00
-2.2929222696e-02 1.3632102292e+00 2.8406570082e+00
-2.2929470908e-02 1.3632103730e+00 2.8406556817e+00
-2.2935471716e-02 1.3632141950e+00 2.8406556628e+00
-2.2935782366e-02 1.3632141732e+00 2.8406544466e+00
-2.2934659116e-02 1.3632101192e+00 2.8406560056e+00
-2.2935005927e-02 1.3632100879e+00 2.8406547771e+00
-5.0246370017e-01 2.4222964117e-02 -3.8706102466e+00
-5.0246582523e-01 2.4225237110e-02 -3.8705978131e+00
-5.0246349354e-01 2.4222506623e-02 -3.8706086821e+00
-5.0246557268e-01 2.4224751850e-02 -3.8705963040e+00
-5.0246380209e-01 2.4223122244e-02 -3.8706091742e+00
-5.0246587894e-01 2.4225282405e-02 -3.8705967983e+00
-5.0246355968e-01 2.4222628119e-02 -3.8706075543e+00
-5.0246562616e-01 2.4224797805e-02 -3.8705952894e+00
6.6004418633e-01 6.2726951974e-01 -2.9940519324e+00
6.6004485281e-01 6.2726745501e-01 -2.9940547290e+00
6.6004398973e-01 6.2726357449e-01 -2.9940526876e+00
6.6004495196e-01 6.2726169892e-01 -2.9940552237e+00
6.6004439730e-01 6.2726864439e-01 -2.9940512347e+00
6.6004505766e-01 6.2726653943e-01 -2.9940539496e+00
6.6004420137e-01 6.2726268826e-01 -2.9940518963e+00
6.6004515590e-01 6.2726078397e-01 -2.9940544485e+00
-9.7896433140e-02 6.6624572187e-01 -2.8515666016e-01
-9.7896787545e-02 6.6624573705e-01 -2.8515636608e-01
-9.7897356409e-02 6.6624282617e-01 -2.8515703437e-01
-9.7897696846e-02 6.6624289637e-01 -2.8515675368e-01
-9.7896077768e-02 6.6624679955e-01 -2.8515311223e-01
-9.7896342469e-02 6.6624673811e-01 -2.8515280680e-01
-9.7896981592e-02 6.6624394650e-01 -2.8515352801e-01
-9.7897234909e-02 6.6624393750e-01 -2.8515323926e-01
-6.6346300481e-01 9.1367056449e-01 1.3876628035e+00
-6.6346129035e-01 9.1367202127e-01 1.3876600976e+00
-6.6346293964e-01 9.1366422224e-01 1.3876643861e+00
-6.6346125723e-01 9.1366568523e-01 1.3876616472e+00
-6.6346553067e-01 9.1366973320e-01 1.3876653456e+00
-6.6346382386e-01 9.1367128833e-01 1.3876624983e+00
-6.6346554226e-01 9.1366299446e-01 1.3876663109e+00
-6.6346406768e-01 9.1366469711e-01 1.3876636260e+00
6.4819569747e-02 -9.8485123057e-01 -1.9031708061e+00
6.4819428232e-02 -9.8485021869e-01 -1.9031711827e+00
6.4818901296e-02 -9.8485535047e-01 -1.9031759063e+00
6.4818738902e-02 -9.8485457339e-01 -1.9031760218e+00
6.4814526221e-02 -9.8485120540e-01 -1.9031724447e+00
6.4814428376e-02 -9.8485020143e-01 -1.9031728038e+00
6.4813860701e-02 -9.8485533026e-01 -1.9031775499e+00
6.4813741901e-02 -9.8485456110e-01 -1.9031776479e+00
-1.3173435171e+00 7.6798850419e-01 -3.0370362589e+00
-1.3173408280e+00 7.6798956440e-01 -3.0370381979e+00
-1.3173421550e+00 7.6798390834e-01 -3.0370370526e+00
-1.3173394306e+00 7.6798494440e-01 -3.0370389724e+00
-1.3173408496e+00 7.6798994867e-01 -3.0370353810e+00
-1.3173381610e+00 7.6799100840e-01 -3.0370373206e+00
-1.3173393754e+00 7.6798534936e-01 -3.0370362625e+00
-1.3173366514e+00 7.6798638493e-01 -3.0370381830e+00
4.8245372784e-01 -4.9721461175e-01 2.0588888313e+00
4.8245452295e-01 -4.9721228371e-01 2.0588863875e+00
4.8245493976e-01 -4.9721681044e-01 2.0588849116e+00
4.8245573491e-01 -4.9721448240e-01 2.0588824678e+00
4.8245911012e-01 -4.9721598256e-01 2.0588920412e+00
4.8245983150e-01 -4.9721368930e-01 2.0588895397e+00
4.8246030547e-01 -4.9721816330e-01 2.0588881270e+00
4.8246101296e-01 -4.9721588554e-01 2.0588856193e+00
3.3042438994e-01 9.6395395835e-01 1.9870958186e+00
3.3042652944e-01 9.6395304327e-01 1.9870963611e+00
3.3042363341e-01 9.6394609553e-01 1.9870938692e+00
3.3042577316e-01 9.6394517975e-01 1.9870944119e+00
3.3042442147e-01 9.6395381538e-01 1.9870980346e+00
3.3042641171e-01 9.6395296785e-01 1.9870985045e+00
3.3042366580e-01 9.6394595290e-01 1.9870960820e+00
3.3042580694e-01 9.6394502946e-01 1.9870966272e+00
7.4657356776e-01 5.0093120527e-01 8.4955756881e-01
7.4657347608e-01 5.0093288883e-01 8.4955123768e-01
7.4657464161e-01 5.0092783361e-01 8.4955323299e-01
7.4657455822e-01 5.0092951928e-01 8.4954690012e-01
7.4656737845e-01 5.0093171146e-01 8.4955440893e-01
7.4656739483e-01 5.0093326480e-01 8.4954838224e-01
7.4656842978e-01 5.0092830953e-01 8.4955010002e-01
7.4656845453e-01 5.0092986505e-01 8.4954407184e-01
2.5874026379e-01 -7.2413953063e-01 -5.2653140834e-01
2.5874028085e-01 -7.2414193275e-01 -5.2651625389e-01
2.5874086753e-01 -7.2413570465e-01 -5.2652910079e-01
2.5874079729e-01 -7.2413783307e-01 -5.2651439358e-01
2.5874028429e-01 -7.2413830989e-01 -5.2653648084e-01
2.5874025960e-01 -7.2414058663e-01 -5.2652126308e-01
2.5874089296e-01 -7.2413422510e-01 -5.2653434397e-01
2.5874078183e-01 -7.2413622794e-01 -5.2651957690e-01
-1.4489949173e-01 1.7885399963e+00 1.9550788969e+00
-1.4489994576e-01 1.7885365956e+00 1.9550773934e+00
-1.4490092475e-01 1.7885364217e+00 1.9550738891e+00
-1.4490137886e-01 1.7885330210e+00 1.9550723856e+00
-1.4489814133e-01 1.7885399961e+00 1.9550764425e+00
-1.4489855368e-01 1.7885365469e+00 1.9550748715e+00
-1.4489958747e-01 1.7885364426e+00 1.9550714393e+00
-1.4489998722e-01 1.7885329735e+00 1.9550698619e+00
5.0048634700e-01 -5.5908657394e-01 2.5221465713e+00
5.0048254435e-01 -5.5908566761e-01 2.5221459488e+00
5.0048725766e-01 -5.5908820012e-01 2.5221433331e+00
5.0048346137e-01 -5.5908718897e-01 2.5221426426e+00
5.0048484745e-01 -5.5908627109e-01 2.5221411390e+00
5.0048106210e-01 -5.5908534123e-01 2.5221404991e+00
5.0048570462e-01 -5.5908794955e-01 2.5221380013e+00
5.0048192557e-01 -5.5908691489e-01 2.5221372935e+00
4.9441850404e-01 8.9612141256e-01 3.1526010348e+00
4.9441892109e-01 8.9612091715e-01 3.1526000223e+00
4.9441942086e-01 8.9612200005e-01 3.1525964468e+00
4.9441983802e-01 8.9612150482e-01 3.1525954342e+00
4.9442215948e-01 8.9612153639e-01 3.1526042175e+00
4.9442257640e-01 8.9612104148e-01 3.1526032049e+00
4.9442307465e-01 8.9612212329e-01 3.1525996289e+00
4.9442349144e-01 8.9612162819e-01 3.1525986162e+00
4.7760004015e-01 -2.6832137479e+00 -2.5214619580e+00
4.7760248539e-01 -2.6832142845e+00 -2.5214609190e+00
4.7760103193e-01 -2.6832112909e+00 -2.5214615617e+00
4.7760362301e-01 -2.6832118641e+00 -2.5214607888e+00
4.7760258556e-01 -2.6832136184e+00 -2.5214601261e+00
4.7760498863e-01 -2.6832141417e+00 -2.5214591079e+00
4.7760343408e-01 -2.6832112155e+00 -2.5214598055e+00
4.7760602474e-01 -2.6832117883e+00 -2.5214590316e+00
-6.7669845451e-01 5.0707304287e-01 -9.3464452446e-01
-6.7669752001e-01 5.0706895796e-01 -9.3463115558e-01
-6.7669905626e-01 5.0707362663e-01 -9.3464710328e-01
-6.7669791318e-01 5.0706957735e-01 -9.3463414365e-01
-6.7669898070e-01 5.0707581933e-01 -9.3464550095e-01
-6.7669817629e-01 5.0707142739e-01 -9.3463188503e-01
-6.7669957847e-01 5.0707632172e-01 -9.3464810923e-01
-6.7669857068e-01 5.0707204566e-01 -9.3463486751e-01
5.2725116190e-02 -1.1545436236e+00 -1.6374999758e+00
5.2724883826e-02 -1.1545415564e+00 -1.6375054515e+00
5.2723589283e-02 -1.1545435923e+00 -1.6375017061e+00
5.2723374906e-02 -1.1545415997e+00 -1.6375073051e+00
5.2724938759e-02 -1.1545468034e+00 -1.6374979974e+00
5.2724706784e-02 -1.1545447365e+00 -1.6375034742e+00
5.2723483824e-02 -1.1545464155e+00 -1.6374999952e+00
5.2723269877e-02 -1.1545444232e+00 -1.6375055953e+00
-7.9849715335e-01 -2.9586521967e-01 6.8749650401e+00
-7.9849275513e-01 -2.9586356288e-01 6.8749638631e+00
-7.9849921141e-01 -2.9586048819e-01 6.8749679729e+00
-7.9849479449e-01 -2.9585877946e-01 6.8749667726e+00
-7.9850126314e-01 -2.9586602552e-01 6.8749612850e+00
-7.9849688512e-01 -2.9586443555e-01 6.8749601267e+00
-7.9850302367e-01 -2.9586118646e-01 6.8749638912e+00
-7.9849890703e-01 -2.9585967505e-01 6.8749630680e+00
5.0483154457e-01 -2.3444749247e+00 2.4588368817e+00
5.0482754021e-01 -2.3444729041e+00 2.4588331010e+00
5.0483010171e-01 -2.3444782269e+00 2.4588371994e+00
5.0482609734e-01 -2.3444762063e+00 2.4588334189e+00
5.0483104542e-01 -2.3444738494e+00 2.4588325815e+00
5.0482691520e-01 -2.3444719514e+00 2.4588290350e+00
5.0482973487e-01 -2.3444772145e+00 2.4588329553e+00
5.0482560464e-01 -2.3444753165e+00 2.4588294089e+00
-1.8007148092e-01 4.6866545187e-01 -1.6308408557e+00
-1.8007376351e-01 4.6866702914e-01 -1.6308426040e+00
-1.8007081567e-01 4.6866778997e-01 -1.6308408332e+00
-1.8007309825e-01 4.6866936724e-01 -1.6308425814e+00
-1.8007447538e-01 4.6866619434e-01 -1.6308435269e+00
-1.8007675828e-01 4.6866777186e-01 -1.6308452754e+00
-1.8007380881e-01 4.6866853241e-01 -1.6308435046e+00
-1.8007609158e-01 4.6867010971e-01 -1.6308452532e+00
-1.4482905960e+00 -8.9283780930e-01 -1.0995915288e+00
-1.4482905386e+00 -8.9284020970e-01 -1.0995790549e+00
-1.4482899427e+00 -8.9284076928e-01 -1.0995903954e+00
-1.4482895203e+00 -8.9284300852e-01 -1.0995776261e+00
-1.4482918773e+00 -8.9283852172e-01 -1.0995925026e+00
-1.4482916521e+00 -8.9284106954e-01 -1.0995800417e+00
-1.4482911593e+00 -8.9284153287e-01 -1.0995914394e+00
-1.4482905899e+00 -8.9284388216e-01 -1.0995786253e+00
1.3157101225e+00 3.3621704677e+00 -1.7854048911e+00
1.3157107069e+00 3.3621688233e+00 -1.7854222795e+00
1.3157030407e+00 3.3622089998e+00 -1.7854013664e+00
1.3157045862e+00 3.3622070954e+00 -1.7854188099e+00
1.3156710345e+00 3.3621713050e+00 -1.7854028319e+00
1.3156715974e+00 3.3621696401e+00 -1.7854201532e+00
1.3156648476e+00 3.3622083405e+00 -1.7853971720e+00
1.3156652112e+00 3.3622063153e+00 -1.7854143823e+00
1.9311609382e+00 1.7610534098e+00 2.1106156202e+00
1.9311602367e+00 1.7610543582e+00 2.1106205908e+00
1.9311642481e+00 1.7610377334e+00 2.1106226795e+00
1.9311635469e+00 1.7610386817e+00 2.1106276507e+00
1.9311641542e+00 1.7610514377e+00 2.1106095620e+00
1.9311634515e+00 1.7610523838e+00 2.1106145338e+00
1.9311678575e+00 1.7610360996e+00 2.1106164722e+00
1.9311671543e+00 1.7610370455e+00 2.1106214438e+00
-2.7792288016e+00 2.6398208277e+00 8.0750466343e-01
-2.7792205919e+00 2.6398187608e+00 8.0752968309e-01
-2.7792217864e+00 2.6398237681e+00 8.0751220845e-01
-2.7792136434e+00 2.6398216421e+00 8.0753706637e-01
-2.7792325453e+00 2.6398367432e+00 8.0751014888e-01
-2.7792252137e+00 2.6398337641e+00 8.0753522931e-01
-2.7792266670e+00 2.6398394027e+00 8.0751773938e-01
-2.7792182563e+00 2.6398363899e+00 8.0754254137e-01
-3.0657478540e+00 3.6927543481e+00 -4.8143104286e+00
-3.0657463268e+00 3.6927533264e+00 -4.8143194680e+00
-3.0657451089e+00 3.6927457897e+00 -4.8143004334e+00
-3.0657435809e+00 3.6927447690e+00 -4.8143094745e+00
-3.0657766993e+00 3.6927443567e+00 -4.8143144238e+00
-3.0657756208e+00 3.6927436287e+00 -4.8143234115e+00
-3.0657741687e+00 3.6927347934e+00 -4.8143045275e+00
-3.0657730898e+00 3.6927340656e+00 -4.8143135148e+00
4.7162317020e-01 1.5684525513e-01 1.1486965361e+00
4.7161667424e-01 1.5683877938e-01 1.1487091842e+00
4.7161755217e-01 1.5684185998e-01 1.1487007496e+00
4.7161105654e-01 1.5683538435e-01 1.1487133975e+00
4.7162635195e-01 1.5683039510e-01 1.1486846816e+00
4.7161990882e-01 1.5682390201e-01 1.1486975276e+00
4.7162077268e-01 1.5682711841e-01 1.1486888676e+00
4.7161432987e-01 1.5682062544e-01 1.1487017135e+00
-4.9833554012e-01 -1.4490534100e+00 -3.3947915783e+00
-4.9833687793e-01 -1.4490457409e+00 -3.3947862386e+00
-4.9834672048e-01 -1.4490633563e+00 -3.3947893452e+00
-4.9834805831e-01 -1.4490556872e+00 -3.3947840055e+00
-4.9831295258e-01 -1.4490510726e+00 -3.3947903458e+00
-4.9831433483e-01 -1.4490432847e+00 -3.3947850467e+00
-4.9832413386e-01 -1.4490610179e+00 -3.3947880927e+00
-4.9832551612e-01 -1.4490532300e+00 -3.3947827936e+00
3.5225287064e+00 4.4210751774e+00 -2.3308390428e+00
3.5225293572e+00 4.4210803404e+00 -2.3308181563e+00
3.5225279701e+00 4.4210873123e+00 -2.3308341198e+00
3.5225286208e+00 4.4210924752e+00 -2.3308132333e+00
3.5225503397e+00 4.4210725186e+00 -2.3308259680e+00
3.5225517444e+00 4.4210769488e+00 -2.3308060178e+00
3.5225495609e+00 4.4210844865e+00 -2.3308209854e+00
3.5225509656e+00 4.4210889167e+00 -2.3308010351e+00
6.7034116186e-01 -4.5059894701e+00 -2.7434280180e+00
6.7033726850e-01 -4.5059890765e+00 -2.7434262055e+00
6.7034151687e-01 -4.5060069970e+00 -2.7434095398e+00
6.7033762349e-01 -4.5060066039e+00 -2.7434077269e+00
6.7030350467e-01 -4.5059864342e+00 -2.7434259852e+00
6.7029876826e-01 -4.5059864479e+00 -2.7434246062e+00
6.7030288541e-01 -4.5060052181e+00 -2.7434076415e+00
6.7029904715e-01 -4.5060047779e+00 -2.7434056171e+00
3.4514809206e+00 -6.6183292263e+00 -2.0510279236e+00
3.4514806442e+00 -6.6183296924e+00 -2.0510391923e+00
3.4514820764e+00 -6.6183336279e+00 -2.0510222098e+00
3.4514818308e+00 -6.6183340885e+00 -2.0510334938e+00
3.4514811989e+00 -6.6183266386e+00 -2.0510237897e+00
3.4514809099e+00 -6.6183271070e+00 -2.0510350280e+00
3.4514823534e+00 -6.6183310400e+00 -2.0510180777e+00
3.4514820949e+00 -6.6183315027e+00 -2.0510293307e+00
5.4695853427e-01 2.7439322398e+00 -1.0581995213e+00
5.4695743659e-01 2.7439241553e+00 -1.0581704390e+00
5.4695438459e-01 2.7439204836e+00 -1.0581994000e+00
5.4695328681e-01 2.7439123991e+00 -1.0581703179e+00
5.4698151107e-01 2.7439334412e+00 -1.0582070333e+00
5.4698042877e-01 2.7439253723e+00 -1.0581779478e+00
5.4697688751e-01 2.7439210187e+00 -1.0582068343e+00
5.4697580511e-01 2.7439129499e+00 -1.0581777489e+00
-1.6890158518e+00 -2.5394269505e+00 -5.7480689484e+00
-1.6890137123e+00 -2.5394231605e+00 -5.7480586689e+00
-1.6890102005e+00 -2.5393984637e+00 -5.7480721332e+00
-1.6890079823e+00 -2.5393947380e+00 -5.7480620978e+00
-1.6890070204e+00 -2.5394295395e+00 -5.7480806946e+00
-1.6890047058e+00 -2.5394256965e+00 -5.7480703881e+00
-1.6890018754e+00 -2.5394030141e+00 -5.7480830485e+00
-1.6889994929e+00 -2.5393992488e+00 -5.7480729707e+00
-4.1410508471e+00 8.4741420486e-01 3.6264373313e+00
-4.1410495731e+00 8.4741256265e-01 3.6264596213e+00
-4.1410486205e+00 8.4741260857e-01 3.6264298124e+00
-4.1410470284e+00 8.4741118587e-01 3.6264520084e+00
-4.1410967576e+00 8.4740982190e-01 3.6264353924e+00
-4.1410946262e+00 8.4740932691e-01 3.6264575980e+00
-4.1410941404e+00 8.4740855561e-01 3.6264274767e+00
-4.1410923258e+00 8.4740784000e-01 3.6264497782e+00
2.0476419619e-01 -1.1763043380e+00 -4.6360629311e+00
2.0475556969e-01 -1.1763041849e+00 -4.6360542726e+00
2.0475914056e-01 -1.1763040132e+00 -4.6360692586e+00
2.0475053351e-01 -1.1763038448e+00 -4.6360605252e+00
2.0476741245e-01 -1.1763031769e+00 -4.6360562661e+00
2.0475874542e-01 -1.1763026992e+00 -4.6360475445e+00
2.0476236458e-01 -1.1763028504e+00 -4.6360626090e+00
2.0475371698e-01 -1.1763023572e+00 -4.6360538126e+00
2.4439196848e+00 -6.0299834792e-02 2.4689324456e+00
2.4439235535e+00 -6.0303797728e-02 2.4689461375e+00
2.4439193549e+00 -6.0304316246e-02 2.4689245515e+00
2.4439232154e+00 -6.0308267080e-02 2.4689382117e+00
2.4439405225e+00 -6.0298227745e-02 2.4689388997e+00
2.4439442826e+00 -6.0301343291e-02 2.4689517402e+00
2.4439402646e+00 -6.0302603951e-02 2.4689308513e+00
2.4439440227e+00 -6.0305713118e-02 2.4689436842e+00
9.0904064274e-01 -3.0139516324e+00 -1.2252058437e+00
9.0904406464e-01 -3.0139537090e+00 -1.2251946813e+00
9.0903605528e-01 -3.0139713410e+00 -1.2252056827e+00
9.0903947653e-01 -3.0139734160e+00 -1.2251945206e+00
9.0903525919e-01 -3.0139318998e+00 -1.2251957541e+00
9.0903868296e-01 -3.0139339743e+00 -1.2251845930e+00
9.0903086736e-01 -3.0139516597e+00 -1.2251956386e+00
9.0903429048e-01 -3.0139537327e+00 -1.2251844778e+00
-5.3800350499e-01 1.8762740936e+00 -2.3138670416e+00
-5.3800309352e-01 1.8762760341e+00 -2.3138775126e+00
-5.3799978598e-01 1.8762574588e+00 -2.3138713018e+00
-5.3799937450e-01 1.8762593992e+00 -2.3138817729e+00
-5.3801203995e-01 1.8762568626e+00 -2.3138644672e+00
-5.3801161143e-01 1.8762587894e+00 -2.3138749260e+00
-5.3800837268e-01 1.8762403220e+00 -2.3138688778e+00
-5.3800794520e-01 1.8762422490e+00 -2.3138793380e+00
6.7072056487e-02 8.5649329164e+00 -4.0028556208e+00
6.7067761357e-02 8.5649384969e+00 -4.0028679488e+00
6.7075811002e-02 8.5649636290e+00 -4.0028532935e+00
6.7071909865e-02 8.5649699271e+00 -4.0028652523e+00
6.7068483612e-02 8.5649402117e+00 -4.0028472330e+00
6.7064177602e-02 8.5649457798e+00 -4.0028595745e+00
6.7072662232e-02 8.5649696988e+00 -4.0028443940e+00
6.7068755256e-02 8.5649759859e+00 -4.0028563626e+00
-1.7995866258e+00 -6.4195360147e+00 -8.8047923915e-01
-1.7995892497e+00 -6.4195342637e+00 -8.8048239731e-01
-1.7995818661e+00 -6.4195443539e+00 -8.8049058774e-01
-1.7995843848e+00 -6.4195425302e+00 -8.8049374922e-01
-1.7995697583e+00 -6.4195424635e+00 -8.8048508097e-01
-1.7995723433e+00 -6.4195407179e+00 -8.8048821699e-01
-1.7995649522e+00 -6.4195507494e+00 -8.8049629958e-01
-1.7995674319e+00 -6.4195489311e+00 -8.8049943892e-01
2.5762491909e+00 6.1592879552e+00 -5.8538281818e-01
2.5762397549e+00 6.1592894402e+00 -5.8538145063e-01
2.5762535295e+00 6.1593304417e+00 -5.8538580903e-01
2.5762441018e+00 6.1593319428e+00 -5.8538446857e-01
2.5762718637e+00 6.1592872111e+00 -5.8538781684e-01
2.5762624237e+00 6.1592887069e+00 -5.8538646303e-01
2.5762764911e+00 6.1593307001e+00 -5.8539148311e-01
2.5762670634e+00 6.1593322012e+00 -5.8539014265e-01
2.9137693637e+00 1.1428728967e+00 6.1995180525e-01
2.9137739339e+00 1.1428784209e+00 6.1997469392e-01
2.9137757255e+00 1.1428566933e+00 6.1994706735e-01
2.9137800032e+00 1.1428636523e+00 6.1996960250e-01
2.9137694149e+00 1.1428672624e+00 6.1995886841e-01
2.9137739439e+00 1.1428729480e+00 6.1998186833e-01
2.9137758160e+00 1.1428512449e+00 6.1995424878e-01
2.9137800358e+00 1.1428577975e+00 6.1997671389e-01
-1.7544316777e+00 -4.2599247404e+00 7.8859866737e-01
-1.7544290467e+00 -4.2599267825e+00 7.8860479303e-01
-1.7544482099e+00 -4.2599285343e+00 7.8860283116e-01
-1.7544455782e+00 -4.2599305829e+00 7.8860893374e-01
-1.7544279943e+00 -4.2599170389e+00 7.8860637556e-01
-1.7544253960e+00 -4.2599191539e+00 7.8861258496e-01
-1.7544448369e+00 -4.2599210136e+00 7.8861068132e-01
-1.7544422380e+00 -4.2599231352e+00 7.8861686763e-01
-2.9818477593e+00 -1.0163254639e+00 2.2355985101e+00
-2.9818422737e+00 -1.0163222353e+00 2.2356121417e+00
-2.9818554945e+00 -1.0163708090e+00 2.2356017759e+00
-2.9818494703e+00 -1.0163685546e+00 2.2356155277e+00
-2.9818471347e+00 -1.0163264365e+00 2.2355923667e+00
-2.9818416051e+00 -1.0163232786e+00 2.2356058934e+00
-2.9818548395e+00 -1.0163716788e+00 2.2355956002e+00
-2.9818487713e+00 -1.0163694952e+00 2.2356092472e+00
1.2690654390e+00 1.5591180750e+00 -2.5712259399e+00
1.2690722457e+00 1.5591045957e+00 -2.5712373240e+00
1.2690792383e+00 1.5591265248e+00 -2.5712234982e+00
1.2690857028e+00 1.5591136862e+00 -2.5712348461e+00
1.2690212751e+00 1.5591273550e+00 -2.5712289675e+00
1.2690277744e+00 1.5591131131e+00 -2.5712394290e+00
1.2690350223e+00 1.5591352404e+00 -2.5712263831e+00
1.2690418637e+00 1.5591203567e+00 -2.5712368808e+00
2.2664895099e+00 -6.0293364906e+00 1.8127335097e+00
2.2664993929e+00 -6.0293275707e+00 1.8127304638e+00
2.2664920129e+00 -6.0293701541e+00 1.8127387098e+00
2.2665007679e+00 -6.0293625245e+00 1.8127352230e+00
2.2664873657e+00 -6.0293493795e+00 1.8127278184e+00
2.2664971060e+00 -6.0293403980e+00 1.8127245546e+00
2.2664898629e+00 -6.0293830709e+00 1.8127330172e+00
2.2664984659e+00 -6.0293753727e+00 1.8127293215e+00
-4.3375834877e+00 -1.9189935493e+00 2.7770899326e+00
-4.3375889094e+00 -1.9190029192e+00 2.7770876611e+00
-4.3375815288e+00 -1.9189984347e+00 2.7770885343e+00
-4.3375869500e+00 -1.9190078032e+00 2.7770862626e+00
-4.3375819416e+00 -1.9189783301e+00 2.7771011452e+00
-4.3375873699e+00 -1.9189877065e+00 2.7770988594e+00
-4.3375800298e+00 -1.9189830604e+00 2.7770996938e+00
-4.3375854587e+00 -1.9189924375e+00 2.7770974065e+00
7.5780475790e-01 -6.4412696202e+00 8.0675508638e-01
7.5780107106e-01 -6.4412663701e+00 8.0676494535e-01
7.5780589862e-01 -6.4412789377e+00 8.0676340385e-01
7.5780259462e-01 -6.4412754718e+00 8.0677327567e-01
7.5781149561e-01 -6.4412787857e+00 8.0675089837e-01
7.5780783245e-01 -6.4412755385e+00 8.0676078692e-01
7.5781264864e-01 -6.4412880963e+00 8.0675920478e-01
7.5780936832e-01 -6.4412846333e+00 8.0676910619e-01
-4.6867340728e+00 1.2627769324e+00 -1.5167041856e+00
-4.6867340859e+00 1.2627750688e+00 -1.5166963856e+00
-4.6867370179e+00 1.2628222446e+00 -1.5167117553e+00
-4.6867372588e+00 1.2628202226e+00 -1.5167035280e+00
-4.6867202991e+00 1.2627735323e+00 -1.5167019770e+00
-4.6867203424e+00 1.2627716293e+00 -1.5166941494e+00
-4.6867232158e+00 1.2628185790e+00 -1.5167094914e+00
-4.6867234004e+00 1.2628166286e+00 -1.5167012534e+00
5.6942800013e-01 -2.3546639686e+00 -3.8663847769e+00
5.6943238165e-01 -2.3546658529e+00 -3.8663536793e+00
5.6941130392e-01 -2.3546707541e+00 -3.8663812421e+00
5.6941567328e-01 -2.3546724434e+00 -3.8663508059e+00
5.6943390849e-01 -2.3546585424e+00 -3.8663817291e+00
5.6943843086e-01 -2.3546603585e+00 -3.8663508323e+00
5.6941792414e-01 -2.3546658542e+00 -3.8663786420e+00
5.6942245807e-01 -2.3546678310e+00 -3.8663486223e+00
1.1115337397e+00 5.3455776303e+00 -5.7217775842e+00
1.1115274843e+00 5.3455791032e+00 -5.7217669336e+00
1.1115335706e+00 5.3456154688e+00 -5.7217768661e+00
1.1115297058e+00 5.3456180032e+00 -5.7217669517e+00
1.1115317946e+00 5.3455725293e+00 -5.7217872436e+00
1.1115259018e+00 5.3455731607e+00 -5.7217764898e+00
1.1115315666e+00 5.3456095403e+00 -5.7217861850e+00
1.1115275661e+00 5.3456126896e+00 -5.7217764597e+00
-2.2715455680e+00 -7.8608335233e-01 2.5020016376e+00
-2.2715347416e+00 -7.8607999177e-01 2.5020016009e+00
-2.2715411437e+00 -7.8607065066e-01 2.5019948519e+00
-2.2715304781e+00 -7.8606720958e-01 2.5019946314e+00
-2.2715555810e+00 -7.8607968625e-01 2.5020040827e+00
-2.2715447813e+00 -7.8607634119e-01 2.5020040956e+00
-2.2715517310e+00 -7.8606786434e-01 2.5019973254e+00
-2.2715410920e+00 -7.8606443875e-01 2.5019971545e+00
7.2955871304e+00 3.2070117925e+00 -2.2732703073e+00
7.2955957884e+00 3.2070074604e+00 -2.2732762264e+00
7.2955937301e+00 3.2070203284e+00 -2.2732672032e+00
7.2956014887e+00 3.2070159731e+00 -2.2732730750e+00
7.2955657336e+00 3.2070203373e+00 -2.2732734144e+00
7.2955743911e+00 3.2070160055e+00 -2.2732793339e+00
7.2955723327e+00 3.2070288718e+00 -2.2732703108e+00
7.2955800910e+00 3.2070245163e+00 -2.2732761823e+00
9.7656851732e-01 -2.3649944295e+00 -6.3151830385e-01
9.7656703529e-01 -2.3649985337e+00 -6.3153293142e-01
9.7657811449e-01 -2.3649908168e+00 -6.3152694954e-01
9.7657659542e-01 -2.3649937421e+00 -6.3154220243e-01
9.7656974884e-01 -2.3650002408e+00 -6.3151756849e-01
9.7656826641e-01 -2.3650043472e+00 -6.3153219261e-01
9.7657935337e-01 -2.3649965941e+00 -6.3152616264e-01
9.7657783390e-01 -2.3649995216e+00 -6.3154141209e-01
-3.6488892573e+00 2.5257274324e-01 4.2863384650e+00
-3.6488893544e+00 2.5257180462e-01 4.2863485058e+00
-3.6488945768e+00 2.5256414662e-01 4.2863447460e+00
-3.6488946805e+00 2.5256322137e-01 4.2863547925e+00
-3.6488591398e+00 2.5257450514e-01 4.2863373350e+00
-3.6488592370e+00 2.5257356651e-01 4.2863473758e+00
-3.6488646333e+00 2.5256572093e-01 4.2863439159e+00
-3.6488647371e+00 2.5256479568e-01 4.2863539623e+00
-8.4253179380e-01 9.4486741586e-01 1.7971580364e+00
-8.4252905469e-01 9.4487415650e-01 1.7971621889e+00
-8.4253019931e-01 9.4489473149e-01 1.7971615600e+00
-8.4252753603e-01 9.4490196176e-01 1.7971659669e+00
-8.4253807106e-01 9.4486477305e-01 1.7971542568e+00
-8.4253519024e-01 9.4487143494e-01 1.7971584004e+00
-8.4253640156e-01 9.4489164456e-01 1.7971577684e+00
-8.4253388072e-01 9.4489895335e-01 1.7971621838e+00
-1.4582080362e+00 8.2415273429e+00 2.3058768600e+00
-1.4581978101e+00 8.2415310524e+00 2.3058768771e+00
-1.4582067094e+00 8.2415203820e+00 2.3058744919e+00
-1.4581964813e+00 8.2415240910e+00 2.3058745106e+00
-1.4582454602e+00 8.2415421986e+00 2.3058842958e+00
-1.4582340616e+00 8.2415468486e+00 2.3058844662e+00
-1.4582432568e+00 8.2415344763e+00 2.3058812172e+00
-1.4582318599e+00 8.2415391232e+00 2.3058813855e+00
3.3058917595e-01 -4.2026573661e+00 -2.7533831043e+00
3.3058578099e-01 -4.2026546797e+00 -2.7533767697e+00
3.3059388110e-01 -4.2026553994e+00 -2.7533803646e+00
3.3059048630e-01 -4.2026527131e+00 -2.7533740299e+00
3.3060187167e-01 -4.2026667505e+00 -2.7533870457e+00
3.3059821436e-01 -4.2026642660e+00 -2.7533805890e+00
3.3060662003e-01 -4.2026647222e+00 -2.7533844215e+00
3.3060296274e-01 -4.2026622376e+00 -2.7533779649e+00
8.8421621778e-02 2.7683935975e+00 3.7046481289e+00
8.8417073459e-02 2.7683868557e+00 3.7046367924e+00
8.8424323747e-02 2.7683903473e+00 3.7046458959e+00
8.8419778164e-02 2.7683841152e+00 3.7046347542e+00
8.8394528912e-02 2.7683890955e+00 3.7046376814e+00
8.8389966431e-02 2.7683823740e+00 3.7046263500e+00
8.8397246604e-02 2.7683858823e+00 3.7046352259e+00
8.8392686883e-02 2.7683796705e+00 3.7046240894e+00
4.8580516477e+00 9.7962975916e-01 4.3070633337e+00
4.8580569157e+00 9.7962043983e-01 4.3070846281e+00
4.8580515603e+00 9.7963421316e-01 4.3070596569e+00
4.8580567610e+00 9.7962480033e-01 4.3070811722e+00
4.8580125296e+00 9.7962531004e-01 4.3070512146e+00
4.8580193576e+00 9.7961603299e-01 4.3070719694e+00
4.8580124964e+00 9.7962980541e-01 4.3070476519e+00
4.8580196381e+00 9.7962060676e-01 4.3070683682e+00
1.8895088123e+00 -5.7195095566e-01 -2.1230825775e+00
1.8895033337e+00 -5.7195280882e-01 -2.1230774286e+00
1.8895134227e+00 -5.7196080055e-01 -2.1230729196e+00
1.8895079430e+00 -5.7196265183e-01 -2.1230677688e+00
1.8895258399e+00 -5.7194693382e-01 -2.1230869469e+00
1.8895205187e+00 -5.7194861464e-01 -2.1230817333e+00
1.8895304577e+00 -5.7195677923e-01 -2.1230772938e+00
1.8895249777e+00 -5.7195862974e-01 -2.1230721431e+00
-3.5852420728e+00 -1.9815481067e+00 -2.2805028406e+00
-3.5852418638e+00 -1.9815455295e+00 -2.2804926457e+00
-3.5852493927e+00 -1.9815493345e+00 -2.2804979892e+00
-3.5852489870e+00 -1.9815469074e+00 -2.2804877089e+00
-3.5852245691e+00 -1.9815505277e+00 -2.2805085363e+00
-3.5852253088e+00 -1.9815480414e+00 -2.2804984119e+00
-3.5852319191e+00 -1.9815522386e+00 -2.2805038491e+00
-3.5852324621e+00 -1.9815499025e+00 -2.2804936394e+00
6.1821761140e+00 -3.2661007736e+00 -2.4225078425e+00
6.1821803164e+00 -3.2661001080e+00 -2.4225023457e+00
6.1821806618e+00 -3.2661035510e+00 -2.4225228567e+00
6.1821848920e+00 -3.2661028705e+00 -2.4225173417e+00
6.1822126927e+00 -3.2661092499e+00 -2.4225103782e+00
6.1822168946e+00 -3.2661085844e+00 -2.4225048824e+00
6.1822172431e+00 -3.2661120233e+00 -2.4225253948e+00
6.1822214710e+00 -3.2661113399e+00 -2.4225198801e+00
-2.8121566053e-02 2.3536321931e+00 4.6461308274e+00
-2.8120306418e-02 2.3536285458e+00 4.6461344006e+00
-2.8125954823e-02 2.3536117423e+00 4.6461258921e+00
-2.8124512974e-02 2.3536080816e+00 4.6461294177e+00
-2.8102334881e-02 2.3536406946e+00 4.6461361372e+00
-2.8100908481e-02 2.3536370012e+00 4.6461396651e+00
-2.8106562210e-02 2.3536202190e+00 4.6461311684e+00
-2.8105137106e-02 2.3536165274e+00 4.6461346948e+00
-1.0339847105e+00 -8.8446177749e+00 4.9425546440e+00
-1.0339964438e+00 -8.8446257886e+00 4.9425728890e+00
-1.0339788527e+00 -8.8446167535e+00 4.9425473550e+00
-1.0339904251e+00 -8.8446248843e+00 4.9425656069e+00
-1.0340217803e+00 -8.8445995088e+00 4.9425587437e+00
-1.0340316042e+00 -8.8446078555e+00 4.9425771137e+00
-1.0340158165e+00 -8.8445985086e+00 4.9425513586e+00
-1.0340256854e+00 -8.8446068917e+00 4.9425697149e+00
6.4790822959e+00 8.6086984046e-01 2.1015906010e+00
6.4790853872e+00 8.6087545120e-01 2.1015838640e+00
6.4790793473e+00 8.6084978392e-01 2.1015908816e+00
6.4790824506e+00 8.6085540272e-01 2.1015841557e+00
6.4790493712e+00 8.6086173702e-01 2.1015920248e+00
6.4790517003e+00 8.6086710899e-01 2.1015848153e+00
6.4790466238e+00 8.6084140716e-01 2.1015919507e+00
6.4790488746e+00 8.6084677808e-01 2.1015846429e+00
9.5222977214e-01 7.9863349625e-01 -2.3025678452e-01
9.5222780784e-01 7.9863249129e-01 -2.3024946002e-01
9.5222945394e-01 7.9863401116e-01 -2.3026274516e-01
9.5222746983e-01 7.9863299556e-01 -2.3025540380e-01
9.5223749417e-01 7.9863213825e-01 -2.3025829281e-01
9.5223470794e-01 7.9863108357e-01 -2.3025100627e-01
9.5223716087e-01 7.9863249054e-01 -2.3026433439e-01
9.5223432095e-01 7.9863147958e-01 -2.3025705776e-01
-4.2963569840e+00 4.1023407747e-02 1.9604023111e+00
-4.2963621166e+00 4.1030470541e-02 1.9604056069e+00
-4.2963544672e+00 4.0998225535e-02 1.9604067237e+00
-4.2963596169e+00 4.1005299888e-02 1.9604100349e+00
-4.2963501955e+00 4.1016626959e-02 1.9603836981e+00
-4.2963553280e+00 4.1023689407e-02 1.9603869936e+00
-4.2963477372e+00 4.0991537191e-02 1.9603879727e+00
-4.2963528869e+00 4.0998611191e-02 1.9603912836e+00
-4.6695637149e-01 -1.6410471930e-01 2.2117182506e+00
-4.6695863778e-01 -1.6410393004e-01 2.2117215075e+00
-4.6696827851e-01 -1.6410630135e-01 2.2116976598e+00
-4.6697051081e-01 -1.6410542836e-01 2.2117007990e+00
-4.6695828470e-01 -1.6410354082e-01 2.2117111146e+00
-4.6696051133e-01 -1.6410273921e-01 2.2117143668e+00
-4.6697021101e-01 -1.6410507610e-01 2.2116905313e+00
-4.6697238492e-01 -1.6410421226e-01 2.2116936711e+00
-2.8886916340e+00 2.1266032389e+00 6.4488625478e+00
-2.8886986532e+00 2.1266072129e+00 6.4488863734e+00
-2.8886832966e+00 2.1265768398e+00 6.4488620951e+00
-2.8886901623e+00 2.1265801044e+00 6.4488859809e+00
-2.8886810197e+00 2.1266004100e+00 6.4488578945e+00
-2.8886879621e+00 2.1266041983e+00 6.4488821793e+00
-2.8886733575e+00 2.1265744648e+00 6.4488584175e+00
-2.8886801570e+00 2.1265775568e+00 6.4488827526e+00
4.4016538164e+00 1.2425435057e+00 1.4948903178e+01
4.4016587057e+00 1.2425456107e+00 1.4948888206e+01
4.4016505034e+00 1.2425415972e+00 1.4948900703e+01
4.4016552183e+00 1.2425437902e+00 1.4948885871e+01
4.4016581654e+00 1.2425468404e+00 1.4948899551e+01
4.4016630312e+00 1.2425489349e+00 1.4948884572e+01
4.4016548507e+00 1.2425449334e+00 1.4948897078e+01
4.4016595420e+00 1.2425471162e+00 1.4948882238e+01
-2.0008189841e-02 -2.5113521143e+00 2.2003250730e+01
-2.0003379465e-02 -2.5113570920e+00 2.2003247247e+01
-2.0008635119e-02 -2.5113395664e+00 2.2003248895e+01
-2.0003808692e-02 -2.5113445201e+00 2.2003245397e+01
-2.0013016964e-02 -2.5113521284e+00 2.2003253720e+01
-2.0008200477e-02 -2.5113571064e+00 2.2003250258e+01
-2.0013406616e-02 -2.5113395849e+00 2.2003251865e+01
-2.0008583909e-02 -2.5113445335e+00 2.2003248370e+01
-9.3864206398e-01 -3.0181545773e+00 1.5733159800e+01
-9.3864594677e-01 -3.0181492318e+00 1.5733150505e+01
-9.3864087877e-01 -3.0181391754e+00 1.5733149712e+01
-9.3864469641e-01 -3.0181337154e+00 1.5733140622e+01
-9.3864429605e-01 -3.0181515268e+00 1.5733155789e+01
-9.3864833014e-01 -3.0181462649e+00 1.5733146562e+01
-9.3864347801e-01 -3.0181361743e+00 1.5733145951e+01
-9.3864723596e-01 -3.0181306830e+00 1.5733136526e+01
1.5845496200e+00 5.4103339372e+00 1.5755801994e+01
1.5845499841e+00 5.4103297028e+00 1.5755791231e+01
1.5845503144e+00 5.4103349615e+00 1.5755802395e+01
1.5845505979e+00 5.4103306283e+00 1.5755791599e+01
1.5845447370e+00 5.4103318930e+00 1.5755795279e+01
1.5845450461e+00 5.4103277512e+00 1.5755784564e+01
1.5845455539e+00 5.4103329299e+00 1.5755795537e+01
1.5845457823e+00 5.4103286893e+00 1.5755784789e+01
-1.4908299042e+00 2.6406413951e+00 1.6893690571e+01
-1.4908351812e+00 2.6406322333e+00 1.6893684494e+01
-1.4908239646e+00 2.6406476491e+00 1.6893676508e+01
-1.4908292432e+00 2.6406384926e+00 1.6893670426e+01
-1.4908337709e+00 2.6406439428e+00 1.6893694501e+01
-1.4908390147e+00 2.6406345518e+00 1.6893688584e+01
-1.4908278078e+00 2.6406501958e+00 1.6893680393e+01
-1.4908330532e+00 2.6406408098e+00 1.6893674471e+01
-1.8784990257e+00 -8.5136758091e-01 1.8335977764e+01
-1.8785062313e+00 -8.5136427190e-01 1.8335976544e+01
-1.8785022826e+00 -8.5136160882e-01 1.8335966876e+01
-1.8785094882e+00 -8.5135829675e-01 1.8335965656e+01
-1.8784841582e+00 -8.5137464139e-01 1.8335972671e+01
-1.8784913532e+00 -8.5137125833e-01 1.8335971347e+01
-1.8784872022e+00 -8.5136876559e-01 1.8335962207e+01
-1.8784943973e+00 -8.5136537947e-01 1.8335960883e+01
-2.7176216354e+00 3.6060508262e+00 1.3662806615e+01
-2.7176201750e+00 3.6060488621e+00 1.3662799973e+01
-2.7176229466e+00 3.6060481665e+00 1.3662800459e+01
-2.7176214864e+00 3.6060462027e+00 1.3662793818e+01
-2.7176461487e+00 3.6060447577e+00 1.3662808479e+01
-2.7176445383e+00 3.6060427337e+00 1.3662801813e+01
-2.7176472882e+00 3.6060424364e+00 1.3662802506e+01
-2.7176456778e+00 3.6060404126e+00 1.3662795840e+01
6.3116926407e-01 -1.2003300736e-01 2.3658122867e+01
6.3117117197e-01 -1.2003392406e-01 2.3658118887e+01
6.3117167462e-01 -1.2002783766e-01 2.3658120295e+01
6.3117368169e-01 -1.2002903715e-01 2.3658116342e+01
6.3116071925e-01 -1.2003081099e-01 2.3658128739e+01
6.3116254349e-01 -1.2003121402e-01 2.3658125181e+01
6.3116350229e-01 -1.2002606240e-01 2.3658126076e+01
6.3116542047e-01 -1.2002660083e-01 2.3658122448e+01
1.9157642460e+00 -1.4454126248e+00 1.5748386471e+01
1.9157642283e+00 -1.4454051530e+00 1.5748381541e+01
1.9157596399e+00 -1.4454116012e+00 1.5748375659e+01
1.9157598512e+00 -1.4454041666e+00 1.5748370668e+01
1.9157418331e+00 -1.4454169769e+00 1.5748383698e+01
1.9157425221e+00 -1.4454096658e+00 1.5748378758e+01
1.9157371544e+00 -1.4454149182e+00 1.5748372378e+01
1.9157378176e+00 -1.4454075371e+00 1.5748367474e+01
1.5764910998e+00 -8.1104811921e-01 1.9084085993e+01
1.5764982261e+00 -8.1105087986e-01 1.9084079844e+01
1.5764845403e+00 -8.1103183270e-01 1.9084090208e+01
1.5764916720e+00 -8.1103442456e-01 1.9084084316e+01
1.5764878335e+00 -8.1104159905e-01 1.9084086431e+01
1.5764949255e+00 -8.1104437447e-01 1.9084080266e+01
1.5764813652e+00 -8.1102519326e-01 1.9084090327e+01
1.5764884616e+00 -8.1102779969e-01 1.9084084418e+01
1.9282563300e+00 1.9767383029e+00 1.1989731514e+01
1.9282627766e+00 1.9767424863e+00 1.1989727812e+01
1.9282621197e+00 1.9767202643e+00 1.1989730066e+01
1.9282685589e+00 1.9767244636e+00 1.1989726345e+01
1.9282408695e+00 1.9767272813e+00 1.1989727537e+01
1.9282473644e+00 1.9767317442e+00 1.1989723902e+01
1.9282465090e+00 1.9767082385e+00 1.1989726658e+01
1.9282529920e+00 1.9767127220e+00 1.1989723012e+01
-3.8815432743e+00 3.0298134383e-01 1.9897525976e+01
-3.8815349534e+00 3.0297494484e-01 1.9897515489e+01
-3.8815349745e+00 3.0299686408e-01 1.9897521454e+01
-3.8815269078e+00 3.0298933552e-01 1.9897511836e+01
-3.8815468311e+00 3.0298232070e-01 1.9897526694e+01
-3.8815385033e+00 3.0297593592e-01 1.9897516251e+01
-3.8815387208e+00 3.0299791032e-01 1.9897522524e+01
-3.8815305133e+00 3.0299030636e-01 1.9897512822e+01
-1.6864160803e+00 -2.7848678337e+00 1.9325600102e+01
-1.6864088214e+00 -2.7848603554e+00 1.9325598175e+01
-1.6864114926e+00 -2.7848893134e+00 1.9325603707e+01
-1.6864042333e+00 -2.7848818475e+00 1.9325601765e+01
-1.6864137631e+00 -2.7848644003e+00 1.9325595308e+01
-1.6864065255e+00 -2.7848570073e+00 1.9325593406e+01
-1.6864092034e+00 -2.7848858962e+00 1.9325598938e+01
-1.6864019655e+00 -2.7848785157e+00 1.9325597021e+01
5.3362445586e+00 8.6715339429e-01 1.8076528718e+01
5.3362326062e+00 8.6715268436e-01 1.8076519439e+01
5.3362471589e+00 8.6717179571e-01 1.8076533818e+01
5.3362355916e+00 8.6717115535e-01 1.8076524655e+01
5.3362456360e+00 8.6715240199e-01 1.8076526558e+01
5.3362334585e+00 8.6715187712e-01 1.8076517497e+01
5.3362482589e+00 8.6717058622e-01 1.8076531105e+01
5.3362367022e+00 8.6717015672e-01 1.8076522308e+01
-3.2008649242e+00 -3.6496111004e-01 2.0125613571e+01
-3.2008760675e+00 -3.6495167836e-01 2.0125617107e+01
-3.2008729053e+00 -3.6497124609e-01 2.0125613233e+01
-3.2008836286e+00 -3.6496184855e-01 2.0125616753e+01
-3.2008586680e+00 -3.6497078414e-01 2.0125615251e+01
-3.2008699013e+00 -3.6496151337e-01 2.0125618563e+01
-3.2008666475e+00 -3.6498092001e-01 2.0125614914e+01
-3.2008773312e+00 -3.6497160138e-01 2.0125618333e+01
-2.2904028173e+00 2.4899602559e+00 1.9385550929e+01
-2.2904072569e+00 2.4899557204e+00 1.9385543488e+01
-2.2904099266e+00 2.4899671983e+00 1.9385559308e+01
-2.2904141937e+00 2.4899625615e+00 1.9385552151e+01
-2.2903967593e+00 2.4899686842e+00 1.9385551272e+01
-2.2904011996e+00 2.4899641521e+00 1.9385543829e+01
-2.2904038689e+00 2.4899756260e+00 1.9385559650e+01
-2.2904081319e+00 2.4899709910e+00 1.9385552486e+01
1.7351451902e+00 1.4545665690e+00 -2.1171531224e+01
1.7351465342e+00 1.4545658649e+00 -2.1171530932e+01
1.7351467605e+00 1.4545637189e+00 -2.1171538011e+01
1.7351480989e+00 1.4545630212e+00 -2.1171537716e+01
1.7351519235e+00 1.4545620245e+00 -2.1171531011e+01
1.7351531877e+00 1.4545613340e+00 -2.1171530691e+01
1.7351534832e+00 1.4545591509e+00 -2.1171537799e+01
1.7351547421e+00 1.4545584668e+00 -2.1171537475e+01
5.5791521675e+00 -7.6524714006e-02 -1.8230665439e+01
5.5791539087e+00 -7.6523336416e-02 -1.8230675086e+01
5.5791482571e+00 -7.6506482212e-02 -1.8230661803e+01
5.5791499897e+00 -7.6505103870e-02 -1.8230671443e+01
5.5791680232e+00 -7.6519854919e-02 -1.8230666251e+01
5.5791697669e+00 -7.6518458600e-02 -1.8230675891e+01
5.5791641127e+00 -7.6501623132e-02 -1.8230662615e+01
5.5791658266e+00 -7.6500230948e-02 -1.8230672257e+01
-2.9720711111e+00 7.8187335245e+00 -1.5923139849e+01
-2.9720740800e+00 7.8187326547e+00 -1.5923142507e+01
-2.9720786232e+00 7.8187284794e+00 -1.5923139790e+01
-2.9720815890e+00 7.8187276123e+00 -1.5923142446e+01
-2.9720655696e+00 7.8187326368e+00 -1.5923133125e+01
-2.9720685386e+00 7.8187317670e+00 -1.5923135784e+01
-2.9720730787e+00 7.8187275940e+00 -1.5923133072e+01
-2.9720760445e+00 7.8187267269e+00 -1.5923135729e+01
1.8008327624e+00 -2.9938142830e+00 -2.1960099398e+01
1.8008331128e+00 -2.9938140016e+00 -2.1960096852e+01
1.8008306564e+00 -2.9938034845e+00 -2.1960096662e+01
1.8008309600e+00 -2.9938031940e+00 -2.1960094144e+01
1.8008435442e+00 -2.9938128439e+00 -2.1960094137e+01
1.8008438999e+00 -2.9938125817e+00 -2.1960091597e+01
1.8008414237e+00 -2.9938018845e+00 -2.1960091105e+01
1.8008417324e+00 -2.9938016133e+00 -2.1960088592e+01
-3.8748286244e+00 2.2173177962e+00 -1.5194579219e+01
-3.8748216004e+00 2.2173221855e+00 -1.5194588876e+01
-3.8748288274e+00 2.2173162129e+00 -1.5194578461e+01
-3.8748218011e+00 2.2173205986e+00 -1.5194588116e+01
-3.8748169829e+00 2.2173108277e+00 -1.5194583446e+01
-3.8748099692e+00 2.2173153613e+00 -1.5194593187e+01
-3.8748172020e+00 2.2173094000e+00 -1.5194582771e+01
-3.8748101757e+00 2.2173137857e+00 -1.5194592427e+01
-3.6835633812e+00 4.9972658463e-01 -1.6928006391e+01
-3.6835684581e+00 4.9972745277e-01 -1.6927993100e+01
-3.6835612787e+00 4.9973583005e-01 -1.6928009301e+01
-3.6835671343e+00 4.9973673508e-01 -1.6927995929e+01
-3.6835540744e+00 4.9972337898e-01 -1.6928013167e+01
-3.6835582810e+00 4.9972467296e-01 -1.6927999402e+01
-3.6835519721e+00 4.9973262396e-01 -1.6928016076e+01
-3.6835569761e+00 4.9973396560e-01 -1.6928002352e+01
3.4556265121e+00 -4.2362752867e-01 -1.8150355371e+01
3.4556295427e+00 -4.2363000742e-01 -1.8150356800e+01
3.4556313857e+00 -4.2363040306e-01 -1.8150352012e+01
3.4556344241e+00 -4.2363284677e-01 -1.8150353447e+01
3.4556233754e+00 -4.2362215878e-01 -1.8150358281e+01
3.4556259640e+00 -4.2362435258e-01 -1.8150359889e+01
3.4556282506e+00 -4.2362493531e-01 -1.8150354919e+01
3.4556308463e+00 -4.2362709567e-01 -1.8150356533e+01
-3.0569044074e+00 1.1044948681e+00 -1.8553923174e+01
-3.0569022029e+00 1.1044962629e+00 -1.8553936203e+01
-3.0569063282e+00 1.1045216227e+00 -1.8553916813e+01
-3.0569037173e+00 1.1045228543e+00 -1.8553929877e+01
-3.0569293133e+00 1.1044940461e+00 -1.8553917597e+01
-3.0569271300e+00 1.1044954791e+00 -1.8553930566e+01
-3.0569301346e+00 1.1045203476e+00 -1.8553912711e+01
-3.0569275268e+00 1.1045215813e+00 -1.8553925774e+01
-5.7012079979e+00 -2.5522549818e+00 -1.7370043528e+01
-5.7012087493e+00 -2.5522547798e+00 -1.7370042999e+01
-5.7012066673e+00 -2.5522364834e+00 -1.7370037762e+01
-5.7012073716e+00 -2.5522362455e+00 -1.7370037098e+01
-5.7012039076e+00 -2.5522570448e+00 -1.7370034910e+01
-5.7012046584e+00 -2.5522568426e+00 -1.7370034380e+01
-5.7012030124e+00 -2.5522384088e+00 -1.7370027980e+01
-5.7012037096e+00 -2.5522381723e+00 -1.7370027324e+01
3.7826993058e+00 -2.3649391420e+00 -2.0290693464e+01
3.7827037365e+00 -2.3649462703e+00 -2.0290673669e+01
3.7827037059e+00 -2.3649386056e+00 -2.0290691101e+01
3.7827083472e+00 -2.3649457242e+00 -2.0290671171e+01
3.7826845079e+00 -2.3649438212e+00 -2.0290690880e+01
3.7826890803e+00 -2.3649504621e+00 -2.0290670677e+01
3.7826889104e+00 -2.3649432854e+00 -2.0290688516e+01
3.7826936926e+00 -2.3649499164e+00 -2.0290668178e+01
2.0880427156e+00 -6.3950423471e+00 -1.5664221180e+01
2.0880411408e+00 -6.3950492163e+00 -1.5664204204e+01
2.0880378791e+00 -6.3950396393e+00 -1.5664219002e+01
2.0880363238e+00 -6.3950465304e+00 -1.5664201769e+01
2.0880534744e+00 -6.3950445297e+00 -1.5664218983e+01
2.0880508515e+00 -6.3950523897e+00 -1.5664202685e+01
2.0880486541e+00 -6.3950418695e+00 -1.5664216771e+01
2.0880460885e+00 -6.3950497898e+00 -1.5664200331e+01
-4.0466501018e+00 -1.9549338041e-01 -1.8691536649e+01
-4.0466555315e+00 -1.9548620055e-01 -1.8691538895e+01
-4.0466526574e+00 -1.9549123444e-01 -1.8691537925e+01
-4.0466580824e+00 -1.9548405350e-01 -1.8691540166e+01
-4.0466379587e+00 -1.9548288350e-01 -1.8691534211e+01
-4.0466442529e+00 -1.9547555427e-01 -1.8691535524e+01
-4.0466405193e+00 -1.9548073923e-01 -1.8691535471e+01
-4.0466468088e+00 -1.9547340896e-01 -1.8691536779e+01
4.4239734084e+00 -1.5473190649e+00 -1.8237894425e+01
4.4239740384e+00 -1.5473193882e+00 -1.8237891974e+01
4.4239720578e+00 -1.5473142934e+00 -1.8237892801e+01
4.4239726881e+00 -1.5473146154e+00 -1.8237890349e+01
4.4239824748e+00 -1.5473214584e+00 -1.8237898171e+01
4.4239830774e+00 -1.5473218704e+00 -1.8237895774e+01
4.4239810963e+00 -1.5473167730e+00 -1.8237896602e+01
4.4239817265e+00 -1.5473170948e+00 -1.8237894150e+01
3.5624634476e-01 -3.5348620280e+00 -1.3278690732e+01
3.5624577937e-01 -3.5348595400e+00 -1.3278701214e+01
3.5624555394e-01 -3.5348595684e+00 -1.3278692410e+01
3.5624498023e-01 -3.5348570780e+00 -1.3278702883e+01
3.5625517021e-01 -3.5348604999e+00 -1.3278689790e+01
3.5625460367e-01 -3.5348580088e+00 -1.3278700278e+01
3.5625459652e-01 -3.5348582148e+00 -1.3278691169e+01
3.5625402166e-01 -3.5348557213e+00 -1.3278701648e+01
-1.9376543772e+00 1.0015651983e-01 -1.8407455711e+01
-1.9376532061e+00 1.0015820218e-01 -1.8407457813e+01
-1.9376497279e+00 1.0017909130e-01 -1.8407451883e+01
-1.9376486590e+00 1.0018074693e-01 -1.8407454014e+01
-1.9376509936e+00 1.0015388898e-01 -1.8407454890e+01
-1.9376498631e+00 1.0015556264e-01 -1.8407456977e+01
-1.9376460831e+00 1.0017679840e-01 -1.8407451510e+01
-1.9376450721e+00 1.0017845307e-01 -1.8407453564e+01
1.0893637043e-01 -2.4342680859e+00 -2.0748039791e+01
1.0893855338e-01 -2.4342775463e+00 -2.0748040711e+01
1.0893830658e-01 -2.4342785478e+00 -2.0748046317e+01
1.0894047777e-01 -2.4342880008e+00 -2.0748047197e+01
1.0891593059e-01 -2.4342690657e+00 -2.0748040065e+01
1.0891809093e-01 -2.4342785136e+00 -2.0748040942e+01
1.0891796540e-01 -2.4342796017e+00 -2.0748046666e+01
1.0892001495e-01 -2.4342889671e+00 -2.0748047434e+01
2.8016997663e+00 -1.4321985946e+00 1.2548806534e+01
2.8016956419e+00 -1.4321964802e+00 1.2548798546e+01
2.8016994786e+00 -1.4322065297e+00 1.2548802180e+01
2.8016953548e+00 -1.4322044154e+00 1.2548794193e+01
2.8016909282e+00 -1.4322071948e+00 1.2548797992e+01
2.8016868031e+00 -1.4322050759e+00 1.2548790004e+01
2.8016906096e+00 -1.4322151376e+00 1.2548793659e+01
2.8016864852e+00 -1.4322130189e+00 1.2548785671e+01
-9.7007795342e-02 2.6968362921e+00 1.8675939086e+01
-9.7010013430e-02 2.6968334742e+00 1.8675931661e+01
-9.7013025559e-02 2.6968334975e+00 1.8675947150e+01
-9.7015054106e-02 2.6968305836e+00 1.8675940110e+01
-9.7027796483e-02 2.6968469241e+00 1.8675937653e+01
-9.7029715753e-02 2.6968435933e+00 1.8675930254e+01
-9.7032746419e-02 2.6968442601e+00 1.8675945957e+01
-9.7034839819e-02 2.6968410362e+00 1.8675938187e+01
-2.7219076943e-01 -1.4850107333e+00 1.9218815807e+01
-2.7219720707e-01 -1.4850083021e+00 1.9218806506e+01
-2.7219417749e-01 -1.4850097997e+00 1.9218819221e+01
-2.7220064597e-01 -1.4850073861e+00 1.9218809941e+01
-2.7217802262e-01 -1.4850176863e+00 1.9218811093e+01
-2.7218446027e-01 -1.4850152550e+00 1.9218801792e+01
-2.7218147195e-01 -1.4850167405e+00 1.9218814534e+01
-2.7218794043e-01 -1.4850143269e+00 1.9218805254e+01
1.1458568416e-01 8.0535117939e-01 1.4860010734e+01
1.1458701627e-01 8.0535157970e-01 1.4859995937e+01
1.1458147973e-01 8.0534995584e-01 1.4860014826e+01
1.1458280844e-01 8.0535035225e-01 1.4860000023e+01
1.1458431202e-01 8.0535392370e-01 1.4860007246e+01
1.1458546996e-01 8.0535443509e-01 1.4859992541e+01
1.1458007209e-01 8.0535242231e-01 1.4860011541e+01
1.1458127482e-01 8.0535293198e-01 1.4859996870e+01
1.2358831626e+00 3.3880457597e+00 1.2986896542e+01
1.2358912150e+00 3.3880460371e+00 1.2986891584e+01
1.2358858757e+00 3.3880447947e+00 1.2986893890e+01
1.2358942081e+00 3.3880454249e+00 1.2986888978e+01
1.2358789311e+00 3.3880528911e+00 1.2986914838e+01
1.2358872776e+00 3.3880532979e+00 1.2986909942e+01
1.2358815541e+00 3.3880518785e+00 1.2986912102e+01
1.2358899006e+00 3.3880522856e+00 1.2986907205e+01
-3.8356156305e+00 9.4104711938e-01 1.4631898569e+01
-3.8356211665e+00 9.4104974014e-01 1.4631893467e+01
-3.8356130862e+00 9.4105149769e-01 1.4631902969e+01
-3.8356186214e+00 9.4105413005e-01 1.4631897883e+01
-3.8356113206e+00 9.4104970748e-01 1.4631909961e+01
-3.8356161368e+00 9.4105193521e-01 1.4631904351e+01
-3.8356087839e+00 9.4105405634e-01 1.4631914347e+01
-3.8356135993e+00 9.4105629567e-01 1.4631908754e+01
-2.9121926910e+00 -1.8561071202e+00 1.3064401710e+01
-2.9121895118e+00 -1.8561141217e+00 1.3064391738e+01
-2.9121907285e+00 -1.8561116490e+00 1.3064393940e+01
-2.9121875469e+00 -1.8561186392e+00 1.3064383963e+01
-2.9121873584e+00 -1.8561087574e+00 1.3064403445e+01
-2.9121841544e+00 -1.8561157414e+00 1.3064393471e+01
-2.9121853123e+00 -1.8561132662e+00 1.3064395699e+01
-2.9121821079e+00 -1.8561202382e+00 1.3064385720e+01
2.2207550416e+00 -4.8490391086e-01 1.9164095462e+01
2.2207572813e+00 -4.8490098109e-01 1.9164088553e+01
2.2207596728e+00 -4.8489281778e-01 1.9164104691e+01
2.2207618847e+00 -4.8489002975e-01 1.9164097896e+01
2.2207483295e+00 -4.8490025537e-01 1.9164098593e+01
2.2207505714e+00 -4.8489732588e-01 1.9164091688e+01
2.2207529764e+00 -4.8488890578e-01 1.9164108157e+01
2.2207548923e+00 -4.8488608225e-01 1.9164101428e+01
-2.6578957767e+00 1.2813900206e+00 1.7652458485e+01
-2.6578949102e+00 1.2813878638e+00 1.7652453721e+01
-2.6578917225e+00 1.2813911707e+00 1.7652469627e+01
-2.6578907569e+00 1.2813889356e+00 1.7652465072e+01
-2.6579307232e+00 1.2813915460e+00 1.7652451011e+01
-2.6579297806e+00 1.2813893829e+00 1.7652446515e+01
-2.6579266524e+00 1.2813926426e+00 1.7652461453e+01
-2.6579257114e+00 1.2813903890e+00 1.7652457037e+01
3.9076076487e-01 2.4285000103e+00 1.5577466585e+01
3.9075094859e-01 2.4285037448e+00 1.5577446476e+01
3.9075744656e-01 2.4285003632e+00 1.5577459113e+01
3.9074764452e-01 2.4285040975e+00 1.5577439013e+01
3.9076643234e-01 2.4285058533e+00 1.5577465363e+01
3.9075670762e-01 2.4285095695e+00 1.5577445253e+01
3.9076313435e-01 2.4285061985e+00 1.5577457883e+01
3.9075340285e-01 2.4285099166e+00 1.5577437782e+01
1.7214911093e+00 7.8090289108e-01 1.3755285584e+01
1.7214902173e+00 7.8090469162e-01 1.3755274618e+01
1.7214884343e+00 7.8090504873e-01 1.3755294512e+01
1.7214875424e+00 7.8090684859e-01 1.3755283546e+01
1.7214970968e+00 7.8089588914e-01 1.3755278872e+01
1.7214962043e+00 7.8089769080e-01 1.3755267906e+01
1.7214944080e+00 7.8089807894e-01 1.3755287819e+01
1.7214935275e+00 7.8089986211e-01 1.3755276853e+01
-1.6333998395e+00 -5.4088099094e-01 1.8894183718e+01
-1.6333994301e+00 -5.4088056550e-01 1.8894181340e+01
-1.6334004749e+00 -5.4087342602e-01 1.8894185008e+01
-1.6334004618e+00 -5.4087305021e-01 1.8894182657e+01
-1.6333896153e+00 -5.4087918026e-01 1.8894176775e+01
-1.6333892632e+00 -5.4087856590e-01 1.8894174359e+01
-1.6333903063e+00 -5.4087165397e-01 1.8894178108e+01
-1.6333903506e+00 -5.4087108925e-01 1.8894175720e+01
4.1331873290e-01 1.3070942466e+00 1.2214353244e+01
4.1331965138e-01 1.3071006091e+00 1.2214340327e+01
4.1331782835e-01 1.3070916445e+00 1.2214355995e+01
4.1331874237e-01 1.3070980120e+00 1.2214343074e+01
4.1333264558e-01 1.3070907933e+00 1.2214360470e+01
4.1333270777e-01 1.3070976652e+00 1.2214348115e+01
4.1333174979e-01 1.3070882179e+00 1.2214363237e+01
4.1333180753e-01 1.3070950947e+00 1.2214350876e+01
-1.1838221704e+00 -2.1705950009e+00 1.4628433315e+01
-1.1838183340e+00 -2.1706038054e+00 1.4628444486e+01
-1.1838184535e+00 -2.1705763607e+00 1.4628432902e+01
-1.1838146418e+00 -2.1705841371e+00 1.4628444599e+01
-1.1838276710e+00 -2.1705901904e+00 1.4628443771e+01
-1.1838240126e+00 -2.1705986865e+00 1.4628454726e+01
-1.1838246958e+00 -2.1705712197e+00 1.4628443073e+01
-1.1838209241e+00 -2.1705789577e+00 1.4628453662e+01
5.4601277625e-01 -4.4544880827e-01 1.5459461764e+01
5.4601522125e-01 -4.4544866702e-01 1.5459462126e+01
5.4601275998e-01 -4.4545193860e-01 1.5459465299e+01
5.4601523186e-01 -4.4545176380e-01 1.5459465632e+01
5.4600614334e-01 -4.4545086566e-01 1.5459468387e+01
5.4600847106e-01 -4.4545057177e-01 1.5459468800e+01
5.4600614087e-01 -4.4545396685e-01 1.5459471916e+01
5.4600849546e-01 -4.4545363941e-01 1.5459472301e+01
2.1078969279e+00 3.3664456921e+00 1.7678365932e+01
2.1079100677e+00 3.3664491364e+00 1.7678357849e+01
2.1078996121e+00 3.3664480309e+00 1.7678359784e+01
2.1079126232e+00 3.3664515446e+00 1.7678351805e+01
2.1078988951e+00 3.3664435849e+00 1.7678374091e+01
2.1079120050e+00 3.3664467480e+00 1.7678366147e+01
2.1079015784e+00 3.3664459230e+00 1.7678367945e+01
2.1079145596e+00 3.3664491555e+00 1.7678360104e+01
-1.3766540618e+00 1.3164631466e+00 -1.0543618084e+01
-1.3766528663e+00 1.3164631797e+00 -1.0543615949e+01
-1.3766545250e+00 1.3164627249e+00 -1.0543615993e+01
-1.3766533212e+00 1.3164627531e+00 -1.0543613866e+01
-1.3766495980e+00 1.3164678399e+00 -1.0543618060e+01
-1.3766484461e+00 1.3164679014e+00 -1.0543615924e+01
-1.3766500278e+00 1.3164672916e+00 -1.0543615952e+01
-1.3766488676e+00 1.3164673481e+00 -1.0543613824e+01
-1.7960247708e+00 -6.2082139870e+00 -1.2461311023e+01
-1.7960167595e+00 -6.2082336318e+00 -1.2461272667e+01
-1.7960188869e+00 -6.2082128342e+00 -1.2461311739e+01
-1.7960106459e+00 -6.2082327170e+00 -1.2461273728e+01
-1.7960247133e+00 -6.2082052790e+00 -1.2461309979e+01
-1.7960170486e+00 -6.2082255209e+00 -1.2461271327e+01
-1.7960179721e+00 -6.2082035095e+00 -1.2461310339e+01
-1.7960100816e+00 -6.2082239575e+00 -1.2461272014e+01
-6.5906932038e-02 6.3518189333e-01 -1.2301115924e+01
-6.5907408765e-02 6.3518290595e-01 -1.2301108781e+01
-6.5908350107e-02 6.3518155462e-01 -1.2301115286e+01
-6.5908841820e-02 6.3518255791e-01 -1.2301108158e+01
-6.5904370262e-02 6.3517849687e-01 -1.2301117783e+01
-6.5904840788e-02 6.3517950232e-01 -1.2301110635e+01
-6.5905504654e-02 6.3517805389e-01 -1.2301116846e+01
-6.5905990167e-02 6.3517905002e-01 -1.2301109714e+01
1.4800910265e+00 -1.8613065408e+00 -1.9219267817e+01
1.4800880514e+00 -1.8613090241e+00 -1.9219248274e+01
1.4800906298e+00 -1.8613032849e+00 -1.9219270779e+01
1.4800876604e+00 -1.8613057696e+00 -1.9219251241e+01
1.4801032280e+00 -1.8613164806e+00 -1.9219265591e+01
1.4800999201e+00 -1.8613189838e+00 -1.9219246053e+01
1.4801028498e+00 -1.8613132441e+00 -1.9219268556e+01
1.4800995476e+00 -1.8613157488e+00 -1.9219249024e+01
1.0184182067e+00 1.9908759353e+00 -1.4209674402e+01
1.0184166787e+00 1.9908812848e+00 -1.4209663310e+01
1.0184143673e+00 1.9908873919e+00 -1.4209658312e+01
1.0184130161e+00 1.9908934515e+00 -1.4209646690e+01
1.0184010053e+00 1.9908766404e+00 -1.4209675845e+01
1.0183998304e+00 1.9908824634e+00 -1.4209664667e+01
1.0183975974e+00 1.9908882741e+00 -1.4209659213e+01
1.0183962868e+00 1.9908943947e+00 -1.4209647678e+01
-9.3457508483e-01 -2.1277694993e+00 -1.8239988935e+01
-9.3458195773e-01 -2.1277705304e+00 -1.8239960837e+01
-9.3457410403e-01 -2.1277684192e+00 -1.8239991353e+01
-9.3458091870e-01 -2.1277693386e+00 -1.8239962971e+01
-9.3459886397e-01 -2.1277625799e+00 -1.8239986722e+01
-9.3460427706e-01 -2.1277633692e+00 -1.8239960139e+01
-9.3459762113e-01 -2.1277613726e+00 -1.8239989439e+01
-9.3460329267e-01 -2.1277623086e+00 -1.8239962555e+01
-4.6339077712e+00 1.0743829597e+00 -1.6039918205e+01
-4.6339073891e+00 1.0743817774e+00 -1.6039917521e+01
-4.6339048380e+00 1.0743832828e+00 -1.6039910094e+01
-4.6339044563e+00 1.0743821003e+00 -1.6039909411e+01
-4.6338932577e+00 1.0743738733e+00 -1.6039921214e+01
-4.6338928745e+00 1.0743726871e+00 -1.6039920531e+01
-4.6338899667e+00 1.0743743788e+00 -1.6039913131e+01
-4.6338895836e+00 1.0743731924e+00 -1.6039912448e+01
6.2050179053e+00 -2.8213620628e+00 -1.6382141949e+01
6.2050168595e+00 -2.8213631691e+00 -1.6382133706e+01
6.2050159332e+00 -2.8213696777e+00 -1.6382142534e+01
6.2050148874e+00 -2.8213707840e+00 -1.6382134292e+01
6.2050350385e+00 -2.8213523004e+00 -1.6382143407e+01
6.2050330173e+00 -2.8213535678e+00 -1.6382134849e+01
6.2050330587e+00 -2.8213598989e+00 -1.6382143993e+01
6.2050310375e+00 -2.8213611662e+00 -1.6382135435e+01
-3.6223759556e-01 2.7460368988e+00 -1.9845798031e+01
-3.6223534526e-01 2.7460415130e+00 -1.9845794875e+01
-3.6223877203e-01 2.7460294699e+00 -1.9845804412e+01
-3.6223652233e-01 2.7460340685e+00 -1.9845801279e+01
-3.6221531153e-01 2.7460347241e+00 -1.9845800469e+01
-3.6221306120e-01 2.7460393386e+00 -1.9845797313e+01
-3.6221662986e-01 2.7460283751e+00 -1.9845807396e+01
-3.6221438013e-01 2.7460329741e+00 -1.9845804263e+01
-1.1367947738e+00 -2.6829302008e+00 -1.6157294795e+01
-1.1367940723e+00 -2.6829319446e+00 -1.6157291257e+01
-1.1367937750e+00 -2.6829196311e+00 -1.6157293187e+01
-1.1367930736e+00 -2.6829213749e+00 -1.6157289649e+01
-1.1367948326e+00 -2.6829341552e+00 -1.6157290455e+01
-1.1367940892e+00 -2.6829358735e+00 -1.6157286915e+01
-1.1367938428e+00 -2.6829239383e+00 -1.6157288834e+01
-1.1367930995e+00 -2.6829256566e+00 -1.6157285294e+01
-3.2067268477e-01 -8.2681013366e-03 -1.7619227509e+01
-3.2067050438e-01 -8.2570087859e-03 -1.7619221619e+01
-3.2068126219e-01 -8.2747878671e-03 -1.7619231657e+01
-3.2067908743e-01 -8.2636886826e-03 -1.7619225757e+01
-3.2066772001e-01 -8.2711345683e-03 -1.7619232012e+01
-3.2066546491e-01 -8.2600165851e-03 -1.7619226110e+01
-3.2067626453e-01 -8.2778423489e-03 -1.7619236163e+01
-3.2067401508e-01 -8.2667176799e-03 -1.7619230250e+01
-4.8830536012e-02 2.6180732552e+00 -1.5801835970e+01
-4.8828134069e-02 2.6180695190e+00 -1.5801823959e+01
-4.8831576765e-02 2.6180814788e+00 -1.5801833841e+01
-4.8829175322e-02 2.6180777424e+00 -1.5801821829e+01
-4.8840020670e-02 2.6180797088e+00 -1.5801831461e+01
-4.8837925506e-02 2.6180762535e+00 -1.5801819405e+01
-4.8841296032e-02 2.6180877702e+00 -1.5801829171e+01
-4.8839201369e-02 2.6180843147e+00 -1.5801817113e+01
1.7578187996e+00 -2.2837774199e+00 -1.7247925691e+01
1.7578174477e+00 -2.2837740342e+00 -1.7247916184e+01
1.7578264157e+00 -2.2837862506e+00 -1.7247927210e+01
1.7578250636e+00 -2.2837828650e+00 -1.7247917702e+01
1.7578089300e+00 -2.2837760134e+00 -1.7247926804e+01
1.7578075779e+00 -2.2837726070e+00 -1.7247917382e+01
1.7578165598e+00 -2.2837849353e+00 -1.7247928356e+01
1.7578152078e+00 -2.2837815293e+00 -1.7247918933e+01
1.3946338194e+00 -1.2661213972e-01 -1.5807620380e+01
1.3946312014e+00 -1.2661279274e-01 -1.5807580964e+01
1.3946361081e+00 -1.2660234882e-01 -1.5807612444e+01
1.3946335531e+00 -1.2660232825e-01 -1.5807573533e+01
1.3946450145e+00 -1.2661129176e-01 -1.5807622277e+01
1.3946434675e+00 -1.2661219752e-01 -1.5807582447e+01
1.3946475315e+00 -1.2660109015e-01 -1.5807614331e+01
1.3946458347e+00 -1.2660174395e-01 -1.5807575018e+01
-2.3680631246e+00 -2.8860452802e+00 -1.7639933998e+01
-2.3680679882e+00 -2.8860432572e+00 -1.7639900037e+01
-2.3680592901e+00 -2.8860517941e+00 -1.7639941322e+01
-2.3680642532e+00 -2.8860498032e+00 -1.7639907368e+01
-2.3680786488e+00 -2.8860480038e+00 -1.7639933287e+01
-2.3680834246e+00 -2.8860456252e+00 -1.7639899540e+01
-2.3680747937e+00 -2.8860546600e+00 -1.7639940741e+01
-2.3680797982e+00 -2.8860521482e+00 -1.7639906774e+01
9.1765869275e-02 1.7443146835e+00 -1.5429047676e+01
9.1767494523e-02 1.7443099780e+00 -1.5429038766e+01
9.1762713852e-02 1.7443266336e+00 -1.5429042667e+01
9.1764133950e-02 1.7443220996e+00 -1.5429034054e+01
9.1776517954e-02 1.7443175431e+00 -1.5429050337e+01
9.1778142959e-02 1.7443128376e+00 -1.5429041428e+01
9.1773514268e-02 1.7443292529e+00 -1.5429045317e+01
9.1774934551e-02 1.7443247188e+00 -1.5429036703e+01
-2.4077632486e+00 3.4942257640e+00 1.6620887579e+01
-2.4077632147e+00 3.4942274720e+00 1.6620885292e+01
-2.4077591557e+00 3.4942365175e+00 1.6620893049e+01
-2.4077591220e+00 3.4942382257e+00 1.6620890763e+01
-2.4077631455e+00 3.4942312093e+00 1.6620889511e+01
-2.4077631135e+00 3.4942329179e+00 1.6620887226e+01
-2.4077589317e+00 3.4942420610e+00 1.6620895102e+01
-2.4077589002e+00 3.4942437697e+00 1.6620892818e+01
-4.7612942170e+00 -9.3214242342e-01 1.5188092820e+01
-4.7612859539e+00 -9.3214566259e-01 1.5188089558e+01
-4.7612871224e+00 -9.3213922825e-01 1.5188084982e+01
-4.7612788592e+00 -9.3214246718e-01 1.5188081716e+01
-4.7612958959e+00 -9.3214486125e-01 1.5188090422e+01
-4.7612876546e+00 -9.3214810423e-01 1.5188087187e+01
-4.7612887849e+00 -9.3214163662e-01 1.5188082584e+01
-4.7612805434e+00 -9.3214487936e-01 1.5188079344e+01
2.4111294605e+00 4.7305284782e+00 1.7195452152e+01
2.4111307850e+00 4.7305291313e+00 1.7195446956e+01
2.4111324632e+00 4.7305383051e+00 1.7195456473e+01
2.4111335864e+00 4.7305390476e+00 1.7195451399e+01
2.4111250532e+00 4.7305325302e+00 1.7195457390e+01
2.4111262519e+00 4.7305332136e+00 1.7195452276e+01
2.4111280254e+00 4.7305431053e+00 1.7195461398e+01
2.4111291451e+00 4.7305438425e+00 1.7195456414e+01
5.3567072492e+00 -1.9702379890e+00 1.4334129526e+01
5.3567006808e+00 -1.9702461450e+00 1.4334127172e+01
5.3567051626e+00 -1.9702384957e+00 1.4334126696e+01
5.3566986309e+00 -1.9702466291e+00 1.4334124344e+01
5.3566824105e+00 -1.9702396325e+00 1.4334132543e+01
5.3566758767e+00 -1.9702477681e+00 1.4334130191e+01
5.3566807233e+00 -1.9702399227e+00 1.4334129431e+01
5.3566741895e+00 -1.9702480583e+00 1.4334127079e+01
2.7536595711e+00 1.9175072651e+00 2.1133112437e+01
2.7536583259e+00 1.9175058761e+00 2.1133106525e+01
2.7536554927e+00 1.9175113206e+00 2.1133117319e+01
2.7536542457e+00 1.9175099306e+00 2.1133111403e+01
2.7536630317e+00 1.9175005019e+00 2.1133111123e+01
2.7536617746e+00 1.9174990629e+00 2.1133105191e+01
2.7536590739e+00 1.9175044933e+00 2.1133115929e+01
2.7536578150e+00 1.9175030533e+00 2.1133109992e+01
-1.5147441239e+00 -3.1404933279e-01 1.7985518057e+01
-1.5147430053e+00 -3.1404640482e-01 1.7985525969e+01
-1.5147440594e+00 -3.1405297440e-01 1.7985516977e+01
-1.5147427362e+00 -3.1404967248e-01 1.7985524920e+01
-1.5147305483e+00 -3.1404642036e-01 1.7985520681e+01
-1.5147294296e+00 -3.1404349198e-01 1.7985528593e+01
-1.5147304839e+00 -3.1405006195e-01 1.7985519600e+01
-1.5147291605e+00 -3.1404675962e-01 1.7985527544e+01
-7.5473188039e-01 2.5485258467e+00 2.0904810818e+01
-7.5473234013e-01 2.5485303381e+00 2.0904813458e+01
-7.5473218262e-01 2.5485513065e+00 2.0904819608e+01
-7.5473237191e-01 2.5485563426e+00 2.0904822207e+01
-7.5472764151e-01 2.5485241773e+00 2.0904801199e+01
-7.5472810796e-01 2.5485287153e+00 2.0904803879e+01
-7.5472781574e-01 2.5485484094e+00 2.0904810338e+01
-7.5472800500e-01 2.5485534555e+00 2.0904812929e+01
-3.0241697985e+00 3.6914800313e+00 1.7399733222e+01
-3.0241730862e+00 3.6914770888e+00 1.7399735456e+01
-3.0241718707e+00 3.6914749417e+00 1.7399730617e+01
-3.0241751673e+00 3.6914720066e+00 1.7399732837e+01
-3.0241710193e+00 3.6914874877e+00 1.7399721552e+01
-3.0241742146e+00 3.6914845472e+00 1.7399723783e+01
-3.0241731270e+00 3.6914822815e+00 1.7399719084e+01
-3.0241763134e+00 3.6914793337e+00 1.7399721331e+01
1.2674728207e+00 -8.4847167364e-02 1.9587422933e+01
1.2674755210e+00 -8.4841693185e-02 1.9587414685e+01
1.2674672769e+00 -8.4855896049e-02 1.9587419972e+01
1.2674699772e+00 -8.4850421501e-02 1.9587411724e+01
1.2674773431e+00 -8.4852818628e-02 1.9587417573e+01
1.2674799440e+00 -8.4847364060e-02 1.9587409375e+01
1.2674717952e+00 -8.4861549885e-02 1.9587414613e+01
1.2674743961e+00 -8.4856095160e-02 1.9587406415e+01
-8.4365691489e-01 -2.0849299334e+00 1.4517110954e+01
-8.4365597871e-01 -2.0849332367e+00 1.4517105320e+01
-8.4365559060e-01 -2.0849158979e+00 1.4517108956e+01
-8.4365465395e-01 -2.0849192009e+00 1.4517103321e+01
-8.4365308219e-01 -2.0849294957e+00 1.4517114412e+01
-8.4365215148e-01 -2.0849328024e+00 1.4517108782e+01
-8.4365180855e-01 -2.0849155393e+00 1.4517112442e+01
-8.4365087737e-01 -2.0849188457e+00 1.4517106810e+01
1.0566397507e+00 3.9801160289e+00 2.1352871807e+01
1.0566335228e+00 3.9801173150e+00 2.1352865424e+01
1.0566344039e+00 3.9801071461e+00 2.1352866007e+01
1.0566281640e+00 3.9801084530e+00 2.1352859625e+01
1.0566274000e+00 3.9801151894e+00 2.1352875396e+01
1.0566212854e+00 3.9801163900e+00 2.1352868920e+01
1.0566220489e+00 3.9801067664e+00 2.1352869228e+01
1.0566159338e+00 3.9801079689e+00 2.1352862754e+01
4.9800707346e-01 -4.1478621670e+00 1.7799077092e+01
4.9801053436e-01 -4.1478633859e+00 1.7799075367e+01
4.9800360248e-01 -4.1478385587e+00 1.7799076561e+01
4.9800698990e-01 -4.1478396507e+00 1.7799074789e+01
4.9801650600e-01 -4.1478595907e+00 1.7799079772e+01
4.9801996353e-01 -4.1478607767e+00 1.7799078171e+01
4.9801319092e-01 -4.1478361647e+00 1.7799080039e+01
4.9801658808e-01 -4.1478372469e+00 1.7799078272e+01
-3.6090062884e+00 -2.5329764395e+00 2.0456914624e+01
-3.6090029031e+00 -2.5329759347e+00 2.0456917197e+01
-3.6090005748e+00 -2.5329814334e+00 2.0456913025e+01
-3.6089971896e+00 -2.5329809294e+00 2.0456915598e+01
-3.6090044654e+00 -2.5329745115e+00 2.0456909701e+01
-3.6090010012e+00 -2.5329743023e+00 2.0456912147e+01
-3.6089987499e+00 -2.5329795092e+00 2.0456908105e+01
-3.6089952867e+00 -2.5329792966e+00 2.0456910547e+01
-9.3073417820e-02 -2.0133555254e+00 1.5139054605e+01
-9.3080407895e-02 -2.0133531430e+00 1.5139081866e+01
-9.3070475979e-02 -2.0133241803e+00 1.5139062743e+01
-9.3078288677e-02 -2.0133220851e+00 1.5139088901e+01
-9.3071993384e-02 -2.0133590555e+00 1.5139046246e+01
-9.3080298229e-02 -2.0133572555e+00 1.5139072980e+01
-9.3069852528e-02 -2.0133276643e+00 1.5139054441e+01
-9.3076875645e-02 -2.0133255820e+00 1.5139080253e+01
2.9786213543e+00 -3.4627223656e+00 2.1416648757e+01
2.9786186507e+00 -3.4627255069e+00 2.1416650040e+01
2.9786240247e+00 -3.4627354928e+00 2.1416647865e+01
2.9786213216e+00 -3.4627386664e+00 2.1416649148e+01
2.9786260054e+00 -3.4627233561e+00 2.1416633071e+01
2.9786232829e+00 -3.4627264655e+00 2.1416634404e+01
2.9786280681e+00 -3.4627367252e+00 2.1416631521e+01
2.9786253461e+00 -3.4627398668e+00 2.1416632854e+01
-1.0776858985e+00 2.0563791875e+00 1.8717961537e+01
-1.0776843315e+00 2.0563786093e+00 1.8717963366e+01
-1.0776859148e+00 2.0564083869e+00 1.8717962186e+01
-1.0776845434e+00 2.0564078318e+00 1.8717964126e+01
-1.0776811228e+00 2.0563851740e+00 1.8717967152e+01
-1.0776795738e+00 2.0563845697e+00 1.8717969018e+01
-1.0776806146e+00 2.0564142959e+00 1.8717967881e+01
-1.0776791812e+00 2.0564138140e+00 1.8717969754e+01
-1.4323725786e+00 -5.3319936004e+00 -1.7427037162e+01
-1.4323717919e+00 -5.3319932496e+00 -1.7427016449e+01
-1.4323758269e+00 -5.3320018260e+00 -1.7427028122e+01
-1.4323757162e+00 -5.3320020638e+00 -1.7427008046e+01
-1.4323672294e+00 -5.3320034215e+00 -1.7427041341e+01
-1.4323666455e+00 -5.3320026883e+00 -1.7427020680e+01
-1.4323704780e+00 -5.3320116472e+00 -1.7427032300e+01
-1.4323705711e+00 -5.3320115008e+00 -1.7427012279e+01
2.2869153402e-02 1.3099181830e+00 -1.8764420566e+01
2.2861453159e-02 1.3099197342e+00 -1.8764422691e+01
2.2865338551e-02 1.3099223630e+00 -1.8764413529e+01
2.2857638130e-02 1.3099239143e+00 -1.8764415654e+01
2.2866434662e-02 1.3099269730e+00 -1.8764422226e+01
2.2858811478e-02 1.3099284965e+00 -1.8764424206e+01
2.2862619834e-02 1.3099311530e+00 -1.8764415189e+01
2.2854996473e-02 1.3099326766e+00 -1.8764417168e+01
1.0404863132e+00 1.4004197725e+00 -1.9398578487e+01
1.0404849427e+00 1.4004246211e+00 -1.9398584041e+01
1.0404975405e+00 1.4004309242e+00 -1.9398585832e+01
1.0404962867e+00 1.4004354059e+00 -1.9398591012e+01
1.0404716458e+00 1.4004212019e+00 -1.9398572833e+01
1.0404705557e+00 1.4004266167e+00 -1.9398578409e+01
1.0404821230e+00 1.4004328842e+00 -1.9398580115e+01
1.0404810081e+00 1.4004376216e+00 -1.9398585400e+01
-1.7422669295e+00 2.5679459683e+00 -1.2557630274e+01
-1.7422632530e+00 2.5679394511e+00 -1.2557644366e+01
-1.7422639374e+00 2.5679693503e+00 -1.2557627588e+01
-1.7422602244e+00 2.5679620193e+00 -1.2557641354e+01
-1.7422658873e+00 2.5679456829e+00 -1.2557630947e+01
-1.7422622753e+00 2.5679391602e+00 -1.2557644961e+01
-1.7422630211e+00 2.5679691098e+00 -1.2557627990e+01
-1.7422593301e+00 2.5679618616e+00 -1.2557641800e+01
2.5583993093e+00 3.4325581654e+00 -1.8976349017e+01
2.5584022711e+00 3.4325551776e+00 -1.8976355206e+01
2.5583993935e+00 3.4325546407e+00 -1.8976357271e+01
2.5584023549e+00 3.4325516528e+00 -1.8976363462e+01
2.5584093501e+00 3.4325610769e+00 -1.8976339814e+01
2.5584123098e+00 3.4325580940e+00 -1.8976345999e+01
2.5584098882e+00 3.4325575636e+00 -1.8976348095e+01
2.5584127983e+00 3.4325545264e+00 -1.8976354232e+01
-7.9099226259e-01 1.8619525120e+00 -2.0539130371e+01
-7.9099110973e-01 1.8619525094e+00 -2.0539128516e+01
-7.9099116939e-01 1.8619832622e+00 -2.0539130832e+01
-7.9099042266e-01 1.8619827563e+00 -2.0539129335e+01
-7.9099043134e-01 1.8619538252e+00 -2.0539127159e+01
-7.9098935405e-01 1.8619538273e+00 -2.0539125253e+01
-7.9098915953e-01 1.8619844134e+00 -2.0539127691e+01
-7.9098851793e-01 1.8619838967e+00 -2.0539126067e+01
-1.1182600052e+00 -4.3289275661e+00 -1.5816512360e+01
-1.1182595753e+00 -4.3289277621e+00 -1.5816487481e+01
-1.1182713460e+00 -4.3289361850e+00 -1.5816509974e+01
-1.1182708763e+00 -4.3289364029e+00 -1.5816485059e+01
-1.1182505946e+00 -4.3289354445e+00 -1.5816507422e+01
-1.1182500683e+00 -4.3289358319e+00 -1.5816483147e+01
-1.1182618909e+00 -4.3289440861e+00 -1.5816505038e+01
-1.1182612917e+00 -4.3289444931e+00 -1.5816480726e+01
1.4401542440e+00 5.0645032761e+00 -1.8098458517e+01
1.4401448568e+00 5.0645076728e+00 -1.8098436971e+01
1.4401471727e+00 5.0645266673e+00 -1.8098449319e+01
1.4401381322e+00 5.0645301084e+00 -1.8098427580e+01
1.4401467323e+00 5.0644996198e+00 -1.8098457735e+01
1.4401372948e+00 5.0645037826e+00 -1.8098436412e+01
1.4401395481e+00 5.0645227040e+00 -1.8098449026e+01
1.4401306815e+00 5.0645260917e+00 -1.8098426949e+01
1.0867983782e+00 -8.5931098909e-01 -1.6557395273e+01
1.0867980004e+00 -8.5931209802e-01 -1.6557391430e+01
1.0867996229e+00 -8.5931272424e-01 -1.6557389813e+01
1.0867992503e+00 -8.5931383107e-01 -1.6557385970e+01
1.0867737904e+00 -8.5931075543e-01 -1.6557400342e+01
1.0867732508e+00 -8.5931208766e-01 -1.6557396435e+01
1.0867747499e+00 -8.5931246601e-01 -1.6557394880e+01
1.0867745923e+00 -8.5931403207e-01 -1.6557390906e+01
-7.3595576777e-01 2.8109850989e+00 -1.9636704146e+01
-7.3595861026e-01 2.8109855545e+00 -1.9636698706e+01
-7.3595980452e-01 2.8109849974e+00 -1.9636699446e+01
-7.3596258715e-01 2.8109854479e+00 -1.9636693970e+01
-7.3595120999e-01 2.8109846209e+00 -1.9636707837e+01
-7.3595399679e-01 2.8109850791e+00 -1.9636702367e+01
-7.3595518883e-01 2.8109845141e+00 -1.9636703105e+01
-7.3595803545e-01 2.8109849773e+00 -1.9636697670e+01
3.2866237135e+00 1.4518564670e+00 -1.5841564110e+01
3.2866239525e+00 1.4518503511e+00 -1.5841565488e+01
3.2866169526e+00 1.4518491291e+00 -1.5841553760e+01
3.2866169613e+00 1.4518430801e+00 -1.5841555100e+01
3.2866293281e+00 1.4518540471e+00 -1.5841566040e+01
3.2866295379e+00 1.4518478937e+00 -1.5841567710e+01
3.2866227883e+00 1.4518463073e+00 -1.5841555664e+01
3.2866227677e+00 1.4518402209e+00 -1.5841557295e+01
-2.6641865517e+00 -1.1920816556e+00 -1.9487244108e+01
-2.6641934243e+00 -1.1920770522e+00 -1.9487254277e+01
-2.6641758427e+00 -1.1920483273e+00 -1.9487244369e+01
-2.6641827214e+00 -1.1920440959e+00 -1.9487254679e+01
-2.6642063339e+00 -1.1920798048e+00 -1.9487238999e+01
-2.6642131623e+00 -1.1920754541e+00 -1.9487249293e+01
-2.6641982228e+00 -1.1920463529e+00 -1.9487238577e+01
-2.6642050687e+00 -1.1920417548e+00 -1.9487248793e+01
1.8352339394e+00 -5.1882641832e+00 -1.5564302143e+01
1.8352302421e+00 -5.1882621017e+00 -1.5564311272e+01
1.8352317628e+00 -5.1882869697e+00 -1.5564293512e+01
1.8352273712e+00 -5.1882844256e+00 -1.5564302285e+01
1.8352359166e+00 -5.1882602881e+00 -1.5564297894e+01
1.8352321852e+00 -5.1882580947e+00 -1.5564306968e+01
1.8352337478e+00 -5.1882830693e+00 -1.5564289235e+01
1.8352293271e+00 -5.1882804315e+00 -1.5564297965e+01
1.0124942694e+00 -8.1395547324e-01 -1.7145421690e+01
1.0124965605e+00 -8.1395602073e-01 -1.7145434571e+01
1.0124886355e+00 -8.1395766293e-01 -1.7145419274e+01
1.0124910864e+00 -8.1395811347e-01 -1.7145432576e+01
1.0124988969e+00 -8.1396160314e-01 -1.7145419481e+01
1.0125014014e+00 -8.1396209939e-01 -1.7145432788e+01
1.0124938297e+00 -8.1396376354e-01 -1.7145417505e+01
1.0124960695e+00 -8.1396425856e-01 -1.7145430388e+01
-7.0047769941e+00 -4.4432270356e+00 -1.1767487202e+01
-7.0047740395e+00 -4.4432277773e+00 -1.1767492661e+01
-7.0047716202e+00 -4.4432390479e+00 -1.1767485488e+01
-7.0047694260e+00 -4.4432403226e+00 -1.1767491280e+01
-7.0047802083e+00 -4.4432267530e+00 -1.1767481210e+01
-7.0047772536e+00 -4.4432274947e+00 -1.1767486669e+01
-7.0047748340e+00 -4.4432387666e+00 -1.1767479494e+01
-7.0047726393e+00 -4.4432400407e+00 -1.1767485287e+01
3.1384556556e+00 8.0647501989e-01 -1.9363601561e+01
3.1384516590e+00 8.0647457193e-01 -1.9363578336e+01
3.1384582314e+00 8.0646790185e-01 -1.9363595189e+01
3.1384543959e+00 8.0646773134e-01 -1.9363572151e+01
3.1384677180e+00 8.0647565688e-01 -1.9363602643e+01
3.1384638908e+00 8.0647669802e-01 -1.9363580652e+01
3.1384702828e+00 8.0646854854e-01 -1.9363596291e+01
3.1384665632e+00 8.0646989793e-01 -1.9363574463e+01
