1.4980983825e-01 2.5986610869e-01 -1.5373515004e+00
1.4980489952e-01 2.5986797391e-01 -1.5373525604e+00
1.4980839090e-01 2.5986032314e-01 -1.5373521047e+00
1.4980345146e-01 2.5986218361e-01 -1.5373531692e+00
1.4981455848e-01 2.5986691752e-01 -1.5373508486e+00
1.4980986472e-01 2.5986864227e-01 -1.5373521839e+00
1.4981312633e-01 2.5986074235e-01 -1.5373511842e+00
1.4980843186e-01 2.5986246235e-01 -1.5373525239e+00
-3.9944706496e-01 -1.6225069944e+00 1.2993221508e+00
-3.9944803102e-01 -1.6225100028e+00 1.2993203604e+00
-3.9944752649e-01 -1.6225105409e+00 1.2993218379e+00
-3.9944853180e-01 -1.6225135550e+00 1.2993200983e+00
-3.9944711034e-01 -1.6225069732e+00 1.2993201068e+00
-3.9944806359e-01 -1.6225099391e+00 1.2993183020e+00
-3.9944758190e-01 -1.6225105438e+00 1.2993198189e+00
-3.9944857439e-01 -1.6225135154e+00 1.2993180649e+00
-7.9820135077e-01 1.0795050406e+00 -1.4075225335e+00
-7.9820120293e-01 1.0795034056e+00 -1.4075235546e+00
-7.9820213911e-01 1.0795019099e+00 -1.4075240300e+00
-7.9820199200e-01 1.0795002760e+00 -1.4075250496e+00
-7.9820101638e-01 1.0795070452e+00 -1.4075260532e+00
-7.9820058386e-01 1.0795055293e+00 -1.4075267847e+00
-7.9820182868e-01 1.0795038857e+00 -1.4075274904e+00
-7.9820139688e-01 1.0795023708e+00 -1.4075282203e+00
6.5632237104e-01 6.8414992318e-01 3.0795362897e+00
6.5632260427e-01 6.8414920975e-01 3.0795519996e+00
6.5632133428e-01 6.8414607758e-01 3.0795347627e+00
6.5632145955e-01 6.8414539745e-01 3.0795505631e+00
6.5632368878e-01 6.8415003779e-01 3.0795338116e+00
6.5632406273e-01 6.8414926515e-01 3.0795493959e+00
6.5632262542e-01 6.8414623299e-01 3.0795323418e+00
6.5632294293e-01 6.8414541111e-01 3.0795479065e+00
6.7496949329e-01 1.0913084659e+00 2.1612380444e+00
6.7497193508e-01 1.0913102692e+00 2.1612403388e+00
6.7496907851e-01 1.0913044461e+00 2.1612398018e+00
6.7497150608e-01 1.0913062500e+00 2.1612422521e+00
6.7496940425e-01 1.0913079387e+00 2.1612387949e+00
6.7497191439e-01 1.0913097810e+00 2.1612411397e+00
6.7496895982e-01 1.0913039536e+00 2.1612405027e+00
6.7497145574e-01 1.0913057964e+00 2.1612430034e+00
-1.0408776932e+00 6.2238833038e-01 1.4120381229e+00
-1.0408755263e+00 6.2238088414e-01 1.4120354840e+00
-1.0408755248e+00 6.2238158301e-01 1.4120377032e+00
-1.0408733997e+00 6.2237413574e-01 1.4120350046e+00
-1.0408787303e+00 6.2238842508e-01 1.4120368801e+00
-1.0408765633e+00 6.2238098127e-01 1.4120342398e+00
-1.0408765358e+00 6.2238169916e-01 1.4120365106e+00
-1.0408744106e+00 6.2237425432e-01 1.4120338106e+00
-7.8195100644e-01 -5.2318520766e-01 2.7343085039e+00
-7.8194870759e-01 -5.2318305332e-01 2.7343213864e+00
-7.8194799472e-01 -5.2319086070e-01 2.7343097936e+00
-7.8194588405e-01 -5.2318877379e-01 2.7343222992e+00
-7.8195032907e-01 -5.2318378105e-01 2.7343062051e+00
-7.8194805045e-01 -5.2318175337e-01 2.7343188977e+00
-7.8194717499e-01 -5.2318933193e-01 2.7343074504e+00
-7.8194523556e-01 -5.2318746943e-01 2.7343198075e+00
5.6016421296e-01 -3.5514578299e-02 4.7432270584e+00
5.6016332181e-01 -3.5518411521e-02 4.7432265689e+00
5.6016425556e-01 -3.5522459114e-02 4.7432235365e+00
5.6016336377e-01 -3.5526294932e-02 4.7432230500e+00
5.6015550230e-01 -3.5513745571e-02 4.7432295663e+00
5.6015477475e-01 -3.5517545148e-02 4.7432291212e+00
5.6015563022e-01 -3.5521607644e-02 4.7432262380e+00
5.6015493162e-01 -3.5525461162e-02 4.7432257326e+00
8.9374744394e-01 8.0404785075e-01 5.2688104324e+00
8.9374576010e-01 8.0404439448e-01 5.2688099193e+00
8.9374873016e-01 8.0404497131e-01 5.2688121339e+00
8.9374704751e-01 8.0404151589e-01 5.2688116256e+00
8.9374435274e-01 8.0405020534e-01 5.2688089979e+00
8.9374275979e-01 8.0404669620e-01 5.2688086421e+00
8.9374583679e-01 8.0404725490e-01 5.2688109356e+00
8.9374422090e-01 8.0404375534e-01 5.2688104466e+00
5.2153044863e-01 3.8241585773e-02 3.2390134195e+00
5.2153014269e-01 3.8243428965e-02 3.2390229545e+00
5.2153173453e-01 3.8243518718e-02 3.2390137772e+00
5.2153147584e-01 3.8245197535e-02 3.2390233225e+00
5.2153162437e-01 3.8239003051e-02 3.2390129092e+00
5.2153132206e-01 3.8240739653e-02 3.2390224585e+00
5.2153299906e-01 3.8240848747e-02 3.2390133148e+00
5.2153265735e-01 3.8242508781e-02 3.2390228273e+00
-9.9327464103e-01 6.2845932684e-01 -3.8454421491e-01
-9.9327811650e-01 6.2846090759e-01 -3.8454492679e-01
-9.9327458119e-01 6.2846051773e-01 -3.8454480526e-01
-9.9327789525e-01 6.2846219066e-01 -3.8454525067e-01
-9.9326978462e-01 6.2845814671e-01 -3.8454464145e-01
-9.9327325578e-01 6.2845985061e-01 -3.8454529120e-01
-9.9326975290e-01 6.2845972972e-01 -3.8454536324e-01
-9.9327305769e-01 6.2846129958e-01 -3.8454588528e-01
-7.4445040308e-01 -1.4548485932e+00 2.1495388990e+00
-7.4445071756e-01 -1.4548471184e+00 2.1495386281e+00
-7.4444874466e-01 -1.4548464317e+00 2.1495413679e+00
-7.4444904938e-01 -1.4548449543e+00 2.1495411010e+00
-7.4444688360e-01 -1.4548491175e+00 2.1495372169e+00
-7.4444728267e-01 -1.4548471891e+00 2.1495366553e+00
-7.4444521575e-01 -1.4548469539e+00 2.1495396830e+00
-7.4444560554e-01 -1.4548450226e+00 2.1495391264e+00
3.8021670142e-01 1.9639347617e-02 1.9165384916e+00
3.8022182987e-01 1.9642028776e-02 1.9165361386e+00
3.8021707647e-01 1.9636129376e-02 1.9165372647e+00
3.8022220177e-01 1.9638810814e-02 1.9165349118e+00
3.8021477522e-01 1.9638771599e-02 1.9165379258e+00
3.8021986235e-01 1.9641410859e-02 1.9165355491e+00
3.8021515073e-01 1.9635553495e-02 1.9165367016e+00
3.8022023474e-01 1.9638193059e-02 1.9165343249e+00
1.2162232942e-01 -1.0346741390e+00 6.5692069647e-01
1.2162193925e-01 -1.0346710356e+00 6.5692271162e-01
1.2161927008e-01 -1.0346670667e+00 6.5692387848e-01
1.2161894911e-01 -1.0346639625e+00 6.5692587673e-01
1.2162101581e-01 -1.0346743209e+00 6.5691966223e-01
1.2162062622e-01 -1.0346712181e+00 6.5692167642e-01
1.2161759390e-01 -1.0346671290e+00 6.5692298881e-01
1.2161727340e-01 -1.0346640255e+00 6.5692498610e-01
1.0870837585e-01 -1.4426539478e-02 1.1283977390e+00
1.0870873102e-01 -1.4425817238e-02 1.1283972725e+00
1.0870797922e-01 -1.4424019133e-02 1.1283995853e+00
1.0870835236e-01 -1.4423266144e-02 1.1283991330e+00
1.0870300344e-01 -1.4427112142e-02 1.1283979356e+00
1.0870335987e-01 -1.4426391466e-02 1.1283974757e+00
1.0870292385e-01 -1.4424382741e-02 1.1284000637e+00
1.0870329751e-01 -1.4423629429e-02 1.1283996121e+00
-4.3912055283e-01 -6.6396992523e-01 2.5690542666e+00
-4.3911979018e-01 -6.6396713206e-01 2.5690521250e+00
-4.3912112130e-01 -6.6396184660e-01 2.5690537582e+00
-4.3912047931e-01 -6.6395913924e-01 2.5690519899e+00
-4.3912221310e-01 -6.6396978712e-01 2.5690553364e+00
-4.3912136418e-01 -6.6396695381e-01 2.5690532479e+00
-4.3912272219e-01 -6.6396155087e-01 2.5690548114e+00
-4.3912214951e-01 -6.6395888068e-01 2.5690529826e+00
5.6988445715e-01 -1.1296503622e+00 7.6609088394e-01
5.6988321312e-01 -1.1296466146e+00 7.6608787401e-01
5.6988384507e-01 -1.1296506987e+00 7.6609266493e-01
5.6988260203e-01 -1.1296469496e+00 7.6608965278e-01
5.6987921626e-01 -1.1296504722e+00 7.6609280760e-01
5.6987825801e-01 -1.1296466806e+00 7.6609000429e-01
5.6987865243e-01 -1.1296508377e+00 7.6609454561e-01
5.6987769054e-01 -1.1296469387e+00 7.6609178567e-01
-8.9028382248e-01 1.0767143812e+00 9.1833371700e-01
-8.9028474211e-01 1.0767099087e+00 9.1832387732e-01
-8.9028204053e-01 1.0767107451e+00 9.1833476622e-01
-8.9028297313e-01 1.0767062983e+00 9.1832488062e-01
-8.9028320356e-01 1.0767140036e+00 9.1833456327e-01
-8.9028412332e-01 1.0767095311e+00 9.1832472318e-01
-8.9028132521e-01 1.0767103134e+00 9.1833562694e-01
-8.9028225794e-01 1.0767058665e+00 9.1832574095e-01
-1.3120735151e-01 -2.6845780008e-01 1.5371770453e+00
-1.3120736561e-01 -2.6845565381e-01 1.5371724119e+00
-1.3120539322e-01 -2.6845916573e-01 1.5371788738e+00
-1.3120538240e-01 -2.6845707009e-01 1.5371742462e+00
-1.3120264829e-01 -2.6845729281e-01 1.5371771817e+00
-1.3120262416e-01 -2.6845514516e-01 1.5371726368e+00
-1.3120068965e-01 -2.6845865528e-01 1.5371790106e+00
-1.3120064061e-01 -2.6845655826e-01 1.5371744716e+00
6.5763327637e-01 1.8098707512e+00 -4.1602647162e+00
6.5763171627e-01 1.8098680219e+00 -4.1602706407e+00
6.5763205601e-01 1.8098651863e+00 -4.1602667143e+00
6.5763049103e-01 1.8098624555e+00 -4.1602726539e+00
6.5763012728e-01 1.8098699674e+00 -4.1602631729e+00
6.5762895161e-01 1.8098673645e+00 -4.1602690369e+00
6.5762890623e-01 1.8098645033e+00 -4.1602651188e+00
6.5762768938e-01 1.8098618206e+00 -4.1602709570e+00
-2.7712043005e-01 3.8041750970e-01 -1.2668195182e-01
-2.7711774639e-01 3.8042023947e-01 -1.2668798701e-01
-2.7712056989e-01 3.8042268573e-01 -1.2668482625e-01
-2.7711790264e-01 3.8042524812e-01 -1.2669037900e-01
-2.7712196743e-01 3.8041752743e-01 -1.2668150999e-01
-2.7711928514e-01 3.8042017097e-01 -1.2668748681e-01
-2.7712195676e-01 3.8042244227e-01 -1.2668460841e-01
-2.7711928813e-01 3.8042509434e-01 -1.2669022668e-01
8.2237410437e-01 1.0871945505e+00 -1.7791261603e+00
8.2237725857e-01 1.0871901252e+00 -1.7791305513e+00
8.2237356412e-01 1.0871867173e+00 -1.7791275466e+00
8.2237665925e-01 1.0871824237e+00 -1.7791319496e+00
8.2237788937e-01 1.0871963135e+00 -1.7791266970e+00
8.2238104654e-01 1.0871918928e+00 -1.7791310916e+00
8.2237759484e-01 1.0871883760e+00 -1.7791283690e+00
8.2238069295e-01 1.0871840871e+00 -1.7791327755e+00
-7.0424148683e-01 -2.2025641367e-01 -1.5579467919e+00
-7.0424196960e-01 -2.2025476651e-01 -1.5579415212e+00
-7.0424276450e-01 -2.2025678374e-01 -1.5579472327e+00
-7.0424334788e-01 -2.2025524459e-01 -1.5579420462e+00
-7.0424643966e-01 -2.2025665554e-01 -1.5579477033e+00
-7.0424702692e-01 -2.2025458484e-01 -1.5579422448e+00
-7.0424774374e-01 -2.2025692912e-01 -1.5579481511e+00
-7.0424845254e-01 -2.2025506343e-01 -1.5579426020e+00
5.6139086518e-01 -1.0837398531e-01 -1.9255886217e+00
5.6139016576e-01 -1.0837657806e-01 -1.9255931665e+00
5.6139193494e-01 -1.0837960585e-01 -1.9255885509e+00
5.6139118354e-01 -1.0838210483e-01 -1.9255931048e+00
5.6138175213e-01 -1.0837459462e-01 -1.9255863863e+00
5.6138113737e-01 -1.0837716744e-01 -1.9255912244e+00
5.6138292792e-01 -1.0838022642e-01 -1.9255861091e+00
5.6138240526e-01 -1.0838292895e-01 -1.9255909144e+00
1.6076485388e-01 -3.1646903113e-01 -9.0057547943e-01
1.6076808283e-01 -3.1646822589e-01 -9.0058394250e-01
1.6076435750e-01 -3.1647285106e-01 -9.0057857368e-01
1.6076755904e-01 -3.1647206380e-01 -9.0058701169e-01
1.6076242765e-01 -3.1646906990e-01 -9.0057549532e-01
1.6076563619e-01 -3.1646823407e-01 -9.0058391459e-01
1.6076196375e-01 -3.1647290008e-01 -9.0057852730e-01
1.6076518520e-01 -3.1647214414e-01 -9.0058700873e-01
5.2689097375e-01 -1.5877654445e+00 -5.8900001501e-01
5.2689065754e-01 -1.5877659361e+00 -5.8900725026e-01
5.2689134375e-01 -1.5877624762e+00 -5.8900197722e-01
5.2689107859e-01 -1.5877628574e+00 -5.8900927159e-01
5.2689143185e-01 -1.5877663269e+00 -5.8899821874e-01
5.2689113699e-01 -1.5877667826e+00 -5.8900550967e-01
5.2689193921e-01 -1.5877632359e+00 -5.8900035913e-01
5.2689170033e-01 -1.5877635652e+00 -5.8900771561e-01
2.0778557309e-01 -5.4835725049e-01 -2.6297648907e+00
2.0778213620e-01 -5.4835581877e-01 -2.6297714807e+00
2.0778824888e-01 -5.4835553117e-01 -2.6297666188e+00
2.0778466509e-01 -5.4835397861e-01 -2.6297735054e+00
2.0778773060e-01 -5.4835538739e-01 -2.6297641762e+00
2.0778422311e-01 -5.4835391779e-01 -2.6297709967e+00
2.0779027854e-01 -5.4835384104e-01 -2.6297659773e+00
2.0778669490e-01 -5.4835228843e-01 -2.6297728640e+00
-8.4921619927e-01 1.4653655245e+00 1.5541254236e+00
-8.4921710537e-01 1.4653639141e+00 1.5541205509e+00
-8.4921611969e-01 1.4653646692e+00 1.5541230454e+00
-8.4921708794e-01 1.4653631068e+00 1.5541181386e+00
-8.4921471593e-01 1.4653638694e+00 1.5541263537e+00
-8.4921563288e-01 1.4653622778e+00 1.5541214482e+00
-8.4921464186e-01 1.4653630169e+00 1.5541239794e+00
-8.4921562091e-01 1.4653614735e+00 1.5541190398e+00
3.9756061684e-01 -1.7159003675e+00 -2.3515733488e+00
3.9756131058e-01 -1.7158995349e+00 -2.3515783643e+00
3.9756125049e-01 -1.7159042158e+00 -2.3515749287e+00
3.9756198801e-01 -1.7159034098e+00 -2.3515799520e+00
3.9755801039e-01 -1.7159019390e+00 -2.3515700002e+00
3.9755866190e-01 -1.7159011868e+00 -2.3515750170e+00
3.9755866214e-01 -1.7159056395e+00 -2.3515715647e+00
3.9755928194e-01 -1.7159048488e+00 -2.3515765865e+00
-9.7099009354e-01 -1.9895604948e-01 5.5376807757e-01
-9.7098883678e-01 -1.9895660459e-01 5.5377373879e-01
-9.7099101665e-01 -1.9895162396e-01 5.5376519089e-01
-9.7098998977e-01 -1.9895189623e-01 5.5377119195e-01
-9.7098878921e-01 -1.9895676700e-01 5.5377056508e-01
-9.7098754265e-01 -1.9895735768e-01 5.5377637433e-01
-9.7098963036e-01 -1.9895229679e-01 5.5376799854e-01
-9.7098851704e-01 -1.9895254289e-01 5.5377399365e-01
-1.3545856112e+00 3.1417523509e-01 -1.3520250396e+00
-1.3545861891e+00 3.1417475416e-01 -1.3520316790e+00
-1.3545875654e+00 3.1417175210e-01 -1.3520270171e+00
-1.3545881530e+00 3.1417129441e-01 -1.3520336703e+00
-1.3545869650e+00 3.1417650804e-01 -1.3520257764e+00
-1.3545875877e+00 3.1417602449e-01 -1.3520323598e+00
-1.3545889192e+00 3.1417302506e-01 -1.3520277539e+00
-1.3545895517e+00 3.1417256470e-01 -1.3520343511e+00
-5.2770307877e-01 -1.7094050276e-01 -2.7809384245e+00
-5.2770009235e-01 -1.7094092175e-01 -2.7809314959e+00
-5.2770276443e-01 -1.7093669105e-01 -2.7809419669e+00
-5.2769952020e-01 -1.7093740937e-01 -2.7809359449e+00
-5.2770631011e-01 -1.7094126280e-01 -2.7809380698e+00
-5.2770345301e-01 -1.7094202520e-01 -2.7809315095e+00
-5.2770598321e-01 -1.7093782504e-01 -2.7809419355e+00
-5.2770282490e-01 -1.7093840577e-01 -2.7809359641e+00
-2.0829525170e-01 -1.0981993174e-01 2.8815462298e+00
-2.0829691567e-01 -1.0981821147e-01 2.8815428037e+00
-2.0829617443e-01 -1.0982559556e-01 2.8815444743e+00
-2.0829780418e-01 -1.0982383458e-01 2.8815410764e+00
-2.0829275437e-01 -1.0981972609e-01 2.8815452974e+00
-2.0829445650e-01 -1.0981794529e-01 2.8815418516e+00
-2.0829397421e-01 -1.0982518479e-01 2.8815437874e+00
-2.0829564212e-01 -1.0982336327e-01 2.8815403698e+00
-2.7244707425e-01 1.3000831362e+00 1.4823092012e+00
-2.7244457756e-01 1.3000789533e+00 1.4823049972e+00
-2.7244562291e-01 1.3000832374e+00 1.4823114671e+00
-2.7244311903e-01 1.3000789024e+00 1.4823073692e+00
-2.7244887387e-01 1.3000827495e+00 1.4823089840e+00
-2.7244617610e-01 1.3000786519e+00 1.4823049192e+00
-2.7244728227e-01 1.3000829656e+00 1.4823113224e+00
-2.7244471077e-01 1.3000785990e+00 1.4823072377e+00
3.4572669077e-01 -4.0460864384e-01 -5.2100980315e+00
3.4572971215e-01 -4.0460606054e-01 -5.2100900476e+00
3.4572740225e-01 -4.0460760584e-01 -5.2100963915e+00
3.4573056041e-01 -4.0460499695e-01 -5.2100880030e+00
3.4572877728e-01 -4.0460979896e-01 -5.2100973081e+00
3.4573207473e-01 -4.0460711698e-01 -5.2100887692e+00
3.4572955199e-01 -4.0460874706e-01 -5.2100955948e+00
3.4573281114e-01 -4.0460599772e-01 -5.2100870229e+00
1.3381822642e-01 -5.0573486011e-01 2.1346753590e+00
1.3381602393e-01 -5.0573883275e-01 2.1346700806e+00
1.3381918679e-01 -5.0572781866e-01 2.1346778560e+00
1.3381705726e-01 -5.0573185681e-01 2.1346725051e+00
1.3382257706e-01 -5.0573448473e-01 2.1346752055e+00
1.3382009686e-01 -5.0573840860e-01 2.1346701786e+00
1.3382353795e-01 -5.0572731866e-01 2.1346776478e+00
1.3382140919e-01 -5.0573135642e-01 2.1346722968e+00
6.5013499021e-01 4.5802473261e-01 8.8290092556e-02
6.5013465382e-01 4.5802284602e-01 8.8302296031e-02
6.5013501565e-01 4.5802268950e-01 8.8292763532e-02
6.5013473440e-01 4.5802078943e-01 8.8305013610e-02
6.5013551158e-01 4.5802418128e-01 8.8290875491e-02
6.5013532635e-01 4.5802227955e-01 8.8303098877e-02
6.5013553797e-01 4.5802214372e-01 8.8293554003e-02
6.5013533758e-01 4.5802020791e-01 8.8305793281e-02
-5.1847383496e-01 -1.4668425515e+00 -3.4631902829e-01
-5.1847586007e-01 -1.4668440394e+00 -3.4632240882e-01
-5.1847468558e-01 -1.4668400228e+00 -3.4632141169e-01
-5.1847667579e-01 -1.4668412757e+00 -3.4632496927e-01
-5.1847752983e-01 -1.4668425999e+00 -3.4632059616e-01
-5.1847979091e-01 -1.4668436024e+00 -3.4632386244e-01
-5.1847885352e-01 -1.4668398543e+00 -3.4632259578e-01
-5.1848075387e-01 -1.4668410176e+00 -3.4632616762e-01
-3.1012099981e-01 1.6603468576e+00 2.0572082711e+00
-3.1012065175e-01 1.6603481248e+00 2.0572064968e+00
-3.1012062469e-01 1.6603436648e+00 2.0572094515e+00
-3.1012035268e-01 1.6603448734e+00 2.0572077133e+00
-3.1012383572e-01 1.6603462443e+00 2.0572095962e+00
-3.1012353956e-01 1.6603476392e+00 2.0572078284e+00
-3.1012346220e-01 1.6603430433e+00 2.0572107809e+00
-3.1012323193e-01 1.6603443706e+00 2.0572090526e+00
4.1772561879e-01 -1.1266814150e+00 -1.4477608386e+00
4.1772637738e-01 -1.1266857642e+00 -1.4477658844e+00
4.1772496980e-01 -1.1266764155e+00 -1.4477616276e+00
4.1772562353e-01 -1.1266809390e+00 -1.4477667214e+00
4.1772000815e-01 -1.1266808436e+00 -1.4477611425e+00
4.1772085195e-01 -1.1266853681e+00 -1.4477662283e+00
4.1771941154e-01 -1.1266750469e+00 -1.4477609432e+00
4.1772008496e-01 -1.1266798649e+00 -1.4477663007e+00
3.3598271120e-01 1.0930408673e+00 4.7564952864e-01
3.3598271089e-01 1.0930378122e+00 4.7564466005e-01
3.3598027067e-01 1.0930361477e+00 4.7565086276e-01
3.3598020358e-01 1.0930331833e+00 4.7564589197e-01
3.3598106166e-01 1.0930415450e+00 4.7565100596e-01
3.3598093881e-01 1.0930388771e+00 4.7564649318e-01
3.3597861443e-01 1.0930368498e+00 4.7565229940e-01
3.3597855324e-01 1.0930341075e+00 4.7564775712e-01
-3.4483323460e-02 -1.8538744543e+00 9.5508655803e-01
-3.4483538345e-02 -1.8538706133e+00 9.5507943817e-01
-3.4485250663e-02 -1.8538733630e+00 9.5508987354e-01
-3.4485616731e-02 -1.8538695520e+00 9.5508268195e-01
-3.4482330408e-02 -1.8538738915e+00 9.5508690410e-01
-3.4482547212e-02 -1.8538700433e+00 9.5507978532e-01
-3.4484226897e-02 -1.8538728125e+00 9.5509021582e-01
-3.4484599812e-02 -1.8538689731e+00 9.5508301667e-01
-8.1661829539e-01 4.6485257964e-01 -2.0134120136e+00
-8.1661612366e-01 4.6485249329e-01 -2.0134011781e+00
-8.1661742752e-01 4.6485039201e-01 -2.0134101753e+00
-8.1661543885e-01 4.6485023662e-01 -2.0133990070e+00
-8.1661936763e-01 4.6485084896e-01 -2.0134135621e+00
-8.1661693726e-01 4.6485099148e-01 -2.0134025416e+00
-8.1661851932e-01 4.6484867657e-01 -2.0134117225e+00
-8.1661624691e-01 4.6484872394e-01 -2.0134003741e+00
-3.2705310246e-01 -3.2642664525e-01 7.0811446654e-01
-3.2705563255e-01 -3.2642484009e-01 7.0811084835e-01
-3.2705387536e-01 -3.2642959203e-01 7.0811655457e-01
-3.2705640521e-01 -3.2642778746e-01 7.0811293419e-01
-3.2705151620e-01 -3.2642570530e-01 7.0811534131e-01
-3.2705404341e-01 -3.2642383719e-01 7.0811171852e-01
-3.2705232957e-01 -3.2642864422e-01 7.0811743795e-01
-3.2705483822e-01 -3.2642680004e-01 7.0811380432e-01
1.2910422482e+00 8.7056414097e-01 -4.2054704025e-01
1.2910378623e+00 8.7056729458e-01 -4.2055311287e-01
1.2910429791e+00 8.7056157180e-01 -4.2054541852e-01
1.2910388574e+00 8.7056464062e-01 -4.2055172651e-01
1.2910391917e+00 8.7056400407e-01 -4.2054725053e-01
1.2910350614e+00 8.7056704398e-01 -4.2055354840e-01
1.2910401262e+00 8.7056135080e-01 -4.2054583832e-01
1.2910360094e+00 8.7056438167e-01 -4.2055213676e-01
1.9334722329e+00 -1.6328505798e+00 1.4333210972e+00
1.9334733873e+00 -1.6328506373e+00 1.4333184312e+00
1.9334719902e+00 -1.6328528764e+00 1.4333226538e+00
1.9334730680e+00 -1.6328528795e+00 1.4333200322e+00
1.9334716264e+00 -1.6328510885e+00 1.4333231184e+00
1.9334727838e+00 -1.6328511541e+00 1.4333204517e+00
1.9334713837e+00 -1.6328533859e+00 1.4333246762e+00
1.9334724595e+00 -1.6328533937e+00 1.4333220553e+00
-1.1234890086e-01 2.0846115471e+00 1.0947743496e+00
-1.1234750252e-01 2.0846109018e+00 1.0947843789e+00
-1.1234811479e-01 2.0846070918e+00 1.0947741244e+00
-1.1234675817e-01 2.0846067428e+00 1.0947839251e+00
-1.1235822381e-01 2.0846122367e+00 1.0947744930e+00
-1.1235671092e-01 2.0846112296e+00 1.0947854181e+00
-1.1235751983e-01 2.0846077957e+00 1.0947742528e+00
-1.1235601832e-01 2.0846071180e+00 1.0947849693e+00
-2.2695481658e+00 -4.5943477956e-01 5.8853967280e-01
-2.2695454865e+00 -4.5943293921e-01 5.8853403921e-01
-2.2695468423e+00 -4.5943640751e-01 5.8854146111e-01
-2.2695441327e+00 -4.5943455676e-01 5.8853589110e-01
-2.2695505671e+00 -4.5943432523e-01 5.8853854414e-01
-2.2695479049e+00 -4.5943242864e-01 5.8853289230e-01
-2.2695491806e+00 -4.5943604604e-01 5.8854020601e-01
-2.2695464877e+00 -4.5943413995e-01 5.8853461794e-01
2.6310036050e+00 4.1883120311e+00 -3.7043159468e+00
2.6309999003e+00 4.1883050246e+00 -3.7042843543e+00
2.6309946108e+00 4.1883257727e+00 -3.7043116644e+00
2.6309911976e+00 4.1883187043e+00 -3.7042798464e+00
2.6309958933e+00 4.1883094488e+00 -3.7043139913e+00
2.6309921883e+00 4.1883024417e+00 -3.7042823989e+00
2.6309873086e+00 4.1883214815e+00 -3.7043094267e+00
2.6309838959e+00 4.1883144136e+00 -3.7042776091e+00
4.8652734827e+00 3.2781417953e+00 -3.7813365969e+00
4.8652704241e+00 3.2781356599e+00 -3.7813228552e+00
4.8652742685e+00 3.2781619115e+00 -3.7813495105e+00
4.8652712185e+00 3.2781557616e+00 -3.7813357586e+00
4.8652719329e+00 3.2781517191e+00 -3.7813255381e+00
4.8652688774e+00 3.2781455831e+00 -3.7813117968e+00
4.8652733699e+00 3.2781713985e+00 -3.7813388521e+00
4.8652703230e+00 3.2781652480e+00 -3.7813251004e+00
-4.6273715643e+00 5.2183229498e+00 5.8275497766e+00
-4.6273630193e+00 5.2183246414e+00 5.8275302485e+00
-4.6273716142e+00 5.2183124515e+00 5.8275440658e+00
-4.6273630723e+00 5.2183141417e+00 5.8275245448e+00
-4.6273605139e+00 5.2183241092e+00 5.8275459813e+00
-4.6273519708e+00 5.2183257905e+00 5.8275264519e+00
-4.6273605672e+00 5.2183136101e+00 5.8275402700e+00
-4.6273520272e+00 5.2183152904e+00 5.8275207474e+00
3.0728391717e+00 -4.6511983576e+00 -2.2374450163e+00
3.0728408132e+00 -4.6511925655e+00 -2.2374488378e+00
3.0728375459e+00 -4.6511831694e+00 -2.2374469772e+00
3.0728391553e+00 -4.6511773761e+00 -2.2374508418e+00
3.0728504551e+00 -4.6511990497e+00 -2.2374479496e+00
3.0728520992e+00 -4.6511932615e+00 -2.2374517527e+00
3.0728486041e+00 -4.6511840613e+00 -2.2374499398e+00
3.0728502124e+00 -4.6511782693e+00 -2.2374538028e+00
4.3261988265e+00 5.7096449410e+00 5.5535488333e+00
4.3261986343e+00 5.7096484332e+00 5.5535597433e+00
4.3261971980e+00 5.7096206855e+00 5.5535466623e+00
4.3261971442e+00 5.7096241987e+00 5.5535576111e+00
4.3261978087e+00 5.7096400250e+00 5.5535606974e+00
4.3261978939e+00 5.7096442021e+00 5.5535715404e+00
4.3261961806e+00 5.7096157703e+00 5.5535585264e+00
4.3261964042e+00 5.7096199685e+00 5.5535694082e+00
-1.4825452792e+00 -7.2848471417e-01 -4.6763393491e+00
-1.4825351571e+00 -7.2848956898e-01 -4.6763421872e+00
-1.4825461388e+00 -7.2847890567e-01 -4.6763417743e+00
-1.4825361027e+00 -7.2848371858e-01 -4.6763445229e+00
-1.4825336127e+00 -7.2847603844e-01 -4.6763324305e+00
-1.4825234903e+00 -7.2848089339e-01 -4.6763352682e+00
-1.4825344015e+00 -7.2847031324e-01 -4.6763349019e+00
-1.4825243651e+00 -7.2847512630e-01 -4.6763376501e+00
-2.4293935792e+00 1.2361983154e+00 8.8091970943e-01
-2.4293775956e+00 1.2361991437e+00 8.8093492546e-01
-2.4293843475e+00 1.2361909476e+00 8.8091492515e-01
-2.4293690181e+00 1.2361914633e+00 8.8092963403e-01
-2.4293989626e+00 1.2361946221e+00 8.8091307676e-01
-2.4293830520e+00 1.2361954687e+00 8.8092796401e-01
-2.4293898285e+00 1.2361873570e+00 8.8090832257e-01
-2.4293745511e+00 1.2361878417e+00 8.8092273497e-01
-7.1513097456e+00 4.4709516543e+00 2.1505238649e+00
-7.1513026972e+00 4.4709476306e+00 2.1505352297e+00
-7.1513149297e+00 4.4710035589e+00 2.1505095795e+00
-7.1513079393e+00 4.4709997212e+00 2.1505206611e+00
-7.1513196654e+00 4.4709441387e+00 2.1505194500e+00
-7.1513118727e+00 4.4709411777e+00 2.1505309005e+00
-7.1513238529e+00 4.4709964659e+00 2.1505050030e+00
-7.1513161090e+00 4.4709936924e+00 2.1505161719e+00
-9.1411401534e-01 -2.3659821256e+00 -4.8146577286e-01
-9.1410741864e-01 -2.3659809420e+00 -4.8144965112e-01
-9.1410196482e-01 -2.3659926718e+00 -4.8147337847e-01
-9.1409605675e-01 -2.3659926613e+00 -4.8145747876e-01
-9.1412365882e-01 -2.3659806560e+00 -4.8147873379e-01
-9.1411737568e-01 -2.3659799063e+00 -4.8146362434e-01
-9.1411118147e-01 -2.3659909768e+00 -4.8148652568e-01
-9.1410527122e-01 -2.3659909423e+00 -4.8147065091e-01
1.1077351907e-01 -2.0302519161e+00 7.5275865741e-01
1.1076759414e-01 -2.0302547377e+00 7.5274585032e-01
1.1077148199e-01 -2.0302673302e+00 7.5274848985e-01
1.1076549849e-01 -2.0302700989e+00 7.5273561042e-01
1.1076568464e-01 -2.0302561688e+00 7.5275909530e-01
1.1075982641e-01 -2.0302589049e+00 7.5274631560e-01
1.1076356042e-01 -2.0302714638e+00 7.5274896865e-01
1.1075764361e-01 -2.0302741469e+00 7.5273611677e-01
5.2819956717e+00 -1.0548480859e+01 -1.0770436792e+00
5.2819870857e+00 -1.0548486117e+01 -1.0770315197e+00
5.2819982549e+00 -1.0548497316e+01 -1.0770412841e+00
5.2819896670e+00 -1.0548502562e+01 -1.0770291186e+00
5.2820202030e+00 -1.0548477060e+01 -1.0770367634e+00
5.2820116171e+00 -1.0548482318e+01 -1.0770246023e+00
5.2820220036e+00 -1.0548492911e+01 -1.0770335793e+00
5.2820134157e+00 -1.0548498157e+01 -1.0770214122e+00
1.6385973400e+00 5.0422576666e+00 9.0929773559e-01
1.6385924177e+00 5.0422599508e+00 9.0929796006e-01
1.6385987703e+00 5.0422527236e+00 9.0929336505e-01
1.6385937152e+00 5.0422549194e+00 9.0929382640e-01
1.6386112752e+00 5.0422515317e+00 9.0929174470e-01
1.6386063522e+00 5.0422538162e+00 9.0929196901e-01
1.6386127059e+00 5.0422465897e+00 9.0928737406e-01
1.6386076502e+00 5.0422487856e+00 9.0928783516e-01
5.7717590725e-01 -3.9095410836e-01 2.1691531832e+00
5.7717622821e-01 -3.9095308689e-01 2.1691643423e+00
5.7716336860e-01 -3.9095744578e-01 2.1691412164e+00
5.7716371497e-01 -3.9095645959e-01 2.1691523811e+00
5.7715305124e-01 -3.9095020362e-01 2.1691567380e+00
5.7715369016e-01 -3.9094902554e-01 2.1691679824e+00
5.7714037147e-01 -3.9095347081e-01 2.1691451465e+00
5.7714099174e-01 -3.9095230687e-01 2.1691563515e+00
-9.0597685889e-01 -1.6577490117e+00 -7.0241594012e-01
-9.0597788298e-01 -1.6577401834e+00 -7.0242005678e-01
-9.0599070727e-01 -1.6577696787e+00 -7.0241409513e-01
-9.0598958854e-01 -1.6577609027e+00 -7.0241799590e-01
-9.0600485302e-01 -1.6577517259e+00 -7.0241199826e-01
-9.0600383086e-01 -1.6577397929e+00 -7.0241572646e-01
-9.0601695563e-01 -1.6577727876e+00 -7.0241019032e-01
-9.0601706165e-01 -1.6577609027e+00 -7.0241508343e-01
-1.9226863646e+00 -3.8981709226e+00 2.1117639846e+00
-1.9226880001e+00 -3.8981808948e+00 2.1117396518e+00
-1.9226902957e+00 -3.8981720120e+00 2.1117473223e+00
-1.9226919419e+00 -3.8981820184e+00 2.1117229713e+00
-1.9227121047e+00 -3.8981717693e+00 2.1117569426e+00
-1.9227138169e+00 -3.8981826089e+00 2.1117333074e+00
-1.9227156789e+00 -3.8981714486e+00 2.1117401961e+00
-1.9227173633e+00 -3.8981822924e+00 2.1117165189e+00
2.3419225563e+00 -8.2158693129e+00 -9.1295661078e-01
2.3419144215e+00 -8.2158580501e+00 -9.1298502734e-01
2.3419339684e+00 -8.2159041888e+00 -9.1296093913e-01
2.3419259908e+00 -8.2158929764e+00 -9.1298919478e-01
2.3418970235e+00 -8.2158773719e+00 -9.1294819488e-01
2.3418887751e+00 -8.2158658112e+00 -9.1297658436e-01
2.3419085254e+00 -8.2159108954e+00 -9.1295350598e-01
2.3419004038e+00 -8.2158994224e+00 -9.1298165688e-01
-4.3830450115e+00 -7.7000006780e-01 8.9044435594e-01
-4.3830416742e+00 -7.6999766835e-01 8.9045384006e-01
-4.3830521207e+00 -7.7000980476e-01 8.9044337339e-01
-4.3830487980e+00 -7.7000741455e-01 8.9045254761e-01
-4.3830362577e+00 -7.6999860203e-01 8.9045534525e-01
-4.3830329793e+00 -7.6999635300e-01 8.9046461671e-01
-4.3830433741e+00 -7.7000834680e-01 8.9045405194e-01
-4.3830401005e+00 -7.7000609835e-01 8.9046332292e-01
5.0305541345e+00 -2.0059028779e+00 -1.9322932432e+00
5.0305447281e+00 -2.0058995300e+00 -1.9322876646e+00
5.0305479252e+00 -2.0059010017e+00 -1.9323054776e+00
5.0305383864e+00 -2.0058975738e+00 -1.9323002282e+00
5.0305348401e+00 -2.0059079728e+00 -1.9323025658e+00
5.0305246095e+00 -2.0059041872e+00 -1.9322967411e+00
5.0305283390e+00 -2.0059070492e+00 -1.9323136677e+00
5.0305187521e+00 -2.0059036512e+00 -1.9323083133e+00
-1.2494651087e+00 1.0671188125e+00 1.0038629967e+00
-1.2494684141e+00 1.0671171934e+00 1.0038844334e+00
-1.2494723938e+00 1.0671152594e+00 1.0038601987e+00
-1.2494756665e+00 1.0671136783e+00 1.0038813637e+00
-1.2494551702e+00 1.0671217667e+00 1.0038676542e+00
-1.2494584680e+00 1.0671201608e+00 1.0038887549e+00
-1.2494623992e+00 1.0671181980e+00 1.0038648918e+00
-1.2494656644e+00 1.0671166300e+00 1.0038857207e+00
-3.4737020486e+00 8.9394058520e-02 1.4487579814e+00
-3.4737050810e+00 8.9396580521e-02 1.4487645938e+00
-3.4737079748e+00 8.9379708327e-02 1.4487568166e+00
-3.4737110090e+00 8.9382245711e-02 1.4487634451e+00
-3.4736883224e+00 8.9388666966e-02 1.4487583187e+00
-3.4736913837e+00 8.9391150461e-02 1.4487649766e+00
-3.4736939353e+00 8.9374523969e-02 1.4487570370e+00
-3.4736969984e+00 8.9377022848e-02 1.4487637111e+00
4.6931052584e+00 3.5288274406e+00 -3.5973629507e+00
4.6931070984e+00 3.5288274688e+00 -3.5973594154e+00
4.6931146596e+00 3.5288146534e+00 -3.5973612021e+00
4.6931173426e+00 3.5288152464e+00 -3.5973568630e+00
4.6930983679e+00 3.5288364308e+00 -3.5973573172e+00
4.6931002954e+00 3.5288364514e+00 -3.5973536751e+00
4.6931077363e+00 3.5288236461e+00 -3.5973555844e+00
4.6931105124e+00 3.5288242317e+00 -3.5973511346e+00
4.0759348010e-01 -1.9333554263e+00 1.0743092745e+00
4.0759684095e-01 -1.9333597286e+00 1.0743139635e+00
4.0760026028e-01 -1.9333690450e+00 1.0743117934e+00
4.0760362618e-01 -1.9333733520e+00 1.0743164774e+00
4.0759173654e-01 -1.9333584504e+00 1.0743073986e+00
4.0759508128e-01 -1.9333627282e+00 1.0743120736e+00
4.0759852453e-01 -1.9333720796e+00 1.0743099542e+00
4.0760187433e-01 -1.9333763621e+00 1.0743146241e+00
-2.8804004754e+00 6.2010841243e+00 -2.0958010247e+00
-2.8803918802e+00 6.2010839403e+00 -2.0958134174e+00
-2.8804029365e+00 6.2010673313e+00 -2.0957875446e+00
-2.8803943413e+00 6.2010671472e+00 -2.0957999374e+00
-2.8804077681e+00 6.2010862950e+00 -2.0958063351e+00
-2.8803992333e+00 6.2010859371e+00 -2.0958191060e+00
-2.8804102301e+00 6.2010695027e+00 -2.0957928566e+00
-2.8804016114e+00 6.2010691538e+00 -2.0958055171e+00
-2.6812558687e+00 2.2190595475e+00 7.8996620045e-01
-2.6812490371e+00 2.2190607144e+00 7.8997049409e-01
-2.6812517274e+00 2.2190555972e+00 7.8995866212e-01
-2.6812449003e+00 2.2190567768e+00 7.8996295429e-01
-2.6812837333e+00 2.2190561750e+00 7.8996430071e-01
-2.6812769235e+00 2.2190574055e+00 7.8996850452e-01
-2.6812795955e+00 2.2190522305e+00 7.8995675800e-01
-2.6812727891e+00 2.2190534762e+00 7.8996096205e-01
-6.0963320563e-02 9.1531713905e+00 1.5882476117e+00
-6.0970750499e-02 9.1531693448e+00 1.5882550370e+00
-6.0967966241e-02 9.1531540565e+00 1.5882456705e+00
-6.0975296421e-02 9.1531520066e+00 1.5882530709e+00
-6.0944667323e-02 9.1531666729e+00 1.5882533853e+00
-6.0952129053e-02 9.1531646295e+00 1.5882611026e+00
-6.0949313130e-02 9.1531493390e+00 1.5882514440e+00
-6.0956733858e-02 9.1531471909e+00 1.5882592974e+00
-1.6997545399e+00 -4.3736501349e+00 -2.1618334675e+00
-1.6997573704e+00 -4.3736442766e+00 -2.1617995196e+00
-1.6997450058e+00 -4.3736507147e+00 -2.1618289084e+00
-1.6997485024e+00 -4.3736447481e+00 -2.1617948025e+00
-1.6997505828e+00 -4.3736449424e+00 -2.1618306806e+00
-1.6997534541e+00 -4.3736391011e+00 -2.1617967719e+00
-1.6997410122e+00 -4.3736455592e+00 -2.1618261960e+00
-1.6997445345e+00 -4.3736396501e+00 -2.1617921363e+00
-2.6586538674e+00 8.4485032582e+00 3.5326857965e-01
-2.6586434794e+00 8.4485087999e+00 3.5329590434e-01
-2.6586551441e+00 8.4484935580e+00 3.5326928449e-01
-2.6586450021e+00 8.4484990927e+00 3.5329649887e-01
-2.6586464298e+00 8.4485026216e+00 3.5326846898e-01
-2.6586358826e+00 8.4485080756e+00 3.5329595971e-01
-2.6586474416e+00 8.4484929159e+00 3.5326926595e-01
-2.6586372235e+00 8.4484983681e+00 3.5329650505e-01
1.0752696782e+00 -4.7100985724e+00 2.0842630956e+00
1.0752619365e+00 -4.7100953342e+00 2.0842806457e+00
1.0752673292e+00 -4.7100822740e+00 2.0842664747e+00
1.0752604533e+00 -4.7100791392e+00 2.0842839076e+00
1.0752697407e+00 -4.7100983981e+00 2.0842638823e+00
1.0752619961e+00 -4.7100951383e+00 2.0842814379e+00
1.0752672099e+00 -4.7100820199e+00 2.0842671969e+00
1.0752603647e+00 -4.7100789390e+00 2.0842846974e+00
3.9691872589e-01 -4.1134891961e+00 -5.0233524043e-02
3.9692213748e-01 -4.1134930017e+00 -5.0231923595e-02
3.9692586139e-01 -4.1134996654e+00 -5.0233986148e-02
3.9692928218e-01 -4.1135034665e+00 -5.0232393248e-02
3.9691750660e-01 -4.1134901201e+00 -5.0234577111e-02
3.9692064046e-01 -4.1134937130e+00 -5.0233441994e-02
3.9692469800e-01 -4.1135005855e+00 -5.0235221919e-02
3.9692782510e-01 -4.1135041646e+00 -5.0234108305e-02
2.8821077875e-01 -3.8179523521e+00 2.5720723777e+00
2.8821783240e-01 -3.8179437925e+00 2.5720907589e+00
2.8820872220e-01 -3.8179597906e+00 2.5720765831e+00
2.8821638131e-01 -3.8179512879e+00 2.5720944389e+00
2.8821134734e-01 -3.8179524403e+00 2.5720698721e+00
2.8821819139e-01 -3.8179450627e+00 2.5720888826e+00
2.8820935857e-01 -3.8179600714e+00 2.5720738346e+00
2.8821670760e-01 -3.8179523727e+00 2.5720928523e+00
1.1801169539e+00 -7.4919363310e-01 5.2447821361e-01
1.1801180212e+00 -7.4919296161e-01 5.2447723712e-01
1.1801210267e+00 -7.4921772845e-01 5.2448077559e-01
1.1801225090e+00 -7.4921686199e-01 5.2447970837e-01
1.1801412007e+00 -7.4919091708e-01 5.2448167077e-01
1.1801421390e+00 -7.4919026010e-01 5.2448075568e-01
1.1801461687e+00 -7.4921447522e-01 5.2448470121e-01
1.1801475796e+00 -7.4921370924e-01 5.2448383222e-01
-2.0073134314e+00 -2.3800361823e+00 -1.3863946158e+00
-2.0073244665e+00 -2.3800406667e+00 -1.3863676049e+00
-2.0073101811e+00 -2.3800511876e+00 -1.3863979335e+00
-2.0073197776e+00 -2.3800563695e+00 -1.3863714927e+00
-2.0073035397e+00 -2.3800452599e+00 -1.3863917503e+00
-2.0073141475e+00 -2.3800503115e+00 -1.3863648183e+00
-2.0073001610e+00 -2.3800603749e+00 -1.3863950394e+00
-2.0073094586e+00 -2.3800660143e+00 -1.3863687061e+00
-3.0186857934e+00 3.9268736817e+00 -2.7410042145e+00
-3.0186912586e+00 3.9268644187e+00 -2.7410380910e+00
-3.0186909560e+00 3.9268575882e+00 -2.7409981134e+00
-3.0186964659e+00 3.9268498000e+00 -2.7410327147e+00
-3.0186848397e+00 3.9268763887e+00 -2.7410026717e+00
-3.0186902379e+00 3.9268679891e+00 -2.7410368225e+00
-3.0186901898e+00 3.9268603892e+00 -2.7409965117e+00
-3.0186956327e+00 3.9268534643e+00 -2.7410313874e+00
1.2789344267e+00 -1.5453054781e+00 -6.6469213596e-01
1.2789375844e+00 -1.5453106618e+00 -6.6470849357e-01
1.2789341513e+00 -1.5452859983e+00 -6.6468644276e-01
1.2789375235e+00 -1.5452928278e+00 -6.6470238807e-01
1.2789469069e+00 -1.5452997903e+00 -6.6469211119e-01
1.2789500858e+00 -1.5453052639e+00 -6.6470854726e-01
1.2789466635e+00 -1.5452802914e+00 -6.6468643430e-01
1.2789500222e+00 -1.5452871150e+00 -6.6470236765e-01
-3.4841948914e+00 1.7032054417e+00 -2.0834285789e+00
-3.4842059028e+00 1.7032066451e+00 -2.0834583377e+00
-3.4841909880e+00 1.7032179512e+00 -2.0834156414e+00
-3.4842013798e+00 1.7032195173e+00 -2.0834454695e+00
-3.4841687441e+00 1.7032103255e+00 -2.0834312917e+00
-3.4841787708e+00 1.7032121069e+00 -2.0834600758e+00
-3.4841654394e+00 1.7032232257e+00 -2.0834184605e+00
-3.4841748067e+00 1.7032253659e+00 -2.0834472890e+00
1.0147419867e+00 2.1661251158e+00 5.7105502156e-01
1.0147311518e+00 2.1661125452e+00 5.7103294124e-01
1.0147481827e+00 2.1661141761e+00 5.7105763720e-01
1.0147377707e+00 2.1661014747e+00 5.7103544246e-01
1.0147451687e+00 2.1661250336e+00 5.7105532044e-01
1.0147341622e+00 2.1661119841e+00 5.7103308554e-01
1.0147513422e+00 2.1661141000e+00 5.7105793332e-01
1.0147407587e+00 2.1661009198e+00 5.7103558401e-01
-4.4075822234e-01 -5.3228017332e-01 -2.0253940970e+00
-4.4075290536e-01 -5.3226953862e-01 -2.0254104593e+00
-4.4074766084e-01 -5.3229084247e-01 -2.0253873471e+00
-4.4074219102e-01 -5.3228018857e-01 -2.0254036650e+00
-4.4075376710e-01 -5.3227914107e-01 -2.0253976120e+00
-4.4074838013e-01 -5.3226851442e-01 -2.0254139871e+00
-4.4074312498e-01 -5.3228980523e-01 -2.0253908317e+00
-4.4073776218e-01 -5.3227918058e-01 -2.0254072121e+00
6.4117025433e-01 3.4608335177e+00 -2.6259801713e+00
6.4117497986e-01 3.4608202927e+00 -2.6260056318e+00
6.4116598979e-01 3.4608182878e+00 -2.6259838888e+00
6.4117139616e-01 3.4608055355e+00 -2.6260089051e+00
6.4118982650e-01 3.4608348976e+00 -2.6259826696e+00
6.4119459256e-01 3.4608217149e+00 -2.6260079793e+00
6.4118563089e-01 3.4608196184e+00 -2.6259862960e+00
6.4119107783e-01 3.4608069084e+00 -2.6260111615e+00
6.0135404504e+00 8.9332917120e-01 -1.4732295454e-01
6.0135439195e+00 8.9333219399e-01 -1.4732903575e-01
6.0135402865e+00 8.9332467924e-01 -1.4731767738e-01
6.0135438777e+00 8.9332728174e-01 -1.4732419872e-01
6.0135316995e+00 8.9333385605e-01 -1.4732031294e-01
6.0135353539e+00 8.9333665841e-01 -1.4732633104e-01
6.0135315849e+00 8.9332952688e-01 -1.4731488398e-01
6.0135353008e+00 8.9333216256e-01 -1.4732119522e-01
-4.9438822767e+00 1.3493760892e+00 -3.7264352048e+00
-4.9438794429e+00 1.3493724622e+00 -3.7264569953e+00
-4.9438806931e+00 1.3493588200e+00 -3.7264359345e+00
-4.9438785775e+00 1.3493557140e+00 -3.7264571626e+00
-4.9439428746e+00 1.3493676974e+00 -3.7264217033e+00
-4.9439412244e+00 1.3493648330e+00 -3.7264428255e+00
-4.9439418669e+00 1.3493508372e+00 -3.7264216605e+00
-4.9439392202e+00 1.3493472322e+00 -3.7264437715e+00
-4.9137652602e+00 1.9753972093e+00 -2.7838644270e+00
-4.9137690296e+00 1.9754044051e+00 -2.7838642736e+00
-4.9137550446e+00 1.9753789018e+00 -2.7838569884e+00
-4.9137585767e+00 1.9753860110e+00 -2.7838565807e+00
-4.9137626976e+00 1.9754008178e+00 -2.7838588649e+00
-4.9137673708e+00 1.9754079338e+00 -2.7838589322e+00
-4.9137526094e+00 1.9753830756e+00 -2.7838512133e+00
-4.9137570469e+00 1.9753901067e+00 -2.7838510287e+00
-5.5680076860e+00 -1.1359132318e+00 2.0333053095e+00
-5.5680157546e+00 -1.1359295978e+00 2.0332652827e+00
-5.5680134398e+00 -1.1359277477e+00 2.0333154977e+00
-5.5680223525e+00 -1.1359424208e+00 2.0332754864e+00
-5.5679967800e+00 -1.1359140167e+00 2.0333026999e+00
-5.5680048205e+00 -1.1359291343e+00 2.0332621728e+00
-5.5680024854e+00 -1.1359272945e+00 2.0333123798e+00
-5.5680114020e+00 -1.1359419428e+00 2.0332723716e+00
1.9436892995e+00 5.0104887570e+00 1.3956332431e+00
1.9436949320e+00 5.0104948726e+00 1.3956171446e+00
1.9436867014e+00 5.0104806279e+00 1.3956421058e+00
1.9436924370e+00 5.0104864914e+00 1.3956258259e+00
1.9436884129e+00 5.0104776618e+00 1.3956190152e+00
1.9436930308e+00 5.0104834117e+00 1.3956021546e+00
1.9436859021e+00 5.0104695308e+00 1.3956280021e+00
1.9436906228e+00 5.0104750294e+00 1.3956109600e+00
5.0321208092e+00 -7.1583164853e+00 -3.0784793891e+00
5.0321138857e+00 -7.1583205960e+00 -3.0785109097e+00
5.0321063300e+00 -7.1583025394e+00 -3.0784729371e+00
5.0320993553e+00 -7.1583066844e+00 -3.0785044972e+00
5.0321332387e+00 -7.1583131244e+00 -3.0784844636e+00
5.0321263197e+00 -7.1583172275e+00 -3.0785159565e+00
5.0321187847e+00 -7.1582991852e+00 -3.0784780130e+00
5.0321118145e+00 -7.1583033226e+00 -3.0785095454e+00
3.9298309634e+00 8.3910924404e+00 8.7563368619e-02
3.9298238608e+00 8.3910981789e+00 8.7550996220e-02
3.9298343692e+00 8.3910814438e+00 8.7571914447e-02
3.9298272837e+00 8.3910872217e+00 8.7559560269e-02
3.9298423964e+00 8.3910987251e+00 8.7566526298e-02
3.9298354963e+00 8.3911044451e+00 8.7554107121e-02
3.9298458000e+00 8.3910877620e+00 8.7574798719e-02
3.9298388799e+00 8.3910935005e+00 8.7562389696e-02
3.4277533587e+00 -1.2272507685e+01 -2.3866560417e+00
3.4277633814e+00 -1.2272509446e+01 -2.3866804082e+00
3.4277567765e+00 -1.2272500118e+01 -2.3866560608e+00
3.4277661008e+00 -1.2272503718e+01 -2.3866801931e+00
3.4277486093e+00 -1.2272507041e+01 -2.3866506957e+00
3.4277586295e+00 -1.2272508814e+01 -2.3866750608e+00
3.4277521057e+00 -1.2272499299e+01 -2.3866509558e+00
3.4277614101e+00 -1.2272502917e+01 -2.3866750836e+00
-2.3018449945e-02 -1.3138842193e+00 -3.6141346052e+00
-2.3016063642e-02 -1.3138803545e+00 -3.6141501907e+00
-2.3029675692e-02 -1.3139060765e+00 -3.6141284908e+00
-2.3027265638e-02 -1.3139024380e+00 -3.6141442727e+00
-2.3061643963e-02 -1.3138879333e+00 -3.6141268001e+00
-2.3060673644e-02 -1.3138855464e+00 -3.6141427382e+00
-2.3072986763e-02 -1.3139099650e+00 -3.6141210306e+00
-2.3072046245e-02 -1.3139073186e+00 -3.6141367174e+00
-3.0490357581e+00 -2.8409246863e+00 -1.0001754530e+00
-3.0490254893e+00 -2.8409259219e+00 -1.0001946785e+00
-3.0490198252e+00 -2.8409331871e+00 -1.0001772462e+00
-3.0490100975e+00 -2.8409345385e+00 -1.0001959876e+00
-3.0490349178e+00 -2.8409168501e+00 -1.0001752149e+00
-3.0490245683e+00 -2.8409179179e+00 -1.0001945189e+00
-3.0490189463e+00 -2.8409252290e+00 -1.0001770358e+00
-3.0490091377e+00 -2.8409264128e+00 -1.0001958558e+00
-4.3785020012e+00 1.2378901537e+00 1.3855538525e+01
-4.3784970605e+00 1.2378912989e+00 1.3855534874e+01
-4.3784986774e+00 1.2378951310e+00 1.3855538533e+01
-4.3784936270e+00 1.2378962067e+00 1.3855534725e+01
-4.3785006479e+00 1.2378940212e+00 1.3855540035e+01
-4.3784957070e+00 1.2378951684e+00 1.3855536384e+01
-4.3784975717e+00 1.2378988212e+00 1.3855540380e+01
-4.3784925211e+00 1.2378998987e+00 1.3855536571e+01
3.3070316971e+00 1.1129414008e+00 1.8475240275e+01
3.3070350676e+00 1.1129295904e+00 1.8475228726e+01
3.3070232226e+00 1.1129337816e+00 1.8475236377e+01
3.3070265484e+00 1.1129219410e+00 1.8475224838e+01
3.3070272391e+00 1.1129425580e+00 1.8475236443e+01
3.3070306141e+00 1.1129307467e+00 1.8475224892e+01
3.3070186978e+00 1.1129350102e+00 1.8475232548e+01
3.3070220281e+00 1.1129231688e+00 1.8475221007e+01
4.1193582749e+00 1.3427038945e+00 1.4575258177e+01
4.1193581306e+00 1.3426977112e+00 1.4575253744e+01
4.1193580344e+00 1.3427117522e+00 1.4575255740e+01
4.1193578806e+00 1.3427055703e+00 1.4575251300e+01
4.1193564399e+00 1.3427100440e+00 1.4575260074e+01
4.1193562764e+00 1.3427038265e+00 1.4575255693e+01
4.1193562737e+00 1.3427179266e+00 1.4575257601e+01
4.1193561008e+00 1.3427117105e+00 1.4575253212e+01
-1.1927417078e+00 5.9866479825e-02 1.9554851220e+01
-1.1927445863e+00 5.9865929302e-02 1.9554842472e+01
-1.1927388333e+00 5.9868325643e-02 1.9554840927e+01
-1.1927417038e+00 5.9867772110e-02 1.9554832174e+01
-1.1927363497e+00 5.9862589714e-02 1.9554854270e+01
-1.1927392643e+00 5.9862130336e-02 1.9554845659e+01
-1.1927335327e+00 5.9864420405e-02 1.9554844008e+01
-1.1927364489e+00 5.9863960383e-02 1.9554835403e+01
8.7339652862e-01 -8.1881455227e-01 1.5302697860e+01
8.7339171138e-01 -8.1881215786e-01 1.5302697793e+01
8.7339446408e-01 -8.1880980913e-01 1.5302700149e+01
8.7338976275e-01 -8.1880733873e-01 1.5302700185e+01
8.7339537965e-01 -8.1881299100e-01 1.5302698782e+01
8.7339055618e-01 -8.1881060187e-01 1.5302698710e+01
8.7339339671e-01 -8.1880823531e-01 1.5302701120e+01
8.7338868914e-01 -8.1880577020e-01 1.5302701152e+01
-3.1472190465e+00 -3.8980360477e+00 1.6846022066e+01
-3.1472219540e+00 -3.8980499575e+00 1.6846015826e+01
-3.1472135268e+00 -3.8980437861e+00 1.6846024938e+01
-3.1472164285e+00 -3.8980578877e+00 1.6846018373e+01
-3.1472323258e+00 -3.8980384305e+00 1.6846016544e+01
-3.1472349387e+00 -3.8980516656e+00 1.6846009538e+01
-3.1472269781e+00 -3.8980463082e+00 1.6846018873e+01
-3.1472295977e+00 -3.8980595458e+00 1.6846011860e+01
1.7029872415e-01 2.5279423464e+00 1.4482364337e+01
1.7029956630e-01 2.5279417013e+00 1.4482360064e+01
1.7029679211e-01 2.5279446495e+00 1.4482366213e+01
1.7029763360e-01 2.5279442567e+00 1.4482362232e+01
1.7027129530e-01 2.5279389910e+00 1.4482366387e+01
1.7027205185e-01 2.5279385696e+00 1.4482362150e+01
1.7026931606e-01 2.5279411447e+00 1.4482368313e+01
1.7027008190e-01 2.5279409683e+00 1.4482364320e+01
2.9475886532e+00 -3.2970750404e+00 1.3393440771e+01
2.9475767267e+00 -3.2970767253e+00 1.3393460002e+01
2.9475880553e+00 -3.2970857661e+00 1.3393442096e+01
2.9475763713e+00 -3.2970882169e+00 1.3393462314e+01
2.9475752487e+00 -3.2970730495e+00 1.3393436946e+01
2.9475632471e+00 -3.2970747597e+00 1.3393456168e+01
2.9475746136e+00 -3.2970837801e+00 1.3393438312e+01
2.9475629184e+00 -3.2970862145e+00 1.3393458456e+01
1.4906768363e+00 -6.6037767737e-01 1.4208455455e+01
1.4906796941e+00 -6.6037988565e-01 1.4208455059e+01
1.4906773567e+00 -6.6037159919e-01 1.4208448753e+01
1.4906802141e+00 -6.6037380861e-01 1.4208448360e+01
1.4906751476e+00 -6.6037858527e-01 1.4208447524e+01
1.4906780055e+00 -6.6038079355e-01 1.4208447128e+01
1.4906755314e+00 -6.6037258130e-01 1.4208440685e+01
1.4906783888e+00 -6.6037479071e-01 1.4208440292e+01
1.0652401008e+00 8.7666422623e-01 1.5092437874e+01
1.0652572938e+00 8.7666816410e-01 1.5092410320e+01
1.0652302566e+00 8.7668133636e-01 1.5092442346e+01
1.0652456193e+00 8.7668629050e-01 1.5092415902e+01
1.0652430173e+00 8.7666759556e-01 1.5092437791e+01
1.0652602134e+00 8.7667153186e-01 1.5092410230e+01
1.0652333140e+00 8.7668654460e-01 1.5092441605e+01
1.0652486626e+00 8.7669149985e-01 1.5092415201e+01
-1.4597851569e-01 -9.4806129354e+00 1.5245424349e+01
-1.4597578677e-01 -9.4806149584e+00 1.5245409853e+01
-1.4597618605e-01 -9.4806062589e+00 1.5245428511e+01
-1.4597346617e-01 -9.4806082875e+00 1.5245414030e+01
-1.4601061508e-01 -9.4806157276e+00 1.5245423164e+01
-1.4600787510e-01 -9.4806177188e+00 1.5245408601e+01
-1.4600802088e-01 -9.4806090383e+00 1.5245426956e+01
-1.4600528994e-01 -9.4806110352e+00 1.5245412407e+01
4.6795908712e+00 8.1331626283e+00 1.2753868597e+01
4.6795878981e+00 8.1331683993e+00 1.2753856090e+01
4.6795972078e+00 8.1331628048e+00 1.2753870551e+01
4.6795942317e+00 8.1331685619e+00 1.2753858028e+01
4.6795854598e+00 8.1331614075e+00 1.2753870139e+01
4.6795824846e+00 8.1331671835e+00 1.2753857636e+01
4.6795917561e+00 8.1331615254e+00 1.2753872119e+01
4.6795887779e+00 8.1331672871e+00 1.2753859600e+01
-1.0915882965e+00 -3.4904189962e+00 1.8629915097e+01
-1.0915986696e+00 -3.4904167951e+00 1.8629903300e+01
-1.0915866986e+00 -3.4904108215e+00 1.8629918233e+01
-1.0915968621e+00 -3.4904087569e+00 1.8629906757e+01
-1.0915782163e+00 -3.4904225129e+00 1.8629914802e+01
-1.0915886289e+00 -3.4904203018e+00 1.8629902961e+01
-1.0915765925e+00 -3.4904143703e+00 1.8629917965e+01
-1.0915867960e+00 -3.4904122961e+00 1.8629906446e+01
-6.2442105217e-01 5.3515975096e+00 1.6414215348e+01
-6.2441639755e-01 5.3516032348e+00 1.6414220652e+01
-6.2442710605e-01 5.3515982114e+00 1.6414218532e+01
-6.2442252916e-01 5.3516039028e+00 1.6414224341e+01
-6.2441939411e-01 5.3515993847e+00 1.6414218841e+01
-6.2441462491e-01 5.3516049861e+00 1.6414224427e+01
-6.2442544816e-01 5.3516000719e+00 1.6414222012e+01
-6.2442074569e-01 5.3516056646e+00 1.6414228123e+01
4.2327275461e-01 1.5708516767e+00 1.3683385638e+01
4.2327468284e-01 1.5708521288e+00 1.3683382405e+01
4.2326789860e-01 1.5708592231e+00 1.3683377770e+01
4.2326983644e-01 1.5708596712e+00 1.3683374552e+01
4.2327555248e-01 1.5708541119e+00 1.3683382131e+01
4.2327749207e-01 1.5708545600e+00 1.3683378895e+01
4.2327069733e-01 1.5708616582e+00 1.3683374265e+01
4.2327264654e-01 1.5708621023e+00 1.3683371042e+01
-2.0143801393e+00 2.8950191927e+00 1.4953020817e+01
-2.0143830277e+00 2.8950292178e+00 1.4953008186e+01
-2.0143788333e+00 2.8950263527e+00 1.4953016093e+01
-2.0143817274e+00 2.8950363759e+00 1.4953003463e+01
-2.0143717897e+00 2.8950173322e+00 1.4953021843e+01
-2.0143747416e+00 2.8950273685e+00 1.4953009126e+01
-2.0143704618e+00 2.8950243523e+00 1.4953017167e+01
-2.0143734151e+00 2.8950343928e+00 1.4953004459e+01
-2.1718777936e+00 -1.0016892134e+00 -1.3875589024e+01
-2.1718814160e+00 -1.0016874515e+00 -1.3875571576e+01
-2.1718756299e+00 -1.0016790064e+00 -1.3875595536e+01
-2.1718791364e+00 -1.0016764512e+00 -1.3875578602e+01
-2.1718661861e+00 -1.0016909102e+00 -1.3875590471e+01
-2.1718692121e+00 -1.0016884291e+00 -1.3875572539e+01
-2.1718640596e+00 -1.0016807208e+00 -1.3875596988e+01
-2.1718668453e+00 -1.0016769625e+00 -1.3875579611e+01
-2.0865572236e+00 3.4854246880e+00 -1.5049136881e+01
-2.0865546520e+00 3.4854296309e+00 -1.5049102692e+01
-2.0865663488e+00 3.4854388511e+00 -1.5049134403e+01
-2.0865624550e+00 3.4854448323e+00 -1.5049102441e+01
-2.0865596787e+00 3.4854251241e+00 -1.5049140064e+01
-2.0865573621e+00 3.4854298777e+00 -1.5049105813e+01
-2.0865689369e+00 3.4854393899e+00 -1.5049137821e+01
-2.0865651592e+00 3.4854450243e+00 -1.5049105682e+01
1.5902640030e+00 -8.9248535984e-02 -1.5076003159e+01
1.5902691004e+00 -8.9247737349e-02 -1.5076003160e+01
1.5902571127e+00 -8.9244136521e-02 -1.5076002451e+01
1.5902623675e+00 -8.9243216962e-02 -1.5076002754e+01
1.5902657715e+00 -8.9248233684e-02 -1.5076002976e+01
1.5902710487e+00 -8.9247318631e-02 -1.5076002896e+01
1.5902588831e+00 -8.9243833781e-02 -1.5076002269e+01
1.5902642959e+00 -8.9242876348e-02 -1.5076002533e+01
8.8827944342e-01 7.2818485473e-01 -2.0510018475e+01
8.8828147584e-01 7.2818154159e-01 -2.0510016279e+01
8.8828358490e-01 7.2817315682e-01 -2.0510013030e+01
8.8828538429e-01 7.2816982094e-01 -2.0510010887e+01
8.8828342415e-01 7.2818275766e-01 -2.0510015849e+01
8.8828546806e-01 7.2817933883e-01 -2.0510013504e+01
8.8828756214e-01 7.2817105940e-01 -2.0510010401e+01
8.8828937301e-01 7.2816761781e-01 -2.0510008110e+01
-8.2248837178e-01 -1.7464640310e+00 -1.6755975224e+01
-8.2248795140e-01 -1.7464638823e+00 -1.6755967065e+01
-8.2248679408e-01 -1.7464606442e+00 -1.6755973309e+01
-8.2248652847e-01 -1.7464608863e+00 -1.6755965090e+01
-8.2249862567e-01 -1.7464644959e+00 -1.6755972231e+01
-8.2249826517e-01 -1.7464642761e+00 -1.6755963964e+01
-8.2249707131e-01 -1.7464612307e+00 -1.6755970369e+01
-8.2249683840e-01 -1.7464613271e+00 -1.6755961996e+01
6.5849583441e-01 5.7948877867e+00 -1.9782946537e+01
6.5849102321e-01 5.7948828529e+00 -1.9782942309e+01
6.5849991244e-01 5.7948759632e+00 -1.9782950237e+01
6.5849525751e-01 5.7948704096e+00 -1.9782946174e+01
6.5846730193e-01 5.7948872345e+00 -1.9782951367e+01
6.5846265744e-01 5.7948819802e+00 -1.9782947108e+01
6.5847191820e-01 5.7948754239e+00 -1.9782955147e+01
6.5846706989e-01 5.7948702973e+00 -1.9782950693e+01
2.5871962208e+00 -3.0283862815e+00 -1.0503312890e+01
2.5871933881e+00 -3.0283881732e+00 -1.0503308404e+01
2.5871984343e+00 -3.0283658250e+00 -1.0503317351e+01
2.5871958150e+00 -3.0283677954e+00 -1.0503312451e+01
2.5871987314e+00 -3.0283784418e+00 -1.0503314242e+01
2.5871959727e+00 -3.0283803043e+00 -1.0503309771e+01
2.5872010484e+00 -3.0283584441e+00 -1.0503318511e+01
2.5871978874e+00 -3.0283597232e+00 -1.0503313481e+01
2.1009729892e-01 2.3939546516e+00 -1.4154093081e+01
2.1009311435e-01 2.3939499095e+00 -1.4154086906e+01
2.1009488386e-01 2.3939463558e+00 -1.4154091789e+01
2.1009057502e-01 2.3939415399e+00 -1.4154085689e+01
2.1010806344e-01 2.3939518067e+00 -1.4154093953e+01
2.1010385179e-01 2.3939470254e+00 -1.4154087714e+01
2.1010565475e-01 2.3939435164e+00 -1.4154092500e+01
2.1010131883e-01 2.3939386612e+00 -1.4154086336e+01
2.2050204819e-01 -3.4950966370e+00 -1.6015149031e+01
2.2050211067e-01 -3.4950991497e+00 -1.6015166962e+01
2.2049866791e-01 -3.4950944936e+00 -1.6015151330e+01
2.2049880305e-01 -3.4950970656e+00 -1.6015169331e+01
2.2049947202e-01 -3.4950974336e+00 -1.6015156209e+01
2.2049953450e-01 -3.4950999463e+00 -1.6015174139e+01
2.2049607510e-01 -3.4950952812e+00 -1.6015158559e+01
2.2049621025e-01 -3.4950978531e+00 -1.6015176559e+01
3.5898157082e+00 -2.6133594109e+00 -1.6089004684e+01
3.5898256290e+00 -2.6133472396e+00 -1.6088976557e+01
3.5898222098e+00 -2.6133663726e+00 -1.6089001306e+01
3.5898315466e+00 -2.6133542993e+00 -1.6088973254e+01
3.5898080735e+00 -2.6133577195e+00 -1.6089005549e+01
3.5898177475e+00 -2.6133453780e+00 -1.6088977346e+01
3.5898145743e+00 -2.6133646807e+00 -1.6089002170e+01
3.5898236682e+00 -2.6133524281e+00 -1.6088974035e+01
3.2251894093e+00 -1.8316274081e+00 -2.0171073471e+01
3.2251894977e+00 -1.8316328781e+00 -2.0171073499e+01
3.2251871693e+00 -1.8316334929e+00 -2.0171078606e+01
3.2251873058e+00 -1.8316388734e+00 -2.0171078635e+01
3.2251887128e+00 -1.8316272189e+00 -2.0171067417e+01
3.2251886595e+00 -1.8316325864e+00 -2.0171067705e+01
3.2251864624e+00 -1.8316332966e+00 -2.0171072570e+01
3.2251864571e+00 -1.8316385746e+00 -2.0171072858e+01
-1.7704749624e+00 -2.2143309700e+00 -1.5596360366e+01
-1.7704765147e+00 -2.2143205717e+00 -1.5596356773e+01
-1.7704745749e+00 -2.2143137277e+00 -1.5596356453e+01
-1.7704756116e+00 -2.2143035792e+00 -1.5596352714e+01
-1.7704784959e+00 -2.2143311549e+00 -1.5596360943e+01
-1.7704800467e+00 -2.2143207591e+00 -1.5596357347e+01
-1.7704783832e+00 -2.2143144737e+00 -1.5596357049e+01
-1.7704792648e+00 -2.2143042564e+00 -1.5596353104e+01
-3.6064751023e+00 -4.3677153973e-01 -1.8643306613e+01
-3.6064775825e+00 -4.3676899718e-01 -1.8643302877e+01
-3.6064772402e+00 -4.3677369041e-01 -1.8643308215e+01
-3.6064797387e+00 -4.3677108968e-01 -1.8643304499e+01
-3.6064750733e+00 -4.3677346938e-01 -1.8643306460e+01
-3.6064774858e+00 -4.3677090542e-01 -1.8643302704e+01
-3.6064772611e+00 -4.3677531008e-01 -1.8643307583e+01
-3.6064797026e+00 -4.3677269072e-01 -1.8643303852e+01
-1.2325695932e+00 -2.5691485163e+00 -1.1904467536e+01
-1.2325778950e+00 -2.5691413394e+00 -1.1904437851e+01
-1.2325681769e+00 -2.5691329648e+00 -1.1904458642e+01
-1.2325762526e+00 -2.5691248492e+00 -1.1904431252e+01
-1.2325563607e+00 -2.5691487856e+00 -1.1904465805e+01
-1.2325637464e+00 -2.5691421801e+00 -1.1904436704e+01
-1.2325545942e+00 -2.5691332572e+00 -1.1904457940e+01
-1.2325630216e+00 -2.5691250980e+00 -1.1904429817e+01
-2.5618610791e-01 5.6597412493e-01 -1.2479998104e+01
-2.5618396048e-01 5.6597695738e-01 -1.2479977728e+01
-2.5618478815e-01 5.6598074040e-01 -1.2479998101e+01
-2.5618275954e-01 5.6598370149e-01 -1.2479977587e+01
-2.5617326741e-01 5.6597507991e-01 -1.2480000201e+01
-2.5617119251e-01 5.6597855055e-01 -1.2479980579e+01
-2.5617213409e-01 5.6598201404e-01 -1.2480000238e+01
-2.5617000120e-01 5.6598531912e-01 -1.2479980422e+01
4.0930827029e-01 -1.4924343851e+00 -1.5113303148e+01
4.0930654562e-01 -1.4924323708e+00 -1.5113292007e+01
4.0929628767e-01 -1.4924306318e+00 -1.5113293147e+01
4.0929424170e-01 -1.4924283958e+00 -1.5113281723e+01
4.0929195885e-01 -1.4924350355e+00 -1.5113304435e+01
4.0929005574e-01 -1.4924334475e+00 -1.5113293172e+01
4.0927980266e-01 -1.4924315352e+00 -1.5113294281e+01
4.0927773739e-01 -1.4924299955e+00 -1.5113282861e+01
-4.4542397050e+00 -4.2906388768e+00 1.7458065433e+01
-4.4542311593e+00 -4.2906275310e+00 1.7458109897e+01
-4.4542320181e+00 -4.2906248487e+00 1.7458067929e+01
-4.4542245799e+00 -4.2906127911e+00 1.7458112436e+01
-4.4542759991e+00 -4.2906361620e+00 1.7458067104e+01
-4.4542691415e+00 -4.2906258982e+00 1.7458110605e+01
-4.4542687646e+00 -4.2906219890e+00 1.7458069078e+01
-4.4542620242e+00 -4.2906114088e+00 1.7458112160e+01
1.9034723814e+00 2.6548761721e+00 1.4115684526e+01
1.9034771879e+00 2.6548672326e+00 1.4115681148e+01
1.9034687514e+00 2.6548742235e+00 1.4115682392e+01
1.9034736078e+00 2.6548651446e+00 1.4115679031e+01
1.9034717073e+00 2.6548733280e+00 1.4115683566e+01
1.9034765722e+00 2.6548643994e+00 1.4115680179e+01
1.9034680756e+00 2.6548713796e+00 1.4115681432e+01
1.9034729886e+00 2.6548622850e+00 1.4115678063e+01
4.1571105168e+00 3.9275115786e+00 2.2533079712e+01
4.1571143987e+00 3.9275104819e+00 2.2533108732e+01
4.1571001230e+00 3.9275336779e+00 2.2533081659e+01
4.1571034055e+00 3.9275328806e+00 2.2533110668e+01
4.1571167448e+00 3.9275055010e+00 2.2533083135e+01
4.1571207272e+00 3.9275043923e+00 2.2533112277e+01
4.1571062962e+00 3.9275273715e+00 2.2533085363e+01
4.1571098520e+00 3.9275264140e+00 2.2533114118e+01
-2.9433746068e+00 -1.2788663620e+00 1.9637804163e+01
-2.9433752741e+00 -1.2788679463e+00 1.9637812884e+01
-2.9433779776e+00 -1.2788649106e+00 1.9637796459e+01
-2.9433788459e+00 -1.2788669447e+00 1.9637805191e+01
-2.9433773612e+00 -1.2788641540e+00 1.9637806679e+01
-2.9433777447e+00 -1.2788653291e+00 1.9637815382e+01
-2.9433807330e+00 -1.2788627027e+00 1.9637798975e+01
-2.9433813177e+00 -1.2788643275e+00 1.9637807689e+01
-2.2990618415e+00 6.6633552777e+00 1.8735341619e+01
-2.2990550445e+00 6.6633606264e+00 1.8735350396e+01
-2.2990617364e+00 6.6633669941e+00 1.8735339745e+01
-2.2990544351e+00 6.6633724359e+00 1.8735348282e+01
-2.2990570393e+00 6.6633552275e+00 1.8735339094e+01
-2.2990502427e+00 6.6633605762e+00 1.8735347872e+01
-2.2990571029e+00 6.6633670122e+00 1.8735337384e+01
-2.2990498220e+00 6.6633724525e+00 1.8735345922e+01
-5.3582097410e-01 -1.0027660320e+00 1.4919612341e+01
-5.3582187349e-01 -1.0027698248e+00 1.4919618438e+01
-5.3581520826e-01 -1.0027636957e+00 1.4919607373e+01
-5.3581611423e-01 -1.0027672421e+00 1.4919613717e+01
-5.3581576181e-01 -1.0027671597e+00 1.4919610413e+01
-5.3581658797e-01 -1.0027709249e+00 1.4919616554e+01
-5.3581001037e-01 -1.0027648705e+00 1.4919605462e+01
-5.3581084529e-01 -1.0027683899e+00 1.4919611850e+01
1.6492423682e+00 -3.5410868488e+00 1.7592696291e+01
1.6492337690e+00 -3.5410851665e+00 1.7592689754e+01
1.6492427904e+00 -3.5410817274e+00 1.7592699420e+01
1.6492342360e+00 -3.5410800600e+00 1.7592692857e+01
1.6492451342e+00 -3.5410857629e+00 1.7592698376e+01
1.6492358967e+00 -3.5410845190e+00 1.7592691774e+01
1.6492459762e+00 -3.5410803794e+00 1.7592701754e+01
1.6492367834e+00 -3.5410791504e+00 1.7592695126e+01
5.4519885333e+00 -4.2944037192e-01 1.6394463161e+01
5.4519878663e+00 -4.2943981918e-01 1.6394466319e+01
5.4519902300e+00 -4.2944323024e-01 1.6394460981e+01
5.4519895313e+00 -4.2944279950e-01 1.6394464045e+01
5.4520121435e+00 -4.2944029354e-01 1.6394451972e+01
5.4520114740e+00 -4.2943968463e-01 1.6394455153e+01
5.4520138493e+00 -4.2944323289e-01 1.6394449820e+01
5.4520131481e+00 -4.2944274599e-01 1.6394452907e+01
-3.3180028337e-01 -1.5203977328e+00 1.8577311158e+01
-3.3179214657e-01 -1.5203979882e+00 1.8577329342e+01
-3.3179687936e-01 -1.5203894670e+00 1.8577311434e+01
-3.3178865599e-01 -1.5203896259e+00 1.8577329893e+01
-3.3182334920e-01 -1.5203918931e+00 1.8577318802e+01
-3.3181507336e-01 -1.5203906702e+00 1.8577337120e+01
-3.3182034862e-01 -1.5203834270e+00 1.8577318863e+01
-3.3181193920e-01 -1.5203824133e+00 1.8577337415e+01
1.5890836491e+00 2.8312649486e+00 1.7240817849e+01
1.5890780104e+00 2.8312606809e+00 1.7240821701e+01
1.5890850727e+00 2.8312723740e+00 1.7240800599e+01
1.5890793114e+00 2.8312679811e+00 1.7240804703e+01
1.5890816449e+00 2.8312680405e+00 1.7240819821e+01
1.5890757967e+00 2.8312634029e+00 1.7240823626e+01
1.5890828741e+00 2.8312750806e+00 1.7240802518e+01
1.5890771029e+00 2.8312706673e+00 1.7240806621e+01
6.4103256751e+00 5.3492779923e-01 1.8831205090e+01
6.4103190905e+00 5.3493046891e-01 1.8831232591e+01
6.4103227724e+00 5.3492307423e-01 1.8831197607e+01
6.4103164737e+00 5.3492555989e-01 1.8831225720e+01
6.4102941700e+00 5.3493637545e-01 1.8831215325e+01
6.4102887477e+00 5.3493917593e-01 1.8831243767e+01
6.4102911210e+00 5.3493215680e-01 1.8831207987e+01
6.4102858020e+00 5.3493485515e-01 1.8831236829e+01
-7.1551155818e+00 2.9774318697e+00 1.6317154763e+01
-7.1551090528e+00 2.9774398208e+00 1.6317193621e+01
-7.1551103763e+00 2.9774419987e+00 1.6317152232e+01
-7.1551038762e+00 2.9774499818e+00 1.6317191208e+01
-7.1551186408e+00 2.9774298007e+00 1.6317156911e+01
-7.1551121277e+00 2.9774377922e+00 1.6317195794e+01
-7.1551134874e+00 2.9774399366e+00 1.6317154425e+01
-7.1551070123e+00 2.9774479573e+00 1.6317193428e+01
-1.5127615318e+00 -5.6266711501e+00 1.9018611534e+01
-1.5127601108e+00 -5.6266737881e+00 1.9018621700e+01
-1.5127636017e+00 -5.6266688139e+00 1.9018605947e+01
-1.5127623735e+00 -5.6266717901e+00 1.9018616088e+01
-1.5127583084e+00 -5.6266698527e+00 1.9018613177e+01
-1.5127571285e+00 -5.6266725663e+00 1.9018623165e+01
-1.5127604894e+00 -5.6266676451e+00 1.9018607472e+01
-1.5127595033e+00 -5.6266706965e+00 1.9018617434e+01
-9.9317604570e-02 3.5656684927e+00 1.5586349222e+01
-9.9318895452e-02 3.5656731474e+00 1.5586376936e+01
-9.9316894610e-02 3.5656824082e+00 1.5586351484e+01
-9.9317467428e-02 3.5656877843e+00 1.5586380605e+01
-9.9321498584e-02 3.5656689313e+00 1.5586348370e+01
-9.9322799146e-02 3.5656733811e+00 1.5586376288e+01
-9.9321122310e-02 3.5656830574e+00 1.5586350510e+01
-9.9321684783e-02 3.5656881782e+00 1.5586379288e+01
-3.8097613444e+00 -2.0739093785e+00 1.7873762161e+01
-3.8097640365e+00 -2.0739180529e+00 1.7873777633e+01
-3.8097608181e+00 -2.0739040740e+00 1.7873754523e+01
-3.8097634697e+00 -2.0739127400e+00 1.7873769970e+01
-3.8097485952e+00 -2.0739131647e+00 1.7873756116e+01
-3.8097513528e+00 -2.0739216509e+00 1.7873771758e+01
-3.8097480046e+00 -2.0739078927e+00 1.7873748477e+01
-3.8097507695e+00 -2.0739164588e+00 1.7873764086e+01
4.8448743344e+00 3.4554849409e+00 1.4839332903e+01
4.8448755926e+00 3.4554908431e+00 1.4839340107e+01
4.8448706335e+00 3.4554898574e+00 1.4839337383e+01
4.8448718954e+00 3.4554957625e+00 1.4839344588e+01
4.8448861155e+00 3.4554845911e+00 1.4839333474e+01
4.8448874020e+00 3.4554905596e+00 1.4839340652e+01
4.8448824129e+00 3.4554895062e+00 1.4839337958e+01
4.8448837308e+00 3.4554954935e+00 1.4839345137e+01
-1.8783835097e+00 8.5981793013e-01 -1.9769179311e+01
-1.8783788379e+00 8.5980561454e-01 -1.9769182141e+01
-1.8783948309e+00 8.5983621202e-01 -1.9769174676e+01
-1.8783905340e+00 8.5982446959e-01 -1.9769177564e+01
-1.8783826540e+00 8.5981933499e-01 -1.9769177122e+01
-1.8783784732e+00 8.5980697817e-01 -1.9769179910e+01
-1.8783946186e+00 8.5983783102e-01 -1.9769172466e+01
-1.8783903080e+00 8.5982607990e-01 -1.9769175356e+01
4.4286310446e-01 -2.7208781433e+00 -1.8931797155e+01
4.4287104496e-01 -2.7208730130e+00 -1.8931793472e+01
4.4286840830e-01 -2.7208633978e+00 -1.8931801678e+01
4.4287623521e-01 -2.7208585842e+00 -1.8931798168e+01
4.4286134174e-01 -2.7208808324e+00 -1.8931795005e+01
4.4286925798e-01 -2.7208757099e+00 -1.8931791317e+01
4.4286665008e-01 -2.7208661136e+00 -1.8931799584e+01
4.4287450129e-01 -2.7208612922e+00 -1.8931796079e+01
-1.7738364196e+00 -4.3873149425e-01 -1.5374352902e+01
-1.7738278368e+00 -4.3873733255e-01 -1.5374325089e+01
-1.7738383035e+00 -4.3873002786e-01 -1.5374352030e+01
-1.7738295161e+00 -4.3873559526e-01 -1.5374324349e+01
-1.7738669549e+00 -4.3874337138e-01 -1.5374353158e+01
-1.7738579733e+00 -4.3874958786e-01 -1.5374324797e+01
-1.7738680617e+00 -4.3874160100e-01 -1.5374352534e+01
-1.7738597752e+00 -4.3874816104e-01 -1.5374324038e+01
-9.9476714596e-01 -3.2359613835e-01 -2.4136086149e+01
-9.9476795296e-01 -3.2359676240e-01 -2.4136086354e+01
-9.9476643353e-01 -3.2359645593e-01 -2.4136083309e+01
-9.9476708405e-01 -3.2359698742e-01 -2.4136083402e+01
-9.9477044913e-01 -3.2359102833e-01 -2.4136085128e+01
-9.9477125610e-01 -3.2359165257e-01 -2.4136085333e+01
-9.9477000357e-01 -3.2359169854e-01 -2.4136082235e+01
-9.9477065408e-01 -3.2359223022e-01 -2.4136082328e+01
3.8460106114e-01 -1.5902734582e-01 -1.7585881307e+01
3.8459918926e-01 -1.5902965942e-01 -1.7585883842e+01
3.8460715392e-01 -1.5901528404e-01 -1.7585882116e+01
3.8460524421e-01 -1.5901756928e-01 -1.7585884663e+01
3.8462223949e-01 -1.5902830898e-01 -1.7585877428e+01
3.8462006401e-01 -1.5903025476e-01 -1.7585879838e+01
3.8462833369e-01 -1.5901613045e-01 -1.7585878308e+01
3.8462612032e-01 -1.5901804787e-01 -1.7585880730e+01
1.6346715854e+00 -3.5084321815e+00 -2.0388606641e+01
1.6346655013e+00 -3.5084257877e+00 -2.0388615724e+01
1.6346648974e+00 -3.5084302886e+00 -2.0388605717e+01
1.6346588172e+00 -3.5084238740e+00 -2.0388614843e+01
1.6346749412e+00 -3.5084335984e+00 -2.0388606090e+01
1.6346688998e+00 -3.5084279420e+00 -2.0388614689e+01
1.6346682512e+00 -3.5084317045e+00 -2.0388605166e+01
1.6346622139e+00 -3.5084260273e+00 -2.0388613807e+01
1.3287371758e+00 -6.1637476173e+00 -2.1710998634e+01
1.3287307386e+00 -6.1637492346e+00 -2.1711007099e+01
1.3287332558e+00 -6.1637193996e+00 -2.1711002001e+01
1.3287277490e+00 -6.1637209222e+00 -2.1711009908e+01
1.3287286121e+00 -6.1637454472e+00 -2.1711003681e+01
1.3287225887e+00 -6.1637470222e+00 -2.1711012870e+01
1.3287259579e+00 -6.1637175055e+00 -2.1711008756e+01
1.3287205384e+00 -6.1637190878e+00 -2.1711016587e+01
-6.4059113358e+00 -2.2868385807e+00 -1.1635837150e+01
-6.4059188045e+00 -2.2868351420e+00 -1.1635844570e+01
-6.4059088933e+00 -2.2868242884e+00 -1.1635833498e+01
-6.4059151744e+00 -2.2868204729e+00 -1.1635840362e+01
-6.4058960980e+00 -2.2868340755e+00 -1.1635838416e+01
-6.4059033210e+00 -2.2868307883e+00 -1.1635845763e+01
-6.4058936696e+00 -2.2868200288e+00 -1.1635835364e+01
-6.4059001952e+00 -2.2868160623e+00 -1.1635842302e+01
1.8625284447e+00 2.1524119422e-02 -2.3866499872e+01
1.8625207986e+00 2.1524771836e-02 -2.3866503060e+01
1.8625268679e+00 2.1523676523e-02 -2.3866506208e+01
1.8625193806e+00 2.1524417166e-02 -2.3866509692e+01
1.8625267136e+00 2.1523374257e-02 -2.3866509289e+01
1.8625191327e+00 2.1523991040e-02 -2.3866512480e+01
1.8625252146e+00 2.1522919139e-02 -2.3866515581e+01
1.8625177929e+00 2.1523623766e-02 -2.3866519069e+01
-2.7532896219e+00 7.8047492211e+00 -1.9956381944e+01
-2.7532876938e+00 7.8047519988e+00 -1.9956376389e+01
-2.7532904672e+00 7.8047540809e+00 -1.9956380919e+01
-2.7532885359e+00 7.8047568584e+00 -1.9956375341e+01
-2.7532913508e+00 7.8047564085e+00 -1.9956372450e+01
-2.7532893036e+00 7.8047591741e+00 -1.9956366850e+01
-2.7532921592e+00 7.8047612585e+00 -1.9956371380e+01
-2.7532901086e+00 7.8047640239e+00 -1.9956365758e+01
8.1916803934e-01 -4.2551528946e+00 -2.6041527972e+01
8.1918108679e-01 -4.2551466676e+00 -2.6041526607e+01
8.1916670984e-01 -4.2551394780e+00 -2.6041526713e+01
8.1918019808e-01 -4.2551325164e+00 -2.6041524290e+01
8.1915181323e-01 -4.2551568850e+00 -2.6041526974e+01
8.1916535132e-01 -4.2551501743e+00 -2.6041524950e+01
8.1915101116e-01 -4.2551436807e+00 -2.6041526874e+01
8.1916461025e-01 -4.2551369364e+00 -2.6041524818e+01
7.2059148702e-01 -6.9359940122e-01 -1.7197472261e+01
7.2059190042e-01 -6.9360185860e-01 -1.7197452014e+01
7.2058418347e-01 -6.9359931483e-01 -1.7197469704e+01
7.2058469610e-01 -6.9360179544e-01 -1.7197449839e+01
7.2059332305e-01 -6.9359529893e-01 -1.7197471112e+01
7.2059375051e-01 -6.9359772183e-01 -1.7197450979e+01
7.2058601643e-01 -6.9359523705e-01 -1.7197468567e+01
7.2058654845e-01 -6.9359772687e-01 -1.7197448796e+01
-3.0560880930e-01 -2.4508313795e-01 -2.3526133153e+01
-3.0560883296e-01 -2.4508464078e-01 -2.3526132626e+01
-3.0560707717e-01 -2.4504602473e-01 -2.3526132621e+01
-3.0560760260e-01 -2.4504813870e-01 -2.3526131902e+01
-3.0560336708e-01 -2.4507370886e-01 -2.3526133567e+01
-3.0560361281e-01 -2.4507556565e-01 -2.3526133071e+01
-3.0560211149e-01 -2.4503706999e-01 -2.3526132558e+01
-3.0560241539e-01 -2.4503883002e-01 -2.3526131808e+01
-2.0622664055e-01 -1.8671569383e+00 -1.5431404173e+01
-2.0622477591e-01 -1.8671532804e+00 -1.5431396484e+01
-2.0622277872e-01 -1.8671566924e+00 -1.5431405800e+01
-2.0622092669e-01 -1.8671530304e+00 -1.5431397991e+01
-2.0624243316e-01 -1.8671527462e+00 -1.5431397242e+01
-2.0624076647e-01 -1.8671489175e+00 -1.5431390200e+01
-2.0623846805e-01 -1.8671522226e+00 -1.5431398349e+01
-2.0623675167e-01 -1.8671483897e+00 -1.5431391355e+01
-8.0126308374e-01 5.8732797588e-01 -2.2480091251e+01
-8.0126884249e-01 5.8731685997e-01 -2.2480093782e+01
-8.0126097732e-01 5.8732746671e-01 -2.2480089197e+01
-8.0126673651e-01 5.8731638974e-01 -2.2480091820e+01
-8.0126146591e-01 5.8732231185e-01 -2.2480088667e+01
-8.0126719344e-01 5.8731129229e-01 -2.2480091215e+01
-8.0125950201e-01 5.8732186543e-01 -2.2480086854e+01
-8.0126522998e-01 5.8731088481e-01 -2.2480089494e+01
4.5766899852e+00 2.7632847924e+00 -1.6963037526e+01
4.5766830406e+00 2.7632855959e+00 -1.6963032969e+01
4.5766955391e+00 2.7633022121e+00 -1.6963044321e+01
4.5766899109e+00 2.7633037591e+00 -1.6963040153e+01
4.5767090270e+00 2.7632881616e+00 -1.6963036895e+01
4.5767030404e+00 2.7632893762e+00 -1.6963031669e+01
4.5767146261e+00 2.7633066438e+00 -1.6963042069e+01
4.5767081325e+00 2.7633077141e+00 -1.6963038574e+01
-2.4501367636e+00 1.9814591902e+00 1.8096243041e+01
-2.4501426423e+00 1.9814535614e+00 1.8096255569e+01
-2.4501408305e+00 1.9814660169e+00 1.8096248057e+01
-2.4501467510e+00 1.9814602138e+00 1.8096260351e+01
-2.4501347549e+00 1.9814664583e+00 1.8096243193e+01
-2.4501407188e+00 1.9814608359e+00 1.8096255681e+01
-2.4501391840e+00 1.9814730613e+00 1.8096248506e+01
-2.4501451898e+00 1.9814672646e+00 1.8096260760e+01
-1.6132419629e+00 7.1690632979e-01 1.0701556888e+01
-1.6132357836e+00 7.1690619070e-01 1.0701602349e+01
-1.6132419115e+00 7.1690720008e-01 1.0701563583e+01
-1.6132352701e+00 7.1690697786e-01 1.0701609075e+01
-1.6132432363e+00 7.1689963734e-01 1.0701551115e+01
-1.6132370385e+00 7.1689969555e-01 1.0701596552e+01
-1.6132432201e+00 7.1690043736e-01 1.0701557785e+01
-1.6132365604e+00 7.1690041287e-01 1.0701603253e+01
-2.6477918551e+00 3.3171903018e+00 2.2130755493e+01
-2.6477787750e+00 3.3171799012e+00 2.2130785364e+01
-2.6477911666e+00 3.3171904238e+00 2.2130756391e+01
-2.6477779133e+00 3.3171801904e+00 2.2130786300e+01
-2.6477952854e+00 3.3171872809e+00 2.2130758574e+01
-2.6477826478e+00 3.3171767380e+00 2.2130788386e+01
-2.6477946610e+00 3.3171873727e+00 2.2130759470e+01
-2.6477818472e+00 3.3171767430e+00 2.2130788965e+01
3.0344768355e+00 -3.0767929324e+00 1.8802216856e+01
3.0344763988e+00 -3.0767859806e+00 1.8802230464e+01
3.0344749694e+00 -3.0767879961e+00 1.8802223142e+01
3.0344744529e+00 -3.0767810873e+00 1.8802236798e+01
3.0344757822e+00 -3.0767925233e+00 1.8802215492e+01
3.0344753529e+00 -3.0767855868e+00 1.8802229090e+01
3.0344738791e+00 -3.0767875643e+00 1.8802221779e+01
3.0344733700e+00 -3.0767806708e+00 1.8802235425e+01
2.6209591846e+00 1.2241525421e+00 1.6039195898e+01
2.6209521675e+00 1.2241483447e+00 1.6039210325e+01
2.6209563999e+00 1.2241533172e+00 1.6039193850e+01
2.6209493426e+00 1.2241491904e+00 1.6039208307e+01
2.6209570316e+00 1.2241537750e+00 1.6039181597e+01
2.6209497665e+00 1.2241492393e+00 1.6039196564e+01
2.6209542445e+00 1.2241545499e+00 1.6039179550e+01
2.6209469392e+00 1.2241500846e+00 1.6039194546e+01
-6.7711125495e-01 2.0291677640e+00 1.7921128634e+01
-6.7710576105e-01 2.0291770132e+00 1.7921147893e+01
-6.7710871592e-01 2.0291741963e+00 1.7921134082e+01
-6.7710281836e-01 2.0291833200e+00 1.7921153427e+01
-6.7711454164e-01 2.0291609758e+00 1.7921123585e+01
-6.7710930241e-01 2.0291702143e+00 1.7921142228e+01
-6.7711184640e-01 2.0291671607e+00 1.7921129105e+01
-6.7710615502e-01 2.0291761578e+00 1.7921147764e+01
3.1158432801e+00 -1.2456610217e-01 1.3945195541e+01
3.1158450619e+00 -1.2456653707e-01 1.3945206575e+01
3.1158498024e+00 -1.2455579492e-01 1.3945200778e+01
3.1158515371e+00 -1.2455634172e-01 1.3945211790e+01
3.1158545825e+00 -1.2456840942e-01 1.3945205384e+01
3.1158564632e+00 -1.2456864417e-01 1.3945216359e+01
3.1158609722e+00 -1.2455792899e-01 1.3945210637e+01
3.1158628021e+00 -1.2455827517e-01 1.3945221594e+01
8.4964289307e-01 1.2143813318e+00 1.7979171348e+01
8.4963634183e-01 1.2143943323e+00 1.7979176599e+01
8.4964397120e-01 1.2143986534e+00 1.7979175095e+01
8.4963594085e-01 1.2144121362e+00 1.7979180810e+01
8.4965200833e-01 1.2143829479e+00 1.7979166181e+01
8.4964546036e-01 1.2143959451e+00 1.7979171433e+01
8.4965238304e-01 1.2144008129e+00 1.7979170636e+01
8.4964508777e-01 1.2144138088e+00 1.7979175793e+01
1.9368417966e+00 2.4016631827e-01 2.1057024783e+01
1.9368356058e+00 2.4017577454e-01 2.1057064716e+01
1.9368340291e+00 2.4018270221e-01 2.1057029963e+01
1.9368280267e+00 2.4019211801e-01 2.1057069831e+01
1.9368421248e+00 2.4016627053e-01 2.1057026333e+01
1.9368357616e+00 2.4017594911e-01 2.1057066349e+01
1.9368341646e+00 2.4018279525e-01 2.1057031438e+01
1.9368283707e+00 2.4019226783e-01 2.1057071520e+01
-5.9542826661e+00 -7.1413532875e-02 2.0299129368e+01
-5.9542792826e+00 -7.1417117919e-02 2.0299138560e+01
-5.9542840211e+00 -7.1414800782e-02 2.0299137038e+01
-5.9542805622e+00 -7.1418430557e-02 2.0299146236e+01
-5.9542822747e+00 -7.1410113118e-02 2.0299129202e+01
-5.9542788089e+00 -7.1413650406e-02 2.0299138474e+01
-5.9542837413e+00 -7.1411416509e-02 2.0299136773e+01
-5.9542802000e+00 -7.1414998528e-02 2.0299146053e+01
-2.4338801251e+00 3.1843703167e+00 2.4233992293e+01
-2.4338786500e+00 3.1843701128e+00 2.4234007912e+01
-2.4338807884e+00 3.1843803502e+00 2.4233997304e+01
-2.4338793549e+00 3.1843800713e+00 2.4234012945e+01
-2.4338783981e+00 3.1843723380e+00 2.4233984287e+01
-2.4338769468e+00 3.1843721179e+00 2.4233999845e+01
-2.4338790640e+00 3.1843823670e+00 2.4233989286e+01
-2.4338776427e+00 3.1843820860e+00 2.4234004887e+01
3.1674434709e+00 3.5094068475e-01 1.6447771520e+01
3.1674411339e+00 3.5094061467e-01 1.6447784662e+01
3.1674439091e+00 3.5093759783e-01 1.6447773602e+01
3.1674417625e+00 3.5093738838e-01 1.6447786583e+01
3.1674357309e+00 3.5094117380e-01 1.6447771317e+01
3.1674333654e+00 3.5094083367e-01 1.6447784129e+01
3.1674361240e+00 3.5093812584e-01 1.6447773437e+01
3.1674339489e+00 3.5093764635e-01 1.6447786088e+01
-2.9614384366e-01 2.2866406909e+00 2.0468640428e+01
-2.9614800211e-01 2.2866377104e+00 2.0468656093e+01
-2.9614657024e-01 2.2866576280e+00 2.0468648444e+01
-2.9615067510e-01 2.2866547310e+00 2.0468664042e+01
-2.9615149519e-01 2.2866424725e+00 2.0468639294e+01
-2.9615564663e-01 2.2866396595e+00 2.0468654917e+01
-2.9615412933e-01 2.2866592389e+00 2.0468647394e+01
-2.9615781596e-01 2.2866563769e+00 2.0468662870e+01
2.6659319714e+00 -2.3040661712e+00 1.7993560576e+01
2.6659297739e+00 -2.3040761493e+00 1.7993564057e+01
2.6659401516e+00 -2.3040754377e+00 1.7993562169e+01
2.6659376892e+00 -2.3040852586e+00 1.7993565824e+01
2.6659401411e+00 -2.3040634726e+00 1.7993557741e+01
2.6659381256e+00 -2.3040748080e+00 1.7993561925e+01
2.6659481828e+00 -2.3040728643e+00 1.7993559229e+01
2.6659459038e+00 -2.3040840434e+00 1.7993563589e+01
-1.5602388882e-01 -2.2194719133e+00 2.0489552128e+01
-1.5601661900e-01 -2.2194774761e+00 2.0489567806e+01
-1.5601544420e-01 -2.2194694718e+00 2.0489557359e+01
-1.5600848527e-01 -2.2194751569e+00 2.0489572832e+01
-1.5600284785e-01 -2.2194729801e+00 2.0489554122e+01
-1.5599556358e-01 -2.2194781273e+00 2.0489569272e+01
-1.5599435176e-01 -2.2194705489e+00 2.0489559377e+01
-1.5598778863e-01 -2.2194758338e+00 2.0489574367e+01
-6.1026485334e-01 4.9252054728e+00 2.0823462924e+01
-6.1026673749e-01 4.9251917694e+00 2.0823491054e+01
-6.1027799523e-01 4.9252001977e+00 2.0823473883e+01
-6.1027970402e-01 4.9251866145e+00 2.0823501765e+01
-6.1025435695e-01 4.9252050807e+00 2.0823462222e+01
-6.1025623005e-01 4.9251915133e+00 2.0823490409e+01
-6.1026749206e-01 4.9252000635e+00 2.0823473522e+01
-6.1026916459e-01 4.9251863869e+00 2.0823501142e+01
1.2567190235e+00 -3.3214302752e+00 -1.9366780342e+01
1.2567202839e+00 -3.3214269412e+00 -1.9366792511e+01
1.2567267907e+00 -3.3214266229e+00 -1.9366776598e+01
1.2567282784e+00 -3.3214231683e+00 -1.9366789213e+01
1.2567197976e+00 -3.3214316345e+00 -1.9366787765e+01
1.2567210013e+00 -3.3214280734e+00 -1.9366799533e+01
1.2567275578e+00 -3.3214279793e+00 -1.9366784022e+01
1.2567287629e+00 -3.3214244309e+00 -1.9366795788e+01
-4.8721338348e+00 1.1792318288e+00 -1.0909143523e+01
-4.8721314049e+00 1.1792208369e+00 -1.0909151059e+01
-4.8721315266e+00 1.1792347757e+00 -1.0909144117e+01
-4.8721290925e+00 1.1792238275e+00 -1.0909151630e+01
-4.8721319381e+00 1.1792323336e+00 -1.0909146482e+01
-4.8721295208e+00 1.1792215124e+00 -1.0909154134e+01
-4.8721296305e+00 1.1792352972e+00 -1.0909147071e+01
-4.8721272039e+00 1.1792245020e+00 -1.0909154710e+01
1.1825180403e+00 -3.8746012622e+00 -1.8398346563e+01
1.1825218581e+00 -3.8746035281e+00 -1.8398355554e+01
1.1825164215e+00 -3.8745948555e+00 -1.8398347430e+01
1.1825202966e+00 -3.8745971095e+00 -1.8398356459e+01
1.1825210041e+00 -3.8746040723e+00 -1.8398344265e+01
1.1825249685e+00 -3.8746063151e+00 -1.8398353220e+01
1.1825193043e+00 -3.8745976139e+00 -1.8398345123e+01
1.1825232695e+00 -3.8745998547e+00 -1.8398354077e+01
1.4309427735e+00 2.5285164127e+00 -1.7029880516e+01
1.4309461585e+00 2.5285162905e+00 -1.7029889813e+01
1.4309427923e+00 2.5285270795e+00 -1.7029892204e+01
1.4309461545e+00 2.5285269169e+00 -1.7029901564e+01
1.4309414851e+00 2.5285175756e+00 -1.7029881602e+01
1.4309448677e+00 2.5285173989e+00 -1.7029890885e+01
1.4309414600e+00 2.5285281997e+00 -1.7029893270e+01
1.4309448189e+00 2.5285279814e+00 -1.7029902615e+01
-3.5368525625e+00 -3.6460196594e+00 -1.4040781800e+01
-3.5368479916e+00 -3.6460207733e+00 -1.4040758552e+01
-3.5368554676e+00 -3.6460003754e+00 -1.4040780963e+01
-3.5368529319e+00 -3.6460018858e+00 -1.4040758609e+01
-3.5368540140e+00 -3.6460207414e+00 -1.4040780729e+01
-3.5368496834e+00 -3.6460217546e+00 -1.4040757342e+01
-3.5368574900e+00 -3.6460013204e+00 -1.4040779679e+01
-3.5368549825e+00 -3.6460026650e+00 -1.4040757124e+01
-3.7393211816e-01 -4.2170177674e-01 -1.6263950897e+01
-3.7393731603e-01 -4.2170729327e-01 -1.6263955176e+01
-3.7393372193e-01 -4.2170118584e-01 -1.6263952313e+01
-3.7393933511e-01 -4.2170675040e-01 -1.6263956618e+01
-3.7392755485e-01 -4.2169993652e-01 -1.6263949114e+01
-3.7393271450e-01 -4.2170549603e-01 -1.6263953356e+01
-3.7392923741e-01 -4.2169925551e-01 -1.6263950544e+01
-3.7393481298e-01 -4.2170486224e-01 -1.6263954811e+01
1.4785709831e+00 -3.0735306917e+00 -1.6128593573e+01
1.4785668368e+00 -3.0735353002e+00 -1.6128603259e+01
1.4785753187e+00 -3.0735257399e+00 -1.6128591345e+01
1.4785711549e+00 -3.0735303611e+00 -1.6128600961e+01
1.4785463232e+00 -3.0735268195e+00 -1.6128593887e+01
1.4785420084e+00 -3.0735309037e+00 -1.6128603116e+01
1.4785503680e+00 -3.0735217909e+00 -1.6128591794e+01
1.4785460733e+00 -3.0735257974e+00 -1.6128601009e+01
3.5546720039e+00 -7.4642822021e-01 -1.7330350361e+01
3.5546700337e+00 -7.4643530660e-01 -1.7330335782e+01
3.5546742376e+00 -7.4641941852e-01 -1.7330346846e+01
3.5546727236e+00 -7.4642639989e-01 -1.7330332613e+01
3.5546644498e+00 -7.4642441900e-01 -1.7330344691e+01
3.5546633250e+00 -7.4643225585e-01 -1.7330330525e+01
3.5546673546e+00 -7.4641607530e-01 -1.7330341519e+01
3.5546660580e+00 -7.4642341756e-01 -1.7330327273e+01
-9.7176160289e-01 2.3430926287e+00 -1.3724673884e+01
-9.7175997993e-01 2.3430953181e+00 -1.3724677475e+01
-9.7175907116e-01 2.3431106119e+00 -1.3724668125e+01
-9.7175766923e-01 2.3431134239e+00 -1.3724672229e+01
-9.7178702063e-01 2.3430944350e+00 -1.3724664885e+01
-9.7178565010e-01 2.3430973032e+00 -1.3724668575e+01
-9.7178531818e-01 2.3431121223e+00 -1.3724660352e+01
-9.7178418480e-01 2.3431150936e+00 -1.3724664530e+01
-3.1535455764e-01 -1.6832747309e+00 -1.5158472952e+01
-3.1535835084e-01 -1.6832667930e+00 -1.5158491258e+01
-3.1535942069e-01 -1.6832804987e+00 -1.5158477774e+01
-3.1536324220e-01 -1.6832723452e+00 -1.5158495676e+01
-3.1535881723e-01 -1.6832780156e+00 -1.5158474929e+01
-3.1536256782e-01 -1.6832700693e+00 -1.5158493242e+01
-3.1536371420e-01 -1.6832837717e+00 -1.5158479750e+01
-3.1536749311e-01 -1.6832756099e+00 -1.5158497659e+01
-1.2141566042e+00 -2.8107201373e+00 -1.2371208425e+01
-1.2141582920e+00 -2.8107162404e+00 -1.2371219342e+01
-1.2141562295e+00 -2.8107136674e+00 -1.2371209873e+01
-1.2141578843e+00 -2.8107097285e+00 -1.2371220817e+01
-1.2141584924e+00 -2.8107152645e+00 -1.2371211256e+01
-1.2141600441e+00 -2.8107112947e+00 -1.2371222393e+01
-1.2141580769e+00 -2.8107087950e+00 -1.2371212616e+01
-1.2141595956e+00 -2.8107047834e+00 -1.2371223780e+01
1.4971187714e+00 1.1798105702e-01 -1.9315325092e+01
1.4971227782e+00 1.1798048798e-01 -1.9315345056e+01
1.4971127282e+00 1.1797472503e-01 -1.9315318349e+01
1.4971166234e+00 1.1797400174e-01 -1.9315339079e+01
1.4971177384e+00 1.1797891219e-01 -1.9315326701e+01
1.4971218449e+00 1.1797828627e-01 -1.9315346760e+01
1.4971116964e+00 1.1797253797e-01 -1.9315319954e+01
1.4971156913e+00 1.1797175784e-01 -1.9315340780e+01
2.9004286070e+00 -1.6458149133e+00 -1.5687444608e+01
2.9004267363e+00 -1.6458147580e+00 -1.5687455020e+01
2.9004306645e+00 -1.6458114327e+00 -1.5687447236e+01
2.9004287900e+00 -1.6458112803e+00 -1.5687457645e+01
2.9004311743e+00 -1.6458133080e+00 -1.5687443288e+01
2.9004294079e+00 -1.6458132236e+00 -1.5687453604e+01
2.9004332406e+00 -1.6458097745e+00 -1.5687445922e+01
2.9004314745e+00 -1.6458096907e+00 -1.5687456236e+01
-2.0249814728e+00 3.3214623419e+00 -1.8699800515e+01
-2.0249834122e+00 3.3214605367e+00 -1.8699814259e+01
-2.0249785401e+00 3.3214572948e+00 -1.8699799335e+01
-2.0249803919e+00 3.3214554421e+00 -1.8699813082e+01
-2.0249788426e+00 3.3214629917e+00 -1.8699802313e+01
-2.0249807885e+00 3.3214611944e+00 -1.8699816073e+01
-2.0249759050e+00 3.3214579598e+00 -1.8699801171e+01
-2.0249777687e+00 3.3214561174e+00 -1.8699814931e+01
-2.0459489122e+00 1.9124617694e+00 -1.7130798692e+01
-2.0459510760e+00 1.9124630038e+00 -1.7130801591e+01
-2.0459587756e+00 1.9124816052e+00 -1.7130792647e+01
-2.0459608729e+00 1.9124824330e+00 -1.7130795706e+01
-2.0459474266e+00 1.9124660682e+00 -1.7130792553e+01
-2.0459495104e+00 1.9124672880e+00 -1.7130795391e+01
-2.0459571794e+00 1.9124859091e+00 -1.7130786240e+01
-2.0459593569e+00 1.9124867521e+00 -1.7130789359e+01
1.5352113628e+00 1.6319302136e+00 -1.6059502084e+01
1.5352108773e+00 1.6319366790e+00 -1.6059517958e+01
1.5352146359e+00 1.6319467931e+00 -1.6059502173e+01
1.5352135522e+00 1.6319535812e+00 -1.6059518172e+01
1.5352153036e+00 1.6319247117e+00 -1.6059498439e+01
1.5352148207e+00 1.6319311709e+00 -1.6059514311e+01
1.5352187814e+00 1.6319411600e+00 -1.6059498288e+01
1.5352176995e+00 1.6319479418e+00 -1.6059514285e+01
