-1.2440561363e+00 -1.5438609253e+00 5.8117185595e-01
-1.2440564898e+00 -1.5438633314e+00 5.8116863659e-01
-1.2440553221e+00 -1.5438605678e+00 5.8117190802e-01
-1.2440557152e+00 -1.5438629424e+00 5.8116871044e-01
-1.2440526652e+00 -1.5438619661e+00 5.8117419889e-01
-1.2440530802e+00 -1.5438643711e+00 5.8117087810e-01
-1.2440518132e+00 -1.5438616056e+00 5.8117423241e-01
-1.2440522596e+00 -1.5438638262e+00 5.8117117518e-01
-6.2459467770e-01 -9.4160644383e-01 5.4252389814e+00
-6.2459256846e-01 -9.4160622848e-01 5.4252527365e+00
-6.2459213431e-01 -9.4160577158e-01 5.4252445068e+00
-6.2459011533e-01 -9.4160575183e-01 5.4252586043e+00
-6.2458616239e-01 -9.4160803115e-01 5.4252442465e+00
-6.2458405450e-01 -9.4160797542e-01 5.4252583209e+00
-6.2458331519e-01 -9.4160732989e-01 5.4252501136e+00
-6.2458162808e-01 -9.4160707677e-01 5.4252639099e+00
-8.8667486202e-01 -2.3348099364e+00 -6.3659544796e-01
-8.8667741882e-01 -2.3348090923e+00 -6.3659626090e-01
-8.8667641891e-01 -2.3348130595e+00 -6.3659822005e-01
-8.8667899248e-01 -2.3348122521e+00 -6.3659898135e-01
-8.8667238809e-01 -2.3348098426e+00 -6.3659921607e-01
-8.8667487457e-01 -2.3348089508e+00 -6.3660013347e-01
-8.8667369164e-01 -2.3348130407e+00 -6.3660198224e-01
-8.8667628193e-01 -2.3348121348e+00 -6.3660277076e-01
-1.7784207765e+00 1.4068667742e+00 2.0066081884e+00
-1.7784246789e+00 1.4068645442e+00 2.0066127418e+00
-1.7784227328e+00 1.4068672047e+00 2.0066113718e+00
-1.7784266375e+00 1.4068649754e+00 2.0066159202e+00
-1.7784250980e+00 1.4068687328e+00 2.0066103755e+00
-1.7784289793e+00 1.4068665043e+00 2.0066149354e+00
-1.7784266977e+00 1.4068690275e+00 2.0066132869e+00
-1.7784305868e+00 1.4068667951e+00 2.0066178493e+00
1.2909337727e+00 -1.1882967234e+00 -7.4793059553e-01
1.2909338826e+00 -1.1882937172e+00 -7.4791722569e-01
1.2909337199e+00 -1.1882965016e+00 -7.4792754052e-01
1.2909339089e+00 -1.1882933441e+00 -7.4791386451e-01
1.2909410122e+00 -1.1882971794e+00 -7.4793212210e-01
1.2909411937e+00 -1.1882942274e+00 -7.4791877754e-01
1.2909409571e+00 -1.1882969461e+00 -7.4792906389e-01
1.2909411790e+00 -1.1882938059e+00 -7.4791537356e-01
-7.2746612277e-01 4.0645117536e-01 9.5790708095e-01
-7.2746410674e-01 4.0644924846e-01 9.5791165019e-01
-7.2746727688e-01 4.0645891562e-01 9.5791185480e-01
-7.2746546067e-01 4.0645709776e-01 9.5791606623e-01
-7.2746143538e-01 4.0645015488e-01 9.5790625182e-01
-7.2745942384e-01 4.0644822541e-01 9.5791081798e-01
-7.2746241282e-01 4.0645747838e-01 9.5791128526e-01
-7.2746059941e-01 4.0645565574e-01 9.5791550232e-01
9.7069622771e-01 6.2944422072e-02 1.9895645871e+00
9.7069749003e-01 6.2944086119e-02 1.9895640208e+00
9.7069609647e-01 6.2947289610e-02 1.9895662798e+00
9.7069742712e-01 6.2946992383e-02 1.9895657683e+00
9.7069632482e-01 6.2943465104e-02 1.9895684617e+00
9.7069765621e-01 6.2943167347e-02 1.9895679536e+00
9.7069625214e-01 6.2946398752e-02 1.9895702273e+00
9.7069751455e-01 6.2946064973e-02 1.9895696607e+00
2.0079932391e+00 -1.1937784892e+00 -6.3746278408e-01
2.0079951119e+00 -1.1937798575e+00 -6.3744675802e-01
2.0079959919e+00 -1.1937685631e+00 -6.3745991704e-01
2.0079977893e+00 -1.1937696600e+00 -6.3744409989e-01
2.0079836117e+00 -1.1937786723e+00 -6.3746508126e-01
2.0079855672e+00 -1.1937800934e+00 -6.3744909521e-01
2.0079863520e+00 -1.1937689151e+00 -6.3746264992e-01
2.0079884712e+00 -1.1937698534e+00 -6.3744625746e-01
-5.4246616786e-01 -5.9806932628e-01 5.5052271878e-01
-5.4246700602e-01 -5.9806696209e-01 5.5051910688e-01
-5.4246215770e-01 -5.9807087735e-01 5.5052367114e-01
-5.4246298931e-01 -5.9806851285e-01 5.5052006844e-01
-5.4246151762e-01 -5.9807051299e-01 5.5052606570e-01
-5.4246230565e-01 -5.9806807188e-01 5.5052224864e-01
-5.4245729399e-01 -5.9807221113e-01 5.5052689432e-01
-5.4245782350e-01 -5.9807002951e-01 5.5052344493e-01
-1.5386835541e-01 9.1776496623e-01 -1.3272329874e-01
-1.5386768433e-01 9.1776421200e-01 -1.3272346371e-01
-1.5387317697e-01 9.1776986450e-01 -1.3272272542e-01
-1.5387237424e-01 9.1776864697e-01 -1.3272249946e-01
-1.5386560435e-01 9.1776618109e-01 -1.3272080234e-01
-1.5386488086e-01 9.1776496847e-01 -1.3272070823e-01
-1.5387040794e-01 9.1777058322e-01 -1.3271991427e-01
-1.5386967358e-01 9.1776977966e-01 -1.3271997337e-01
-3.0191221761e+00 1.6393031850e-01 5.1455009253e-01
-3.0191218921e+00 1.6393238668e-01 5.1454804344e-01
-3.0191223655e+00 1.6393354069e-01 5.1455437149e-01
-3.0191221391e+00 1.6393560997e-01 5.1455235075e-01
-3.0191185284e+00 1.6393224306e-01 5.1454887869e-01
-3.0191182443e+00 1.6393431125e-01 5.1454682960e-01
-3.0191186996e+00 1.6393545725e-01 5.1455311180e-01
-3.0191184830e+00 1.6393753212e-01 5.1455109212e-01
-8.5297452476e-01 2.0285776578e+00 3.4101720792e-01
-8.5297657012e-01 2.0285765028e+00 3.4101906544e-01
-8.5297575172e-01 2.0285776067e+00 3.4102112410e-01
-8.5297779302e-01 2.0285764714e+00 3.4102289349e-01
-8.5296806835e-01 2.0285775214e+00 3.4101944825e-01
-8.5297003442e-01 2.0285763327e+00 3.4102131015e-01
-8.5296957707e-01 2.0285774651e+00 3.4102308888e-01
-8.5297153630e-01 2.0285762413e+00 3.4102483325e-01
3.8635488622e-01 -4.5915171904e-01 3.3152858022e-02
3.8635478160e-01 -4.5915055359e-01 3.3154202380e-02
3.8635177344e-01 -4.5914963913e-01 3.3156147996e-02
3.8635162842e-01 -4.5914847056e-01 3.3157479727e-02
3.8635847712e-01 -4.5915319061e-01 3.3151207577e-02
3.8635833694e-01 -4.5915204196e-01 3.3152565132e-02
3.8635536985e-01 -4.5915111547e-01 3.3154498819e-02
3.8635520251e-01 -4.5914995508e-01 3.3155844899e-02
2.1704556943e-01 6.7385036744e-01 -9.2611260359e-01
2.1704355412e-01 6.7384911239e-01 -9.2611029396e-01
2.1704660199e-01 6.7385487237e-01 -9.2611111234e-01
2.1704458818e-01 6.7385361619e-01 -9.2610880224e-01
2.1704355153e-01 6.7385041227e-01 -9.2611411402e-01
2.1704148742e-01 6.7384916546e-01 -9.2611174251e-01
2.1704427736e-01 6.7385477760e-01 -9.2611252490e-01
2.1704233698e-01 6.7385354327e-01 -9.2611014356e-01
2.0859480593e+00 -3.7086647956e-01 -1.8872415028e+00
2.0859480607e+00 -3.7086544831e-01 -1.8872409149e+00
2.0859476293e+00 -3.7086947868e-01 -1.8872397592e+00
2.0859476262e+00 -3.7086844549e-01 -1.8872391543e+00
2.0859527333e+00 -3.7086772048e-01 -1.8872430212e+00
2.0859527223e+00 -3.7086676467e-01 -1.8872423850e+00
2.0859521945e+00 -3.7087089192e-01 -1.8872411612e+00
2.0859522393e+00 -3.7086994720e-01 -1.8872404747e+00
1.6926886954e+00 -4.1746503563e-02 -1.9713674878e+00
1.6926876544e+00 -4.1747698510e-02 -1.9713511278e+00
1.6926906868e+00 -4.1740042232e-02 -1.9713642032e+00
1.6926899252e+00 -4.1740923292e-02 -1.9713477513e+00
1.6926946623e+00 -4.1745143386e-02 -1.9713695603e+00
1.6926940650e+00 -4.1746405568e-02 -1.9713532918e+00
1.6926968344e+00 -4.1738673827e-02 -1.9713662432e+00
1.6926959981e+00 -4.1739261062e-02 -1.9713495164e+00
9.7040237462e-01 -2.9478793151e-01 6.6559749382e-01
9.7040187234e-01 -2.9478742807e-01 6.6559548656e-01
9.7040329825e-01 -2.9478723265e-01 6.6559789194e-01
9.7040279948e-01 -2.9478673035e-01 6.6559587375e-01
9.7040170676e-01 -2.9478596174e-01 6.6559144481e-01
9.7040120587e-01 -2.9478545816e-01 6.6558930224e-01
9.7040272248e-01 -2.9478525891e-01 6.6559181268e-01
9.7040223073e-01 -2.9478475695e-01 6.6558966079e-01
5.2262481879e-01 2.2435776630e+00 1.2678039010e+00
5.2262302976e-01 2.2435793281e+00 1.2677983661e+00
5.2262429550e-01 2.2435793468e+00 1.2678007076e+00
5.2262255967e-01 2.2435810449e+00 1.2677951455e+00
5.2262645371e-01 2.2435776995e+00 1.2678021169e+00
5.2262466439e-01 2.2435793695e+00 1.2677965784e+00
5.2262595104e-01 2.2435793555e+00 1.2677988689e+00
5.2262421508e-01 2.2435810588e+00 1.2677933029e+00
-1.3989505467e+00 6.7297035121e-01 -1.7131363794e+00
-1.3989488328e+00 6.7297260015e-01 -1.7131401254e+00
-1.3989514393e+00 6.7296967453e-01 -1.7131356845e+00
-1.3989496990e+00 6.7297202775e-01 -1.7131394054e+00
-1.3989454181e+00 6.7297135502e-01 -1.7131354166e+00
-1.3989437050e+00 6.7297360528e-01 -1.7131391636e+00
-1.3989463475e+00 6.7297069750e-01 -1.7131347901e+00
-1.3989446076e+00 6.7297305146e-01 -1.7131385130e+00
-1.2890077718e+00 9.2174197992e-01 -1.6357699027e+00
-1.2890096753e+00 9.2173996164e-01 -1.6357746333e+00
-1.2890091278e+00 9.2174443201e-01 -1.6357689184e+00
-1.2890110296e+00 9.2174241448e-01 -1.6357736503e+00
-1.2890098976e+00 9.2174109957e-01 -1.6357718047e+00
-1.2890117201e+00 9.2173878852e-01 -1.6357762892e+00
-1.2890111714e+00 9.2174356591e-01 -1.6357708349e+00
-1.2890130189e+00 9.2174150890e-01 -1.6357755350e+00
5.6154165617e-01 -2.6912950316e+00 1.5206915409e+00
5.6154045959e-01 -2.6912905477e+00 1.5207010991e+00
5.6154108155e-01 -2.6912972314e+00 1.5206929667e+00
5.6153992109e-01 -2.6912929056e+00 1.5207024834e+00
5.6154603739e-01 -2.6912956692e+00 1.5206914860e+00
5.6154514031e-01 -2.6912914195e+00 1.5207007556e+00
5.6154546774e-01 -2.6912978658e+00 1.5206929044e+00
5.6154459874e-01 -2.6912937313e+00 1.5207020844e+00
2.8609521778e+00 2.8320045641e+00 -9.2325392830e-01
2.8609512050e+00 2.8319997859e+00 -9.2325900980e-01
2.8609526357e+00 2.8320105952e+00 -9.2325215579e-01
2.8609516188e+00 2.8320058839e+00 -9.2325722754e-01
2.8609565581e+00 2.8320047868e+00 -9.2325482193e-01
2.8609555792e+00 2.8320000108e+00 -9.2325990512e-01
2.8609569289e+00 2.8320108857e+00 -9.2325311732e-01
2.8609559059e+00 2.8320061819e+00 -9.2325819413e-01
-5.8054115880e-01 -1.0591847661e+00 1.2915811413e+00
-5.8054284957e-01 -1.0591830626e+00 1.2915791659e+00
-5.8054162267e-01 -1.0591801470e+00 1.2915817448e+00
-5.8054353181e-01 -1.0591784588e+00 1.2915797335e+00
-5.8054512846e-01 -1.0591822932e+00 1.2915817703e+00
-5.8054683111e-01 -1.0591805234e+00 1.2915798010e+00
-5.8054560553e-01 -1.0591782866e+00 1.2915821983e+00
-5.8054737546e-01 -1.0591764277e+00 1.2915802602e+00
-1.0668579461e+00 3.1357037818e+00 2.4733239721e+00
-1.0668540412e+00 3.1357042224e+00 2.4733214191e+00
-1.0668558233e+00 3.1357046365e+00 2.4733227375e+00
-1.0668519655e+00 3.1357051751e+00 2.4733201774e+00
-1.0668561496e+00 3.1357031416e+00 2.4733242702e+00
-1.0668521480e+00 3.1357035299e+00 2.4733217721e+00
-1.0668541077e+00 3.1357039521e+00 2.4733229649e+00
-1.0668501598e+00 3.1357044305e+00 2.4733204462e+00
4.8064019272e-01 -1.7777159816e+00 -5.9934717813e-01
4.8063992130e-01 -1.7777149113e+00 -5.9933614427e-01
4.8064182216e-01 -1.7777131268e+00 -5.9935061064e-01
4.8064114631e-01 -1.7777117279e+00 -5.9933929458e-01
4.8063799609e-01 -1.7777159940e+00 -5.9934516183e-01
4.8063768702e-01 -1.7777148913e+00 -5.9933393005e-01
4.8063993548e-01 -1.7777130819e+00 -5.9934848336e-01
4.8063919622e-01 -1.7777116387e+00 -5.9933689173e-01
3.3948214739e-01 -1.5881909808e+00 2.2889677786e-01
3.3948282827e-01 -1.5881930763e+00 2.2889378646e-01
3.3948239256e-01 -1.5881863670e+00 2.2889566121e-01
3.3948307319e-01 -1.5881884755e+00 2.2889266969e-01
3.3948294193e-01 -1.5881913638e+00 2.2889655341e-01
3.3948365194e-01 -1.5881934467e+00 2.2889363158e-01
3.3948337355e-01 -1.5881868745e+00 2.2889569265e-01
3.3948408330e-01 -1.5881889705e+00 2.2889277070e-01
4.4538748782e-01 -2.1876770292e+00 8.6666282196e-01
4.4538789936e-01 -2.1876763510e+00 8.6665931644e-01
4.4538658960e-01 -2.1876768451e+00 8.6666161931e-01
4.4538700196e-01 -2.1876761680e+00 8.6665811367e-01
4.4539109396e-01 -2.1876768275e+00 8.6666017078e-01
4.4539151301e-01 -2.1876761352e+00 8.6665666343e-01
4.4539019124e-01 -2.1876766420e+00 8.6665896841e-01
4.4539061495e-01 -2.1876759534e+00 8.6665545320e-01
-1.3340726065e+00 1.4616549837e+00 -1.3115552234e+00
-1.3340745065e+00 1.4616541783e+00 -1.3115593022e+00
-1.3340747622e+00 1.4616561091e+00 -1.3115595179e+00
-1.3340764103e+00 1.4616551957e+00 -1.3115638838e+00
-1.3340701001e+00 1.4616549182e+00 -1.3115592379e+00
-1.3340720135e+00 1.4616540819e+00 -1.3115633491e+00
-1.3340722392e+00 1.4616560022e+00 -1.3115636290e+00
-1.3340739005e+00 1.4616550579e+00 -1.3115680272e+00
-1.1721680004e+00 -1.9852313203e+00 1.7562165087e+00
-1.1721675680e+00 -1.9852344191e+00 1.7562117604e+00
-1.1721702599e+00 -1.9852309303e+00 1.7562168069e+00
-1.1721698154e+00 -1.9852340279e+00 1.7562119997e+00
-1.1721680881e+00 -1.9852315371e+00 1.7562172335e+00
-1.1721676989e+00 -1.9852346684e+00 1.7562127055e+00
-1.1721703525e+00 -1.9852311839e+00 1.7562175540e+00
-1.1721699297e+00 -1.9852343817e+00 1.7562129900e+00
1.9887115851e+00 4.2377890728e-01 5.0389676757e-01
1.9887087358e+00 4.2378153602e-01 5.0389182776e-01
1.9887109502e+00 4.2378591776e-01 5.0389119547e-01
1.9887081330e+00 4.2378807925e-01 5.0388674229e-01
1.9887161726e+00 4.2378011506e-01 5.0389358954e-01
1.9887133234e+00 4.2378274378e-01 5.0388864965e-01
1.9887155151e+00 4.2378713527e-01 5.0388804244e-01
1.9887127004e+00 4.2378928471e-01 5.0388358545e-01
1.1881261521e+00 -9.9746032648e-01 2.0936723659e+00
1.1881263164e+00 -9.9746357236e-01 2.0936704807e+00
1.1881282720e+00 -9.9745824194e-01 2.0936717488e+00
1.1881284427e+00 -9.9746145102e-01 2.0936698069e+00
1.1881306141e+00 -9.9746188513e-01 2.0936725156e+00
1.1881307937e+00 -9.9746514748e-01 2.0936705857e+00
1.1881326491e+00 -9.9745983510e-01 2.0936720626e+00
1.1881328022e+00 -9.9746302889e-01 2.0936701636e+00
-6.5703012412e-01 -9.7012070280e-01 -9.9592677906e-02
-6.5702616096e-01 -9.7011864512e-01 -9.9594606705e-02
-6.5702700733e-01 -9.7011771763e-01 -9.9596041954e-02
-6.5702304887e-01 -9.7011565578e-01 -9.9597968725e-02
-6.5702643954e-01 -9.7011894231e-01 -9.9591155156e-02
-6.5702247643e-01 -9.7011688462e-01 -9.9593083966e-02
-6.5702359325e-01 -9.7011602029e-01 -9.9594911171e-02
-6.5701965048e-01 -9.7011393097e-01 -9.9596877839e-02
4.5600151765e-01 -6.3395024230e-01 -1.7490840723e+00
4.5600329753e-01 -6.3395350795e-01 -1.7490714758e+00
4.5600263612e-01 -6.3394946211e-01 -1.7490831084e+00
4.5600463404e-01 -6.3395275229e-01 -1.7490703249e+00
4.5600004137e-01 -6.3394915381e-01 -1.7490847259e+00
4.5600192132e-01 -6.3395227777e-01 -1.7490721559e+00
4.5600119560e-01 -6.3394830187e-01 -1.7490837267e+00
4.5600322901e-01 -6.3395156443e-01 -1.7490710251e+00
1.4763767094e+00 5.3585175276e-01 4.7557768529e-01
1.4763767938e+00 5.3585229049e-01 4.7557543900e-01
1.4763776704e+00 5.3584958449e-01 4.7557500957e-01
1.4763778311e+00 5.3585002119e-01 4.7557276411e-01
1.4763781806e+00 5.3585092019e-01 4.7557879859e-01
1.4763783040e+00 5.3585147609e-01 4.7557654836e-01
1.4763795074e+00 5.3584862109e-01 4.7557624365e-01
1.4763796547e+00 5.3584913837e-01 4.7557399250e-01
-1.2517391924e+00 9.0603430884e-01 -5.0087580447e+00
-1.2517382334e+00 9.0603199916e-01 -5.0087446745e+00
-1.2517381777e+00 9.0603350414e-01 -5.0087626756e+00
-1.2517374176e+00 9.0603128882e-01 -5.0087495248e+00
-1.2517426447e+00 9.0603506503e-01 -5.0087569086e+00
-1.2517415736e+00 9.0603274834e-01 -5.0087439991e+00
-1.2517418100e+00 9.0603451246e-01 -5.0087615822e+00
-1.2517406692e+00 9.0603221234e-01 -5.0087488576e+00
-5.2203232829e-01 4.7520509263e-01 -1.5942517139e+00
-5.2202995767e-01 4.7520450705e-01 -1.5942376183e+00
-5.2203286402e-01 4.7520191637e-01 -1.5942513611e+00
-5.2203062878e-01 4.7520131223e-01 -1.5942372324e+00
-5.2203105230e-01 4.7520456739e-01 -1.5942525604e+00
-5.2202820621e-01 4.7520442140e-01 -1.5942381501e+00
-5.2203163252e-01 4.7520148967e-01 -1.5942521560e+00
-5.2202878280e-01 4.7520109696e-01 -1.5942377479e+00
1.1323296300e+00 3.0029025765e-01 -9.4706061185e-01
1.1323282984e+00 3.0029067347e-01 -9.4706044418e-01
1.1323267058e+00 3.0028955138e-01 -9.4706793757e-01
1.1323254315e+00 3.0029002807e-01 -9.4706770692e-01
1.1323341694e+00 3.0029127986e-01 -9.4706024959e-01
1.1323327529e+00 3.0029179371e-01 -9.4706001614e-01
1.1323313108e+00 3.0029061843e-01 -9.4706750883e-01
1.1323298109e+00 3.0029109426e-01 -9.4706733645e-01
-7.6511841329e-01 -2.0391820426e-01 2.7877393272e+00
-7.6511649942e-01 -2.0391928095e-01 2.7877336121e+00
-7.6512102780e-01 -2.0391118198e-01 2.7877385031e+00
-7.6511898513e-01 -2.0391199265e-01 2.7877331705e+00
-7.6511469921e-01 -2.0392059171e-01 2.7877448331e+00
-7.6511278273e-01 -2.0392167296e-01 2.7877391177e+00
-7.6511702057e-01 -2.0391372216e-01 2.7877442288e+00
-7.6511516783e-01 -2.0391466687e-01 2.7877386993e+00
-2.0051949862e-01 -1.3863335234e+00 -1.0909966369e+00
-2.0052161443e-01 -1.3863314436e+00 -1.0909836470e+00
-2.0051834690e-01 -1.3863333903e+00 -1.0910014232e+00
-2.0052045870e-01 -1.3863313335e+00 -1.0909883478e+00
-2.0051698334e-01 -1.3863341678e+00 -1.0909957731e+00
-2.0051913617e-01 -1.3863321024e+00 -1.0909827622e+00
-2.0051582856e-01 -1.3863341460e+00 -1.0910005771e+00
-2.0051797030e-01 -1.3863320893e+00 -1.0909874963e+00
5.1501696650e-01 4.2623724902e-01 2.2328208759e+00
5.1501473923e-01 4.2623724373e-01 2.2328133068e+00
5.1501844414e-01 4.2623880650e-01 2.2328205830e+00
5.1501613164e-01 4.2623879020e-01 2.2328130192e+00
5.1501767049e-01 4.2623865604e-01 2.2328180783e+00
5.1501527901e-01 4.2623895910e-01 2.2328108787e+00
5.1501919664e-01 4.2624018744e-01 2.2328176809e+00
5.1501680243e-01 4.2624049250e-01 2.2328104840e+00
5.9635242768e-01 -4.5444409025e-01 -4.4003313892e-02
5.9635577866e-01 -4.5444425487e-01 -4.4006194210e-02
5.9635111775e-01 -4.5444193922e-01 -4.4001450411e-02
5.9635444674e-01 -4.5444206622e-01 -4.4004314244e-02
5.9635343775e-01 -4.5444448682e-01 -4.4001380269e-02
5.9635655222e-01 -4.5444441572e-01 -4.4004065370e-02
5.9635219062e-01 -4.5444231487e-01 -4.3999412326e-02
5.9635528728e-01 -4.5444220311e-01 -4.4002083629e-02
7.9236320787e-01 2.8949215190e-01 8.6046111250e-01
7.9236641306e-01 2.8949284848e-01 8.6047328760e-01
7.9236592543e-01 2.8950055765e-01 8.6045946595e-01
7.9236936458e-01 2.8950170763e-01 8.6047158991e-01
7.9236733975e-01 2.8949173044e-01 8.6046156749e-01
7.9237033077e-01 2.8949274094e-01 8.6047366124e-01
7.9237011177e-01 2.8950017435e-01 8.6045994605e-01
7.9237338026e-01 2.8950142781e-01 8.6047199251e-01
1.9943136624e-01 -5.4400870213e-01 -1.5326936303e+00
1.9942684968e-01 -5.4400749469e-01 -1.5326991462e+00
1.9943016237e-01 -5.4400022807e-01 -1.5326920896e+00
1.9942544991e-01 -5.4399883704e-01 -1.5326977976e+00
1.9943221754e-01 -5.4400864114e-01 -1.5326929326e+00
1.9942780458e-01 -5.4400749073e-01 -1.5326982475e+00
1.9943121090e-01 -5.4399988816e-01 -1.5326911687e+00
1.9942664376e-01 -5.4399864245e-01 -1.5326966828e+00
-6.2847535855e-01 3.1275297624e-02 8.6395538151e-01
-6.2847475076e-01 3.1276030359e-02 8.6395531655e-01
-6.2847874861e-01 3.1281265625e-02 8.6395612862e-01
-6.2847778687e-01 3.1281715723e-02 8.6395582377e-01
-6.2847712525e-01 3.1276539473e-02 8.6395484864e-01
-6.2847653454e-01 3.1277257625e-02 8.6395473623e-01
-6.2847989699e-01 3.1281984067e-02 8.6395541537e-01
-6.2847924214e-01 3.1282495550e-02 8.6395512542e-01
4.7994791349e-01 6.8396397732e-01 -2.2534103378e+00
4.7994646014e-01 6.8396435707e-01 -2.2534043992e+00
4.7994938683e-01 6.8396371676e-01 -2.2534103377e+00
4.7994794095e-01 6.8396406494e-01 -2.2534044195e+00
4.7995332924e-01 6.8396343962e-01 -2.2534086105e+00
4.7995226516e-01 6.8396371225e-01 -2.2534028843e+00
4.7995476229e-01 6.8396324690e-01 -2.2534086794e+00
4.7995363762e-01 6.8396345277e-01 -2.2534029485e+00
-9.2901758267e-01 -1.1632634901e+00 7.3140427953e-01
-9.2901884493e-01 -1.1632629780e+00 7.3140052576e-01
-9.2901742917e-01 -1.1632620909e+00 7.3140325529e-01
-9.2901880182e-01 -1.1632615195e+00 7.3139947122e-01
-9.2901599412e-01 -1.1632635835e+00 7.3140545794e-01
-9.2901726266e-01 -1.1632630644e+00 7.3140169940e-01
-9.2901601132e-01 -1.1632623694e+00 7.3140435714e-01
-9.2901739290e-01 -1.1632617884e+00 7.3140057075e-01
-1.5385816046e-01 9.1280565104e-01 -4.9111096539e+00
-1.5385561869e-01 9.1280565462e-01 -4.9111136632e+00
-1.5385566440e-01 9.1280519294e-01 -4.9111109839e+00
-1.5385312335e-01 9.1280519189e-01 -4.9111149989e+00
-1.5386318923e-01 9.1280449750e-01 -4.9111062706e+00
-1.5386059177e-01 9.1280462935e-01 -4.9111106664e+00
-1.5386067552e-01 9.1280407410e-01 -4.9111076682e+00
-1.5385812071e-01 9.1280418076e-01 -4.9111119990e+00
7.2770722884e-02 1.7136803901e+00 -7.2863601380e-01
7.2768973841e-02 1.7136816337e+00 -7.2864109091e-01
7.2771718324e-02 1.7136857066e+00 -7.2863448334e-01
7.2769985548e-02 1.7136869269e+00 -7.2863962168e-01
7.2772861097e-02 1.7136800014e+00 -7.2863569873e-01
7.2771117580e-02 1.7136812440e+00 -7.2864079079e-01
7.2773862355e-02 1.7136852967e+00 -7.2863417345e-01
7.2772119957e-02 1.7136865382e+00 -7.2863930703e-01
4.3620184716e-01 1.0855871259e+00 4.7712106304e+00
4.3620649463e-01 1.0855883450e+00 4.7712309703e+00
4.3620770506e-01 1.0855717413e+00 4.7712052943e+00
4.3621230542e-01 1.0855730177e+00 4.7712253145e+00
4.3620125876e-01 1.0855958013e+00 4.7712019742e+00
4.3620591279e-01 1.0855970410e+00 4.7712223180e+00
4.3620750925e-01 1.0855800494e+00 4.7711967993e+00
4.3621211619e-01 1.0855813464e+00 4.7712168233e+00
7.7468318351e-01 -3.7014778537e+00 -3.0483071352e+00
7.7469235896e-01 -3.7014843756e+00 -3.0483163896e+00
7.7468599682e-01 -3.7014826868e+00 -3.0483001498e+00
7.7469519076e-01 -3.7014892916e+00 -3.0483093262e+00
7.7467532763e-01 -3.7014816605e+00 -3.0483099885e+00
7.7468561135e-01 -3.7014874259e+00 -3.0483184909e+00
7.7467785725e-01 -3.7014877302e+00 -3.0483040199e+00
7.7468813366e-01 -3.7014936055e+00 -3.0483124819e+00
-3.0886093839e+00 -3.8047109387e+00 5.8535921491e+00
-3.0886135039e+00 -3.8047161162e+00 5.8535743594e+00
-3.0886012898e+00 -3.8047111802e+00 5.8535846066e+00
-3.0886054075e+00 -3.8047163599e+00 5.8535668159e+00
-3.0885820655e+00 -3.8047122960e+00 5.8535889083e+00
-3.0885860926e+00 -3.8047175533e+00 5.8535710309e+00
-3.0885733600e+00 -3.8047144468e+00 5.8535818839e+00
-3.0885773848e+00 -3.8047197064e+00 5.8535640055e+00
1.9083661753e+00 7.5777061012e-01 1.2747670469e+00
1.9083593834e+00 7.5777117411e-01 1.2747730849e+00
1.9083583518e+00 7.5779844174e-01 1.2747624217e+00
1.9083507307e+00 7.5779930869e-01 1.2747690163e+00
1.9083786192e+00 7.5777979831e-01 1.2747751269e+00
1.9083711162e+00 7.5778067049e-01 1.2747816519e+00
1.9083687486e+00 7.5780785626e-01 1.2747700466e+00
1.9083618531e+00 7.5780838425e-01 1.2747761084e+00
-1.8155168131e+00 -4.7488145068e+00 1.0073286698e+00
-1.8155120155e+00 -4.7488165749e+00 1.0073256497e+00
-1.8155194336e+00 -4.7488008967e+00 1.0073248061e+00
-1.8155145974e+00 -4.7488030275e+00 1.0073218773e+00
-1.8155147294e+00 -4.7488247755e+00 1.0073262473e+00
-1.8155089630e+00 -4.7488261745e+00 1.0073236344e+00
-1.8155176470e+00 -4.7488113617e+00 1.0073225423e+00
-1.8155118359e+00 -4.7488128258e+00 1.0073200180e+00
-2.7193754575e-01 -5.4443069957e+00 -1.5051303631e+00
-2.7194449989e-01 -5.4443100714e+00 -1.5051336443e+00
-2.7193622918e-01 -5.4442801180e+00 -1.5051317852e+00
-2.7194319964e-01 -5.4442831819e+00 -1.5051350459e+00
-2.7192054509e-01 -5.4443031666e+00 -1.5051254822e+00
-2.7192751018e-01 -5.4443062160e+00 -1.5051287405e+00
-2.7191913745e-01 -5.4442764221e+00 -1.5051269394e+00
-2.7192609254e-01 -5.4442794829e+00 -1.5051302186e+00
6.1592606216e+00 6.8935837235e-01 -3.7989004573e+00
6.1592590999e+00 6.8935944362e-01 -3.7989003466e+00
6.1592448479e+00 6.8935516576e-01 -3.7989024880e+00
6.1592433264e+00 6.8935617043e-01 -3.7989025364e+00
6.1592752890e+00 6.8934972892e-01 -3.7989119170e+00
6.1592737667e+00 6.8935080157e-01 -3.7989118057e+00
6.1592595784e+00 6.8934632544e-01 -3.7989139252e+00
6.1592580567e+00 6.8934733244e-01 -3.7989139711e+00
1.2181505103e+00 -4.6781258536e+00 -4.9326179839e+00
1.2181505997e+00 -4.6781297254e+00 -4.9326242169e+00
1.2181625453e+00 -4.6780720702e+00 -4.9326251881e+00
1.2181625206e+00 -4.6780756208e+00 -4.9326313371e+00
1.2181661630e+00 -4.6781133918e+00 -4.9326205055e+00
1.2181662605e+00 -4.6781173068e+00 -4.9326267132e+00
1.2181779830e+00 -4.6780586611e+00 -4.9326274783e+00
1.2181779868e+00 -4.6780622402e+00 -4.9326336071e+00
-2.6042124937e-01 -7.1595543204e-01 3.1766099136e+00
-2.6041810353e-01 -7.1595513785e-01 3.1766169466e+00
-2.6042078908e-01 -7.1594956885e-01 3.1766134535e+00
-2.6041756847e-01 -7.1594935255e-01 3.1766202896e+00
-2.6040637835e-01 -7.1596200962e-01 3.1766004501e+00
-2.6040319687e-01 -7.1596166582e-01 3.1766076108e+00
-2.6040591322e-01 -7.1595612237e-01 3.1766040073e+00
-2.6040269062e-01 -7.1595589875e-01 3.1766108392e+00
-1.1118267040e+01 3.5565293938e+00 -2.1255285472e+00
-1.1118260854e+01 3.5565322830e+00 -2.1255237478e+00
-1.1118266516e+01 3.5565547492e+00 -2.1255279395e+00
-1.1118260144e+01 3.5565566755e+00 -2.1255227321e+00
-1.1118288581e+01 3.5565182333e+00 -2.1255385184e+00
-1.1118283288e+01 3.5565219328e+00 -2.1255325164e+00
-1.1118289448e+01 3.5565449754e+00 -2.1255366852e+00
-1.1118282847e+01 3.5565476685e+00 -2.1255315477e+00
-9.5163301576e+00 -2.8448674155e+00 1.9211758900e+00
-9.5163353528e+00 -2.8448591231e+00 1.9211817358e+00
-9.5163353875e+00 -2.8448659863e+00 1.9211804005e+00
-9.5163405847e+00 -2.8448576957e+00 1.9211862524e+00
-9.5163093983e+00 -2.8448562991e+00 1.9211842147e+00
-9.5163145912e+00 -2.8448480097e+00 1.9211900586e+00
-9.5163140229e+00 -2.8448552424e+00 1.9211882616e+00
-9.5163192608e+00 -2.8448469298e+00 1.9211942459e+00
2.4565676990e+00 1.3600396968e+01 -1.5156203700e+00
2.4565691116e+00 1.3600399462e+01 -1.5156186646e+00
2.4565648435e+00 1.3600393162e+01 -1.5156185739e+00
2.4565662538e+00 1.3600395616e+01 -1.5156164912e+00
2.4565945374e+00 1.3600398858e+01 -1.5156171114e+00
2.4565959485e+00 1.3600401346e+01 -1.5156154002e+00
2.4565929710e+00 1.3600394618e+01 -1.5156160639e+00
2.4565943808e+00 1.3600397072e+01 -1.5156139821e+00
-1.5014360629e+00 -6.9727125001e+00 -1.0971046592e+00
-1.5014309472e+00 -6.9727189213e+00 -1.0971077496e+00
-1.5014450247e+00 -6.9727008496e+00 -1.0971077499e+00
-1.5014398951e+00 -6.9727072732e+00 -1.0971108574e+00
-1.5014332646e+00 -6.9727252154e+00 -1.0971184544e+00
-1.5014281972e+00 -6.9727316345e+00 -1.0971215473e+00
-1.5014422558e+00 -6.9727134671e+00 -1.0971215256e+00
-1.5014371746e+00 -6.9727198888e+00 -1.0971246358e+00
-1.7261404508e-01 9.0869294613e+00 -7.4689865052e+00
-1.7259487663e-01 9.0869392316e+00 -7.4689494315e+00
-1.7261561908e-01 9.0869194392e+00 -7.4689883252e+00
-1.7259801223e-01 9.0869295417e+00 -7.4689516867e+00
-1.7259200199e-01 9.0869430931e+00 -7.4689799514e+00
-1.7257190530e-01 9.0869532551e+00 -7.4689418331e+00
-1.7259386284e-01 9.0869327661e+00 -7.4689816847e+00
-1.7257520086e-01 9.0869435849e+00 -7.4689439998e+00
7.3993596120e+00 -2.8275094947e+00 -9.8286720032e-02
7.3993660807e+00 -2.8275078491e+00 -9.8282196178e-02
7.3993747060e+00 -2.8275052812e+00 -9.8292129862e-02
7.3993811063e+00 -2.8275036641e+00 -9.8287332391e-02
7.3993862226e+00 -2.8275161620e+00 -9.8289918820e-02
7.3993930899e+00 -2.8275147644e+00 -9.8285219814e-02
7.3994012908e+00 -2.8275117007e+00 -9.8295033860e-02
7.3994081142e+00 -2.8275103209e+00 -9.8290037124e-02
3.5574145897e+00 5.8362851684e+00 -9.1439105040e+00
3.5574175900e+00 5.8362832303e+00 -9.1439130036e+00
3.5574201967e+00 5.8363408141e+00 -9.1439094732e+00
3.5574228105e+00 5.8363391033e+00 -9.1439122797e+00
3.5574353571e+00 5.8362920737e+00 -9.1439118562e+00
3.5574384586e+00 5.8362900069e+00 -9.1439144003e+00
3.5574402254e+00 5.8363481206e+00 -9.1439106533e+00
3.5574428385e+00 5.8363464089e+00 -9.1439134600e+00
-1.0297924832e+00 3.1351226876e+00 -3.5655596705e+00
-1.0297857732e+00 3.1351273864e+00 -3.5655603932e+00
-1.0297886377e+00 3.1351365168e+00 -3.5655568999e+00
-1.0297829686e+00 3.1351405315e+00 -3.5655577280e+00
-1.0297825815e+00 3.1351242009e+00 -3.5655628830e+00
-1.0297758648e+00 3.1351288817e+00 -3.5655636238e+00
-1.0297786958e+00 3.1351380850e+00 -3.5655601805e+00
-1.0297730435e+00 3.1351420857e+00 -3.5655610135e+00
1.1061463469e+00 -3.6946757485e+00 -5.0131953978e+00
1.1061449260e+00 -3.6946648823e+00 -5.0132152761e+00
1.1061712240e+00 -3.6946641367e+00 -5.0131802127e+00
1.1061689130e+00 -3.6946528576e+00 -5.0131988553e+00
1.1061657400e+00 -3.6946833170e+00 -5.0131887751e+00
1.1061643191e+00 -3.6946724508e+00 -5.0132086533e+00
1.1061908595e+00 -3.6946719962e+00 -5.0131733023e+00
1.1061883719e+00 -3.6946605371e+00 -5.0131921888e+00
-4.9904581999e+00 -3.4899473995e+00 -7.8319670682e-01
-4.9904626772e+00 -3.4899513964e+00 -7.8319829836e-01
-4.9904587018e+00 -3.4899619461e+00 -7.8319755729e-01
-4.9904632006e+00 -3.4899659417e+00 -7.8319914512e-01
-4.9905026492e+00 -3.4899534378e+00 -7.8318890650e-01
-4.9905071047e+00 -3.4899565800e+00 -7.8319103686e-01
-4.9905026721e+00 -3.4899664956e+00 -7.8318996904e-01
-4.9905071798e+00 -3.4899704740e+00 -7.8319156020e-01
-5.6929286238e+00 1.4836911987e+00 -2.1489926825e+00
-5.6929245743e+00 1.4836971743e+00 -2.1490040260e+00
-5.6929320211e+00 1.4836882254e+00 -2.1489954570e+00
-5.6929276839e+00 1.4836951087e+00 -2.1490067608e+00
-5.6929250471e+00 1.4836959807e+00 -2.1489955189e+00
-5.6929209689e+00 1.4837020612e+00 -2.1490068932e+00
-5.6929292264e+00 1.4836936185e+00 -2.1489974872e+00
-5.6929252534e+00 1.4836997535e+00 -2.1490087667e+00
-6.5833155162e+00 -3.0351394123e+00 1.8139676081e+00
-6.5833160131e+00 -3.0351439873e+00 1.8139676238e+00
-6.5833049395e+00 -3.0351506781e+00 1.8139733295e+00
-6.5833047823e+00 -3.0351561914e+00 1.8139738373e+00
-6.5832745694e+00 -3.0351418122e+00 1.8139688890e+00
-6.5832762146e+00 -3.0351463120e+00 1.8139688397e+00
-6.5832641335e+00 -3.0351530442e+00 1.8139747128e+00
-6.5832648494e+00 -3.0351585888e+00 1.8139750573e+00
2.0042993774e-02 1.8558450652e+00 6.6154816351e+00
2.0043209257e-02 1.8558555155e+00 6.6154788858e+00
2.0026347301e-02 1.8558438352e+00 6.6154851903e+00
2.0026458187e-02 1.8558542163e+00 6.6154824506e+00
2.0048857490e-02 1.8558446574e+00 6.6154860592e+00
2.0048903754e-02 1.8558550217e+00 6.6154833482e+00
2.0031996066e-02 1.8558433425e+00 6.6154896065e+00
2.0032105954e-02 1.8558537241e+00 6.6154868667e+00
1.3063207518e+01 6.0231236118e+00 5.5188680247e-01
1.3063203915e+01 6.0231199488e+00 5.5188661260e-01
1.3063193727e+01 6.0231448405e+00 5.5190738078e-01
1.3063190136e+01 6.0231411796e+00 5.5190722098e-01
1.3063187986e+01 6.0231291615e+00 5.5187990646e-01
1.3063185366e+01 6.0231252103e+00 5.5187946610e-01
1.3063175901e+01 6.0231511441e+00 5.5190026898e-01
1.3063173335e+01 6.0231472660e+00 5.5189973355e-01
2.4281792985e+00 9.8659936744e-01 2.2776940245e+00
2.4281699748e+00 9.8660853563e-01 2.2776665312e+00
2.4281667767e+00 9.8660474280e-01 2.2777051336e+00
2.4281582701e+00 9.8661345908e-01 2.2776770516e+00
2.4281906419e+00 9.8659777180e-01 2.2776934683e+00
2.4281813438e+00 9.8660692150e-01 2.2776659900e+00
2.4281781894e+00 9.8660308224e-01 2.2777042387e+00
2.4281695263e+00 9.8661163760e-01 2.2776764765e+00
-5.0650310752e+00 -4.2342340434e+00 5.0272811102e-01
-5.0650286603e+00 -4.2342444081e+00 5.0273174407e-01
-5.0650207456e+00 -4.2342139734e+00 5.0272839494e-01
-5.0650174825e+00 -4.2342240261e+00 5.0273127319e-01
-5.0650468951e+00 -4.2342456397e+00 5.0273253598e-01
-5.0650462493e+00 -4.2342568303e+00 5.0273480873e-01
-5.0650378640e+00 -4.2342269859e+00 5.0273134146e-01
-5.0650351289e+00 -4.2342355285e+00 5.0273403480e-01
-1.4392513271e+00 9.4857570086e-01 -3.7693054179e-02
-1.4392421618e+00 9.4857768568e-01 -3.7704511938e-02
-1.4392586387e+00 9.4856992030e-01 -3.7684996293e-02
-1.4392501808e+00 9.4857151127e-01 -3.7697081781e-02
-1.4392317234e+00 9.4858175239e-01 -3.7687131233e-02
-1.4392225673e+00 9.4858340937e-01 -3.7698718416e-02
-1.4392394933e+00 9.4857615835e-01 -3.7679218368e-02
-1.4392310556e+00 9.4857741447e-01 -3.7691442844e-02
-2.2599325556e+00 -4.6983347357e+00 5.7568216861e+00
-2.2599327442e+00 -4.6983323175e+00 5.7568230350e+00
-2.2599429735e+00 -4.6983050888e+00 5.7568229304e+00
-2.2599435762e+00 -4.6983017434e+00 5.7568244545e+00
-2.2599193206e+00 -4.6983212503e+00 5.7568241679e+00
-2.2599199519e+00 -4.6983187452e+00 5.7568254909e+00
-2.2599298023e+00 -4.6982927488e+00 5.7568249469e+00
-2.2599308889e+00 -4.6982893260e+00 5.7568263761e+00
-2.8627230556e+00 9.8254676028e+00 1.3889023478e+00
-2.8627295465e+00 9.8254646544e+00 1.3889011728e+00
-2.8627292572e+00 9.8254629371e+00 1.3889118325e+00
-2.8627347899e+00 9.8254592390e+00 1.3889097919e+00
-2.8627261681e+00 9.8254584671e+00 1.3889018352e+00
-2.8627326427e+00 9.8254554901e+00 1.3889006587e+00
-2.8627327478e+00 9.8254536751e+00 1.3889111041e+00
-2.8627382963e+00 9.8254500091e+00 1.3889090638e+00
5.1252205547e+00 -2.0455139964e+00 4.3897251061e+00
5.1252235409e+00 -2.0455133934e+00 4.3897125288e+00
5.1252265996e+00 -2.0455113113e+00 4.3897211032e+00
5.1252291896e+00 -2.0455108688e+00 4.3897086307e+00
5.1252400872e+00 -2.0455167874e+00 4.3897252231e+00
5.1252431088e+00 -2.0455161755e+00 4.3897126442e+00
5.1252465401e+00 -2.0455143433e+00 4.3897207767e+00
5.1252491292e+00 -2.0455139241e+00 4.3897083194e+00
1.4857654521e-02 -6.6505720188e-02 6.8494050386e-01
1.4859155524e-02 -6.6512224894e-02 6.8493937740e-01
1.4870376215e-02 -6.6495284398e-02 6.8494419828e-01
1.4871878161e-02 -6.6501786980e-02 6.8494307147e-01
1.4871643283e-02 -6.6505436644e-02 6.8493620903e-01
1.4873119764e-02 -6.6511876327e-02 6.8493515900e-01
1.4884397241e-02 -6.6495006375e-02 6.8493988080e-01
1.4885874852e-02 -6.6501443890e-02 6.8493883047e-01
1.8701916096e+00 -3.0803490018e+00 -3.3946973999e+00
1.8701915687e+00 -3.0803529070e+00 -3.3947143267e+00
1.8701874679e+00 -3.0803615969e+00 -3.3946977142e+00
1.8701872921e+00 -3.0803664302e+00 -3.3947138704e+00
1.8702023533e+00 -3.0803492629e+00 -3.3946858110e+00
1.8702030105e+00 -3.0803532403e+00 -3.3947028621e+00
1.8701986053e+00 -3.0803615963e+00 -3.3946862853e+00
1.8701991287e+00 -3.0803665018e+00 -3.3947025656e+00
2.1633249634e+00 3.0001036007e+00 5.5530141434e-01
2.1633191022e+00 3.0000987957e+00 5.5528472330e-01
2.1633180803e+00 3.0001379103e+00 5.5531063989e-01
2.1633121594e+00 3.0001331804e+00 5.5529364496e-01
2.1633140495e+00 3.0001091298e+00 5.5530425388e-01
2.1633081107e+00 3.0001042343e+00 5.5528753426e-01
2.1633070552e+00 3.0001434956e+00 5.5531371567e-01
2.1633011035e+00 3.0001386920e+00 5.5529682543e-01
2.4053614752e+00 -5.9556829718e+00 -3.6760475425e-01
2.4053571531e+00 -5.9556793573e+00 -3.6760281930e-01
2.4053624892e+00 -5.9556608833e+00 -3.6760430575e-01
2.4053591790e+00 -5.9556571366e+00 -3.6760229126e-01
2.4053108102e+00 -5.9556843242e+00 -3.6761056391e-01
2.4053074746e+00 -5.9556808299e+00 -3.6760880372e-01
2.4053105279e+00 -5.9556626118e+00 -3.6761041873e-01
2.4053079111e+00 -5.9556594637e+00 -3.6760923268e-01
3.3469013516e-01 4.2351040637e+00 1.7210325738e+00
3.3469754923e-01 4.2351033157e+00 1.7210453119e+00
3.3469704119e-01 4.2351241811e+00 1.7210314023e+00
3.3470529985e-01 4.2351233950e+00 1.7210442183e+00
3.3468122362e-01 4.2351054478e+00 1.7210334366e+00
3.3468843341e-01 4.2351047221e+00 1.7210462202e+00
3.3468804580e-01 4.2351257124e+00 1.7210321887e+00
3.3469628620e-01 4.2351247729e+00 1.7210451512e+00
3.8965358254e+00 -3.2405585088e+00 1.1625780221e+00
3.8965423246e+00 -3.2405564990e+00 1.1625757070e+00
3.8965337370e+00 -3.2405616260e+00 1.1625858907e+00
3.8965402855e+00 -3.2405596772e+00 1.1625834744e+00
3.8965024093e+00 -3.2405575283e+00 1.1625843527e+00
3.8965089242e+00 -3.2405553162e+00 1.1625818246e+00
3.8964995554e+00 -3.2405602680e+00 1.1625922457e+00
3.8965060717e+00 -3.2405582067e+00 1.1625898581e+00
2.8625141597e-01 7.5142278213e+00 1.5018298494e+00
2.8625447143e-01 7.5142260811e+00 1.5018286963e+00
2.8625680913e-01 7.5142776982e+00 1.5018316273e+00
2.8625988762e-01 7.5142760287e+00 1.5018308588e+00
2.8625666801e-01 7.5142321619e+00 1.5018306260e+00
2.8625972084e-01 7.5142304535e+00 1.5018295140e+00
2.8626249972e-01 7.5142816946e+00 1.5018313723e+00
2.8626554294e-01 7.5142802310e+00 1.5018308163e+00
-4.0768610414e+00 -5.5853428565e+00 5.3403460587e-01
-4.0768650498e+00 -5.5853363816e+00 5.3404072917e-01
-4.0768713316e+00 -5.5853426528e+00 5.3403862328e-01
-4.0768753663e+00 -5.5853347985e+00 5.3404496205e-01
-4.0768466017e+00 -5.5853495569e+00 5.3403702645e-01
-4.0768509980e+00 -5.5853421674e+00 5.3404281061e-01
-4.0768573936e+00 -5.5853483061e+00 5.3404111355e-01
-4.0768608772e+00 -5.5853416201e+00 5.3404698145e-01
-1.1811040819e+00 1.8710747681e+00 8.9153886585e-01
-1.1811171068e+00 1.8710678995e+00 8.9153403360e-01
-1.1811238008e+00 1.8711134964e+00 8.9154118658e-01
-1.1811369274e+00 1.8711075547e+00 8.9153606454e-01
-1.1811009263e+00 1.8710758047e+00 8.9152598323e-01
-1.1811139635e+00 1.8710688910e+00 8.9152113745e-01
-1.1811214603e+00 1.8711140479e+00 8.9152785225e-01
-1.1811345551e+00 1.8711081895e+00 8.9152268446e-01
-3.6175169806e+00 -5.5377818586e-05 -9.4236787235e-01
-3.6175089830e+00 -4.6156809776e-05 -9.4236498571e-01
-3.6175061362e+00 -5.3442120382e-05 -9.4237393736e-01
-3.6174992522e+00 -4.3401975893e-05 -9.4237127842e-01
-3.6174904266e+00 -4.7531572478e-05 -9.4236453108e-01
-3.6174836726e+00 -3.8537486109e-05 -9.4236118133e-01
-3.6174797798e+00 -4.5454526739e-05 -9.4237096388e-01
-3.6174725351e+00 -3.4694496926e-05 -9.4236806336e-01
-3.7300682246e-01 4.7923447216e+00 3.9731227932e+00
-3.7301000474e-01 4.7923350660e+00 3.9731225701e+00
-3.7299882616e-01 4.7923901745e+00 3.9731267333e+00
-3.7300224297e-01 4.7923806267e+00 3.9731262474e+00
-3.7299181456e-01 4.7923414453e+00 3.9731234935e+00
-3.7299499718e-01 4.7923317896e+00 3.9731232712e+00
-3.7298357902e-01 4.7923869105e+00 3.9731275027e+00
-3.7298699678e-01 4.7923773622e+00 3.9731270175e+00
4.7116886922e-01 -5.5413305411e-01 -2.2097286962e+00
4.7117561079e-01 -5.5412742696e-01 -2.2097256395e+00
4.7115904950e-01 -5.5414324791e-01 -2.2097289948e+00
4.7116592346e-01 -5.5413747269e-01 -2.2097258998e+00
4.7117041223e-01 -5.5414359693e-01 -2.2097309433e+00
4.7117697958e-01 -5.5413804227e-01 -2.2097274603e+00
4.7116062887e-01 -5.5415372089e-01 -2.2097312974e+00
4.7116732851e-01 -5.5414801811e-01 -2.2097277759e+00
-1.3219195118e+00 -5.8757540287e+00 -7.3880912511e-01
-1.3219135814e+00 -5.8757611580e+00 -7.3881408238e-01
-1.3219244485e+00 -5.8757704959e+00 -7.3881393099e-01
-1.3219189693e+00 -5.8757773513e+00 -7.3881901056e-01
-1.3219119489e+00 -5.8757460491e+00 -7.3881253088e-01
-1.3219059816e+00 -5.8757531913e+00 -7.3881747959e-01
-1.3219168633e+00 -5.8757623630e+00 -7.3881716037e-01
-1.3219113472e+00 -5.8757692323e+00 -7.3882223283e-01
-8.4194984324e+00 2.6603333943e-02 -1.0566747512e+00
-8.4194981773e+00 2.6611063110e-02 -1.0566752409e+00
-8.4195038730e+00 2.6595728075e-02 -1.0566777582e+00
-8.4195036186e+00 2.6603458694e-02 -1.0566782484e+00
-8.4194888575e+00 2.6607660958e-02 -1.0566702388e+00
-8.4194883773e+00 2.6615405602e-02 -1.0566705763e+00
-8.4194942302e+00 2.6600180097e-02 -1.0566733414e+00
-8.4194937511e+00 2.6607925183e-02 -1.0566736793e+00
-4.6070721180e+00 -1.3456888957e-01 2.2662365946e+00
-4.6070742841e+00 -1.3457118285e-01 2.2662250935e+00
-4.6070750919e+00 -1.3459105080e-01 2.2662365680e+00
-4.6070773246e+00 -1.3459338143e-01 2.2662250163e+00
-4.6070495118e+00 -1.3457718771e-01 2.2662341300e+00
-4.6070516838e+00 -1.3457946179e-01 2.2662226112e+00
-4.6070525543e+00 -1.3459943034e-01 2.2662340131e+00
-4.6070547930e+00 -1.3460174195e-01 2.2662224434e+00
8.9353277064e+00 2.9495482001e-01 -7.5821531707e-01
8.9353243122e+00 2.9495205605e-01 -7.5822122704e-01
8.9353199404e+00 2.9494826484e-01 -7.5821690628e-01
8.9353164095e+00 2.9494565666e-01 -7.5822280385e-01
8.9353377489e+00 2.9495528977e-01 -7.5821817022e-01
8.9353342122e+00 2.9495284745e-01 -7.5822380368e-01
8.9353300133e+00 2.9494870385e-01 -7.5821973499e-01
8.9353263399e+00 2.9494641380e-01 -7.5822535545e-01
2.4278418977e+00 -2.4401262847e+00 3.6145486987e+00
2.4278260821e+00 -2.4401260594e+00 3.6145424563e+00
2.4278450261e+00 -2.4401294100e+00 3.6145581755e+00
2.4278287541e+00 -2.4401281973e+00 3.6145521342e+00
2.4278397719e+00 -2.4401303507e+00 3.6145513340e+00
2.4278228949e+00 -2.4401303024e+00 3.6145450920e+00
2.4278402097e+00 -2.4401327533e+00 3.6145602755e+00
2.4278241579e+00 -2.4401327554e+00 3.6145539886e+00
-3.4068378129e+00 5.1215596869e+00 -3.8985029951e+00
-3.4068381482e+00 5.1215614927e+00 -3.8984976639e+00
-3.4068167349e+00 5.1215417913e+00 -3.8984984186e+00
-3.4068170790e+00 5.1215435715e+00 -3.8984930811e+00
-3.4068378745e+00 5.1215533716e+00 -3.8985011146e+00
-3.4068383487e+00 5.1215550032e+00 -3.8984958711e+00
-3.4068168085e+00 5.1215353729e+00 -3.8984965530e+00
-3.4068172912e+00 5.1215369775e+00 -3.8984913030e+00
3.4399747009e+00 -1.1889352080e+00 3.2692868152e+00
3.4399843660e+00 -1.1889309773e+00 3.2692911215e+00
3.4399812895e+00 -1.1889287864e+00 3.2692893560e+00
3.4399909181e+00 -1.1889245462e+00 3.2692936531e+00
3.4399938176e+00 -1.1889385115e+00 3.2692859112e+00
3.4400034830e+00 -1.1889342814e+00 3.2692902170e+00
3.4400011845e+00 -1.1889321150e+00 3.2692888195e+00
3.4400108143e+00 -1.1889278746e+00 3.2692931162e+00
8.6229752969e+00 2.9354928825e+00 1.9093646298e+01
8.6229777799e+00 2.9354837450e+00 1.9093651926e+01
8.6229613535e+00 2.9354853083e+00 1.9093628384e+01
8.6229631618e+00 2.9354760379e+00 1.9093634081e+01
8.6229530149e+00 2.9354947219e+00 1.9093648702e+01
8.6229549883e+00 2.9354855401e+00 1.9093654078e+01
8.6229394966e+00 2.9354868244e+00 1.9093630795e+01
8.6229415040e+00 2.9354776504e+00 1.9093636147e+01
-1.4874030759e+00 -6.8301496427e+00 1.7272998513e+01
-1.4874085629e+00 -6.8301479962e+00 1.7272989746e+01
-1.4873942598e+00 -6.8301372581e+00 1.7272994245e+01
-1.4873999494e+00 -6.8301350130e+00 1.7272985393e+01
-1.4874064728e+00 -6.8301513630e+00 1.7272993285e+01
-1.4874121769e+00 -6.8301496878e+00 1.7272984228e+01
-1.4873975285e+00 -6.8301386751e+00 1.7272988167e+01
-1.4874030620e+00 -6.8301365422e+00 1.7272979590e+01
5.8993068674e+00 -2.7758677255e+00 1.7980277416e+01
5.8993058959e+00 -2.7758745684e+00 1.7980272853e+01
5.8993132769e+00 -2.7758721491e+00 1.7980265354e+01
5.8993123123e+00 -2.7758790381e+00 1.7980260763e+01
5.8993093364e+00 -2.7758729749e+00 1.7980277526e+01
5.8993086496e+00 -2.7758796205e+00 1.7980272852e+01
5.8993158649e+00 -2.7758771045e+00 1.7980265414e+01
5.8993149115e+00 -2.7758839907e+00 1.7980260835e+01
4.4370990832e+00 -1.1291315445e-01 1.5126119849e+01
4.4371107091e+00 -1.1290570492e-01 1.5126110139e+01
4.4370964009e+00 -1.1291947157e-01 1.5126117303e+01
4.4371080200e+00 -1.1291203102e-01 1.5126107601e+01
4.4371105049e+00 -1.1290872747e-01 1.5126121932e+01
4.4371220952e+00 -1.1290126603e-01 1.5126112195e+01
4.4371076317e+00 -1.1291520044e-01 1.5126119261e+01
4.4371192127e+00 -1.1290774658e-01 1.5126109532e+01
-6.2681094144e+00 1.3239003868e+00 1.8722070894e+01
-6.2681127151e+00 1.3238973686e+00 1.8722066251e+01
-6.2681032358e+00 1.3238980244e+00 1.8722066745e+01
-6.2681070721e+00 1.3238950688e+00 1.8722062051e+01
-6.2681184073e+00 1.3239053758e+00 1.8722069002e+01
-6.2681216774e+00 1.3239023453e+00 1.8722064367e+01
-6.2681121980e+00 1.3239028814e+00 1.8722064912e+01
-6.2681160366e+00 1.3238999242e+00 1.8722060218e+01
-1.6531218655e+00 1.6117055661e+00 2.1351194507e+01
-1.6531253154e+00 1.6117100150e+00 2.1351185170e+01
-1.6531275043e+00 1.6117074613e+00 2.1351194213e+01
-1.6531309542e+00 1.6117119100e+00 2.1351184876e+01
-1.6531531684e+00 1.6116991830e+00 2.1351195038e+01
-1.6531569099e+00 1.6117037745e+00 2.1351186083e+01
-1.6531585519e+00 1.6117011554e+00 2.1351194939e+01
-1.6531619035e+00 1.6117055293e+00 2.1351185680e+01
-6.5650035667e+00 5.3306194060e+00 1.8102263087e+01
-6.5649991686e+00 5.3306082418e+00 1.8102279501e+01
-6.5650014445e+00 5.3306328392e+00 1.8102256473e+01
-6.5649956255e+00 5.3306233918e+00 1.8102272863e+01
-6.5649970092e+00 5.3306222804e+00 1.8102254382e+01
-6.5649915994e+00 5.3306111026e+00 1.8102270870e+01
-6.5649947088e+00 5.3306355947e+00 1.8102248024e+01
-6.5649886855e+00 5.3306261218e+00 1.8102264285e+01
-3.2940997235e+00 -4.1505377831e+00 1.4015007720e+01
-3.2940995351e+00 -4.1505348341e+00 1.4015004159e+01
-3.2941007612e+00 -4.1505237470e+00 1.4015003499e+01
-3.2941004645e+00 -4.1505207666e+00 1.4015000110e+01
-3.2941095160e+00 -4.1505386305e+00 1.4015003366e+01
-3.2941093360e+00 -4.1505356742e+00 1.4014999816e+01
-3.2941110254e+00 -4.1505237802e+00 1.4014999214e+01
-3.2941108616e+00 -4.1505210549e+00 1.4014995739e+01
1.6885374962e+00 3.6373016942e+00 1.9596784239e+01
1.6885389970e+00 3.6373030267e+00 1.9596777226e+01
1.6885398694e+00 3.6372960330e+00 1.9596786526e+01
1.6885414113e+00 3.6372973987e+00 1.9596779536e+01
1.6885262519e+00 3.6373028011e+00 1.9596773606e+01
1.6885284660e+00 3.6373045838e+00 1.9596767153e+01
1.6885293503e+00 3.6372976331e+00 1.9596776441e+01
1.6885308977e+00 3.6372989626e+00 1.9596769455e+01
9.9272423073e-01 -1.2780500571e+00 1.7063183830e+01
9.9272571639e-01 -1.2780477081e+00 1.7063183687e+01
9.9271978528e-01 -1.2780658712e+00 1.7063173933e+01
9.9272117243e-01 -1.2780634590e+00 1.7063173748e+01
9.9272268684e-01 -1.2780542912e+00 1.7063184027e+01
9.9272418785e-01 -1.2780519658e+00 1.7063183904e+01
9.9271867366e-01 -1.2780698530e+00 1.7063173806e+01
9.9271985228e-01 -1.2780676063e+00 1.7063173405e+01
5.7753868265e+00 1.1447368687e+01 1.6736660626e+01
5.7753858997e+00 1.1447375538e+01 1.6736651975e+01
5.7753962220e+00 1.1447373702e+01 1.6736668360e+01
5.7753947616e+00 1.1447381038e+01 1.6736660192e+01
5.7753959619e+00 1.1447373083e+01 1.6736665930e+01
5.7753950427e+00 1.1447379928e+01 1.6736657291e+01
5.7754048668e+00 1.1447378618e+01 1.6736674168e+01
5.7754039505e+00 1.1447385453e+01 1.6736665528e+01
3.7012683819e+00 -2.9981731986e+00 2.0733989937e+01
3.7012663122e+00 -2.9981737722e+00 2.0733984359e+01
3.7012752493e+00 -2.9981610208e+00 2.0733982842e+01
3.7012732936e+00 -2.9981615646e+00 2.0733977347e+01
3.7012637960e+00 -2.9981713363e+00 2.0733986040e+01
3.7012617225e+00 -2.9981718769e+00 2.0733980469e+01
3.7012704899e+00 -2.9981589338e+00 2.0733979116e+01
3.7012685295e+00 -2.9981594496e+00 2.0733973630e+01
-1.6251013912e+00 3.7318860094e+00 1.8258196574e+01
-1.6251012479e+00 3.7318756535e+00 1.8258193604e+01
-1.6251051373e+00 3.7318789429e+00 1.8258194996e+01
-1.6251050255e+00 3.7318685940e+00 1.8258192000e+01
-1.6251260992e+00 3.7318803743e+00 1.8258199293e+01
-1.6251259761e+00 3.7318701041e+00 1.8258196336e+01
-1.6251304749e+00 3.7318737332e+00 1.8258198219e+01
-1.6251303256e+00 3.7318634944e+00 1.8258195240e+01
4.4181338482e+00 -8.4989946130e+00 1.6922122851e+01
4.4181355649e+00 -8.4989883973e+00 1.6922112418e+01
4.4181343998e+00 -8.4989957663e+00 1.6922117800e+01
4.4181361239e+00 -8.4989895476e+00 1.6922107344e+01
4.4181321406e+00 -8.4989902408e+00 1.6922120984e+01
4.4181338612e+00 -8.4989840174e+00 1.6922110550e+01
4.4181326374e+00 -8.4989913716e+00 1.6922115901e+01
4.4181343667e+00 -8.4989851365e+00 1.6922105462e+01
-8.4647011666e+00 2.4475473002e+00 1.5773412685e+01
-8.4647016091e+00 2.4475415540e+00 1.5773410116e+01
-8.4647047939e+00 2.4475484802e+00 1.5773404101e+01
-8.4647052526e+00 2.4475425609e+00 1.5773401472e+01
-8.4647098619e+00 2.4475496571e+00 1.5773417626e+01
-8.4647103056e+00 2.4475436887e+00 1.5773415001e+01
-8.4647135347e+00 2.4475507150e+00 1.5773409041e+01
-8.4647139642e+00 2.4475447838e+00 1.5773406388e+01
-3.9657901163e+00 3.7401186058e-01 1.7734062313e+01
-3.9657903639e+00 3.7401659908e-01 1.7734055117e+01
-3.9657862542e+00 3.7399391403e-01 1.7734057115e+01
-3.9657865608e+00 3.7399866526e-01 1.7734049863e+01
-3.9658013763e+00 3.7400988272e-01 1.7734065074e+01
-3.9658016508e+00 3.7401459001e-01 1.7734057907e+01
-3.9657974110e+00 3.7399143856e-01 1.7734059450e+01
-3.9657977285e+00 3.7399614263e-01 1.7734052231e+01
1.2995234803e+00 -3.1268864740e+00 -1.8350037730e+01
1.2995178598e+00 -3.1268937982e+00 -1.8350043121e+01
1.2995190977e+00 -3.1268875634e+00 -1.8350034457e+01
1.2995135050e+00 -3.1268948866e+00 -1.8350039814e+01
1.2995255918e+00 -3.1268866589e+00 -1.8350041774e+01
1.2995200063e+00 -3.1268939850e+00 -1.8350047146e+01
1.2995212125e+00 -3.1268877433e+00 -1.8350038468e+01
1.2995156549e+00 -3.1268950670e+00 -1.8350043802e+01
-4.3740259503e-01 1.8728121648e+00 -1.7669626056e+01
-4.3740072902e-01 1.8728155474e+00 -1.7669631891e+01
-4.3740271760e-01 1.8728092603e+00 -1.7669617118e+01
-4.3740084485e-01 1.8728126409e+00 -1.7669622961e+01
-4.3739104459e-01 1.8728129582e+00 -1.7669628352e+01
-4.3738923669e-01 1.8728163745e+00 -1.7669634249e+01
-4.3739106311e-01 1.8728100100e+00 -1.7669619696e+01
-4.3738917944e-01 1.8728134030e+00 -1.7669625560e+01
1.5327269475e+00 -2.9663176363e+00 -1.8016774043e+01
1.5327298539e+00 -2.9663184468e+00 -1.8016776530e+01
1.5327274529e+00 -2.9663231502e+00 -1.8016778757e+01
1.5327303423e+00 -2.9663239334e+00 -1.8016781285e+01
1.5327254688e+00 -2.9663150319e+00 -1.8016773808e+01
1.5327280427e+00 -2.9663158017e+00 -1.8016776367e+01
1.5327260258e+00 -2.9663205850e+00 -1.8016778669e+01
1.5327285898e+00 -2.9663213337e+00 -1.8016781272e+01
-9.0170889191e-01 5.5976900666e+00 -1.6974499287e+01
-9.0170938197e-01 5.5976933760e+00 -1.6974498899e+01
-9.0169691263e-01 5.5977013488e+00 -1.6974493738e+01
-9.0169756489e-01 5.5977047537e+00 -1.6974493388e+01
-9.0170385979e-01 5.5976891744e+00 -1.6974494103e+01
-9.0170431615e-01 5.5976925254e+00 -1.6974493653e+01
-9.0169180852e-01 5.5977004789e+00 -1.6974488475e+01
-9.0169249795e-01 5.5977038286e+00 -1.6974488142e+01
-2.9011122435e+00 -8.8827390506e+00 -1.8198782958e+01
-2.9011109639e+00 -8.8827290143e+00 -1.8198763650e+01
-2.9011060296e+00 -8.8827460226e+00 -1.8198794077e+01
-2.9011053261e+00 -8.8827368858e+00 -1.8198773762e+01
-2.9011141089e+00 -8.8827356483e+00 -1.8198781426e+01
-2.9011126962e+00 -8.8827252146e+00 -1.8198762281e+01
-2.9011078699e+00 -8.8827426220e+00 -1.8198792465e+01
-2.9011071077e+00 -8.8827329963e+00 -1.8198772432e+01
4.8592350061e+00 -9.2996626074e-01 -2.0019188087e+01
4.8592418310e+00 -9.2997609437e-01 -2.0019171691e+01
4.8592264437e+00 -9.2997409951e-01 -2.0019180885e+01
4.8592336240e+00 -9.2998353915e-01 -2.0019164809e+01
4.8592234441e+00 -9.2996005296e-01 -2.0019182619e+01
4.8592299856e+00 -9.2996962874e-01 -2.0019166250e+01
4.8592148416e+00 -9.2996792562e-01 -2.0019175473e+01
4.8592218509e+00 -9.2997707005e-01 -2.0019159342e+01
-1.0232647935e+00 -5.5001958663e+00 -1.6980031576e+01
-1.0232663205e+00 -5.5001921533e+00 -1.6980030201e+01
-1.0232670840e+00 -5.5001993820e+00 -1.6980039389e+01
-1.0232685127e+00 -5.5001957237e+00 -1.6980037960e+01
-1.0232703163e+00 -5.5001977925e+00 -1.6980031449e+01
-1.0232718048e+00 -5.5001940698e+00 -1.6980030099e+01
-1.0232726732e+00 -5.5002013430e+00 -1.6980039181e+01
-1.0232740632e+00 -5.5001976754e+00 -1.6980037777e+01
-2.3498242338e-01 1.6987778691e+00 -2.2000283731e+01
-2.3498554459e-01 1.6987674520e+00 -2.2000290527e+01
-2.3498196244e-01 1.6987720554e+00 -2.2000278137e+01
-2.3498495677e-01 1.6987614579e+00 -2.2000284697e+01
-2.3498935195e-01 1.6987729268e+00 -2.2000290490e+01
-2.3499233420e-01 1.6987623615e+00 -2.2000297029e+01
-2.3498761228e-01 1.6987675566e+00 -2.2000283732e+01
-2.3499060794e-01 1.6987569595e+00 -2.2000290293e+01
-9.0861956943e-01 -2.0239248956e+00 -1.8163662109e+01
-9.0862109569e-01 -2.0239323934e+00 -1.8163667029e+01
-9.0861600456e-01 -2.0239277797e+00 -1.8163657560e+01
-9.0861726013e-01 -2.0239354088e+00 -1.8163662761e+01
-9.0862605117e-01 -2.0239148005e+00 -1.8163648441e+01
-9.0862757741e-01 -2.0239222984e+00 -1.8163653362e+01
-9.0862249637e-01 -2.0239176903e+00 -1.8163643843e+01
-9.0862375196e-01 -2.0239253194e+00 -1.8163649044e+01
-3.0400059809e+00 -3.5727548756e+00 -1.7676469962e+01
-3.0400011181e+00 -3.5727470834e+00 -1.7676473836e+01
-3.0400145724e+00 -3.5727683406e+00 -1.7676459867e+01
-3.0400097255e+00 -3.5727605958e+00 -1.7676463722e+01
-3.0400073880e+00 -3.5727562879e+00 -1.7676463327e+01
-3.0400024997e+00 -3.5727484196e+00 -1.7676467257e+01
-3.0400160507e+00 -3.5727696316e+00 -1.7676453003e+01
-3.0400111768e+00 -3.5727618102e+00 -1.7676456919e+01
-2.7950288869e-01 5.3288483906e+00 -1.7272113975e+01
-2.7950652156e-01 5.3288455835e+00 -1.7272117708e+01
-2.7949701918e-01 5.3288505898e+00 -1.7272114217e+01
-2.7950065287e-01 5.3288478070e+00 -1.7272117966e+01
-2.7950935392e-01 5.3288429663e+00 -1.7272118997e+01
-2.7951299541e-01 5.3288401546e+00 -1.7272122717e+01
-2.7950367718e-01 5.3288451283e+00 -1.7272119278e+01
-2.7950731952e-01 5.3288423409e+00 -1.7272123013e+01
2.9252786369e+00 -3.5014365356e+00 -1.5422929625e+01
2.9252871746e+00 -3.5014351537e+00 -1.5422901821e+01
2.9252886744e+00 -3.5014338501e+00 -1.5422922085e+01
2.9252979936e+00 -3.5014325693e+00 -1.5422893741e+01
2.9252733126e+00 -3.5014385645e+00 -1.5422925660e+01
2.9252823320e+00 -3.5014370340e+00 -1.5422898069e+01
2.9252839410e+00 -3.5014358440e+00 -1.5422917613e+01
2.9252927375e+00 -3.5014349523e+00 -1.5422889661e+01
-1.5297002066e+00 3.1179760295e+00 -1.6021860425e+01
-1.5297037818e+00 3.1179773582e+00 -1.6021871084e+01
-1.5297011593e+00 3.1179752587e+00 -1.6021862718e+01
-1.5297046746e+00 3.1179766046e+00 -1.6021873350e+01
-1.5297076518e+00 3.1179770931e+00 -1.6021864121e+01
-1.5297111863e+00 3.1179782016e+00 -1.6021875103e+01
-1.5297085919e+00 3.1179761080e+00 -1.6021866697e+01
-1.5297120993e+00 3.1179774567e+00 -1.6021877326e+01
-5.6100132947e+00 1.8041882154e+00 -2.0103883519e+01
-5.6100089922e+00 1.8041922322e+00 -2.0103880502e+01
-5.6100126730e+00 1.8041745800e+00 -2.0103889877e+01
-5.6100088194e+00 1.8041786427e+00 -2.0103886876e+01
-5.6100311560e+00 1.8041911289e+00 -2.0103874485e+01
-5.6100273053e+00 1.8041951701e+00 -2.0103871510e+01
-5.6100310379e+00 1.8041778164e+00 -2.0103880561e+01
-5.6100267383e+00 1.8041818115e+00 -2.0103877570e+01
1.3933060118e+00 2.8985482541e+00 -2.1009239386e+01
1.3933093031e+00 2.8985481777e+00 -2.1009245508e+01
1.3932993052e+00 2.8985402916e+00 -2.1009235045e+01
1.3933025944e+00 2.8985402152e+00 -2.1009241169e+01
1.3933032485e+00 2.8985507996e+00 -2.1009234379e+01
1.3933066451e+00 2.8985508131e+00 -2.1009240410e+01
1.3932966747e+00 2.8985430350e+00 -2.1009229975e+01
1.3932999482e+00 2.8985429906e+00 -2.1009236130e+01
5.9459802477e+00 1.0152986858e+00 -2.0525100887e+01
5.9459662194e+00 1.0153041445e+00 -2.0525106700e+01
5.9459780605e+00 1.0152847617e+00 -2.0525097200e+01
5.9459640129e+00 1.0152902166e+00 -2.0525103018e+01
5.9459832551e+00 1.0152986906e+00 -2.0525098721e+01
5.9459692375e+00 1.0153041163e+00 -2.0525104513e+01
5.9459810910e+00 1.0152847932e+00 -2.0525095146e+01
5.9459670566e+00 1.0152902144e+00 -2.0525100933e+01
3.0626329294e+00 7.1319173112e+00 1.8346429591e+01
3.0626345210e+00 7.1319124822e+00 1.8346449216e+01
3.0626235331e+00 7.1319138174e+00 1.8346431181e+01
3.0626243870e+00 7.1319093188e+00 1.8346451305e+01
3.0626306292e+00 7.1319117672e+00 1.8346418125e+01
3.0626317974e+00 7.1319069219e+00 1.8346437493e+01
3.0626213047e+00 7.1319083068e+00 1.8346419585e+01
3.0626223592e+00 7.1319033595e+00 1.8346438990e+01
-1.8080638259e+00 -2.1433913348e+00 1.6178774529e+01
-1.8080715036e+00 -2.1433902520e+00 1.6178760167e+01
-1.8080697744e+00 -2.1434120891e+00 1.6178775320e+01
-1.8080775567e+00 -2.1434110425e+00 1.6178760802e+01
-1.8080599341e+00 -2.1433931110e+00 1.6178772518e+01
-1.8080675868e+00 -2.1433920609e+00 1.6178758171e+01
-1.8080660057e+00 -2.1434138674e+00 1.6178773313e+01
-1.8080737659e+00 -2.1434128540e+00 1.6178758803e+01
-1.2587994120e+00 1.9632469733e+00 1.7033374008e+01
-1.2587992008e+00 1.9632529796e+00 1.7033364271e+01
-1.2587940282e+00 1.9632494972e+00 1.7033374577e+01
-1.2587938291e+00 1.9632553675e+00 1.7033364347e+01
-1.2588092118e+00 1.9632552806e+00 1.7033378187e+01
-1.2588091395e+00 1.9632608151e+00 1.7033368645e+01
-1.2588039235e+00 1.9632575826e+00 1.7033378851e+01
-1.2588038956e+00 1.9632629516e+00 1.7033368807e+01
4.3441285113e+00 -1.8166565066e+00 1.7822239088e+01
4.3441276664e+00 -1.8166584025e+00 1.7822229131e+01
4.3441385905e+00 -1.8166791380e+00 1.7822244058e+01
4.3441377341e+00 -1.8166812697e+00 1.7822233761e+01
4.3441102728e+00 -1.8166595972e+00 1.7822243631e+01
4.3441093183e+00 -1.8166613500e+00 1.7822233853e+01
4.3441199830e+00 -1.8166817956e+00 1.7822249245e+01
4.3441190259e+00 -1.8166835133e+00 1.7822239467e+01
-1.2986271123e+00 -4.4091803478e+00 1.8889336577e+01
-1.2986230994e+00 -4.4091723711e+00 1.8889350218e+01
-1.2986325720e+00 -4.4091802282e+00 1.8889345960e+01
-1.2986285134e+00 -4.4091719956e+00 1.8889360558e+01
-1.2986373449e+00 -4.4091848571e+00 1.8889329175e+01
-1.2986329648e+00 -4.4091770067e+00 1.8889343078e+01
-1.2986430450e+00 -4.4091840878e+00 1.8889338649e+01
-1.2986387314e+00 -4.4091761970e+00 1.8889353376e+01
-5.4421774626e+00 -7.4089387345e-01 1.9280116888e+01
-5.4421693247e+00 -7.4089151909e-01 1.9280108333e+01
-5.4421749588e+00 -7.4089622848e-01 1.9280130444e+01
-5.4421662801e+00 -7.4089379962e-01 1.9280122331e+01
-5.4421799241e+00 -7.4089340025e-01 1.9280116274e+01
-5.4421717796e+00 -7.4089104047e-01 1.9280107706e+01
-5.4421773932e+00 -7.4089596863e-01 1.9280129462e+01
-5.4421687839e+00 -7.4089355442e-01 1.9280121320e+01
-3.9749522504e+00 1.0816803352e+00 2.0120471519e+01
-3.9749589922e+00 1.0816838005e+00 2.0120474280e+01
-3.9749475316e+00 1.0816717125e+00 2.0120478519e+01
-3.9749538763e+00 1.0816751202e+00 2.0120481304e+01
-3.9749635193e+00 1.0816815591e+00 2.0120468910e+01
-3.9749700202e+00 1.0816854279e+00 2.0120471565e+01
-3.9749586194e+00 1.0816727375e+00 2.0120475989e+01
-3.9749648125e+00 1.0816766174e+00 2.0120478673e+01
2.0967581560e+00 7.0079435581e-01 1.7338903471e+01
2.0967629319e+00 7.0079806938e-01 1.7338892093e+01
2.0967497042e+00 7.0077900157e-01 1.7338905177e+01
2.0967544804e+00 7.0078271363e-01 1.7338893799e+01
2.0967566760e+00 7.0079235920e-01 1.7338902005e+01
2.0967614425e+00 7.0079608019e-01 1.7338890605e+01
2.0967482362e+00 7.0077705378e-01 1.7338903665e+01
2.0967530030e+00 7.0078077329e-01 1.7338892267e+01
9.8933004259e-02 -2.1022198446e-01 2.2035354796e+01
9.8926676338e-02 -2.1021847120e-01 2.2035350435e+01
9.8930338178e-02 -2.1021540789e-01 2.2035347125e+01
9.8924002868e-02 -2.1021192617e-01 2.2035342619e+01
9.8921602497e-02 -2.1022193538e-01 2.2035352038e+01
9.8915385048e-02 -2.1021836537e-01 2.2035347639e+01
9.8919022272e-02 -2.1021531101e-01 2.2035344425e+01
9.8912797433e-02 -2.1021177253e-01 2.2035339881e+01
-6.4552500585e+00 -2.6469510961e+00 1.6688032114e+01
-6.4552536310e+00 -2.6469598119e+00 1.6688027493e+01
-6.4552542571e+00 -2.6469539650e+00 1.6688030766e+01
-6.4552578284e+00 -2.6469626743e+00 1.6688026141e+01
-6.4552701941e+00 -2.6469512950e+00 1.6688025983e+01
-6.4552739674e+00 -2.6469601186e+00 1.6688021330e+01
-6.4552740503e+00 -2.6469544616e+00 1.6688024601e+01
-6.4552777029e+00 -2.6469633065e+00 1.6688019998e+01
3.2314287396e+00 -2.5951548364e+00 1.8314747315e+01
3.2314274121e+00 -2.5951553809e+00 1.8314745695e+01
3.2314321431e+00 -2.5951538348e+00 1.8314749941e+01
3.2314308230e+00 -2.5951543968e+00 1.8314748311e+01
3.2314334298e+00 -2.5951511539e+00 1.8314744973e+01
3.2314321176e+00 -2.5951517384e+00 1.8314743083e+01
3.2314365891e+00 -2.5951503381e+00 1.8314747722e+01
3.2314352842e+00 -2.5951509400e+00 1.8314745821e+01
4.4501909168e+00 -1.0021437862e+00 1.5189187833e+01
4.4501856620e+00 -1.0021401332e+00 1.5189181594e+01
4.4501866880e+00 -1.0021291088e+00 1.5189181325e+01
4.4501813020e+00 -1.0021255306e+00 1.5189175015e+01
4.4501963415e+00 -1.0021443914e+00 1.5189186908e+01
4.4501910625e+00 -1.0021409042e+00 1.5189180795e+01
4.4501921125e+00 -1.0021293410e+00 1.5189180559e+01
4.4501867264e+00 -1.0021257599e+00 1.5189174243e+01
-1.1540248619e+00 3.4715074567e+00 2.0572222533e+01
-1.1540213696e+00 3.4714981649e+00 2.0572216222e+01
-1.1540205738e+00 3.4715030364e+00 2.0572226021e+01
-1.1540169199e+00 3.4714934604e+00 2.0572219676e+01
-1.1540309747e+00 3.4715033551e+00 2.0572221466e+01
-1.1540274822e+00 3.4714940633e+00 2.0572215155e+01
-1.1540264324e+00 3.4714985169e+00 2.0572224970e+01
-1.1540229514e+00 3.4714892006e+00 2.0572218636e+01
6.3401079677e+00 5.1920211355e-02 1.9123899933e+01
6.3401119108e+00 5.1921013997e-02 1.9123890896e+01
6.3401198582e+00 5.1913368989e-02 1.9123901456e+01
6.3401238029e+00 5.1914176480e-02 1.9123892423e+01
6.3401028081e+00 5.1916702934e-02 1.9123895689e+01
6.3401069184e+00 5.1917768350e-02 1.9123886663e+01
6.3401147058e+00 5.1909865351e-02 1.9123897218e+01
6.3401188111e+00 5.1910939077e-02 1.9123888186e+01
1.3404919765e+00 -2.8639871505e-01 1.9527600196e+01
1.3404934142e+00 -2.8640386224e-01 1.9527593429e+01
1.3404886132e+00 -2.8638755929e-01 1.9527601899e+01
1.3404902683e+00 -2.8639367854e-01 1.9527595250e+01
1.3404864267e+00 -2.8639529757e-01 1.9527597384e+01
1.3404878771e+00 -2.8640044802e-01 1.9527590626e+01
1.3404828834e+00 -2.8638401091e-01 1.9527599048e+01
1.3404845331e+00 -2.8639012918e-01 1.9527592405e+01
-6.6805396503e-01 5.9988816902e+00 1.6446280876e+01
-6.6805170697e-01 5.9988726600e+00 1.6446301149e+01
-6.6806745489e-01 5.9988711095e+00 1.6446281347e+01
-6.6806521946e-01 5.9988616713e+00 1.6446301362e+01
-6.6806318573e-01 5.9988900607e+00 1.6446278850e+01
-6.6806125582e-01 5.9988806222e+00 1.6446299195e+01
-6.6807683532e-01 5.9988798985e+00 1.6446279219e+01
-6.6807477353e-01 5.9988700351e+00 1.6446299346e+01
2.6810449907e+00 -6.0411279959e-01 -1.6711133109e+01
2.6810529988e+00 -6.0410048671e-01 -1.6711103862e+01
2.6810424179e+00 -6.0410895327e-01 -1.6711137078e+01
2.6810498222e+00 -6.0409660533e-01 -1.6711107316e+01
2.6810193349e+00 -6.0411938323e-01 -1.6711147194e+01
2.6810283747e+00 -6.0410694455e-01 -1.6711117171e+01
2.6810157292e+00 -6.0411580831e-01 -1.6711150793e+01
2.6810256494e+00 -6.0410340811e-01 -1.6711121228e+01
-2.5113922138e+00 2.3650865251e+00 -1.9282205049e+01
-2.5113941610e+00 2.3650903064e+00 -1.9282203570e+01
-2.5113971306e+00 2.3650814535e+00 -1.9282213200e+01
-2.5113989834e+00 2.3650849084e+00 -1.9282211402e+01
-2.5113971516e+00 2.3650842988e+00 -1.9282202464e+01
-2.5113990954e+00 2.3650876669e+00 -1.9282201251e+01
-2.5114020309e+00 2.3650791569e+00 -1.9282210509e+01
-2.5114041616e+00 2.3650824979e+00 -1.9282208973e+01
-1.2012418679e-03 1.7603826667e+00 -2.0046337055e+01
-1.1978769745e-03 1.7603834537e+00 -2.0046335990e+01
-1.1987301858e-03 1.7603945478e+00 -2.0046340551e+01
-1.1953997727e-03 1.7603954357e+00 -2.0046339401e+01
-1.2180003440e-03 1.7603867906e+00 -2.0046337972e+01
-1.2146797350e-03 1.7603876078e+00 -2.0046336884e+01
-1.2166904780e-03 1.7603980157e+00 -2.0046342613e+01
-1.2134146108e-03 1.7603989437e+00 -2.0046341450e+01
8.0948655454e+00 9.7821456486e-01 -2.0808673114e+01
8.0948711208e+00 9.7821631923e-01 -2.0808669001e+01
8.0948591127e+00 9.7820350698e-01 -2.0808678259e+01
8.0948646891e+00 9.7820526250e-01 -2.0808674146e+01
8.0948537924e+00 9.7822075424e-01 -2.0808675848e+01
8.0948593674e+00 9.7822250614e-01 -2.0808671734e+01
8.0948474891e+00 9.7820932496e-01 -2.0808680976e+01
8.0948530651e+00 9.7821107806e-01 -2.0808676862e+01
5.1143042825e+00 2.0174142989e+00 -1.6092713700e+01
5.1143072994e+00 2.0174138602e+00 -1.6092712107e+01
5.1143123963e+00 2.0174405585e+00 -1.6092710237e+01
5.1143154002e+00 2.0174397317e+00 -1.6092709145e+01
5.1143081121e+00 2.0174107719e+00 -1.6092704898e+01
5.1143111195e+00 2.0174103360e+00 -1.6092703287e+01
5.1143167847e+00 2.0174369069e+00 -1.6092701127e+01
5.1143197925e+00 2.0174360815e+00 -1.6092700046e+01
8.8251274494e-01 -8.1444579596e+00 -1.7337257756e+01
8.8251489789e-01 -8.1444532360e+00 -1.7337254025e+01
8.8251988615e-01 -8.1444607273e+00 -1.7337260616e+01
8.8252207570e-01 -8.1444560424e+00 -1.7337256877e+01
8.8251514311e-01 -8.1444547777e+00 -1.7337257824e+01
8.8251738184e-01 -8.1444499897e+00 -1.7337254031e+01
8.8252231734e-01 -8.1444575754e+00 -1.7337260668e+01
8.8252454305e-01 -8.1444528350e+00 -1.7337256883e+01
-1.2966801934e+00 -3.9835216241e-01 -1.5063538632e+01
-1.2966837492e+00 -3.9835212244e-01 -1.5063539279e+01
-1.2966824492e+00 -3.9834281850e-01 -1.5063535638e+01
-1.2966860095e+00 -3.9834239916e-01 -1.5063536623e+01
-1.2966959200e+00 -3.9835441387e-01 -1.5063539853e+01
-1.2966994639e+00 -3.9835436348e-01 -1.5063540493e+01
-1.2966982998e+00 -3.9834492477e-01 -1.5063537088e+01
-1.2967018635e+00 -3.9834450595e-01 -1.5063538077e+01
-4.9756780450e+00 -1.1471146751e+00 -1.5946766904e+01
-4.9756831177e+00 -1.1471124256e+00 -1.5946773054e+01
-4.9756769188e+00 -1.1471222359e+00 -1.5946774734e+01
-4.9756818064e+00 -1.1471201385e+00 -1.5946780583e+01
-4.9757007710e+00 -1.1471092839e+00 -1.5946761860e+01
-4.9757055564e+00 -1.1471071822e+00 -1.5946767774e+01
-4.9756994752e+00 -1.1471171353e+00 -1.5946769530e+01
-4.9757042828e+00 -1.1471149837e+00 -1.5946775377e+01
-2.6946502505e+00 1.7863311413e+00 -1.8883693126e+01
-2.6946553826e+00 1.7863245322e+00 -1.8883693012e+01
-2.6946514890e+00 1.7863342631e+00 -1.8883695460e+01
-2.6946566218e+00 1.7863277074e+00 -1.8883695324e+01
-2.6946497972e+00 1.7863318619e+00 -1.8883695749e+01
-2.6946551247e+00 1.7863251230e+00 -1.8883695228e+01
-2.6946511566e+00 1.7863348049e+00 -1.8883698024e+01
-2.6946564817e+00 1.7863280047e+00 -1.8883697522e+01
-2.9672609654e+00 4.1149163992e-01 -1.3704500567e+01
-2.9672671781e+00 4.1149268900e-01 -1.3704499733e+01
-2.9672609017e+00 4.1147285037e-01 -1.3704495833e+01
-2.9672671283e+00 4.1147400763e-01 -1.3704495073e+01
-2.9672582743e+00 4.1149917796e-01 -1.3704498572e+01
-2.9672643540e+00 4.1150049167e-01 -1.3704497784e+01
-2.9672579566e+00 4.1148055031e-01 -1.3704493769e+01
-2.9672640444e+00 4.1148197355e-01 -1.3704493048e+01
1.9829880976e+00 -1.3248115878e+00 -1.7972010511e+01
1.9829893859e+00 -1.3248173854e+00 -1.7972002115e+01
1.9829863042e+00 -1.3248004187e+00 -1.7972016293e+01
1.9829873552e+00 -1.3248062587e+00 -1.7972007633e+01
1.9829688119e+00 -1.3248122949e+00 -1.7972008660e+01
1.9829699401e+00 -1.3248179928e+00 -1.7972000263e+01
1.9829662618e+00 -1.3247989271e+00 -1.7972014602e+01
1.9829672191e+00 -1.3248049014e+00 -1.7972005726e+01
-4.6602422708e+00 -3.5215081888e+00 -1.6828911963e+01
-4.6602377884e+00 -3.5215061172e+00 -1.6828908058e+01
-4.6602331011e+00 -3.5215040899e+00 -1.6828921757e+01
-4.6602282112e+00 -3.5215017695e+00 -1.6828917672e+01
-4.6602668351e+00 -3.5215101921e+00 -1.6828926661e+01
-4.6602618731e+00 -3.5215083258e+00 -1.6828922465e+01
-4.6602575845e+00 -3.5215055913e+00 -1.6828934718e+01
-4.6602530778e+00 -3.5215035326e+00 -1.6828930811e+01
6.6279954522e+00 3.1766141256e+00 -1.6218340216e+01
6.6280009866e+00 3.1766093292e+00 -1.6218337947e+01
6.6280025273e+00 3.1766078516e+00 -1.6218342133e+01
6.6280080410e+00 3.1766030559e+00 -1.6218339852e+01
6.6280016580e+00 3.1766155864e+00 -1.6218331631e+01
6.6280071906e+00 3.1766107896e+00 -1.6218329362e+01
6.6280086901e+00 3.1766093045e+00 -1.6218333555e+01
6.6280142020e+00 3.1766045085e+00 -1.6218331273e+01
-1.1201933817e+00 -3.0033085125e+00 -1.3222996165e+01
-1.1201881741e+00 -3.0033070835e+00 -1.3222988893e+01
-1.1201880692e+00 -3.0033041865e+00 -1.3223001553e+01
-1.1201828529e+00 -3.0033027591e+00 -1.3222994279e+01
-1.1201843203e+00 -3.0033150711e+00 -1.3222992596e+01
-1.1201791363e+00 -3.0033136347e+00 -1.3222985319e+01
-1.1201792910e+00 -3.0033108311e+00 -1.3222998022e+01
-1.1201741065e+00 -3.0033093942e+00 -1.3222990746e+01
-6.7629441190e+00 -1.2149989791e-01 -1.5888672789e+01
-6.7629457373e+00 -1.2150261962e-01 -1.5888676212e+01
-6.7629477305e+00 -1.2150370426e-01 -1.5888675710e+01
-6.7629492639e+00 -1.2150645360e-01 -1.5888678962e+01
-6.7629771549e+00 -1.2148725903e-01 -1.5888659006e+01
-6.7629788228e+00 -1.2149001682e-01 -1.5888662416e+01
-6.7629810215e+00 -1.2149081214e-01 -1.5888661125e+01
-6.7629825442e+00 -1.2149356176e-01 -1.5888664393e+01
6.1028185062e+00 1.9857875594e+00 -4.2380453965e+00
6.1028310963e+00 1.9857972460e+00 -4.2380293015e+00
6.1028086282e+00 1.9857788085e+00 -4.2380473173e+00
6.1028210610e+00 1.9857883806e+00 -4.2380314009e+00
6.1027702557e+00 1.9857730055e+00 -4.2380607583e+00
6.1027842589e+00 1.9857834827e+00 -4.2380436517e+00
6.1027611563e+00 1.9857632602e+00 -4.2380629137e+00
6.1027750721e+00 1.9857735979e+00 -4.2380459431e+00
-5.5894215513e-02 4.8541627297e+00 1.4489156007e+01
-5.5887266274e-02 4.8541598025e+00 1.4489165990e+01
-5.5891461167e-02 4.8541634538e+00 1.4489158077e+01
-5.5884496145e-02 4.8541603184e+00 1.4489168144e+01
-5.5894208078e-02 4.8541637297e+00 1.4489146360e+01
-5.5887262865e-02 4.8541608000e+00 1.4489156336e+01
-5.5891460512e-02 4.8541644385e+00 1.4489148655e+01
-5.5884495007e-02 4.8541613033e+00 1.4489158723e+01
4.3721031765e+00 -6.1908574962e+00 1.2960746125e+01
4.3721047930e+00 -6.1908572988e+00 1.2960755603e+01
4.3721078290e+00 -6.1908889378e+00 1.2960749774e+01
4.3721094221e+00 -6.1908887004e+00 1.2960759302e+01
4.3720999889e+00 -6.1908572205e+00 1.2960743105e+01
4.3721016051e+00 -6.1908570228e+00 1.2960752582e+01
4.3721047396e+00 -6.1908886002e+00 1.2960746821e+01
4.3721063328e+00 -6.1908883628e+00 1.2960756349e+01
2.4953677561e-01 1.0764141213e+00 1.3298042078e+01
2.4953342314e-01 1.0764108630e+00 1.3298052325e+01
2.4953499520e-01 1.0764117143e+00 1.3298045434e+01
2.4953164266e-01 1.0764084518e+00 1.3298055640e+01
2.4953451506e-01 1.0764097440e+00 1.3298045147e+01
2.4953124350e-01 1.0764068633e+00 1.3298055056e+01
2.4953269430e-01 1.0764072953e+00 1.3298048490e+01
2.4952941812e-01 1.0764044232e+00 1.3298058407e+01
7.4192437277e+00 6.7648362010e-01 2.0347106041e+01
7.4192485403e+00 6.7648434741e-01 2.0347125415e+01
7.4192376435e+00 6.7647400588e-01 2.0347116270e+01
7.4192429111e+00 6.7647509486e-01 2.0347135059e+01
7.4192408678e+00 6.7649067472e-01 2.0347115199e+01
7.4192448370e+00 6.7649234831e-01 2.0347135544e+01
7.4192348275e+00 6.7648143992e-01 2.0347125492e+01
7.4192401746e+00 6.7648238355e-01 2.0347144389e+01
5.1476748807e-01 7.1111027551e+00 1.9246608907e+01
5.1476592249e-01 7.1110974704e+00 1.9246609996e+01
5.1477180780e-01 7.1111102219e+00 1.9246610800e+01
5.1477023052e-01 7.1111049407e+00 1.9246611946e+01
5.1474789317e-01 7.1111066064e+00 1.9246605267e+01
5.1474603835e-01 7.1111011127e+00 1.9246606436e+01
5.1475228736e-01 7.1111141258e+00 1.9246607124e+01
5.1475041488e-01 7.1111086338e+00 1.9246608351e+01
-6.7788196162e+00 -1.2212406907e+01 1.8548856326e+01
-6.7788140260e+00 -1.2212405419e+01 1.8548853053e+01
-6.7788170840e+00 -1.2212394998e+01 1.8548868547e+01
-6.7788120589e+00 -1.2212393638e+01 1.8548865405e+01
-6.7788221026e+00 -1.2212409842e+01 1.8548855394e+01
-6.7788165348e+00 -1.2212408375e+01 1.8548852123e+01
-6.7788192990e+00 -1.2212398289e+01 1.8548867608e+01
-6.7788142488e+00 -1.2212396912e+01 1.8548864458e+01
-2.4937183498e+00 8.6343620234e+00 1.7740721685e+01
-2.4937190538e+00 8.6343600943e+00 1.7740723554e+01
-2.4937220486e+00 8.6343922781e+00 1.7740716945e+01
-2.4937223686e+00 8.6343903053e+00 1.7740719106e+01
-2.4937181793e+00 8.6343580766e+00 1.7740722651e+01
-2.4937188918e+00 8.6343561426e+00 1.7740724476e+01
-2.4937219602e+00 8.6343879988e+00 1.7740717432e+01
-2.4937222907e+00 8.6343860242e+00 1.7740719546e+01
-3.0761403800e+00 -9.7375609569e+00 1.8724392371e+01
-3.0761464407e+00 -9.7375595591e+00 1.8724386356e+01
-3.0761398394e+00 -9.7375754905e+00 1.8724398783e+01
-3.0761459022e+00 -9.7375740895e+00 1.8724392765e+01
-3.0761487350e+00 -9.7375595984e+00 1.8724397960e+01
-3.0761547956e+00 -9.7375581964e+00 1.8724391941e+01
-3.0761480317e+00 -9.7375740487e+00 1.8724404337e+01
-3.0761540935e+00 -9.7375726470e+00 1.8724398320e+01
3.7520641485e-01 1.0835361247e+00 1.3070405024e+01
3.7520741541e-01 1.0835436875e+00 1.3070442988e+01
3.7520556614e-01 1.0835402906e+00 1.3070410458e+01
3.7520681861e-01 1.0835479462e+00 1.3070448358e+01
3.7517903607e-01 1.0835358888e+00 1.3070414674e+01
3.7518044474e-01 1.0835428961e+00 1.3070452157e+01
3.7517868001e-01 1.0835403013e+00 1.3070420416e+01
3.7518012325e-01 1.0835472445e+00 1.3070457722e+01
4.2781646595e+00 -2.6085404333e-01 1.5440610960e+01
4.2781713478e+00 -2.6084720653e-01 1.5440640842e+01
4.2781689183e+00 -2.6085739644e-01 1.5440608948e+01
4.2781764936e+00 -2.6085129572e-01 1.5440639608e+01
4.2781689374e+00 -2.6085399743e-01 1.5440618194e+01
4.2781752753e+00 -2.6084738009e-01 1.5440648439e+01
4.2781735068e+00 -2.6085822995e-01 1.5440616954e+01
4.2781804426e+00 -2.6085134544e-01 1.5440646853e+01
5.7233116536e+00 5.3291163501e+00 1.2823494255e+01
5.7233116928e+00 5.3291216229e+00 1.2823524224e+01
5.7233106830e+00 5.3291137886e+00 1.2823496854e+01
5.7233105464e+00 5.3291190476e+00 1.2823527150e+01
5.7232953141e+00 5.3291179898e+00 1.2823492784e+01
5.7232948736e+00 5.3291226298e+00 1.2823522868e+01
5.7232943177e+00 5.3291157186e+00 1.2823495295e+01
5.7232937782e+00 5.3291201198e+00 1.2823525641e+01
-2.2680264402e+00 -3.4447674139e+00 1.5582225672e+01
-2.2680239090e+00 -3.4447700430e+00 1.5582225248e+01
-2.2680225775e+00 -3.4447774865e+00 1.5582231620e+01
-2.2680200586e+00 -3.4447801141e+00 1.5582231201e+01
-2.2680554451e+00 -3.4447659465e+00 1.5582219794e+01
-2.2680529337e+00 -3.4447685768e+00 1.5582219352e+01
-2.2680519317e+00 -3.4447756900e+00 1.5582225816e+01
-2.2680494275e+00 -3.4447783241e+00 1.5582225380e+01
-5.0920089126e+00 6.1848190529e-01 1.9937194217e+01
-5.0920116773e+00 6.1848809371e-01 1.9937195883e+01
-5.0920030374e+00 6.1847451027e-01 1.9937194876e+01
-5.0920058015e+00 6.1848070743e-01 1.9937196555e+01
-5.0920089322e+00 6.1848625394e-01 1.9937197335e+01
-5.0920116802e+00 6.1849244265e-01 1.9937199000e+01
-5.0920030555e+00 6.1847885915e-01 1.9937197995e+01
-5.0920057975e+00 6.1848506040e-01 1.9937199678e+01
8.3746004226e-01 4.9119811646e+00 1.5932183376e+01
8.3745632181e-01 4.9119795003e+00 1.5932171713e+01
8.3745828546e-01 4.9119716805e+00 1.5932190969e+01
8.3745456214e-01 4.9119700119e+00 1.5932179307e+01
8.3746552666e-01 4.9119724418e+00 1.5932189365e+01
8.3746181290e-01 4.9119707740e+00 1.5932177708e+01
8.3746340103e-01 4.9119629117e+00 1.5932196948e+01
8.3745967756e-01 4.9119612431e+00 1.5932185286e+01
-1.8555814516e+00 1.4111357649e+00 1.5524075599e+01
-1.8555809626e+00 1.4111363771e+00 1.5524080765e+01
-1.8555856693e+00 1.4111444810e+00 1.5524078499e+01
-1.8555852878e+00 1.4111451067e+00 1.5524083657e+01
-1.8555944038e+00 1.4111402870e+00 1.5524069858e+01
-1.8555935479e+00 1.4111409923e+00 1.5524075031e+01
-1.8555980348e+00 1.4111492040e+00 1.5524072247e+01
-1.8555975959e+00 1.4111497945e+00 1.5524077477e+01
-8.5590660880e-01 4.3370916323e+00 1.6748631873e+01
-8.5590661721e-01 4.3370904814e+00 1.6748634147e+01
-8.5591989947e-01 4.3371024314e+00 1.6748629179e+01
-8.5591968681e-01 4.3371014661e+00 1.6748631391e+01
-8.5592797979e-01 4.3370883475e+00 1.6748626715e+01
-8.5592788563e-01 4.3370874645e+00 1.6748628911e+01
-8.5593938921e-01 4.3371005799e+00 1.6748624987e+01
-8.5593923434e-01 4.3370996522e+00 1.6748627214e+01
-3.3478140283e+00 8.1964087778e-01 -1.4680566398e+01
-3.3478126058e+00 8.1963691302e-01 -1.4680551455e+01
-3.3478159168e+00 8.1964641995e-01 -1.4680571027e+01
-3.3478146876e+00 8.1964238911e-01 -1.4680556090e+01
-3.3478199242e+00 8.1964739903e-01 -1.4680559917e+01
-3.3478185470e+00 8.1964330545e-01 -1.4680544804e+01
-3.3478220865e+00 8.1965282687e-01 -1.4680564828e+01
-3.3478206531e+00 8.1964893542e-01 -1.4680549841e+01
9.5961835855e-01 -3.5249072376e+00 -1.4996814591e+01
9.5961658730e-01 -3.5249090564e+00 -1.4996807648e+01
9.5961395120e-01 -3.5249018889e+00 -1.4996811051e+01
9.5961165016e-01 -3.5249036969e+00 -1.4996804086e+01
9.5959292545e-01 -3.5249090860e+00 -1.4996818098e+01
9.5959115776e-01 -3.5249110044e+00 -1.4996811327e+01
9.5958918417e-01 -3.5249042832e+00 -1.4996815089e+01
9.5958686673e-01 -3.5249061140e+00 -1.4996808102e+01
4.0776262675e+00 9.3730540884e-01 -1.7869415672e+01
4.0776204268e+00 9.3730975192e-01 -1.7869414800e+01
4.0776285073e+00 9.3731835699e-01 -1.7869422723e+01
4.0776224150e+00 9.3732278201e-01 -1.7869422300e+01
4.0776334824e+00 9.3730581764e-01 -1.7869425526e+01
4.0776276464e+00 9.3731016174e-01 -1.7869424648e+01
4.0776357296e+00 9.3731877161e-01 -1.7869432567e+01
4.0776299786e+00 9.3732300027e-01 -1.7869432008e+01
-1.4888017931e+00 6.6044710798e-01 -2.0383671361e+01
-1.4887954220e+00 6.6044727047e-01 -2.0383648783e+01
-1.4887924033e+00 6.6044658986e-01 -2.0383664687e+01
-1.4887867369e+00 6.6044706380e-01 -2.0383642617e+01
-1.4887981986e+00 6.6044600551e-01 -2.0383674050e+01
-1.4887918721e+00 6.6044601794e-01 -2.0383651549e+01
-1.4887888932e+00 6.6044541359e-01 -2.0383667475e+01
-1.4887831403e+00 6.6044584462e-01 -2.0383645354e+01
-5.6778567820e+00 -4.2560279738e+00 -2.0001103422e+01
-5.6778463140e+00 -4.2560203647e+00 -2.0001099764e+01
-5.6778650720e+00 -4.2560191576e+00 -2.0001100896e+01
-5.6778547027e+00 -4.2560114772e+00 -2.0001097537e+01
-5.6778789098e+00 -4.2560271897e+00 -2.0001096848e+01
-5.6778687014e+00 -4.2560193360e+00 -2.0001093407e+01
-5.6778860310e+00 -4.2560184391e+00 -2.0001094021e+01
-5.6778759615e+00 -4.2560104670e+00 -2.0001090382e+01
2.6284619111e+00 8.3319133033e-01 -2.3199771160e+01
2.6284604425e+00 8.3318418668e-01 -2.3199754840e+01
2.6284614389e+00 8.3318330235e-01 -2.3199767948e+01
2.6284599337e+00 8.3317613750e-01 -2.3199751517e+01
2.6284574173e+00 8.3319436343e-01 -2.3199772791e+01
2.6284557689e+00 8.3318744258e-01 -2.3199756514e+01
2.6284568972e+00 8.3318655950e-01 -2.3199769597e+01
2.6284553476e+00 8.3317952943e-01 -2.3199753335e+01
3.0290385830e+00 -6.5418022846e-01 -1.3313458901e+01
3.0290354260e+00 -6.5417663321e-01 -1.3313457449e+01
3.0290468013e+00 -6.5418650011e-01 -1.3313458031e+01
3.0290435437e+00 -6.5418301843e-01 -1.3313456378e+01
3.0290503871e+00 -6.5418103966e-01 -1.3313459453e+01
3.0290472291e+00 -6.5417744479e-01 -1.3313458002e+01
3.0290574920e+00 -6.5418726497e-01 -1.3313459127e+01
3.0290542353e+00 -6.5418378382e-01 -1.3313457473e+01
8.5414330840e-01 -7.2342795225e-01 -1.7947187855e+01
8.5414470555e-01 -7.2343266404e-01 -1.7947159864e+01
8.5413848815e-01 -7.2344312099e-01 -1.7947195261e+01
8.5414148880e-01 -7.2344832930e-01 -1.7947168269e+01
8.5413760962e-01 -7.2343165894e-01 -1.7947185150e+01
8.5413893139e-01 -7.2343613734e-01 -1.7947157214e+01
8.5413288064e-01 -7.2344696475e-01 -1.7947192354e+01
8.5413577699e-01 -7.2345203229e-01 -1.7947165447e+01
7.5264427060e-01 -1.7666824457e-01 -1.4923956936e+01
7.5263080925e-01 -1.7666005691e-01 -1.4923957837e+01
7.5263572069e-01 -1.7666724583e-01 -1.4923958039e+01
7.5262204432e-01 -1.7665902625e-01 -1.4923959409e+01
7.5264050286e-01 -1.7666214825e-01 -1.4923956058e+01
7.5262702822e-01 -1.7665393224e-01 -1.4923956994e+01
7.5263208574e-01 -1.7666097142e-01 -1.4923957244e+01
7.5261839889e-01 -1.7665272518e-01 -1.4923958648e+01
-2.3652047032e+00 1.0889590215e+00 -1.7547214629e+01
-2.3652059736e+00 1.0889555307e+00 -1.7547211079e+01
-2.3651974579e+00 1.0889548179e+00 -1.7547207382e+01
-2.3651986715e+00 1.0889514455e+00 -1.7547203877e+01
-2.3652137857e+00 1.0889543004e+00 -1.7547216628e+01
-2.3652150277e+00 1.0889509736e+00 -1.7547213084e+01
-2.3652067443e+00 1.0889499919e+00 -1.7547209472e+01
-2.3652079918e+00 1.0889465973e+00 -1.7547205991e+01
2.0299617016e+00 8.1725231574e-01 -1.8957021599e+01
2.0299652534e+00 8.1725492808e-01 -1.8957024187e+01
2.0299621575e+00 8.1723041048e-01 -1.8957015503e+01
2.0299657020e+00 8.1723302630e-01 -1.8957018096e+01
2.0299642568e+00 8.1724740350e-01 -1.8957024978e+01
2.0299686507e+00 8.1725053115e-01 -1.8957026962e+01
2.0299655721e+00 8.1722605591e-01 -1.8957018237e+01
2.0299691179e+00 8.1722866255e-01 -1.8957020833e+01
-3.0589911414e-01 -3.0048786905e+00 -1.7330010677e+01
-3.0589864054e-01 -3.0048857124e+00 -1.7329992820e+01
-3.0589446798e-01 -3.0048737462e+00 -1.7330017008e+01
-3.0589489744e-01 -3.0048798691e+00 -1.7329998199e+01
-3.0589446809e-01 -3.0048773702e+00 -1.7330011603e+01
-3.0589379854e-01 -3.0048844184e+00 -1.7329993920e+01
-3.0588972529e-01 -3.0048714114e+00 -1.7330018658e+01
-3.0589020289e-01 -3.0048782833e+00 -1.7329999295e+01
-3.3396472665e+00 -1.4318108655e+00 -2.2362577236e+01
-3.3396463297e+00 -1.4318095826e+00 -2.2362570589e+01
-3.3396382684e+00 -1.4318229671e+00 -2.2362571986e+01
-3.3396373185e+00 -1.4318217106e+00 -2.2362565342e+01
-3.3396554708e+00 -1.4318142422e+00 -2.2362579907e+01
-3.3396546313e+00 -1.4318131454e+00 -2.2362573094e+01
-3.3396465736e+00 -1.4318263294e+00 -2.2362574482e+01
-3.3396457267e+00 -1.4318250946e+00 -2.2362567815e+01
5.1076594869e+00 -9.5203499032e-01 -1.7108872603e+01
5.1076564363e+00 -9.5204349020e-01 -1.7108869844e+01
5.1076620963e+00 -9.5203477131e-01 -1.7108870468e+01
5.1076590310e+00 -9.5204325167e-01 -1.7108867722e+01
5.1076578937e+00 -9.5203071917e-01 -1.7108876187e+01
5.1076548113e+00 -9.5203944351e-01 -1.7108873689e+01
5.1076607170e+00 -9.5203014704e-01 -1.7108874040e+01
5.1076576343e+00 -9.5203863060e-01 -1.7108871284e+01
-5.8269276752e-01 4.3930032746e+00 -1.7970533158e+01
-5.8269243420e-01 4.3930105981e+00 -1.7970505350e+01
-5.8269663009e-01 4.3930038030e+00 -1.7970530819e+01
-5.8269669133e-01 4.3930110456e+00 -1.7970502740e+01
-5.8269648014e-01 4.3930068608e+00 -1.7970532197e+01
-5.8269616557e-01 4.3930139962e+00 -1.7970504291e+01
-5.8270030445e-01 4.3930073299e+00 -1.7970529750e+01
-5.8270037678e-01 4.3930143787e+00 -1.7970501586e+01
-3.5047180568e+00 -4.9944209847e-01 -1.8325775319e+01
-3.5047134195e+00 -4.9944373076e-01 -1.8325770146e+01
-3.5047261346e+00 -4.9944210023e-01 -1.8325763321e+01
-3.5047215300e+00 -4.9944354893e-01 -1.8325758068e+01
-3.5047340987e+00 -4.9944377151e-01 -1.8325767490e+01
-3.5047297276e+00 -4.9944560153e-01 -1.8325762656e+01
-3.5047417954e+00 -4.9944282008e-01 -1.8325755761e+01
-3.5047373991e+00 -4.9944459740e-01 -1.8325750880e+01
