-2.3562597668e-01 4.5392858091e-01 -2.3910026487e-01
-2.3562566371e-01 4.5392856898e-01 -2.3910028923e-01
-2.3562573790e-01 4.5392884482e-01 -2.3910010228e-01
-2.3562562665e-01 4.5392873433e-01 -2.3910026722e-01
-2.3562516157e-01 4.5392928461e-01 -2.3910043412e-01
-2.3562513451e-01 4.5392925607e-01 -2.3910063625e-01
-2.3562520879e-01 4.5392948527e-01 -2.3910032581e-01
-2.3562499787e-01 4.5392956537e-01 -2.3910051994e-01
-1.6681483270e-01 -7.0533097335e-03 -8.7121998632e-01
-1.6681524869e-01 -7.0533121809e-03 -8.7122092952e-01
-1.6681445669e-01 -7.0550230077e-03 -8.7122052137e-01
-1.6681499204e-01 -7.0551608346e-03 -8.7122159070e-01
-1.6681688459e-01 -7.0537495366e-03 -8.7122079805e-01
-1.6681754166e-01 -7.0535151063e-03 -8.7122167769e-01
-1.6681667923e-01 -7.0552814066e-03 -8.7122125296e-01
-1.6681729667e-01 -7.0554394723e-03 -8.7122235712e-01
-7.6130375717e-02 4.3335385400e-02 8.8369582148e-02
-7.6130388226e-02 4.3335336076e-02 8.8369645567e-02
-7.6130197371e-02 4.3335666149e-02 8.8369292539e-02
-7.6130250844e-02 4.3335640970e-02 8.8369402679e-02
-7.6131367073e-02 4.3335779927e-02 8.8370146450e-02
-7.6131384355e-02 4.3335583978e-02 8.8370406412e-02
-7.6131578909e-02 4.3336106784e-02 8.8369988684e-02
-7.6131534206e-02 4.3336003238e-02 8.8370160052e-02
7.1261461347e-01 3.4787518751e-02 -4.3003972199e-01
7.1261359041e-01 3.4787884909e-02 -4.3003981462e-01
7.1261499024e-01 3.4785865182e-02 -4.3004051201e-01
7.1261394353e-01 3.4786049298e-02 -4.3004043504e-01
7.1261569196e-01 3.4787761162e-02 -4.3003987008e-01
7.1261490832e-01 3.4788118353e-02 -4.3004026384e-01
7.1261612035e-01 3.4786052866e-02 -4.3004063998e-01
7.1261520741e-01 3.4786228901e-02 -4.3004080547e-01
-1.1614863102e-01 -2.8698502471e-02 4.0400073880e-01
-1.1614770391e-01 -2.8699546267e-02 4.0399989693e-01
-1.1614871444e-01 -2.8698807214e-02 4.0400070836e-01
-1.1614780498e-01 -2.8699900574e-02 4.0400009092e-01
-1.1614849657e-01 -2.8698674788e-02 4.0399936210e-01
-1.1614752494e-01 -2.8699643624e-02 4.0399855854e-01
-1.1614852980e-01 -2.8699059350e-02 4.0399963277e-01
-1.1614761759e-01 -2.8700052154e-02 4.0399887993e-01
1.3299506911e+00 2.5731215730e-01 -2.3906210544e-01
1.3299524499e+00 2.5730934316e-01 -2.3906809481e-01
1.3299509297e+00 2.5731141627e-01 -2.3906277780e-01
1.3299527282e+00 2.5730841580e-01 -2.3906884208e-01
1.3299521995e+00 2.5731069751e-01 -2.3906408260e-01
1.3299540363e+00 2.5730777605e-01 -2.3906970808e-01
1.3299522602e+00 2.5730986812e-01 -2.3906466149e-01
1.3299543470e+00 2.5730701577e-01 -2.3907048362e-01
1.0455102814e+00 -5.5881434603e-01 -9.4747967719e-01
1.0455101733e+00 -5.5881421583e-01 -9.4748019327e-01
1.0455108785e+00 -5.5881535899e-01 -9.4748097114e-01
1.0455106601e+00 -5.5881535869e-01 -9.4748153792e-01
1.0455122382e+00 -5.5881544477e-01 -9.4748240590e-01
1.0455117198e+00 -5.5881532320e-01 -9.4748319370e-01
1.0455126774e+00 -5.5881678971e-01 -9.4748365018e-01
1.0455122408e+00 -5.5881656200e-01 -9.4748407718e-01
-2.8438927913e-01 2.4800739903e-01 -2.0890298078e-01
-2.8438906855e-01 2.4800847737e-01 -2.0890452195e-01
-2.8438991778e-01 2.4800533108e-01 -2.0890354750e-01
-2.8438959953e-01 2.4800647294e-01 -2.0890538843e-01
-2.8439042160e-01 2.4800685635e-01 -2.0890333186e-01
-2.8439029003e-01 2.4800762981e-01 -2.0890498505e-01
-2.8439110397e-01 2.4800467359e-01 -2.0890394134e-01
-2.8439086607e-01 2.4800552538e-01 -2.0890578285e-01
3.0842623065e-01 -3.1345913019e-02 1.8816986213e-01
3.0842625621e-01 -3.1345717003e-02 1.8816855622e-01
3.0842649090e-01 -3.1344035469e-02 1.8817030199e-01
3.0842665249e-01 -3.1343965306e-02 1.8816892202e-01
3.0842648965e-01 -3.1345678757e-02 1.8817013275e-01
3.0842634583e-01 -3.1345266244e-02 1.8816851150e-01
3.0842664836e-01 -3.1343873122e-02 1.8817010279e-01
3.0842680201e-01 -3.1343518547e-02 1.8816884099e-01
7.6292412366e-01 -1.0758016481e-01 -6.9079089462e-01
7.6292447916e-01 -1.0758103820e-01 -6.9079183949e-01
7.6292217679e-01 -1.0757904888e-01 -6.9078943715e-01
7.6292234603e-01 -1.0757981529e-01 -6.9078999093e-01
7.6291852751e-01 -1.0757852661e-01 -6.9078810768e-01
7.6291889913e-01 -1.0757948657e-01 -6.9078885447e-01
7.6291667992e-01 -1.0757734569e-01 -6.9078636618e-01
7.6291671643e-01 -1.0757835590e-01 -6.9078706703e-01
3.1639613215e-01 -3.6254329864e-01 2.7794811440e-01
3.1639857905e-01 -3.6254113202e-01 2.7795279882e-01
3.1639844158e-01 -3.6254033701e-01 2.7794917058e-01
3.1640103746e-01 -3.6253843881e-01 2.7795400274e-01
3.1639173957e-01 -3.6254618785e-01 2.7794469878e-01
3.1639403364e-01 -3.6254415315e-01 2.7794916802e-01
3.1639394325e-01 -3.6254308184e-01 2.7794556926e-01
3.1639647125e-01 -3.6254126482e-01 2.7795023407e-01
-7.8548450787e-02 -5.3679583232e-01 2.2699848866e-01
-7.8548237392e-02 -5.3679599909e-01 2.2699856744e-01
-7.8548530246e-02 -5.3679660034e-01 2.2699873306e-01
-7.8548166323e-02 -5.3679657648e-01 2.2699867266e-01
-7.8548878413e-02 -5.3679529558e-01 2.2699781995e-01
-7.8548644750e-02 -5.3679523209e-01 2.2699804724e-01
-7.8549050129e-02 -5.3679591874e-01 2.2699813486e-01
-7.8548863996e-02 -5.3679605226e-01 2.2699815363e-01
-2.2146404773e-01 -1.4852236860e-01 -3.6691665647e-01
-2.2146451748e-01 -1.4852329898e-01 -3.6691718767e-01
-2.2146422297e-01 -1.4852249196e-01 -3.6691658035e-01
-2.2146458421e-01 -1.4852325599e-01 -3.6691694080e-01
-2.2146372982e-01 -1.4852248836e-01 -3.6691589222e-01
-2.2146399541e-01 -1.4852340860e-01 -3.6691623059e-01
-2.2146383518e-01 -1.4852231649e-01 -3.6691579253e-01
-2.2146414205e-01 -1.4852322962e-01 -3.6691605321e-01
-8.4725576475e-01 3.5246761212e-01 9.1444899998e-01
-8.4725776986e-01 3.5246813629e-01 9.1445287481e-01
-8.4725646367e-01 3.5246895647e-01 9.1444843711e-01
-8.4725837913e-01 3.5246919752e-01 9.1445276937e-01
-8.4725451967e-01 3.5246724794e-01 9.1444800686e-01
-8.4725650539e-01 3.5246747281e-01 9.1445187158e-01
-8.4725535830e-01 3.5246832356e-01 9.1444781749e-01
-8.4725724382e-01 3.5246868048e-01 9.1445176458e-01
-2.7535815682e-01 2.5258242861e-01 1.5175223732e-01
-2.7535764357e-01 2.5258174380e-01 1.5175136405e-01
-2.7535864143e-01 2.5258495133e-01 1.5175346228e-01
-2.7535802588e-01 2.5258415036e-01 1.5175232962e-01
-2.7535873559e-01 2.5258280092e-01 1.5175170130e-01
-2.7535795862e-01 2.5258220131e-01 1.5175076485e-01
-2.7535900075e-01 2.5258528175e-01 1.5175280909e-01
-2.7535846718e-01 2.5258458262e-01 1.5175186879e-01
-9.2394128658e-01 4.9241111708e-01 1.3498172125e+00
-9.2394114150e-01 4.9241304079e-01 1.3498230005e+00
-9.2394201200e-01 4.9241067405e-01 1.3498157431e+00
-9.2394194535e-01 4.9241236496e-01 1.3498215667e+00
-9.2394049834e-01 4.9240974791e-01 1.3498153778e+00
-9.2394007895e-01 4.9241163815e-01 1.3498212782e+00
-9.2394112855e-01 4.9240926313e-01 1.3498138466e+00
-9.2394099308e-01 4.9241106232e-01 1.3498198386e+00
-6.2616419222e-01 -3.6655866425e-01 -3.4265171623e-01
-6.2616462379e-01 -3.6655811905e-01 -3.4265250723e-01
-6.2616419038e-01 -3.6655852256e-01 -3.4265170956e-01
-6.2616466821e-01 -3.6655784874e-01 -3.4265254647e-01
-6.2616391311e-01 -3.6655868719e-01 -3.4265082788e-01
-6.2616430053e-01 -3.6655823577e-01 -3.4265146563e-01
-6.2616384426e-01 -3.6655846802e-01 -3.4265060159e-01
-6.2616433045e-01 -3.6655786080e-01 -3.4265172304e-01
-3.2890562842e-01 -1.0123267114e+00 -6.9419809978e-01
-3.2890469236e-01 -1.0123260800e+00 -6.9419673699e-01
-3.2890623614e-01 -1.0123268567e+00 -6.9419851405e-01
-3.2890526539e-01 -1.0123262313e+00 -6.9419737071e-01
-3.2890576073e-01 -1.0123272377e+00 -6.9419722784e-01
-3.2890450218e-01 -1.0123264409e+00 -6.9419585714e-01
-3.2890620275e-01 -1.0123273995e+00 -6.9419766981e-01
-3.2890503344e-01 -1.0123267354e+00 -6.9419632818e-01
2.7956187096e-01 -1.1669480369e+00 1.3763389140e+00
2.7956159128e-01 -1.1669484497e+00 1.3763384791e+00
2.7956134156e-01 -1.1669482333e+00 1.3763388069e+00
2.7956065863e-01 -1.1669486967e+00 1.3763382961e+00
2.7956009622e-01 -1.1669486404e+00 1.3763368933e+00
2.7955952836e-01 -1.1669492644e+00 1.3763364967e+00
2.7955935314e-01 -1.1669487887e+00 1.3763367859e+00
2.7955903726e-01 -1.1669491948e+00 1.3763363661e+00
2.2273238306e-01 -7.2404252076e-01 -6.3409007028e-02
2.2273088401e-01 -7.2404167170e-01 -6.3410904986e-02
2.2273206958e-01 -7.2404319929e-01 -6.3409473869e-02
2.2273042292e-01 -7.2404237412e-01 -6.3411473367e-02
2.2273307520e-01 -7.2404227811e-01 -6.3408572799e-02
2.2273168610e-01 -7.2404137875e-01 -6.3410457306e-02
2.2273275161e-01 -7.2404288259e-01 -6.3409036355e-02
2.2273134555e-01 -7.2404195688e-01 -6.3410926112e-02
-4.2368138968e-01 1.3175462614e-01 -4.5844691615e-01
-4.2368044358e-01 1.3175500936e-01 -4.5844333460e-01
-4.2368087641e-01 1.3175847010e-01 -4.5844672325e-01
-4.2367972866e-01 1.3175882936e-01 -4.5844299650e-01
-4.2368046955e-01 1.3175472130e-01 -4.5844692450e-01
-4.2367922984e-01 1.3175503607e-01 -4.5844324353e-01
-4.2367970328e-01 1.3175854823e-01 -4.5844662260e-01
-4.2367879693e-01 1.3175894562e-01 -4.5844314034e-01
-1.2578604516e+00 8.1333863476e-01 1.0736133499e+00
-1.2578658481e+00 8.1333920230e-01 1.0736210413e+00
-1.2578587193e+00 8.1333823895e-01 1.0736124059e+00
-1.2578642384e+00 8.1333873768e-01 1.0736196547e+00
-1.2578571831e+00 8.1333723154e-01 1.0736097591e+00
-1.2578623994e+00 8.1333763424e-01 1.0736171043e+00
-1.2578554931e+00 8.1333668547e-01 1.0736085556e+00
-1.2578607885e+00 8.1333718972e-01 1.0736159480e+00
-6.9359063688e-02 -5.9466936946e-01 -2.3005397539e-01
-6.9358814150e-02 -5.9466824457e-01 -2.3005560465e-01
-6.9359386887e-02 -5.9466845451e-01 -2.3005375833e-01
-6.9358889911e-02 -5.9466759753e-01 -2.3005489367e-01
-6.9359828321e-02 -5.9466927364e-01 -2.3005407494e-01
-6.9359661996e-02 -5.9466803471e-01 -2.3005543031e-01
-6.9359999994e-02 -5.9466832653e-01 -2.3005387379e-01
-6.9359637745e-02 -5.9466736573e-01 -2.3005512536e-01
7.4082220389e-01 -5.3662251627e-01 -7.0913053416e-01
7.4082263462e-01 -5.3662272128e-01 -7.0913087305e-01
7.4082197111e-01 -5.3662332084e-01 -7.0913092006e-01
7.4082231236e-01 -5.3662341124e-01 -7.0913096724e-01
7.4082298794e-01 -5.3662354567e-01 -7.0913078071e-01
7.4082343171e-01 -5.3662384737e-01 -7.0913084506e-01
7.4082261842e-01 -5.3662408281e-01 -7.0913136500e-01
7.4082319797e-01 -5.3662452017e-01 -7.0913123395e-01
-2.7805225954e-01 8.9705999867e-01 -6.0064930004e-02
-2.7805214286e-01 8.9705943592e-01 -6.0065450793e-02
-2.7805243230e-01 8.9705913888e-01 -6.0065654540e-02
-2.7805224959e-01 8.9705845809e-01 -6.0066064435e-02
-2.7805241470e-01 8.9705972184e-01 -6.0065159310e-02
-2.7805212960e-01 8.9705898089e-01 -6.0065562821e-02
-2.7805243112e-01 8.9705882575e-01 -6.0065812574e-02
-2.7805240247e-01 8.9705830652e-01 -6.0066399133e-02
-7.1830578943e-01 2.3548627874e-01 -9.9140852550e-02
-7.1830496099e-01 2.3548589489e-01 -9.9140679318e-02
-7.1830656593e-01 2.3548571616e-01 -9.9140794336e-02
-7.1830569787e-01 2.3548539352e-01 -9.9140597894e-02
-7.1830937519e-01 2.3548691554e-01 -9.9140218525e-02
-7.1830856140e-01 2.3548649779e-01 -9.9139984895e-02
-7.1831002768e-01 2.3548647906e-01 -9.9140185290e-02
-7.1830921634e-01 2.3548617341e-01 -9.9139932695e-02
-3.5393147566e-01 4.7044949600e-01 5.3692099837e-01
-3.5393164689e-01 4.7044995400e-01 5.3692164638e-01
-3.5393155401e-01 4.7044916787e-01 5.3692158019e-01
-3.5393183508e-01 4.7044962077e-01 5.3692184464e-01
-3.5393138536e-01 4.7044897959e-01 5.3692194163e-01
-3.5393151636e-01 4.7044960937e-01 5.3692244675e-01
-3.5393141988e-01 4.7044871860e-01 5.3692226334e-01
-3.5393146075e-01 4.7044917835e-01 5.3692289101e-01
-3.7944134082e-01 -1.8127231256e-01 -7.8743061851e-01
-3.7944173243e-01 -1.8127301659e-01 -7.8743098802e-01
-3.7944149497e-01 -1.8127228671e-01 -7.8743064472e-01
-3.7944187764e-01 -1.8127298243e-01 -7.8743099026e-01
-3.7944061684e-01 -1.8127167781e-01 -7.8742987136e-01
-3.7944064678e-01 -1.8127238833e-01 -7.8743021250e-01
-3.7944086410e-01 -1.8127168357e-01 -7.8742980227e-01
-3.7944090053e-01 -1.8127240052e-01 -7.8743031313e-01
-9.9282103496e-02 2.7408928373e-01 -7.6806454183e-01
-9.9282261921e-02 2.7408917968e-01 -7.6806442300e-01
-9.9281868219e-02 2.7408857574e-01 -7.6806457634e-01
-9.9282153156e-02 2.7408849940e-01 -7.6806431785e-01
-9.9279764351e-02 2.7409058336e-01 -7.6806407754e-01
-9.9279762708e-02 2.7409054956e-01 -7.6806397088e-01
-9.9279625485e-02 2.7408978751e-01 -7.6806393357e-01
-9.9279953802e-02 2.7408970970e-01 -7.6806383073e-01
-1.8045131385e-01 -2.2577564103e-01 -4.7826994654e-01
-1.8045232162e-01 -2.2577508536e-01 -4.7827144948e-01
-1.8045021274e-01 -2.2577636692e-01 -4.7827026731e-01
-1.8045129120e-01 -2.2577590050e-01 -4.7827158527e-01
-1.8044949332e-01 -2.2577595278e-01 -4.7826883578e-01
-1.8045107930e-01 -2.2577526156e-01 -4.7827035235e-01
-1.8044850588e-01 -2.2577660915e-01 -4.7826898970e-01
-1.8044984884e-01 -2.2577607699e-01 -4.7827040633e-01
2.2140951282e-02 9.9964441411e-01 -9.3762006874e-01
2.2141211986e-02 9.9964420034e-01 -9.3762044363e-01
2.2140978788e-02 9.9964334383e-01 -9.3762089640e-01
2.2141135318e-02 9.9964324593e-01 -9.3762118356e-01
2.2141410575e-02 9.9964382865e-01 -9.3761964063e-01
2.2141850906e-02 9.9964353611e-01 -9.3762020714e-01
2.2141654471e-02 9.9964302859e-01 -9.3762040487e-01
2.2141703720e-02 9.9964276484e-01 -9.3762112463e-01
-2.4046336130e-01 -5.4695342989e-02 6.7616300596e-01
-2.4046284597e-01 -5.4694641320e-02 6.7616259724e-01
-2.4046349524e-01 -5.4695547787e-02 6.7616398729e-01
-2.4046306565e-01 -5.4694880201e-02 6.7616330504e-01
-2.4046266595e-01 -5.4695838650e-02 6.7616083008e-01
-2.4046220043e-01 -5.4695008990e-02 6.7616034554e-01
-2.4046294371e-01 -5.4695821751e-02 6.7616201307e-01
-2.4046254947e-01 -5.4695271735e-02 6.7616128262e-01
3.7911538437e-02 3.2508422283e-01 4.5315476242e-01
3.7912555169e-02 3.2508490622e-01 4.5315971245e-01
3.7911321739e-02 3.2508299325e-01 4.5315373604e-01
3.7912376054e-02 3.2508378159e-01 4.5315871582e-01
3.7913086250e-02 3.2508441233e-01 4.5315445743e-01
3.7913999228e-02 3.2508538252e-01 4.5315949425e-01
3.7912770888e-02 3.2508304673e-01 4.5315339800e-01
3.7913653439e-02 3.2508398361e-01 4.5315863708e-01
-4.5117472577e-01 -2.0227315664e-02 -9.8774628912e-01
-4.5117481414e-01 -2.0227941425e-02 -9.8774659310e-01
-4.5117071239e-01 -2.0223341990e-02 -9.8774207585e-01
-4.5117068774e-01 -2.0223967350e-02 -9.8774238910e-01
-4.5117865749e-01 -2.0230436667e-02 -9.8774736522e-01
-4.5117869434e-01 -2.0231117690e-02 -9.8774763805e-01
-4.5117452207e-01 -2.0226555214e-02 -9.8774275851e-01
-4.5117458018e-01 -2.0227271718e-02 -9.8774321126e-01
9.4875230965e-01 -1.4950050931e-01 1.3540934399e+00
9.4875235887e-01 -1.4950097832e-01 1.3540935903e+00
9.4875001262e-01 -1.4950459788e-01 1.3540939642e+00
9.4875008639e-01 -1.4950497466e-01 1.3540941469e+00
9.4875232786e-01 -1.4950068920e-01 1.3540926570e+00
9.4875244066e-01 -1.4950092184e-01 1.3540927703e+00
9.4875015695e-01 -1.4950471742e-01 1.3540933487e+00
9.4875038669e-01 -1.4950499245e-01 1.3540935708e+00
4.3692300374e-01 -6.5590579130e-01 6.0727619039e-01
4.3692254596e-01 -6.5590556545e-01 6.0727560088e-01
4.3692215007e-01 -6.5590624495e-01 6.0727620329e-01
4.3692165550e-01 -6.5590602318e-01 6.0727589888e-01
4.3692385309e-01 -6.5590560564e-01 6.0727647825e-01
4.3692343462e-01 -6.5590539774e-01 6.0727593731e-01
4.3692313554e-01 -6.5590612341e-01 6.0727688664e-01
4.3692271211e-01 -6.5590582376e-01 6.0727644680e-01
-1.0542513447e-01 -1.1930014075e-02 4.8060830949e-02
-1.0542412700e-01 -1.1929292185e-02 4.8063708291e-02
-1.0542526732e-01 -1.1930559467e-02 4.8060694982e-02
-1.0542406308e-01 -1.1929606075e-02 4.8063863417e-02
-1.0542436713e-01 -1.1930152521e-02 4.8060489992e-02
-1.0542327429e-01 -1.1929199980e-02 4.8063766808e-02
-1.0542404721e-01 -1.1930356559e-02 4.8060213938e-02
-1.0542346342e-01 -1.1929780705e-02 4.8063541088e-02
-1.9112975951e-01 3.8611430687e-01 -1.4390545495e+00
-1.9112956338e-01 3.8611505466e-01 -1.4390556540e+00
-1.9112850092e-01 3.8612078109e-01 -1.4390541266e+00
-1.9112798186e-01 3.8612173674e-01 -1.4390552087e+00
-1.9113328243e-01 3.8611465864e-01 -1.4390543483e+00
-1.9113288528e-01 3.8611560424e-01 -1.4390556129e+00
-1.9113169797e-01 3.8612102892e-01 -1.4390537452e+00
-1.9113146032e-01 3.8612202474e-01 -1.4390545448e+00
4.8334687858e-03 2.3350674569e-01 5.3466364029e-01
4.8327626736e-03 2.3350737596e-01 5.3466337567e-01
4.8336597713e-03 2.3350588713e-01 5.3466315060e-01
4.8330295588e-03 2.3350622422e-01 5.3466320328e-01
4.8304611957e-03 2.3350675536e-01 5.3466305372e-01
4.8296227723e-03 2.3350697185e-01 5.3466274614e-01
4.8303729990e-03 2.3350583394e-01 5.3466277863e-01
4.8296685786e-03 2.3350602321e-01 5.3466253761e-01
-4.9140150578e-01 3.5731913829e-01 -3.2909447609e-01
-4.9140176657e-01 3.5731869628e-01 -3.2909473023e-01
-4.9140027712e-01 3.5731861809e-01 -3.2909464523e-01
-4.9140023469e-01 3.5731819119e-01 -3.2909517667e-01
-4.9140200404e-01 3.5731874610e-01 -3.2909356968e-01
-4.9140224864e-01 3.5731820117e-01 -3.2909374596e-01
-4.9140060022e-01 3.5731826675e-01 -3.2909376820e-01
-4.9140073163e-01 3.5731778745e-01 -3.2909421544e-01
-1.1533532884e+00 -5.8767884155e-01 -9.5623614369e-01
-1.1533529414e+00 -5.8767860984e-01 -9.5623633608e-01
-1.1533528821e+00 -5.8767922638e-01 -9.5623489999e-01
-1.1533526296e+00 -5.8767899594e-01 -9.5623528004e-01
-1.1533530989e+00 -5.8767848314e-01 -9.5623587674e-01
-1.1533524370e+00 -5.8767836627e-01 -9.5623614577e-01
-1.1533526950e+00 -5.8767889623e-01 -9.5623462313e-01
-1.1533522224e+00 -5.8767886144e-01 -9.5623488059e-01
2.1644295978e-02 4.0032902657e-01 -1.0589886826e-01
2.1644512115e-02 4.0032884464e-01 -1.0589501293e-01
2.1644556462e-02 4.0032785927e-01 -1.0589948243e-01
2.1645082248e-02 4.0032764768e-01 -1.0589592124e-01
2.1644197702e-02 4.0032941700e-01 -1.0589929608e-01
2.1644391455e-02 4.0032909322e-01 -1.0589562671e-01
2.1644656066e-02 4.0032827049e-01 -1.0589988462e-01
2.1644755568e-02 4.0032803642e-01 -1.0589603045e-01
4.4889524883e-01 -4.4885879968e-01 1.4249072304e-01
4.4889534358e-01 -4.4885896252e-01 1.4249059313e-01
4.4889481766e-01 -4.4886050113e-01 1.4249218384e-01
4.4889482833e-01 -4.4886082148e-01 1.4249222021e-01
4.4889348969e-01 -4.4886007173e-01 1.4248919608e-01
4.4889360958e-01 -4.4886012121e-01 1.4248943126e-01
4.4889300602e-01 -4.4886175816e-01 1.4249061654e-01
4.4889323675e-01 -4.4886192386e-01 1.4249099786e-01
-4.2604775284e-02 4.1216573604e-01 -5.2105612129e-01
-4.2604476248e-02 4.1216573544e-01 -5.2105723199e-01
-4.2605355310e-02 4.1216469187e-01 -5.2105713121e-01
-4.2605016179e-02 4.1216491263e-01 -5.2105819020e-01
-4.2604241493e-02 4.1216616063e-01 -5.2105625424e-01
-4.2604036713e-02 4.1216615302e-01 -5.2105718577e-01
-4.2604775138e-02 4.1216525195e-01 -5.2105718902e-01
-4.2604521894e-02 4.1216521696e-01 -5.2105805628e-01
-3.7423233902e-01 -2.3651409862e-01 7.3296514786e-01
-3.7423293524e-01 -2.3651389184e-01 7.3296489127e-01
-3.7423239183e-01 -2.3651417679e-01 7.3296486767e-01
-3.7423276795e-01 -2.3651410066e-01 7.3296450337e-01
-3.7423156006e-01 -2.3651366070e-01 7.3296438752e-01
-3.7423190900e-01 -2.3651343769e-01 7.3296418942e-01
-3.7423171461e-01 -2.3651379893e-01 7.3296399425e-01
-3.7423204337e-01 -2.3651380475e-01 7.3296380222e-01
5.0656887252e-02 3.0208991991e-01 -6.0922300605e-01
5.0656506166e-02 3.0208889610e-01 -6.0922362852e-01
5.0656837678e-02 3.0208865010e-01 -6.0922346251e-01
5.0656569916e-02 3.0208791747e-01 -6.0922407393e-01
5.0657963442e-02 3.0208959040e-01 -6.0922365153e-01
5.0657678359e-02 3.0208884749e-01 -6.0922419449e-01
5.0658047144e-02 3.0208841789e-01 -6.0922407559e-01
5.0657696406e-02 3.0208756210e-01 -6.0922456633e-01
-9.4445223495e-02 1.3203313547e-01 7.7086455154e-01
-9.4445064068e-02 1.3203329395e-01 7.7086413579e-01
-9.4445429972e-02 1.3203356030e-01 7.7086494574e-01
-9.4445395043e-02 1.3203391262e-01 7.7086435003e-01
-9.4445307650e-02 1.3203309430e-01 7.7086522307e-01
-9.4445443157e-02 1.3203315165e-01 7.7086480761e-01
-9.4445582148e-02 1.3203343485e-01 7.7086598470e-01
-9.4445708133e-02 1.3203383246e-01 7.7086536140e-01
1.4275143970e-01 -1.2829771285e+00 9.6662321976e-01
1.4275192995e-01 -1.2829769791e+00 9.6662243289e-01
1.4275099077e-01 -1.2829755878e+00 9.6662237895e-01
1.4275190729e-01 -1.2829758146e+00 9.6662184922e-01
1.4274873622e-01 -1.2829773170e+00 9.6662463575e-01
1.4274937396e-01 -1.2829772638e+00 9.6662358182e-01
1.4274836985e-01 -1.2829758310e+00 9.6662373134e-01
1.4274900534e-01 -1.2829759806e+00 9.6662320616e-01
2.2501160865e+00 8.1819453536e-01 -5.9198528403e-01
2.2501170530e+00 8.1819651069e-01 -5.9198958352e-01
2.2501185007e+00 8.1818971152e-01 -5.9198571844e-01
2.2501188886e+00 8.1819178861e-01 -5.9198865300e-01
2.2501171074e+00 8.1819599025e-01 -5.9198564754e-01
2.2501177344e+00 8.1819792216e-01 -5.9198920372e-01
2.2501191580e+00 8.1819136793e-01 -5.9198625268e-01
2.2501203280e+00 8.1819320741e-01 -5.9198909074e-01
2.3166811875e-01 1.2341513751e+00 -3.8880603497e-01
2.3166930418e-01 1.2341505093e+00 -3.8881317631e-01
2.3166709016e-01 1.2341458550e+00 -3.8880707657e-01
2.3166837939e-01 1.2341456752e+00 -3.8881428076e-01
2.3166895434e-01 1.2341495950e+00 -3.8880625663e-01
2.3166960406e-01 1.2341485509e+00 -3.8881301623e-01
2.3166781821e-01 1.2341452069e+00 -3.8880697575e-01
2.3166878350e-01 1.2341441387e+00 -3.8881431838e-01
-1.9800478179e+00 9.6168358893e-01 5.0432273240e-01
-1.9800538319e+00 9.6168103138e-01 5.0433745865e-01
-1.9800421617e+00 9.6167185329e-01 5.0432330684e-01
-1.9800487742e+00 9.6166948153e-01 5.0433791661e-01
-1.9800419301e+00 9.6168068374e-01 5.0431997241e-01
-1.9800482073e+00 9.6167741006e-01 5.0433462785e-01
-1.9800365943e+00 9.6166871036e-01 5.0431983247e-01
-1.9800425288e+00 9.6166542816e-01 5.0433484067e-01
-1.4114434333e+00 1.4647534654e-01 5.7097459808e-01
-1.4114431323e+00 1.4647508657e-01 5.7097634454e-01
-1.4114454230e+00 1.4647701331e-01 5.7097399829e-01
-1.4114449552e+00 1.4647645990e-01 5.7097487271e-01
-1.4114685271e+00 1.4646794151e-01 5.7096766633e-01
-1.4114676756e+00 1.4646747685e-01 5.7096841074e-01
-1.4114703412e+00 1.4646862696e-01 5.7096583903e-01
-1.4114691287e+00 1.4646882117e-01 5.7096756780e-01
-1.2683330082e+00 -1.6443381533e+00 -1.4401603887e+00
-1.2683311057e+00 -1.6443365291e+00 -1.4401571690e+00
-1.2683350929e+00 -1.6443409778e+00 -1.4401612928e+00
-1.2683338838e+00 -1.6443385250e+00 -1.4401575093e+00
-1.2683264227e+00 -1.6443369787e+00 -1.4401625162e+00
-1.2683242582e+00 -1.6443348972e+00 -1.4401586764e+00
-1.2683283001e+00 -1.6443393959e+00 -1.4401625923e+00
-1.2683262097e+00 -1.6443373634e+00 -1.4401597994e+00
8.9080883021e-01 1.3352645464e+00 3.1578531214e-01
8.9080856701e-01 1.3352651898e+00 3.1578638270e-01
8.9080786736e-01 1.3352614692e+00 3.1578861822e-01
8.9080850437e-01 1.3352621921e+00 3.1578937530e-01
8.9081983023e-01 1.3352649867e+00 3.1578685047e-01
8.9082013263e-01 1.3352655502e+00 3.1578771007e-01
8.9081956418e-01 1.3352611028e+00 3.1578973492e-01
8.9081987581e-01 1.3352624858e+00 3.1579098150e-01
-1.1013327083e+00 -3.3383931848e-01 -8.8412972061e-01
-1.1013320115e+00 -3.3384264164e-01 -8.8413410358e-01
-1.1013402573e+00 -3.3382861248e-01 -8.8412479265e-01
-1.1013404004e+00 -3.3383136966e-01 -8.8412900483e-01
-1.1013302775e+00 -3.3384265024e-01 -8.8412945952e-01
-1.1013299055e+00 -3.3384564670e-01 -8.8413363956e-01
-1.1013393207e+00 -3.3383147658e-01 -8.8412488457e-01
-1.1013382428e+00 -3.3383456821e-01 -8.8412928463e-01
3.0775155625e+00 -1.7152550792e+00 -9.7730723365e-01
3.0775152759e+00 -1.7152543676e+00 -9.7731266371e-01
3.0775171483e+00 -1.7152593956e+00 -9.7730690198e-01
3.0775171579e+00 -1.7152589455e+00 -9.7731196703e-01
3.0775031210e+00 -1.7152513551e+00 -9.7730824961e-01
3.0775032598e+00 -1.7152503058e+00 -9.7731330154e-01
3.0775048976e+00 -1.7152553172e+00 -9.7730786051e-01
3.0775046442e+00 -1.7152549578e+00 -9.7731268699e-01
8.0371163138e-02 -3.9518733847e-01 3.8145715407e-01
8.0372840136e-02 -3.9518568181e-01 3.8145334040e-01
8.0371663722e-02 -3.9519362441e-01 3.8146052270e-01
8.0373772212e-02 -3.9519085362e-01 3.8145657085e-01
8.0366442684e-02 -3.9518915766e-01 3.8145792269e-01
8.0368445425e-02 -3.9518698263e-01 3.8145331046e-01
8.0366550201e-02 -3.9519492060e-01 3.8146120707e-01
8.0369052093e-02 -3.9519303497e-01 3.8145694932e-01
-8.9902576182e-01 -3.0427932661e+00 -9.0709378188e-01
-8.9902024296e-01 -3.0427937464e+00 -9.0708343357e-01
-8.9902653874e-01 -3.0427975477e+00 -9.0709023989e-01
-8.9902026915e-01 -3.0427980120e+00 -9.0708055620e-01
-8.9902845170e-01 -3.0427901004e+00 -9.0708952971e-01
-8.9902245294e-01 -3.0427899265e+00 -9.0707921791e-01
-8.9902865922e-01 -3.0427945873e+00 -9.0708643610e-01
-8.9902298091e-01 -3.0427945185e+00 -9.0707624371e-01
8.3941202108e-01 1.0004709581e+00 6.4818848751e-01
8.3941168099e-01 1.0004702242e+00 6.4818777489e-01
8.3940885737e-01 1.0004839463e+00 6.4819362276e-01
8.3940837472e-01 1.0004831328e+00 6.4819258748e-01
8.3941604581e-01 1.0004713972e+00 6.4818793200e-01
8.3941624818e-01 1.0004701339e+00 6.4818724280e-01
8.3941332754e-01 1.0004844742e+00 6.4819294807e-01
8.3941267851e-01 1.0004843512e+00 6.4819214377e-01
-9.8799708341e-02 -2.0612446397e+00 9.4500800261e-01
-9.8801141351e-02 -2.0612451345e+00 9.4500855868e-01
-9.8804154096e-02 -2.0612514705e+00 9.4500470316e-01
-9.8805351466e-02 -2.0612523099e+00 9.4500544181e-01
-9.8795285184e-02 -2.0612465075e+00 9.4500832782e-01
-9.8796140338e-02 -2.0612469034e+00 9.4500897027e-01
-9.8799394851e-02 -2.0612532856e+00 9.4500530415e-01
-9.8800924873e-02 -2.0612540150e+00 9.4500548667e-01
-1.0539479767e-01 6.3293627222e-01 -1.4246786705e-01
-1.0539471671e-01 6.3293681329e-01 -1.4246906230e-01
-1.0539182484e-01 6.3293131160e-01 -1.4247199118e-01
-1.0539191159e-01 6.3293172512e-01 -1.4247178846e-01
-1.0538595693e-01 6.3293546170e-01 -1.4246676368e-01
-1.0538569405e-01 6.3293608475e-01 -1.4246721361e-01
-1.0538360429e-01 6.3293051808e-01 -1.4247057522e-01
-1.0538388112e-01 6.3293187278e-01 -1.4247093350e-01
1.3384551794e+00 -6.0430437534e-01 5.3565052876e-01
1.3384501178e+00 -6.0430915225e-01 5.3566653142e-01
1.3384576786e+00 -6.0431073460e-01 5.3564742231e-01
1.3384528874e+00 -6.0431406492e-01 5.3566359314e-01
1.3384340046e+00 -6.0429958238e-01 5.3565319345e-01
1.3384290563e+00 -6.0430325276e-01 5.3566978899e-01
1.3384361556e+00 -6.0430534225e-01 5.3565059439e-01
1.3384318206e+00 -6.0430953829e-01 5.3566636691e-01
-8.1616921437e-01 1.2590325723e+00 -4.1795500534e-02
-8.1616904388e-01 1.2590328246e+00 -4.1799159808e-02
-8.1616851651e-01 1.2590313817e+00 -4.1796622914e-02
-8.1616806571e-01 1.2590315268e+00 -4.1800360195e-02
-8.1618502974e-01 1.2590338503e+00 -4.1795457030e-02
-8.1618538398e-01 1.2590338340e+00 -4.1799414126e-02
-8.1618351837e-01 1.2590312882e+00 -4.1796550840e-02
-8.1618354437e-01 1.2590322972e+00 -4.1800460940e-02
-2.0101651220e+00 -1.5796813719e+00 -1.5619920795e-01
-2.0101606515e+00 -1.5796793500e+00 -1.5618874729e-01
-2.0101605505e+00 -1.5796652202e+00 -1.5619686655e-01
-2.0101556978e+00 -1.5796636619e+00 -1.5618669051e-01
-2.0101582044e+00 -1.5796806189e+00 -1.5619333987e-01
-2.0101532138e+00 -1.5796789478e+00 -1.5618305044e-01
-2.0101536647e+00 -1.5796646527e+00 -1.5619174457e-01
-2.0101481679e+00 -1.5796630894e+00 -1.5618096006e-01
2.7471001557e+00 -2.4178022178e+00 -1.6991056213e+00
2.7471001934e+00 -2.4178024627e+00 -1.6991053461e+00
2.7471032494e+00 -2.4178069518e+00 -1.6991046874e+00
2.7471033535e+00 -2.4178066321e+00 -1.6991049859e+00
2.7470782579e+00 -2.4177974155e+00 -1.6990994900e+00
2.7470785208e+00 -2.4177976107e+00 -1.6990999415e+00
2.7470808552e+00 -2.4178010360e+00 -1.6990988668e+00
2.7470816250e+00 -2.4178012013e+00 -1.6990989213e+00
9.0212293153e-01 -3.7082346280e-01 -1.2058330317e+00
9.0212139110e-01 -3.7082491213e-01 -1.2058373104e+00
9.0212008482e-01 -3.7081600796e-01 -1.2058279773e+00
9.0211834930e-01 -3.7081737597e-01 -1.2058327635e+00
9.0212741058e-01 -3.7082615696e-01 -1.2058370088e+00
9.0212600805e-01 -3.7082731362e-01 -1.2058418545e+00
9.0212536501e-01 -3.7081812036e-01 -1.2058326074e+00
9.0212418337e-01 -3.7081962670e-01 -1.2058369726e+00
-8.2650541097e-01 2.5115967603e+00 2.7865712938e-01
-8.2650492170e-01 2.5115971026e+00 2.7865728824e-01
-8.2650688204e-01 2.5116011782e+00 2.7865179167e-01
-8.2650655169e-01 2.5116007333e+00 2.7865160881e-01
-8.2650165037e-01 2.5115967103e+00 2.7865680515e-01
-8.2650131282e-01 2.5115964416e+00 2.7865643412e-01
-8.2650227012e-01 2.5116009614e+00 2.7865173796e-01
-8.2650240713e-01 2.5116011290e+00 2.7865195199e-01
-1.8003315561e-01 -1.2212951293e-01 1.4803649606e+00
-1.8003433891e-01 -1.2212906453e-01 1.4803635902e+00
-1.8003279203e-01 -1.2213119438e-01 1.4803629372e+00
-1.8003404561e-01 -1.2213161913e-01 1.4803609154e+00
-1.8003038629e-01 -1.2212751731e-01 1.4803679150e+00
-1.8003091222e-01 -1.2212767470e-01 1.4803663458e+00
-1.8003020979e-01 -1.2213010664e-01 1.4803658147e+00
-1.8003038996e-01 -1.2213038767e-01 1.4803644652e+00
3.3817857664e+00 5.4507417313e-01 -8.4176297980e-01
3.3817866773e+00 5.4507551236e-01 -8.4176722896e-01
3.3817908030e+00 5.4506941521e-01 -8.4176720208e-01
3.3817913814e+00 5.4507140256e-01 -8.4177057724e-01
3.3817865798e+00 5.4507388041e-01 -8.4176328529e-01
3.3817877536e+00 5.4507496920e-01 -8.4176765433e-01
3.3817922984e+00 5.4506968465e-01 -8.4176700383e-01
3.3817935197e+00 5.4507123595e-01 -8.4177063472e-01
-1.6536467826e+00 -1.6031879020e+00 9.5889547484e-01
-1.6536492293e+00 -1.6031858998e+00 9.5890718554e-01
-1.6536486537e+00 -1.6031901964e+00 9.5889406638e-01
-1.6536506399e+00 -1.6031878125e+00 9.5890483153e-01
-1.6536428967e+00 -1.6031894971e+00 9.5889577378e-01
-1.6536440551e+00 -1.6031869504e+00 9.5890701241e-01
-1.6536439602e+00 -1.6031916780e+00 9.5889379987e-01
-1.6536457347e+00 -1.6031895858e+00 9.5890514484e-01
-2.9229544330e+00 -3.9793647518e-02 -4.6043623731e-01
-2.9229560176e+00 -3.9795266754e-02 -4.6043797863e-01
-2.9229574896e+00 -3.9789978224e-02 -4.6043659222e-01
-2.9229589274e+00 -3.9791329727e-02 -4.6043840930e-01
-2.9229591254e+00 -3.9793415204e-02 -4.6043553775e-01
-2.9229607381e+00 -3.9794645510e-02 -4.6043692118e-01
-2.9229622032e+00 -3.9789868132e-02 -4.6043614690e-01
-2.9229638655e+00 -3.9791144780e-02 -4.6043753706e-01
1.3021250889e+00 -1.1869156425e-01 -9.9092652398e-02
1.3021258697e+00 -1.1869181370e-01 -9.9094684340e-02
1.3021269414e+00 -1.1870643299e-01 -9.9090990254e-02
1.3021277723e+00 -1.1870629116e-01 -9.9093440904e-02
1.3021244689e+00 -1.1869179121e-01 -9.9094596013e-02
1.3021247168e+00 -1.1869230252e-01 -9.9096830933e-02
1.3021263753e+00 -1.1870596967e-01 -9.9093221652e-02
1.3021265886e+00 -1.1870636679e-01 -9.9094886446e-02
1.4792509431e+00 8.5275041008e-01 -2.7433441913e-01
1.4792514098e+00 8.5275006659e-01 -2.7433502052e-01
1.4792497826e+00 8.5274558897e-01 -2.7433653977e-01
1.4792499346e+00 8.5274579902e-01 -2.7433755445e-01
1.4792536453e+00 8.5275253020e-01 -2.7433494654e-01
1.4792546065e+00 8.5275270291e-01 -2.7433527687e-01
1.4792524416e+00 8.5274809492e-01 -2.7433684331e-01
1.4792533077e+00 8.5274821282e-01 -2.7433793004e-01
7.8171260103e-01 1.7460618073e+00 2.5649940765e-01
7.8171274607e-01 1.7460618316e+00 2.5649839837e-01
7.8171226669e-01 1.7460488291e+00 2.5650005854e-01
7.8171244749e-01 1.7460488235e+00 2.5649945936e-01
7.8171611399e-01 1.7460618035e+00 2.5650167741e-01
7.8171596179e-01 1.7460619460e+00 2.5650064532e-01
7.8171549783e-01 1.7460492054e+00 2.5650268975e-01
7.8171539684e-01 1.7460492995e+00 2.5650190735e-01
-5.1563662905e-01 -1.6191871214e+00 5.1622916985e-01
-5.1563692117e-01 -1.6191881561e+00 5.1622840061e-01
-5.1563615400e-01 -1.6191875153e+00 5.1622791113e-01
-5.1563621447e-01 -1.6191883354e+00 5.1622719141e-01
-5.1563036711e-01 -1.6191864498e+00 5.1623154504e-01
-5.1563074443e-01 -1.6191869909e+00 5.1623067234e-01
-5.1562989254e-01 -1.6191857415e+00 5.1622998131e-01
-5.1562991695e-01 -1.6191868460e+00 5.1622929451e-01
-1.8234786842e-02 -2.0016046061e+00 -8.4828223075e-01
-1.8238738634e-02 -2.0016054447e+00 -8.4828649400e-01
-1.8233159889e-02 -2.0016088217e+00 -8.4828605951e-01
-1.8237165554e-02 -2.0016099971e+00 -8.4828952140e-01
-1.8228447382e-02 -2.0016048336e+00 -8.4828072759e-01
-1.8232759850e-02 -2.0016062744e+00 -8.4828528166e-01
-1.8227477420e-02 -2.0016087064e+00 -8.4828457671e-01
-1.8230610899e-02 -2.0016109078e+00 -8.4828894914e-01
-8.4515748814e-01 -3.2989218096e-01 -4.7029812561e-01
-8.4515798599e-01 -3.2989222640e-01 -4.7029877501e-01
-8.4516014626e-01 -3.2989300373e-01 -4.7029933463e-01
-8.4516006364e-01 -3.2989352197e-01 -4.7029974377e-01
-8.4518031386e-01 -3.2989411396e-01 -4.7030157176e-01
-8.4518077543e-01 -3.2989461027e-01 -4.7030128152e-01
-8.4518234348e-01 -3.2989480031e-01 -4.7030264464e-01
-8.4518267858e-01 -3.2989513259e-01 -4.7030270062e-01
6.8176022193e-01 1.3996071342e+00 -3.0950046335e-01
6.8176085999e-01 1.3996074856e+00 -3.0950592803e-01
6.8176325119e-01 1.3996000640e+00 -3.0949793997e-01
6.8176486751e-01 1.3995994084e+00 -3.0950391174e-01
6.8173891904e-01 1.3996125299e+00 -3.0949463822e-01
6.8174003048e-01 1.3996124989e+00 -3.0950061330e-01
6.8174343159e-01 1.3996052589e+00 -3.0949256195e-01
6.8174427320e-01 1.3996046714e+00 -3.0949817458e-01
-4.4015675980e-01 1.5962831328e+00 2.3629021162e-01
-4.4015644853e-01 1.5962833200e+00 2.3628839356e-01
-4.4015758085e-01 1.5962998842e+00 2.3629392110e-01
-4.4015731088e-01 1.5962992476e+00 2.3629246400e-01
-4.4016540976e-01 1.5962786607e+00 2.3628581491e-01
-4.4016460752e-01 1.5962779845e+00 2.3628443929e-01
-4.4016618498e-01 1.5962938342e+00 2.3628953136e-01
-4.4016584211e-01 1.5962934588e+00 2.3628759543e-01
2.0534313167e+00 -1.0041952737e+00 -4.0289603504e-01
2.0534300861e+00 -1.0041943508e+00 -4.0289820642e-01
2.0534321148e+00 -1.0041807546e+00 -4.0290093083e-01
2.0534315572e+00 -1.0041804827e+00 -4.0290282308e-01
2.0534333506e+00 -1.0041958349e+00 -4.0289499815e-01
2.0534334708e+00 -1.0041945205e+00 -4.0289677990e-01
2.0534335668e+00 -1.0041807346e+00 -4.0289981545e-01
2.0534324068e+00 -1.0041804642e+00 -4.0290177283e-01
-1.1803638581e+00 1.5124728810e-01 -3.5615265867e-01
-1.1803645032e+00 1.5124952572e-01 -3.5614386929e-01
-1.1803619379e+00 1.5126686670e-01 -3.5615314660e-01
-1.1803626390e+00 1.5126905062e-01 -3.5614409409e-01
-1.1803659567e+00 1.5124775926e-01 -3.5615221118e-01
-1.1803672762e+00 1.5124975473e-01 -3.5614287890e-01
-1.1803639441e+00 1.5126751401e-01 -3.5615235733e-01
-1.1803650302e+00 1.5127002739e-01 -3.5614342396e-01
-3.0336892690e-01 -8.8676388394e-01 -5.0279524394e-01
-3.0336876374e-01 -8.8676389244e-01 -5.0279662885e-01
-3.0336784764e-01 -8.8676980572e-01 -5.0279440542e-01
-3.0336668699e-01 -8.8676887498e-01 -5.0279475369e-01
-3.0339353727e-01 -8.8676135401e-01 -5.0279176691e-01
-3.0339266659e-01 -8.8676113901e-01 -5.0279244670e-01
-3.0339196652e-01 -8.8676654222e-01 -5.0279110556e-01
-3.0339133984e-01 -8.8676606362e-01 -5.0279194332e-01
-1.8434951263e+00 -2.8005848351e+00 5.9896095330e-01
-1.8434950295e+00 -2.8005846022e+00 5.9896111310e-01
-1.8434979897e+00 -2.8005871082e+00 5.9896408607e-01
-1.8434980529e+00 -2.8005859084e+00 5.9896451568e-01
-1.8434954078e+00 -2.8005868577e+00 5.9896057912e-01
-1.8434951601e+00 -2.8005859175e+00 5.9896122757e-01
-1.8434985946e+00 -2.8005880187e+00 5.9896399266e-01
-1.8434978356e+00 -2.8005873342e+00 5.9896441326e-01
-2.0281510073e-01 -5.7447651828e-01 -1.5236094094e+00
-2.0281582847e-01 -5.7447800863e-01 -1.5236005022e+00
-2.0281659134e-01 -5.7447948571e-01 -1.5236093535e+00
-2.0281782604e-01 -5.7448158210e-01 -1.5235999370e+00
-2.0281122601e-01 -5.7447532851e-01 -1.5236092506e+00
-2.0281108581e-01 -5.7447673314e-01 -1.5236003784e+00
-2.0281237011e-01 -5.7447824282e-01 -1.5236094501e+00
-2.0281288015e-01 -5.7448004138e-01 -1.5236006223e+00
2.5082098935e+00 -1.1237531078e+00 -1.0550501172e+00
2.5082102794e+00 -1.1237497669e+00 -1.0550512193e+00
2.5082121166e+00 -1.1237497031e+00 -1.0550487748e+00
2.5082114225e+00 -1.1237467397e+00 -1.0550498594e+00
2.5082155910e+00 -1.1237532970e+00 -1.0550502279e+00
2.5082158956e+00 -1.1237501059e+00 -1.0550517208e+00
2.5082170476e+00 -1.1237503355e+00 -1.0550495940e+00
2.5082164802e+00 -1.1237469208e+00 -1.0550506557e+00
-7.4162914560e-01 1.9519755095e-01 1.0404550582e+00
-7.4162951482e-01 1.9519670784e-01 1.0404526743e+00
-7.4162905050e-01 1.9519205047e-01 1.0404533045e+00
-7.4162915069e-01 1.9519229238e-01 1.0404511593e+00
-7.4162742061e-01 1.9519728625e-01 1.0404552771e+00
-7.4162715544e-01 1.9519687668e-01 1.0404530659e+00
-7.4162725057e-01 1.9519225477e-01 1.0404534160e+00
-7.4162777899e-01 1.9519209837e-01 1.0404512560e+00
1.6873586071e+00 5.7004088925e-01 -9.7225972358e-01
1.6873605201e+00 5.7004181648e-01 -9.7225013762e-01
1.6873563550e+00 5.7004382189e-01 -9.7226025860e-01
1.6873589778e+00 5.7004370616e-01 -9.7225098410e-01
1.6873426263e+00 5.7004250790e-01 -9.7225591525e-01
1.6873444854e+00 5.7004231162e-01 -9.7224667229e-01
1.6873410554e+00 5.7004387165e-01 -9.7225660502e-01
1.6873430868e+00 5.7004447362e-01 -9.7224780212e-01
-2.4756534689e+00 9.3073539126e-01 -5.6708065995e-01
-2.4756534333e+00 9.3073804705e-01 -5.6708480212e-01
-2.4756543939e+00 9.3071890501e-01 -5.6707499271e-01
-2.4756529193e+00 9.3072183398e-01 -5.6707962892e-01
-2.4756474877e+00 9.3073824281e-01 -5.6708081838e-01
-2.4756467537e+00 9.3074120972e-01 -5.6708439763e-01
-2.4756477075e+00 9.3072245282e-01 -5.6707523893e-01
-2.4756473112e+00 9.3072477882e-01 -5.6707880895e-01
1.4922537815e+00 1.4506155524e+00 -1.3118492167e+00
1.4922534033e+00 1.4506156723e+00 -1.3118493402e+00
1.4922516091e+00 1.4506126750e+00 -1.3118489034e+00
1.4922510792e+00 1.4506127266e+00 -1.3118489596e+00
1.4922297635e+00 1.4506188789e+00 -1.3118450073e+00
1.4922294231e+00 1.4506179134e+00 -1.3118451789e+00
1.4922275249e+00 1.4506151126e+00 -1.3118446849e+00
1.4922278580e+00 1.4506151668e+00 -1.3118445860e+00
-4.7094859566e-01 1.3102515614e+00 2.7367461835e-01
-4.7094453723e-01 1.3102481521e+00 2.7367238675e-01
-4.7094853049e-01 1.3102540074e+00 2.7367151372e-01
-4.7094526591e-01 1.3102502778e+00 2.7366911716e-01
-4.7095120260e-01 1.3102540729e+00 2.7367494625e-01
-4.7094757570e-01 1.3102506518e+00 2.7367242858e-01
-4.7095091573e-01 1.3102562409e+00 2.7367122997e-01
-4.7094832079e-01 1.3102525295e+00 2.7366898805e-01
9.9674889662e-01 4.9155103901e-01 -6.6920213330e-01
9.9674585900e-01 4.9154755342e-01 -6.6920463684e-01
9.9674870715e-01 4.9154933524e-01 -6.6920188259e-01
9.9674566472e-01 4.9154637111e-01 -6.6920442194e-01
9.9675839140e-01 4.9154914014e-01 -6.6920503484e-01
9.9675583971e-01 4.9154519741e-01 -6.6920818094e-01
9.9675801341e-01 4.9154718913e-01 -6.6920505509e-01
9.9675503159e-01 4.9154400328e-01 -6.6920796830e-01
8.4380521610e-01 -2.3169575884e+00 5.6961678120e-01
8.4380304141e-01 -2.3169607834e+00 5.6962885780e-01
8.4380551691e-01 -2.3169289497e+00 5.6961591805e-01
8.4380326349e-01 -2.3169320447e+00 5.6962774644e-01
8.4381065977e-01 -2.3169560842e+00 5.6961778686e-01
8.4381020629e-01 -2.3169579285e+00 5.6962999074e-01
8.4381154135e-01 -2.3169273690e+00 5.6961706633e-01
8.4380911609e-01 -2.3169297351e+00 5.6962864627e-01
-1.4212645887e-02 4.8397607048e-02 5.0100729527e-01
-1.4212998982e-02 4.8395577769e-02 5.0100376356e-01
-1.4213977416e-02 4.8396323965e-02 5.0100623694e-01
-1.4214038177e-02 4.8393868651e-02 5.0100319560e-01
-1.4207536771e-02 4.8398600629e-02 5.0100974094e-01
-1.4207560106e-02 4.8396330645e-02 5.0100671514e-01
-1.4208144712e-02 4.8397517479e-02 5.0100917816e-01
-1.4208435945e-02 4.8394951684e-02 5.0100577623e-01
-1.8340512600e+00 -1.3484352131e+00 1.9079231241e-01
-1.8340530328e+00 -1.3484392643e+00 1.9078641295e-01
-1.8340511392e+00 -1.3484310741e+00 1.9079003670e-01
-1.8340524064e+00 -1.3484349225e+00 1.9078441971e-01
-1.8340391043e+00 -1.3484332237e+00 1.9079369797e-01
-1.8340409179e+00 -1.3484372804e+00 1.9078773673e-01
-1.8340389659e+00 -1.3484286770e+00 1.9079109557e-01
-1.8340398972e+00 -1.3484323579e+00 1.9078578039e-01
-1.0650986172e+00 1.6374801842e+00 2.3645221786e-01
-1.0650977469e+00 1.6374800858e+00 2.3645238756e-01
-1.0650965496e+00 1.6374743313e+00 2.3645245991e-01
-1.0650951365e+00 1.6374741715e+00 2.3645180506e-01
-1.0650981485e+00 1.6374811514e+00 2.3645509957e-01
-1.0650974795e+00 1.6374807965e+00 2.3645431103e-01
-1.0650962209e+00 1.6374750854e+00 2.3645444319e-01
-1.0650953860e+00 1.6374752663e+00 2.3645367228e-01
1.2910897020e+00 3.0869227526e-01 1.9341732117e+00
1.2910891581e+00 3.0868972954e-01 1.9341709999e+00
1.2910909547e+00 3.0870506070e-01 1.9341739195e+00
1.2910909689e+00 3.0870309106e-01 1.9341714510e+00
1.2910701776e+00 3.0869399344e-01 1.9341751992e+00
1.2910697054e+00 3.0869095855e-01 1.9341727732e+00
1.2910707661e+00 3.0870709100e-01 1.9341753526e+00
1.2910705636e+00 3.0870376549e-01 1.9341730713e+00
-8.1435118184e-01 8.3925328718e-01 -1.1547675729e+00
-8.1435108403e-01 8.3925348267e-01 -1.1547667410e+00
-8.1434929280e-01 8.3925002971e-01 -1.1547675765e+00
-8.1434960938e-01 8.3925015598e-01 -1.1547671667e+00
-8.1435049060e-01 8.3925312453e-01 -1.1547669466e+00
-8.1435072164e-01 8.3925312170e-01 -1.1547665698e+00
-8.1434934852e-01 8.3924949700e-01 -1.1547672992e+00
-8.1434920480e-01 8.3924956542e-01 -1.1547666335e+00
-2.7171290483e-01 -4.0769575643e-01 1.4238978319e-01
-2.7171281519e-01 -4.0769600252e-01 1.4239009004e-01
-2.7171311913e-01 -4.0769632637e-01 1.4239042022e-01
-2.7171291968e-01 -4.0769629318e-01 1.4239077806e-01
-2.7171014956e-01 -4.0769613272e-01 1.4238878452e-01
-2.7171042402e-01 -4.0769580487e-01 1.4238890484e-01
-2.7170986531e-01 -4.0769670116e-01 1.4238955794e-01
-2.7171036490e-01 -4.0769654225e-01 1.4238973424e-01
1.0830218276e+00 -1.0495783091e+00 7.9085425450e-01
1.0830212316e+00 -1.0495788125e+00 7.9085282033e-01
1.0830213988e+00 -1.0495784158e+00 7.9085453566e-01
1.0830204684e+00 -1.0495786961e+00 7.9085263290e-01
1.0830226512e+00 -1.0495773602e+00 7.9085540103e-01
1.0830219242e+00 -1.0495779173e+00 7.9085356082e-01
1.0830220661e+00 -1.0495775768e+00 7.9085512043e-01
1.0830212962e+00 -1.0495779403e+00 7.9085361303e-01
-8.1959930323e-01 -1.6059237927e+00 1.0036343145e-01
-8.1959932111e-01 -1.6059232617e+00 1.0036330354e-01
-8.1959895961e-01 -1.6059241405e+00 1.0036416542e-01
-8.1959973451e-01 -1.6059233025e+00 1.0036399551e-01
-8.1959837599e-01 -1.6059234266e+00 1.0036415535e-01
-8.1959903362e-01 -1.6059232915e+00 1.0036332730e-01
-8.1959897767e-01 -1.6059237823e+00 1.0036488419e-01
-8.1959944188e-01 -1.6059233463e+00 1.0036415777e-01
2.6951672738e-01 -1.8094750739e-01 -6.0659147468e-02
2.6951870560e-01 -1.8094903694e-01 -6.0661137349e-02
2.6951691994e-01 -1.8094883871e-01 -6.0658971813e-02
2.6951881161e-01 -1.8095005702e-01 -6.0661586259e-02
2.6951725139e-01 -1.8094779736e-01 -6.0658849971e-02
2.6951969149e-01 -1.8094904895e-01 -6.0661262869e-02
2.6951757341e-01 -1.8094909694e-01 -6.0658774688e-02
2.6951963205e-01 -1.8095060884e-01 -6.0661038951e-02
2.2821085128e-01 1.1450423761e-01 -1.6937663746e+00
2.2821159695e-01 1.1450479588e-01 -1.6937609708e+00
2.2821098651e-01 1.1450428887e-01 -1.6937651681e+00
2.2821153480e-01 1.1450446357e-01 -1.6937604160e+00
2.2821173955e-01 1.1450544594e-01 -1.6937670524e+00
2.2821238646e-01 1.1450569701e-01 -1.6937612276e+00
2.2821233416e-01 1.1450528972e-01 -1.6937658407e+00
2.2821246415e-01 1.1450526590e-01 -1.6937604229e+00
4.9697155410e-01 -8.1883195818e-01 3.5353935159e-01
4.9697229237e-01 -8.1883089910e-01 3.5354766085e-01
4.9697016862e-01 -8.1883490805e-01 3.5353887221e-01
4.9697042572e-01 -8.1883427149e-01 3.5354705177e-01
4.9697192056e-01 -8.1883238719e-01 3.5353928951e-01
4.9697222024e-01 -8.1883114511e-01 3.5354749415e-01
4.9696998544e-01 -8.1883555240e-01 3.5353905564e-01
4.9697065691e-01 -8.1883441132e-01 3.5354697299e-01
-8.0867704250e-02 2.6291853319e+00 1.6441528711e+00
-8.0868668699e-02 2.6291847920e+00 1.6441515342e+00
-8.0867205364e-02 2.6291795072e+00 1.6441560013e+00
-8.0868350824e-02 2.6291788368e+00 1.6441554105e+00
-8.0865678952e-02 2.6291831047e+00 1.6441495377e+00
-8.0866637701e-02 2.6291824621e+00 1.6441489743e+00
-8.0865205870e-02 2.6291771556e+00 1.6441530133e+00
-8.0866238576e-02 2.6291766249e+00 1.6441523743e+00
-4.2250027192e-01 -6.7155033565e-01 -9.1580208034e-01
-4.2250006918e-01 -6.7155085924e-01 -9.1580204015e-01
-4.2249809265e-01 -6.7155257863e-01 -9.1580418794e-01
-4.2249802187e-01 -6.7155277019e-01 -9.1580413256e-01
-4.2249934251e-01 -6.7155009537e-01 -9.1580221649e-01
-4.2249953628e-01 -6.7155037872e-01 -9.1580215797e-01
-4.2249733605e-01 -6.7155210814e-01 -9.1580485187e-01
-4.2249746683e-01 -6.7155222450e-01 -9.1580463683e-01
2.8435820704e-01 -6.4087892247e-01 8.7739688448e-01
2.8435827859e-01 -6.4087872396e-01 8.7739731982e-01
2.8435962997e-01 -6.4087393087e-01 8.7739805552e-01
2.8435937650e-01 -6.4087431539e-01 8.7739878005e-01
2.8435041861e-01 -6.4088009637e-01 8.7739556946e-01
2.8435014307e-01 -6.4087992087e-01 8.7739596128e-01
2.8435166835e-01 -6.4087560946e-01 8.7739662757e-01
2.8435142193e-01 -6.4087528198e-01 8.7739708669e-01
-4.9271034855e-01 -1.2178468837e-01 -8.3381192694e-02
-4.9271028508e-01 -1.2178511534e-01 -8.3380716485e-02
-4.9270970524e-01 -1.2178542474e-01 -8.3381460163e-02
-4.9270980147e-01 -1.2178544958e-01 -8.3381124387e-02
-4.9271713822e-01 -1.2178628060e-01 -8.3381512351e-02
-4.9271728024e-01 -1.2178632943e-01 -8.3381222340e-02
-4.9271659939e-01 -1.2178638534e-01 -8.3381954219e-02
-4.9271696161e-01 -1.2178656982e-01 -8.3381978039e-02
-5.1228086732e-01 -5.4016583679e-01 5.7778446537e-01
-5.1228095878e-01 -5.4016607782e-01 5.7778465223e-01
-5.1228109096e-01 -5.4015890963e-01 5.7778533477e-01
-5.1228123259e-01 -5.4015870203e-01 5.7778554051e-01
-5.1227941467e-01 -5.4016585515e-01 5.7778543267e-01
-5.1227937694e-01 -5.4016550513e-01 5.7778537782e-01
-5.1227917505e-01 -5.4015796011e-01 5.7778568311e-01
-5.1227958239e-01 -5.4015812477e-01 5.7778617766e-01
-1.0507207754e+00 7.8873461499e-01 -1.3332878508e-01
-1.0507208128e+00 7.8873439921e-01 -1.3332878833e-01
-1.0507216249e+00 7.8873406258e-01 -1.3332821916e-01
-1.0507212530e+00 7.8873401980e-01 -1.3332831169e-01
-1.0507169016e+00 7.8873529442e-01 -1.3332641070e-01
-1.0507168328e+00 7.8873578366e-01 -1.3332622663e-01
-1.0507173698e+00 7.8873515775e-01 -1.3332571854e-01
-1.0507172860e+00 7.8873553811e-01 -1.3332561440e-01
-2.5377473162e-01 2.5609617333e+00 1.2519348851e-01
-2.5377550218e-01 2.5609643951e+00 1.2519976471e-01
-2.5377460986e-01 2.5609619771e+00 1.2519423261e-01
-2.5377541697e-01 2.5609645031e+00 1.2520009909e-01
-2.5377882966e-01 2.5609634643e+00 1.2519435149e-01
-2.5377942785e-01 2.5609666140e+00 1.2520042895e-01
-2.5377865520e-01 2.5609639287e+00 1.2519478687e-01
-2.5377973244e-01 2.5609665342e+00 1.2520093847e-01
-5.9198009631e-01 -4.3557920908e-01 -3.2892846184e-01
-5.9198004969e-01 -4.3557923951e-01 -3.2892844312e-01
-5.9198329204e-01 -4.3558181207e-01 -3.2893060096e-01
-5.9198281823e-01 -4.3558205477e-01 -3.2893051376e-01
-5.9198782994e-01 -4.3558123227e-01 -3.2893011337e-01
-5.9198795515e-01 -4.3558127908e-01 -3.2892989070e-01
-5.9199085220e-01 -4.3558416363e-01 -3.2893208436e-01
-5.9199087663e-01 -4.3558433942e-01 -3.2893225979e-01
7.5236915607e-01 5.0428926813e-01 -4.2394312043e-01
7.5236943799e-01 5.0428945366e-01 -4.2394305881e-01
7.5236664580e-01 5.0429727933e-01 -4.2394443407e-01
7.5236659735e-01 5.0429698639e-01 -4.2394500350e-01
7.5237328468e-01 5.0428740698e-01 -4.2394623743e-01
7.5237337281e-01 5.0428769753e-01 -4.2394659959e-01
7.5237001086e-01 5.0429528548e-01 -4.2394729128e-01
7.5237023471e-01 5.0429506403e-01 -4.2394798858e-01
-4.4168522410e-01 1.0824099627e+00 -4.7074661972e-01
-4.4168498828e-01 1.0824098893e+00 -4.7074687363e-01
-4.4168480382e-01 1.0824103912e+00 -4.7074665522e-01
-4.4168448643e-01 1.0824104066e+00 -4.7074678971e-01
-4.4169933487e-01 1.0824124846e+00 -4.7074167170e-01
-4.4169921552e-01 1.0824125081e+00 -4.7074141894e-01
-4.4169913612e-01 1.0824135699e+00 -4.7074147936e-01
-4.4169895586e-01 1.0824136919e+00 -4.7074148236e-01
-9.3103970838e-01 8.4654986310e-01 -3.8996653741e-01
-9.3104378710e-01 8.4655106503e-01 -3.8996146236e-01
-9.3104137956e-01 8.4655841983e-01 -3.8996797425e-01
-9.3104565651e-01 8.4655970343e-01 -3.8996323650e-01
-9.3103832409e-01 8.4655083191e-01 -3.8996547059e-01
-9.3104227475e-01 8.4655198782e-01 -3.8996023103e-01
-9.3103993116e-01 8.4655913969e-01 -3.8996699618e-01
-9.3104382001e-01 8.4656036737e-01 -3.8996185052e-01
-6.6585022119e-02 5.3342804070e-02 8.6847001217e-01
-6.6584630357e-02 5.3344469871e-02 8.6846823482e-01
-6.6584749508e-02 5.3343271859e-02 8.6846972712e-01
-6.6584785043e-02 5.3344576933e-02 8.6846804866e-01
-6.6591977517e-02 5.3345116819e-02 8.6847213490e-01
-6.6591146020e-02 5.3346980714e-02 8.6847055952e-01
-6.6591631962e-02 5.3345429787e-02 8.6847177636e-01
-6.6591074603e-02 5.3346887472e-02 8.6847035410e-01
-7.0608714452e-01 -1.4602807640e+00 6.5725644762e-01
-7.0608517780e-01 -1.4602826372e+00 6.5725415917e-01
-7.0608874400e-01 -1.4602693648e+00 6.5725795610e-01
-7.0608676318e-01 -1.4602708811e+00 6.5725569203e-01
-7.0608476975e-01 -1.4602798097e+00 6.5725758168e-01
-7.0608308215e-01 -1.4602816913e+00 6.5725519605e-01
-7.0608634916e-01 -1.4602686218e+00 6.5725936712e-01
-7.0608432547e-01 -1.4602700832e+00 6.5725680678e-01
2.0939024925e+00 3.6040449252e-01 1.6936436552e-01
2.0939046914e+00 3.6040645698e-01 1.6937123864e-01
2.0939023346e+00 3.6040429078e-01 1.6936405682e-01
2.0939048145e+00 3.6040644624e-01 1.6937137400e-01
2.0939034724e+00 3.6040433108e-01 1.6936425842e-01
2.0939054050e+00 3.6040593283e-01 1.6937131286e-01
2.0939028175e+00 3.6040429709e-01 1.6936419861e-01
2.0939050070e+00 3.6040611291e-01 1.6937109196e-01
3.5124741844e-01 5.5346004078e-01 7.2486692443e-01
3.5124597719e-01 5.5345847949e-01 7.2487198996e-01
3.5124600563e-01 5.5345826642e-01 7.2486556314e-01
3.5124510970e-01 5.5345686492e-01 7.2487094213e-01
3.5123783190e-01 5.5345963753e-01 7.2486542889e-01
3.5123709016e-01 5.5345847073e-01 7.2487045046e-01
3.5123684428e-01 5.5345797100e-01 7.2486423231e-01
3.5123602102e-01 5.5345686740e-01 7.2486891112e-01
5.5356817564e-01 -1.6877151183e+00 1.0100018240e-02
5.5357151493e-01 -1.6877167609e+00 1.0097480209e-02
5.5356781205e-01 -1.6877046390e+00 1.0099565842e-02
5.5357091613e-01 -1.6877060701e+00 1.0096804046e-02
5.5355989472e-01 -1.6877144059e+00 1.0101692771e-02
5.5356313566e-01 -1.6877160119e+00 1.0099236590e-02
5.5355971161e-01 -1.6877037947e+00 1.0101297755e-02
5.5356307003e-01 -1.6877052993e+00 1.0098819926e-02
5.9674435334e-01 -1.9268309935e+00 7.0821248913e-01
5.9674553093e-01 -1.9268295124e+00 7.0821849283e-01
5.9674388216e-01 -1.9268325981e+00 7.0821134896e-01
5.9674525519e-01 -1.9268308117e+00 7.0821720554e-01
5.9674644588e-01 -1.9268322068e+00 7.0821224250e-01
5.9674779578e-01 -1.9268302683e+00 7.0821823766e-01
5.9674588648e-01 -1.9268335735e+00 7.0821104669e-01
5.9674743352e-01 -1.9268315736e+00 7.0821704246e-01
4.5834988477e-01 -1.7483422603e+00 1.2982818036e-01
4.5834894827e-01 -1.7483430830e+00 1.2982702488e-01
4.5834925998e-01 -1.7483437659e+00 1.2982630939e-01
4.5834820186e-01 -1.7483451533e+00 1.2982530377e-01
4.5835042644e-01 -1.7483421410e+00 1.2982876744e-01
4.5834961670e-01 -1.7483433661e+00 1.2982748893e-01
4.5834996495e-01 -1.7483439772e+00 1.2982685071e-01
4.5834894234e-01 -1.7483454368e+00 1.2982600490e-01
-1.4326003611e-01 -3.2425043910e-01 -7.4676579385e-01
-1.4325845190e-01 -3.2425106308e-01 -7.4676757114e-01
-1.4325899012e-01 -3.2425033742e-01 -7.4676555303e-01
-1.4325757560e-01 -3.2425120440e-01 -7.4676696571e-01
-1.4325719329e-01 -3.2425139957e-01 -7.4676568057e-01
-1.4325587774e-01 -3.2425167424e-01 -7.4676695527e-01
-1.4325622681e-01 -3.2425083747e-01 -7.4676515759e-01
-1.4325506873e-01 -3.2425142802e-01 -7.4676706898e-01
-3.6912465155e-01 1.2689935251e+00 6.0882991132e-02
-3.6912471774e-01 1.2689937605e+00 6.0883193381e-02
-3.6912507494e-01 1.2689932132e+00 6.0882855853e-02
-3.6912519649e-01 1.2689930466e+00 6.0883310932e-02
-3.6912491971e-01 1.2689941447e+00 6.0882435116e-02
-3.6912461202e-01 1.2689940835e+00 6.0882793817e-02
-3.6912554689e-01 1.2689935714e+00 6.0882306014e-02
-3.6912525019e-01 1.2689937191e+00 6.0882457378e-02
2.9104484954e-01 -5.8523909783e-01 3.8125515639e-01
2.9104543064e-01 -5.8524053006e-01 3.8125861974e-01
2.9104520180e-01 -5.8524202578e-01 3.8125736195e-01
2.9104551757e-01 -5.8524292205e-01 3.8126069908e-01
2.9104545641e-01 -5.8523919741e-01 3.8125462926e-01
2.9104599613e-01 -5.8524024594e-01 3.8125826213e-01
2.9104579007e-01 -5.8524174917e-01 3.8125642637e-01
2.9104615200e-01 -5.8524249722e-01 3.8126023564e-01
-1.6315540184e+00 2.7845862930e-01 -7.0789160094e-01
-1.6315542889e+00 2.7845818402e-01 -7.0788833089e-01
-1.6315546424e+00 2.7845818539e-01 -7.0789244920e-01
-1.6315546166e+00 2.7845788373e-01 -7.0788887952e-01
-1.6315500150e+00 2.7845686146e-01 -7.0789491391e-01
-1.6315501729e+00 2.7845615717e-01 -7.0789229188e-01
-1.6315507814e+00 2.7845594841e-01 -7.0789552292e-01
-1.6315508035e+00 2.7845556089e-01 -7.0789256779e-01
1.4913304875e+00 6.3626510185e-01 -6.2170848087e-01
1.4913314264e+00 6.3626572193e-01 -6.2170890459e-01
1.4913317010e+00 6.3626998702e-01 -6.2170621589e-01
1.4913323535e+00 6.3627071928e-01 -6.2170646763e-01
1.4913304848e+00 6.3626396460e-01 -6.2170783992e-01
1.4913315737e+00 6.3626406192e-01 -6.2170838333e-01
1.4913319485e+00 6.3626919439e-01 -6.2170596297e-01
1.4913325688e+00 6.3626917023e-01 -6.2170580009e-01
2.9048179337e-01 -1.6957847946e+00 8.7847958827e-01
2.9048099030e-01 -1.6957859572e+00 8.7847805116e-01
2.9048183034e-01 -1.6957856910e+00 8.7847912117e-01
2.9048088384e-01 -1.6957865619e+00 8.7847761416e-01
2.9048398569e-01 -1.6957840781e+00 8.7848062964e-01
2.9048297864e-01 -1.6957851715e+00 8.7847876748e-01
2.9048396986e-01 -1.6957847445e+00 8.7848044825e-01
2.9048312867e-01 -1.6957857051e+00 8.7847810984e-01
1.6574561797e+00 1.4128083305e+00 6.9334825752e-01
1.6574556129e+00 1.4128088218e+00 6.9334774979e-01
1.6574559266e+00 1.4128088474e+00 6.9334714994e-01
1.6574554520e+00 1.4128094765e+00 6.9334649103e-01
1.6574413622e+00 1.4128098400e+00 6.9334948309e-01
1.6574407152e+00 1.4128100888e+00 6.9334929680e-01
1.6574408161e+00 1.4128102990e+00 6.9334877644e-01
1.6574400281e+00 1.4128106092e+00 6.9334813875e-01
2.1128954582e-01 1.2872824952e+00 5.6739412481e-01
2.1129162009e-01 1.2872818210e+00 5.6739088274e-01
2.1129361062e-01 1.2872901207e+00 5.6739599746e-01
2.1129581275e-01 1.2872898606e+00 5.6739300849e-01
2.1129210015e-01 1.2872841151e+00 5.6739576969e-01
2.1129376207e-01 1.2872839640e+00 5.6739285866e-01
2.1129583041e-01 1.2872918219e+00 5.6739753584e-01
2.1129798096e-01 1.2872914543e+00 5.6739471649e-01
-1.0537919570e+00 4.9719611978e-01 4.1672648017e-01
-1.0537928554e+00 4.9719658607e-01 4.1672384657e-01
-1.0537918082e+00 4.9719607681e-01 4.1672624442e-01
-1.0537927359e+00 4.9719615311e-01 4.1672367790e-01
-1.0537899633e+00 4.9719585536e-01 4.1672731961e-01
-1.0537906443e+00 4.9719582324e-01 4.1672447840e-01
-1.0537896365e+00 4.9719591646e-01 4.1672708257e-01
-1.0537904462e+00 4.9719621616e-01 4.1672422076e-01
4.3700228476e-01 2.4399082444e+00 1.2928473289e-01
4.3700143790e-01 2.4399134126e+00 1.2928013390e-01
4.3700147939e-01 2.4399157327e+00 1.2928083381e-01
4.3700055259e-01 2.4399208391e+00 1.2927616245e-01
4.3700443937e-01 2.4399075272e+00 1.2928458193e-01
4.3700364798e-01 2.4399131446e+00 1.2927973530e-01
4.3700379595e-01 2.4399151873e+00 1.2928054300e-01
4.3700339028e-01 2.4399205296e+00 1.2927585734e-01
-1.0300457823e+00 -5.2904498804e-01 1.0180084246e+00
-1.0300458579e+00 -5.2904492131e-01 1.0180059091e+00
-1.0300460453e+00 -5.2904435839e-01 1.0180085769e+00
-1.0300460480e+00 -5.2904387235e-01 1.0180058689e+00
-1.0300456479e+00 -5.2904469880e-01 1.0180082942e+00
-1.0300461682e+00 -5.2904491403e-01 1.0180059291e+00
-1.0300459523e+00 -5.2904391390e-01 1.0180083962e+00
-1.0300463273e+00 -5.2904403163e-01 1.0180058722e+00
-2.0463788684e-01 4.7535750849e-01 7.6473420907e-01
-2.0463888927e-01 4.7535601372e-01 7.6472973392e-01
-2.0463434922e-01 4.7536613107e-01 7.6473500424e-01
-2.0463525801e-01 4.7536466190e-01 7.6473002706e-01
-2.0464010315e-01 4.7535768692e-01 7.6473402807e-01
-2.0464107488e-01 4.7535634547e-01 7.6472939560e-01
-2.0463659503e-01 4.7536653290e-01 7.6473460737e-01
-2.0463800788e-01 4.7536493672e-01 7.6472944640e-01
8.5282919768e-01 -5.8951090927e-01 -5.1635270962e-02
8.5282981247e-01 -5.8951053537e-01 -5.1635729787e-02
8.5282946209e-01 -5.8951140665e-01 -5.1635404927e-02
8.5282970653e-01 -5.8951059731e-01 -5.1636034028e-02
8.5283046145e-01 -5.8951139047e-01 -5.1634329527e-02
8.5283105080e-01 -5.8951088246e-01 -5.1635022357e-02
8.5283056682e-01 -5.8951175280e-01 -5.1634899967e-02
8.5283089159e-01 -5.8951129433e-01 -5.1635315561e-02
1.0199186679e+00 -4.6111533530e-01 1.5331955934e-01
1.0199197218e+00 -4.6111512899e-01 1.5331640076e-01
1.0199193580e+00 -4.6111056021e-01 1.5331753265e-01
1.0199205067e+00 -4.6111013773e-01 1.5331402630e-01
1.0199219611e+00 -4.6111569223e-01 1.5331878815e-01
1.0199228856e+00 -4.6111566336e-01 1.5331547924e-01
1.0199229493e+00 -4.6111093777e-01 1.5331678708e-01
1.0199237948e+00 -4.6111052306e-01 1.5331320775e-01
1.4384035817e+00 -5.6445403070e-01 -5.6415821297e-01
1.4384037730e+00 -5.6445416549e-01 -5.6415867145e-01
1.4384009403e+00 -5.6444692692e-01 -5.6415659884e-01
1.4384014193e+00 -5.6444672427e-01 -5.6415725128e-01
1.4383949754e+00 -5.6445188735e-01 -5.6415544851e-01
1.4383953706e+00 -5.6445134520e-01 -5.6415538158e-01
1.4383926003e+00 -5.6444436025e-01 -5.6415392631e-01
1.4383926887e+00 -5.6444466749e-01 -5.6415457523e-01
1.0521213423e+00 -3.1133147297e-01 -1.1034578677e+00
1.0521211792e+00 -3.1133080900e-01 -1.1034594826e+00
1.0521217010e+00 -3.1133371357e-01 -1.1034566523e+00
1.0521220355e+00 -3.1133284406e-01 -1.1034584357e+00
1.0521179943e+00 -3.1133302440e-01 -1.1034600252e+00
1.0521179427e+00 -3.1133214495e-01 -1.1034616234e+00
1.0521184903e+00 -3.1133518002e-01 -1.1034589796e+00
1.0521183190e+00 -3.1133435459e-01 -1.1034609131e+00
-5.7720635121e-01 -5.8020798710e-01 1.8998356829e-01
-5.7720635748e-01 -5.8020859909e-01 1.8998220238e-01
-5.7720473676e-01 -5.8020356276e-01 1.8998276241e-01
-5.7720525847e-01 -5.8020393713e-01 1.8998168987e-01
-5.7721057239e-01 -5.8020505168e-01 1.8998502675e-01
-5.7721021529e-01 -5.8020603911e-01 1.8998414011e-01
-5.7720878215e-01 -5.8020115200e-01 1.8998475031e-01
-5.7720898011e-01 -5.8020169947e-01 1.8998396295e-01
-5.8611874570e-01 2.0892501085e+00 -1.2051103368e+00
-5.8611844727e-01 2.0892501988e+00 -1.2051104890e+00
-5.8611823956e-01 2.0892500981e+00 -1.2051103885e+00
-5.8611881291e-01 2.0892499508e+00 -1.2051104186e+00
-5.8611819367e-01 2.0892500402e+00 -1.2051104409e+00
-5.8611803198e-01 2.0892503932e+00 -1.2051109592e+00
-5.8611797023e-01 2.0892503131e+00 -1.2051108621e+00
-5.8611754100e-01 2.0892502540e+00 -1.2051113373e+00
7.5844446218e-01 -4.9111402160e-01 -7.8665958980e-01
7.5844168518e-01 -4.9111310464e-01 -7.8666328153e-01
7.5844310780e-01 -4.9111484803e-01 -7.8666014137e-01
7.5844005446e-01 -4.9111370901e-01 -7.8666422687e-01
7.5844469009e-01 -4.9111419629e-01 -7.8665967416e-01
7.5844184051e-01 -4.9111315406e-01 -7.8666368200e-01
7.5844304010e-01 -4.9111493438e-01 -7.8666016631e-01
7.5844000883e-01 -4.9111385939e-01 -7.8666437073e-01
6.7479041055e-02 5.3609031647e-01 5.9532697744e-01
6.7478912918e-02 5.3608960557e-01 5.9532625640e-01
6.7479188333e-02 5.3609027728e-01 5.9532693575e-01
6.7479029523e-02 5.3608912465e-01 5.9532621754e-01
6.7472330578e-02 5.3608935721e-01 5.9532676106e-01
6.7471533113e-02 5.3608892018e-01 5.9532595520e-01
6.7472217112e-02 5.3608882362e-01 5.9532660468e-01
6.7471945472e-02 5.3608830996e-01 5.9532575982e-01
8.2167611207e-02 -1.0373817007e+00 4.4640877783e-01
8.2169348144e-02 -1.0373822633e+00 4.4640609014e-01
8.2168873371e-02 -1.0373850819e+00 4.4641053987e-01
8.2170355821e-02 -1.0373860676e+00 4.4640770889e-01
8.2159709860e-02 -1.0373823412e+00 4.4640812838e-01
8.2161242728e-02 -1.0373828134e+00 4.4640533800e-01
8.2160994009e-02 -1.0373854014e+00 4.4640985930e-01
8.2162325366e-02 -1.0373865605e+00 4.4640701588e-01
-3.6807577250e-01 2.7902730137e-01 -9.6199348333e-01
-3.6807460927e-01 2.7902995902e-01 -9.6199675273e-01
-3.6807648647e-01 2.7902616848e-01 -9.6199419024e-01
-3.6807537389e-01 2.7902857960e-01 -9.6199725905e-01
-3.6807461108e-01 2.7902874590e-01 -9.6199354761e-01
-3.6807350144e-01 2.7903100696e-01 -9.6199646913e-01
-3.6807536828e-01 2.7902740913e-01 -9.6199424313e-01
-3.6807422239e-01 2.7903012484e-01 -9.6199753206e-01
-5.4753265109e-01 1.7108446231e+00 -1.0781222381e-01
-5.4753177044e-01 1.7108442623e+00 -1.0780503145e-01
-5.4753411435e-01 1.7108516985e+00 -1.0781506435e-01
-5.4753300748e-01 1.7108514349e+00 -1.0780725859e-01
-5.4752720732e-01 1.7108460949e+00 -1.0781073970e-01
-5.4752626874e-01 1.7108457424e+00 -1.0780286729e-01
-5.4752876263e-01 1.7108532169e+00 -1.0781297479e-01
-5.4752784189e-01 1.7108529618e+00 -1.0780518712e-01
1.6286749651e-01 -4.8190332037e-01 -1.5382482752e-01
1.6286840202e-01 -4.8190399093e-01 -1.5381818568e-01
1.6286759771e-01 -4.8190324669e-01 -1.5382431465e-01
1.6286855387e-01 -4.8190359972e-01 -1.5381685556e-01
1.6286856363e-01 -4.8190325890e-01 -1.5382493463e-01
1.6286989272e-01 -4.8190335643e-01 -1.5381788530e-01
1.6286833515e-01 -4.8190243015e-01 -1.5382381709e-01
1.6286934738e-01 -4.8190307740e-01 -1.5381688569e-01
-1.8091240316e-01 2.4142416658e-01 1.0141019072e+00
-1.8091110295e-01 2.4142393211e-01 1.0140996276e+00
-1.8091263252e-01 2.4142415453e-01 1.0141016516e+00
-1.8091135577e-01 2.4142359254e-01 1.0140991769e+00
-1.8091234934e-01 2.4142445355e-01 1.0141012636e+00
-1.8091111698e-01 2.4142402527e-01 1.0140989596e+00
-1.8091295843e-01 2.4142386500e-01 1.0141009265e+00
-1.8091126193e-01 2.4142371497e-01 1.0140987468e+00
1.4404784493e+00 7.6089329275e-01 -1.9939067694e-01
1.4404784360e+00 7.6089351378e-01 -1.9939045404e-01
1.4404783184e+00 7.6089255200e-01 -1.9938972588e-01
1.4404782491e+00 7.6089256055e-01 -1.9938951227e-01
1.4404842371e+00 7.6089628887e-01 -1.9938717029e-01
1.4404839586e+00 7.6089640030e-01 -1.9938672618e-01
1.4404843876e+00 7.6089511433e-01 -1.9938595468e-01
1.4404837042e+00 7.6089532611e-01 -1.9938567187e-01
-1.4182163690e+00 7.2709000114e-02 7.1001516870e-01
-1.4182172010e+00 7.2709220974e-02 7.1001339394e-01
-1.4182164468e+00 7.2707404485e-02 7.1001626059e-01
-1.4182170396e+00 7.2707863756e-02 7.1001456052e-01
-1.4182165656e+00 7.2709164988e-02 7.1001559947e-01
-1.4182171290e+00 7.2709368952e-02 7.1001387945e-01
-1.4182163957e+00 7.2707442765e-02 7.1001652919e-01
-1.4182171450e+00 7.2707842380e-02 7.1001483476e-01
-5.5879548786e-01 6.0201124632e-01 2.1805155655e-01
-5.5879544702e-01 6.0201177537e-01 2.1805198555e-01
-5.5879536580e-01 6.0201204615e-01 2.1805151227e-01
-5.5879551990e-01 6.0201227452e-01 2.1805167620e-01
-5.5879867784e-01 6.0200990648e-01 2.1805026028e-01
-5.5879876771e-01 6.0200999980e-01 2.1805081444e-01
-5.5879890862e-01 6.0201037186e-01 2.1805009384e-01
-5.5879877880e-01 6.0201067100e-01 2.1805032285e-01
-1.9832398920e-02 4.7082076512e-01 6.8604791666e-01
-1.9830538500e-02 4.7082054314e-01 6.8605943764e-01
-1.9828608873e-02 4.7081831437e-01 6.8604654725e-01
-1.9826928483e-02 4.7081807983e-01 6.8605821039e-01
-1.9832232126e-02 4.7082091905e-01 6.8604771024e-01
-1.9830350340e-02 4.7082061589e-01 6.8605947065e-01
-1.9828597217e-02 4.7081819024e-01 6.8604643823e-01
-1.9826826318e-02 4.7081821506e-01 6.8605826843e-01
3.6103954174e-01 6.8063630049e-01 -1.3530369317e+00
3.6103847387e-01 6.8063668930e-01 -1.3530288538e+00
3.6103980804e-01 6.8063736506e-01 -1.3530370303e+00
3.6103883273e-01 6.8063731082e-01 -1.3530288864e+00
3.6104261102e-01 6.8063690580e-01 -1.3530359173e+00
3.6104153993e-01 6.8063757724e-01 -1.3530275219e+00
3.6104297152e-01 6.8063735276e-01 -1.3530358353e+00
3.6104197649e-01 6.8063764419e-01 -1.3530274679e+00
5.0105453256e-01 -8.6441323618e-01 -1.5855316561e-01
5.0105501286e-01 -8.6441130421e-01 -1.5854499396e-01
5.0105323069e-01 -8.6440939278e-01 -1.5855279086e-01
5.0105367449e-01 -8.6440686825e-01 -1.5854435847e-01
5.0105499090e-01 -8.6441308150e-01 -1.5855311785e-01
5.0105527293e-01 -8.6441093999e-01 -1.5854463240e-01
5.0105339743e-01 -8.6440858036e-01 -1.5855277270e-01
5.0105371490e-01 -8.6440688595e-01 -1.5854443612e-01
-4.7220873228e-01 -1.2389127755e+00 9.9622986624e-02
-4.7220903853e-01 -1.2389138822e+00 9.9630496034e-02
-4.7220909167e-01 -1.2389132546e+00 9.9622272422e-02
-4.7220931330e-01 -1.2389145786e+00 9.9630352124e-02
-4.7220996926e-01 -1.2389128196e+00 9.9621828363e-02
-4.7220972170e-01 -1.2389137258e+00 9.9629850039e-02
-4.7221018491e-01 -1.2389133769e+00 9.9621347432e-02
-4.7221044800e-01 -1.2389146563e+00 9.9629715191e-02
2.5098990253e+00 4.2752759165e-01 -1.6148186509e-01
2.5099032480e+00 4.2752766990e-01 -1.6147405337e-01
2.5098965865e+00 4.2752654665e-01 -1.6148364486e-01
2.5099006185e+00 4.2752584266e-01 -1.6147627290e-01
2.5098876463e+00 4.2752788705e-01 -1.6148178636e-01
2.5098919336e+00 4.2752745813e-01 -1.6147390127e-01
2.5098852532e+00 4.2752637237e-01 -1.6148337132e-01
2.5098894486e+00 4.2752637811e-01 -1.6147611765e-01
-1.4567962809e+00 -1.3384426200e+00 -3.4504321173e-01
-1.4567976524e+00 -1.3384408077e+00 -3.4504656487e-01
-1.4567962624e+00 -1.3384465171e+00 -3.4504555432e-01
-1.4567978182e+00 -1.3384444976e+00 -3.4504940839e-01
-1.4567938667e+00 -1.3384412374e+00 -3.4504224744e-01
-1.4567954774e+00 -1.3384397968e+00 -3.4504592697e-01
-1.4567940448e+00 -1.3384449166e+00 -3.4504477722e-01
-1.4567955546e+00 -1.3384431637e+00 -3.4504861488e-01
2.4593363777e+00 8.1866613990e-01 4.7392649591e-02
2.4593322330e+00 8.1866307245e-01 4.7389395622e-02
2.4593371883e+00 8.1866564090e-01 4.7393196776e-02
2.4593330048e+00 8.1866268012e-01 4.7389564842e-02
2.4593382281e+00 8.1866559321e-01 4.7391341622e-02
2.4593338727e+00 8.1866268476e-01 4.7388481011e-02
2.4593391429e+00 8.1866534485e-01 4.7391889459e-02
2.4593343971e+00 8.1866194913e-01 4.7388610516e-02
-5.2982959967e-01 -3.3971389834e-01 6.7046381658e-01
-5.2982894641e-01 -3.3971430203e-01 6.7046407242e-01
-5.2983193084e-01 -3.3970819696e-01 6.7046615453e-01
-5.2983191994e-01 -3.3970819141e-01 6.7046649733e-01
-5.2982909975e-01 -3.3971492020e-01 6.7046441329e-01
-5.2982866911e-01 -3.3971455894e-01 6.7046446115e-01
-5.2983150302e-01 -3.3970828150e-01 6.7046647097e-01
-5.2983153549e-01 -3.3970818257e-01 6.7046635283e-01
-2.4933562103e-02 6.0320921793e-01 -1.3186775109e-01
-2.4935956649e-02 6.0321032301e-01 -1.3186448858e-01
-2.4933330227e-02 6.0321859178e-01 -1.3186838246e-01
-2.4935795906e-02 6.0321989032e-01 -1.3186492051e-01
-2.4930184579e-02 6.0320820302e-01 -1.3187080050e-01
-2.4933034544e-02 6.0320955330e-01 -1.3186742353e-01
-2.4930535931e-02 6.0321746498e-01 -1.3187145970e-01
-2.4932981311e-02 6.0321885169e-01 -1.3186828589e-01
1.8519643321e+00 -4.2884253908e-01 -1.4536455329e-01
1.8519640000e+00 -4.2884252341e-01 -1.4536404334e-01
1.8519642697e+00 -4.2884513741e-01 -1.4536338161e-01
1.8519641924e+00 -4.2884459041e-01 -1.4536260287e-01
1.8519638141e+00 -4.2884200952e-01 -1.4536345430e-01
1.8519639920e+00 -4.2884193955e-01 -1.4536296076e-01
1.8519637369e+00 -4.2884378139e-01 -1.4536251799e-01
1.8519638107e+00 -4.2884382352e-01 -1.4536199009e-01
-8.2127359864e-01 -8.1497001526e-02 -2.5191221275e+00
-8.2127508703e-01 -8.1498929905e-02 -2.5191173168e+00
-8.2127321743e-01 -8.1492962008e-02 -2.5191229934e+00
-8.2127474790e-01 -8.1495005293e-02 -2.5191178132e+00
-8.2127262734e-01 -8.1498197621e-02 -2.5191226300e+00
-8.2127371360e-01 -8.1500135061e-02 -2.5191174787e+00
-8.2127189818e-01 -8.1494478284e-02 -2.5191228142e+00
-8.2127332675e-01 -8.1496064597e-02 -2.5191178651e+00
-4.0891113443e-01 -3.7082583995e-01 1.5435123811e+00
-4.0891121497e-01 -3.7082592477e-01 1.5435134822e+00
-4.0891153768e-01 -3.7082608371e-01 1.5435127576e+00
-4.0891101579e-01 -3.7082682314e-01 1.5435138917e+00
-4.0891458408e-01 -3.7082402082e-01 1.5435151738e+00
-4.0891436172e-01 -3.7082470317e-01 1.5435160875e+00
-4.0891520980e-01 -3.7082449459e-01 1.5435156406e+00
-4.0891512705e-01 -3.7082466026e-01 1.5435164530e+00
-7.2402169950e-01 2.2863195194e+00 8.3420928788e-01
-7.2402211273e-01 2.2863199442e+00 8.3421111042e-01
-7.2402182307e-01 2.2863186112e+00 8.3420874102e-01
-7.2402242093e-01 2.2863191787e+00 8.3421057634e-01
-7.2402144786e-01 2.2863189927e+00 8.3420824433e-01
-7.2402187552e-01 2.2863194640e+00 8.3421030686e-01
-7.2402177892e-01 2.2863180089e+00 8.3420833395e-01
-7.2402201038e-01 2.2863184779e+00 8.3421032080e-01
5.4026844910e-01 7.8980270185e-01 2.5142663279e-01
5.4026811667e-01 7.8980244109e-01 2.5142699672e-01
5.4026731836e-01 7.8980018312e-01 2.5142538400e-01
5.4026618815e-01 7.8980022235e-01 2.5142584881e-01
5.4026977730e-01 7.8980243154e-01 2.5142683026e-01
5.4026939491e-01 7.8980220749e-01 2.5142744426e-01
5.4026820203e-01 7.8980040261e-01 2.5142547502e-01
5.4026746479e-01 7.8980013812e-01 2.5142575452e-01
-4.2726834965e-01 2.3189021629e+00 -4.4775856903e-01
-4.2726832703e-01 2.3188987950e+00 -4.4775582881e-01
-4.2726492715e-01 2.3189116725e+00 -4.4776036500e-01
-4.2726494784e-01 2.3189084008e+00 -4.4775794503e-01
-4.2726810572e-01 2.3189018747e+00 -4.4775911150e-01
-4.2726776772e-01 2.3188987123e+00 -4.4775631100e-01
-4.2726466419e-01 2.3189119345e+00 -4.4776089086e-01
-4.2726437334e-01 2.3189083373e+00 -4.4775879494e-01
-2.9110387533e-03 -5.4292221291e-01 -4.1263030311e-01
-2.9110926411e-03 -5.4292227721e-01 -4.1263107974e-01
-2.9089749632e-03 -5.4292446558e-01 -4.1263251669e-01
-2.9088169721e-03 -5.4292432969e-01 -4.1263289651e-01
-2.9192221486e-03 -5.4292271716e-01 -4.1262970541e-01
-2.9198409273e-03 -5.4292260891e-01 -4.1263044047e-01
-2.9175331127e-03 -5.4292492676e-01 -4.1263137873e-01
-2.9176819821e-03 -5.4292533285e-01 -4.1263236367e-01
-3.5276112680e-01 5.0024351992e-01 1.5074510053e+00
-3.5276289132e-01 5.0024179749e-01 1.5074473368e+00
-3.5275990911e-01 5.0024944173e-01 1.5074525772e+00
-3.5276184424e-01 5.0024759615e-01 1.5074492193e+00
-3.5275812136e-01 5.0024535487e-01 1.5074530392e+00
-3.5275951424e-01 5.0024400650e-01 1.5074497476e+00
-3.5275684091e-01 5.0025114407e-01 1.5074550576e+00
-3.5275849800e-01 5.0024972692e-01 1.5074513746e+00
1.2062096365e+00 -1.2665918057e+00 8.5957445299e-01
1.2062094024e+00 -1.2665926684e+00 8.5957341358e-01
1.2062094045e+00 -1.2665923588e+00 8.5957379803e-01
1.2062089715e+00 -1.2665930361e+00 8.5957294293e-01
1.2062138556e+00 -1.2665906869e+00 8.5957551389e-01
1.2062130732e+00 -1.2665915294e+00 8.5957442805e-01
1.2062129316e+00 -1.2665906875e+00 8.5957489928e-01
1.2062124121e+00 -1.2665919705e+00 8.5957359980e-01
1.0050777177e-01 -8.2176225905e-02 3.2459862836e-01
1.0051028844e-01 -8.2177458324e-02 3.2459834252e-01
1.0050631897e-01 -8.2177481538e-02 3.2459675722e-01
1.0050840142e-01 -8.2178106887e-02 3.2459698787e-01
1.0051347873e-01 -8.2178627795e-02 3.2459670891e-01
1.0051570287e-01 -8.2179697081e-02 3.2459648209e-01
1.0051128058e-01 -8.2179657100e-02 3.2459467390e-01
1.0051359827e-01 -8.2180823167e-02 3.2459457337e-01
-3.9370267320e-02 8.1575674303e-01 -5.4376022596e-02
-3.9370085184e-02 8.1575773992e-01 -5.4374205087e-02
-3.9368713506e-02 8.1576631824e-01 -5.4378747355e-02
-3.9369053710e-02 8.1576735516e-01 -5.4376941668e-02
-3.9368918687e-02 8.1575693463e-01 -5.4376779241e-02
-3.9368766188e-02 8.1575778486e-01 -5.4374746985e-02
-3.9367172092e-02 8.1576612531e-01 -5.4379486709e-02
-3.9367643497e-02 8.1576699847e-01 -5.4377229992e-02
-6.9345087380e-01 -4.2462160604e-01 -1.0995225988e+00
-6.9345163858e-01 -4.2462396211e-01 -1.0995198164e+00
-6.9344879686e-01 -4.2461316727e-01 -1.0995222977e+00
-6.9344942617e-01 -4.2461538377e-01 -1.0995195470e+00
-6.9344441821e-01 -4.2461835785e-01 -1.0995190220e+00
-6.9344567718e-01 -4.2462092318e-01 -1.0995162892e+00
-6.9344259458e-01 -4.2460966417e-01 -1.0995187607e+00
-6.9344332545e-01 -4.2461191338e-01 -1.0995159221e+00
7.9373912706e-01 -1.0046599561e+00 -1.5018930009e+00
7.9373482711e-01 -1.0046575812e+00 -1.5018902613e+00
7.9373747245e-01 -1.0046548827e+00 -1.5018888704e+00
7.9373378116e-01 -1.0046522135e+00 -1.5018867355e+00
7.9372910072e-01 -1.0046578550e+00 -1.5018906018e+00
7.9372487186e-01 -1.0046555630e+00 -1.5018884005e+00
7.9372734535e-01 -1.0046529516e+00 -1.5018866352e+00
7.9372313488e-01 -1.0046504221e+00 -1.5018844731e+00
7.2018614381e-01 2.1830146788e-01 1.6585759990e+00
7.2018656596e-01 2.1830142994e-01 1.6585754057e+00
7.2018675271e-01 2.1830101994e-01 1.6585761523e+00
7.2018693135e-01 2.1830117677e-01 1.6585753427e+00
7.2018829139e-01 2.1830128294e-01 1.6585738720e+00
7.2018853311e-01 2.1830091788e-01 1.6585736356e+00
7.2018871210e-01 2.1830052433e-01 1.6585745015e+00
7.2018907883e-01 2.1830065553e-01 1.6585738075e+00
8.7852110950e-01 -4.6683533873e-01 9.2429140612e-01
8.7852075828e-01 -4.6683379665e-01 9.2428974765e-01
8.7852125658e-01 -4.6683659949e-01 9.2429187348e-01
8.7852098928e-01 -4.6683533913e-01 9.2429026106e-01
8.7851262041e-01 -4.6683344911e-01 9.2429308356e-01
8.7851280297e-01 -4.6683216125e-01 9.2429135936e-01
8.7851305793e-01 -4.6683544786e-01 9.2429364123e-01
8.7851296712e-01 -4.6683341965e-01 9.2429185355e-01
-8.5036290952e-01 1.0677537974e+00 1.2044608046e+00
-8.5036176506e-01 1.0677564954e+00 1.2044576173e+00
-8.5036374499e-01 1.0677549317e+00 1.2044608114e+00
-8.5036262593e-01 1.0677582019e+00 1.2044574961e+00
-8.5036632038e-01 1.0677529835e+00 1.2044609892e+00
-8.5036515352e-01 1.0677559699e+00 1.2044577768e+00
-8.5036701958e-01 1.0677545181e+00 1.2044607029e+00
-8.5036622585e-01 1.0677575879e+00 1.2044574531e+00
-1.4253565419e-01 -1.3897459379e+00 -8.2995516534e-01
-1.4253557129e-01 -1.3897460315e+00 -8.2995428425e-01
-1.4253274076e-01 -1.3897486793e+00 -8.2995764080e-01
-1.4253238752e-01 -1.3897490409e+00 -8.2995676331e-01
-1.4253496930e-01 -1.3897472022e+00 -8.2995467614e-01
-1.4253431076e-01 -1.3897468634e+00 -8.2995386493e-01
-1.4253173695e-01 -1.3897494508e+00 -8.2995708393e-01
-1.4253107323e-01 -1.3897494656e+00 -8.2995641149e-01
-6.4228460110e-01 4.3107345340e-01 -5.1532204657e-01
-6.4228474358e-01 4.3107313053e-01 -5.1532087065e-01
-6.4228472679e-01 4.3106798426e-01 -5.1531863566e-01
-6.4228516574e-01 4.3106763438e-01 -5.1531759524e-01
-6.4228357995e-01 4.3107300495e-01 -5.1532170077e-01
-6.4228371469e-01 4.3107274348e-01 -5.1532043207e-01
-6.4228367485e-01 4.3106789935e-01 -5.1531857543e-01
-6.4228383192e-01 4.3106762251e-01 -5.1531709512e-01
-9.5679171553e-01 2.1286578272e-01 -2.6674810983e-01
-9.5679209308e-01 2.1286572723e-01 -2.6674837692e-01
-9.5679263520e-01 2.1286589269e-01 -2.6674815667e-01
-9.5679266191e-01 2.1286588956e-01 -2.6674810645e-01
-9.5678767725e-01 2.1286702853e-01 -2.6674653837e-01
-9.5678776892e-01 2.1286735021e-01 -2.6674651276e-01
-9.5678836352e-01 2.1286751859e-01 -2.6674669481e-01
-9.5678856368e-01 2.1286749220e-01 -2.6674657246e-01
-3.3786122702e-01 -1.5221103577e-01 1.1699449842e-01
-3.3786139394e-01 -1.5221111364e-01 1.1699492430e-01
-3.3786269043e-01 -1.5220201413e-01 1.1699220559e-01
-3.3786317438e-01 -1.5220181852e-01 1.1699256019e-01
-3.3785964029e-01 -1.5221102473e-01 1.1699497711e-01
-3.3785998006e-01 -1.5221120476e-01 1.1699545040e-01
-3.3786112532e-01 -1.5220195425e-01 1.1699304759e-01
-3.3786114796e-01 -1.5220183673e-01 1.1699318144e-01
-1.7837684542e+00 1.2174426185e+00 1.2380874825e+00
-1.7837687545e+00 1.2174427020e+00 1.2380869372e+00
-1.7837711538e+00 1.2174493829e+00 1.2380918864e+00
-1.7837709894e+00 1.2174490296e+00 1.2380920214e+00
-1.7837684210e+00 1.2174416318e+00 1.2380878541e+00
-1.7837682401e+00 1.2174416260e+00 1.2380879292e+00
-1.7837705485e+00 1.2174485702e+00 1.2380928470e+00
-1.7837703801e+00 1.2174486158e+00 1.2380929888e+00
-2.2464056823e-01 2.3120057850e-01 6.4753183090e-01
-2.2463799918e-01 2.3120063130e-01 6.4752895084e-01
-2.2463984169e-01 2.3120076349e-01 6.4753193170e-01
-2.2463757753e-01 2.3120107711e-01 6.4752936205e-01
-2.2464994643e-01 2.3120065778e-01 6.4753077433e-01
-2.2464729414e-01 2.3120074898e-01 6.4752791187e-01
-2.2464949347e-01 2.3120099189e-01 6.4753137064e-01
-2.2464681847e-01 2.3120082330e-01 6.4752816174e-01
3.7759732166e-01 8.0362560198e-01 2.9480659647e-01
3.7759753125e-01 8.0362470359e-01 2.9480602135e-01
3.7759723264e-01 8.0362616072e-01 2.9480648420e-01
3.7759729126e-01 8.0362491789e-01 2.9480597022e-01
3.7759869708e-01 8.0362571087e-01 2.9480598996e-01
3.7759901105e-01 8.0362491099e-01 2.9480577622e-01
3.7759877977e-01 8.0362607012e-01 2.9480567296e-01
3.7759876283e-01 8.0362520570e-01 2.9480530793e-01
-3.8608526251e-01 -1.1511796403e+00 2.8334084579e-01
-3.8608744458e-01 -1.1511809725e+00 2.8333785922e-01
-3.8608614305e-01 -1.1511706797e+00 2.8334057900e-01
-3.8608854262e-01 -1.1511719768e+00 2.8333799718e-01
-3.8608371490e-01 -1.1511799199e+00 2.8334209924e-01
-3.8608601218e-01 -1.1511813562e+00 2.8333887015e-01
-3.8608460076e-01 -1.1511706951e+00 2.8334182819e-01
-3.8608717785e-01 -1.1511723084e+00 2.8333878993e-01
-1.0441019556e+00 -8.2375890638e-01 5.3911456657e-01
-1.0441021156e+00 -8.2375905402e-01 5.3911464503e-01
-1.0441019129e+00 -8.2376269386e-01 5.3911649510e-01
-1.0441018142e+00 -8.2376234817e-01 5.3911667462e-01
-1.0440971141e+00 -8.2376248869e-01 5.3911001389e-01
-1.0440969137e+00 -8.2376255255e-01 5.3910973130e-01
-1.0440970451e+00 -8.2376618079e-01 5.3911204261e-01
-1.0440968401e+00 -8.2376606379e-01 5.3911185997e-01
-7.0772031055e-01 9.7681959336e-02 2.2125158140e-01
-7.0772066090e-01 9.7681027925e-02 2.2125077156e-01
-7.0771713231e-01 9.7676003211e-02 2.2125195063e-01
-7.0771755196e-01 9.7674756188e-02 2.2125076322e-01
-7.0772916941e-01 9.7684356383e-02 2.2125264297e-01
-7.0772983061e-01 9.7683389271e-02 2.2125162659e-01
-7.0772645624e-01 9.7678158529e-02 2.2125252850e-01
-7.0772673560e-01 9.7677189909e-02 2.2125188251e-01
8.5182954109e-02 6.5383943621e-01 -8.7392300956e-01
8.5182713744e-02 6.5383963880e-01 -8.7392352643e-01
8.5183351270e-02 6.5384436693e-01 -8.7392261744e-01
8.5183029844e-02 6.5384448595e-01 -8.7392311397e-01
8.5182723079e-02 6.5383916683e-01 -8.7392300002e-01
8.5182736327e-02 6.5383953100e-01 -8.7392329020e-01
8.5183457862e-02 6.5384433797e-01 -8.7392281343e-01
8.5183387061e-02 6.5384462233e-01 -8.7392285843e-01
-6.3435702285e-01 1.0652904791e+00 -6.6443533653e-01
-6.3435745293e-01 1.0652903938e+00 -6.6443559878e-01
-6.3435730065e-01 1.0652933242e+00 -6.6443357897e-01
-6.3435732531e-01 1.0652933192e+00 -6.6443343180e-01
-6.3435529764e-01 1.0652906585e+00 -6.6443532446e-01
-6.3435570320e-01 1.0652905180e+00 -6.6443553365e-01
-6.3435535727e-01 1.0652934761e+00 -6.6443346171e-01
-6.3435585714e-01 1.0652937417e+00 -6.6443351606e-01
1.4000017705e+00 1.0042845853e+00 3.1279305583e-01
1.4000015886e+00 1.0042845684e+00 3.1279260548e-01
1.4000039431e+00 1.0042913215e+00 3.1279464883e-01
1.4000035698e+00 1.0042910950e+00 3.1279435284e-01
1.4000019010e+00 1.0042846105e+00 3.1279299345e-01
1.4000016452e+00 1.0042843989e+00 3.1279296026e-01
1.4000038534e+00 1.0042910509e+00 3.1279491290e-01
1.4000035862e+00 1.0042908658e+00 3.1279457316e-01
-8.4029528511e-01 -1.1268215049e+00 2.3793629885e-01
-8.4029521650e-01 -1.1268214433e+00 2.3793647443e-01
-8.4029712816e-01 -1.1268114726e+00 2.3793437863e-01
-8.4029758701e-01 -1.1268111939e+00 2.3793432667e-01
-8.4029510337e-01 -1.1268215985e+00 2.3793647926e-01
-8.4029530331e-01 -1.1268213834e+00 2.3793672090e-01
-8.4029749390e-01 -1.1268114766e+00 2.3793425695e-01
-8.4029746526e-01 -1.1268111684e+00 2.3793480243e-01
-5.9922286550e-01 -2.4600159274e-01 3.5352361706e-01
-5.9922289936e-01 -2.4599989992e-01 3.5352179849e-01
-5.9922360765e-01 -2.4600153230e-01 3.5352377715e-01
-5.9922320000e-01 -2.4600016307e-01 3.5352217626e-01
-5.9922003981e-01 -2.4600301228e-01 3.5352302296e-01
-5.9921975948e-01 -2.4600173190e-01 3.5352142438e-01
-5.9922055051e-01 -2.4600300162e-01 3.5352316067e-01
-5.9922019273e-01 -2.4600180661e-01 3.5352149058e-01
-4.0528332277e-01 -5.3854868571e-01 9.8874901338e-01
-4.0528239157e-01 -5.3854793301e-01 9.8875601646e-01
-4.0528350962e-01 -5.3854823608e-01 9.8874972447e-01
-4.0528237968e-01 -5.3854776697e-01 9.8875662013e-01
-4.0528009820e-01 -5.3855064646e-01 9.8874621390e-01
-4.0527919788e-01 -5.3854991934e-01 9.8875351234e-01
-4.0528055925e-01 -5.3855038369e-01 9.8874675544e-01
-4.0527923680e-01 -5.3854971420e-01 9.8875387105e-01
-5.8396681430e-01 -1.9126210032e-01 -1.1962726819e-01
-5.8396704027e-01 -1.9126244412e-01 -1.1962914180e-01
-5.8396505022e-01 -1.9125512459e-01 -1.1962715445e-01
-5.8396520560e-01 -1.9125513162e-01 -1.1962889776e-01
-5.8396295338e-01 -1.9126107772e-01 -1.1962536617e-01
-5.8396347831e-01 -1.9126120457e-01 -1.1962747008e-01
-5.8396161350e-01 -1.9125397101e-01 -1.1962581262e-01
-5.8396154999e-01 -1.9125422068e-01 -1.1962763746e-01
-3.4912478516e-01 1.8343522485e+00 3.2511850298e-01
-3.4912555891e-01 1.8343527791e+00 3.2511719167e-01
-3.4912537341e-01 1.8343559988e+00 3.2511742325e-01
-3.4912574259e-01 1.8343558949e+00 3.2511657457e-01
-3.4912391436e-01 1.8343532900e+00 3.2511912245e-01
-3.4912461773e-01 1.8343535823e+00 3.2511801564e-01
-3.4912434616e-01 1.8343568885e+00 3.2511811855e-01
-3.4912513630e-01 1.8343568749e+00 3.2511745033e-01
