0.93434887 0.42618668 -1.05702333
-0.44121558 -1.13880483 0.69248389
-0.75996525 -0.54236641 -0.83733351
-0.42656220 -3.66315433 0.01285068
0.97968678 -0.81050882 0.19282842
-1.00761394 -1.33583250 -1.35752623
0.19691282 1.09155978 -2.25551767
-1.80644771 0.39619947 -0.04210422
3.19933094 -0.09614230 -0.58343767
0.13911156 -1.27031731 -0.36239604
-1.06864231 -0.33553841 -0.26489349
0.98801870 -0.03245001 -3.16611559
0.88907411 0.05887588 -0.01109853
-0.73354405 0.48341622 -1.07914446
0.73179117 -0.71019134 -0.29070304
0.41681264 0.98011598 -0.02594440
-0.41485862 -0.11399160 0.82947674
0.70608075 -1.05343865 -0.06386804
-1.16996708 1.10638909 0.28009695
-1.42270230 -0.20796379 1.74676409
1.46978800 -2.17946679 -1.59341280
0.23674141 0.33570827 -0.40982659
-0.17703148 -0.22842506 1.08891307
-1.68938048 -0.13612121 -0.60843416
-1.12959562 0.32689472 2.18695991
0.81778749 -1.80078853 -0.06927816
0.70101924 0.12094164 0.40421949
-0.95142203 -1.11606861 -0.77865624
-0.50046118 1.65408537 1.23048643
-0.54617911 0.57183682 -0.47091950
0.66594772 2.11637508 0.16153396
-0.10426949 1.02646894 -0.63400657
1.97915557 0.00965581 0.56115614
-0.83514612 -0.08389309 -1.41206069
-0.15356111 1.73456492 1.42299722
-0.81086799 -0.39092182 0.69927407
0.72111360 -0.19162777 1.59262172
0.14977111 1.48709258 -0.72191332
0.20065536 -1.74900972 -0.31529201
0.11440848 2.04279282 -0.01133270
0.63996846 -0.36845386 -0.44832525
0.58180017 -0.69407070 1.04989343
-2.45072110 1.04982355 0.06524825
-0.16018864 -0.56405223 1.18839823
-1.91640142 -1.02764964 1.54917122
-1.69046353 -1.06327926 -0.26295302
-0.22974650 -0.78312384 1.70606879
-0.35919514 2.40261006 -1.36960479
1.03493009 -0.04420238 -0.04666572
-0.08770546 -0.34749294 0.33561158
-0.08555482 0.89081127 -0.85455060
0.29883885 0.85850719 0.81878238
-1.25636220 -0.71486769 0.34955477
1.46124264 1.86292442 0.67066230
0.43675514 -0.08298591 0.31565676
0.62842302 -0.29841734 -0.51719505
0.15015503 -0.32539501 -0.05364762
-0.61091610 0.30669893 -0.72616714
0.20715842 0.48479478 0.51600228
-0.50977562 0.30862469 0.50494003
-0.73334789 0.28829074 0.14797263
-0.37141932 0.67781425 -0.35830440
0.15865900 -0.71335261 -0.10555808
-0.64990764 0.07891032 0.42506939
2.00447881 -0.14527163 -0.34853737
-0.82975311 0.62074952 -0.04005514
0.37154046 0.66154223 0.16742683
0.09324617 -0.74447806 0.01978908
0.37286974 0.56723454 -0.15703459
-0.04476488 0.07839911 -0.40729411
1.68705124 0.37911094 -0.22809946
-0.41676390 -0.09397929 0.03248714
-0.91004147 0.83728540 0.34079000
-0.55363674 0.06150190 -0.30729907
0.65948460 0.13689209 0.53829501
0.52314303 -0.04828128 -0.46961595
0.03565203 0.39871705 -0.96614774
0.62089812 0.10022571 -0.19997115
0.13197869 -0.27410938 0.16716410
0.92331251 -0.02988818 1.19141556
0.37834328 0.53264870 0.66677319
-1.29243162 -1.00842146 -2.24005784
0.17920825 -1.57496765 -0.20833787
-1.09231054 0.61298181 0.83327454
1.30662318 -1.01952610 4.06776059
-1.20148168 1.65488187 -1.67119461
1.10656530 0.04124115 -1.66442635
0.40953489 -0.42799936 -1.89281336
0.54642755 0.70756810 0.22534711
-0.00483636 4.01090587 0.09425864
-0.64726911 -1.42504238 1.75433766
-1.59406285 2.37858254 0.49285775
1.69415936 -0.25859327 2.32673043
0.36771513 -0.23576273 0.08758018
-0.63599022 0.70946278 -0.48255456
-0.46024200 -0.54614450 1.98938092
-0.04500923 -2.17415958 0.05166123
2.82139912 -2.25943414 -0.63020286
0.40556703 0.43081983 -2.51013008
-0.65080309 3.28149986 -2.10993556
2.65993524 -2.52416982 1.69267237
-0.05987440 -0.97024063 1.22640228
-0.08540728 -0.29536879 -0.20663530
1.00788527 -1.79165904 -0.83295685
-1.50456855 -0.34748455 1.46619029
0.05609574 0.30467405 -0.01652740
-0.86713029 0.88753351 -0.75873308
-2.04108553 -0.16408066 -0.66451882
