0.84169634 1.09741383 2.65946367
1.17278008 -2.11979057 0.97358434
-1.45400266 0.69003719 -0.53385324
-0.72569762 0.06392966 -0.68750341
0.72420204 -0.23788216 -1.65394696
0.18765444 0.83309359 -1.44752841
-0.82060957 0.78818451 1.45252690
-0.72786113 1.03934383 -0.46082078
-0.48908112 -1.72261749 -0.87765903
0.61208613 0.86701310 -0.99821897
-0.99883639 -1.24328495 0.48960940
1.32903457 -1.34589629 -0.54655664
0.66398329 -0.09652984 -1.69202883
-0.73082956 -0.27606336 -1.02279978
0.77323067 0.31428758 0.27465465
-0.45808113 -1.32886503 1.35381941
0.08688930 0.62969476 1.68222624
1.77071053 -1.72314705 -1.98805906
1.20848568 1.01557867 -1.36584760
0.17677089 0.79866086 -0.60404708
1.56229840 2.03843004 -0.48259083
0.35585231 0.51889670 1.49492427
-1.25776002 -0.38711080 1.51358709
1.91778982 0.82472458 0.79702696
-3.43099951 1.11671844 0.96449460
1.54031929 0.30558976 -0.63390033
1.14456642 -1.07235223 -0.25340647
1.21800452 0.84106839 1.92176661
-0.51133787 0.24019577 -0.40608648
-0.12460431 -1.41102336 0.26890314
1.52802509 -1.92487897 -1.32804299
-0.56068088 0.87536048 -0.37564982
3.67544213 -0.69199790 -1.34277824
0.66036673 2.22922632 0.58081963
-0.10191552 0.88011993 -0.65946901
0.59193326 0.62821065 0.24549150
-0.77909834 0.85005821 0.45230727
-2.65465332 -0.22911276 0.88143719
1.81419601 0.99734225 -1.51034526
4.45289194 -2.84196401 -0.91189675
0.91244981 0.40138097 -0.07884154
0.32179909 1.77382660 1.18627648
2.21801629 -0.14401438 0.90861853
-0.18182117 -0.45179960 -1.69382619
0.83269673 0.89397807 0.27831244
2.24267709 -0.68605660 -1.30508720
0.84626984 -0.76058871 1.10477313
-2.03623387 0.35242809 -1.66945511
0.10801180 -0.81286800 -1.00033678
1.17093332 -1.41415729 -1.48306491
-0.09061459 -1.39192773 1.07854971
-0.14165431 -0.17126160 0.69996700
-0.87740949 0.57510034 0.11355721
-1.01028429 -0.53582754 -0.91549447
-0.12464584 0.17434511 -0.36410820
-0.70551764 -0.13061633 -0.14005895
0.54695148 0.77816140 0.00512548
-0.78558607 -0.87368801 0.37864508
0.34898123 -0.00762860 -0.37479276
-0.44016092 -0.25831018 -0.44814792
-0.29352672 -0.03114136 0.17051658
-0.33989474 -0.48572309 -0.13436705
-0.65522408 0.09576422 -0.04523261
-0.48684759 -0.22759592 -0.48713744
0.19639724 1.78319237 -0.75014218
-1.06601061 -0.34344376 0.37891437
-1.08393247 -0.88295167 -0.33982146
0.50952242 0.51961999 0.16913738
0.23282844 0.33236479 1.61628958
-1.89866132 0.37647912 0.98340970
-0.08269145 -0.21400686 -0.50537982
0.57376211 0.17623704 0.34639942
-1.03719700 -0.17304411 0.25472072
0.19096705 0.80510077 0.30017094
0.27191262 -0.23705529 -0.03998745
-0.21393973 -0.50775677 0.34214787
-0.52285899 -0.06098061 -0.13214301
-0.14995539 -0.00787670 -0.52310522
-0.97398532 0.26191624 0.18851961
1.08930380 -1.35177877 -1.93448430
0.60368541 -0.87306391 0.60457934
1.20363505 -1.51262774 2.61408379
1.46853566 -2.02492598 -0.62331217
-3.79024847 1.07629350 1.31063447
-3.51328787 1.34069738 -0.81481882
0.65966252 1.22347989 1.47722347
-1.50084622 0.27767353 0.85828616
5.70450449 -0.91668220 -2.69719730
-1.90175842 0.05432571 0.74301249
-0.83348446 -3.52535215 1.54945744
-2.60623962 1.07094918 -0.17929880
-1.21719296 0.13232752 -0.80179366
2.55533783 -0.85376742 -0.48020857
-3.42135449 1.49004578 1.15844007
1.25361926 0.34483646 -0.46745573
0.68050929 0.41257374 1.38568267
0.50515262 0.47845153 -0.35115460
-0.66867598 -0.87327893 -0.82961814
-3.11192111 -0.08173781 0.34420016
-2.79606874 -3.30960247 0.72911771
-1.00909999 1.09415503 -0.13893994
-0.75911602 2.22697741 0.31329115
-3.99808493 0.03313366 1.50091345
1.55110448 0.97727281 -0.24677877
-2.10434412 2.16938232 0.04970650
0.91696279 1.73085066 -0.68020563
2.83361544 -1.35157676 -1.07876101
1.69741090 0.22073130 2.38827071
