-0.80953977 0.79506325 -1.33846480
-0.13465860 1.19467993 -2.32557184
-0.19429862 -0.40276990 0.36009304
1.24940205 -0.07021812 2.21057414
0.56624570 -0.00994325 0.48649125
0.61207893 -0.48240866 0.13901155
0.32826913 -0.26852197 -0.65942668
-0.90538068 0.72195770 1.78532908
0.42692183 0.82264314 1.45759906
0.75204535 2.25194435 1.40569906
0.58832707 0.49713281 -0.15198698
-3.25837257 -0.72834320 0.49492859
-1.62240383 0.99523533 0.55663833
-1.21834242 -0.98850643 1.22320197
1.48073212 -1.84891914 0.54911667
-0.04341632 -0.29652765 -2.27343527
0.37016515 -1.78023417 0.02769759
0.63676266 1.39148766 2.16523964
-0.28168800 0.11269010 1.87742383
-1.11691195 1.00082214 1.99730438
1.34371064 1.08466066 -1.90218391
-2.20201901 -0.34412829 0.47426997
1.04638297 0.37831495 -0.32741739
-1.15008287 0.51537616 0.21033860
1.17030219 0.12188554 0.46031535
-1.75555663 -0.23281475 0.09257520
0.17051843 1.93779766 -1.98110286
0.27552110 -1.51520646 -0.73746636
-0.52526235 1.04323509 0.17146404
0.09744739 -1.30051178 0.25905842
1.04684397 0.64635127 0.68296620
0.05582994 -0.88421017 -0.15597299
-0.36095064 1.35735790 -0.69197246
-0.45617513 0.21758726 -1.13581163
-1.24483933 -0.53657941 0.89775162
-1.53052133 0.35622415 -0.95822472
0.77552266 -0.32868506 -1.06279063
-1.21541057 -1.01372221 2.15725413
1.34167880 -0.74150197 -0.24722395
-1.64029899 0.91026033 -1.06160067
1.13936770 -1.35687155 -0.78907820
-0.61535122 -0.25289071 0.36746487
-3.42594002 1.61439334 2.03190940
-1.65397723 -0.23792214 1.88509011
-0.02067034 2.03725411 -0.49277899
0.65087198 -0.12167933 -1.55642109
0.44273114 0.56590998 -0.94346623
1.02969778 -1.12067836 2.22720815
0.44707597 -0.26559641 0.37743928
-0.55436571 0.81114833 -0.34564884
-1.45750163 -0.99055418 0.55527457
-2.03307046 0.16303233 -1.54504173
0.04451442 0.02936929 0.50295952
1.60476163 -0.93812007 0.39292880
-0.48368172 -0.54518364 -0.46573611
-0.36956568 -0.19346674 -0.11530788
-0.45812900 0.46334971 0.08387770
-0.19151610 -0.78741890 0.72506780
-0.21443776 0.04067943 -0.45168889
0.45517923 -0.27470312 -0.44084917
0.02891868 -0.25105314 0.33638594
-0.23215722 -0.60567854 -0.82957936
0.54174263 0.43779223 -0.76720572
0.60852914 0.75588946 0.43075291
-0.77896062 -0.60138845 -0.28914350
0.31973471 -0.38192523 0.14274656
0.06688761 -0.57873822 -0.30192807
0.53901520 0.57371051 -0.29809665
0.44195139 -0.96336155 -0.63551946
-0.08168258 -0.09943911 0.06276559
-0.64591557 -1.29234273 0.83934872
0.08697906 0.32353607 -0.47337540
0.40766037 0.03308546 0.34654686
-0.27431252 -0.30613288 -0.66308868
-0.71625557 0.26472387 -1.02528697
1.38258478 -0.42188567 -0.01833010
1.15984621 0.56577435 2.09297079
-0.31054070 -0.09403994 0.27040016
-0.03283744 -0.23137769 0.53202374
-1.17434061 0.15944568 -1.13388384
-1.52355654 0.09692917 -1.25608688
-0.40421149 -2.30822680 0.61344905
2.97600148 -0.29328367 -1.99140226
-1.81352133 -0.43108378 3.64807105
2.22742520 -1.02406971 -0.98645434
-0.70323600 -0.25099260 0.11791950
0.72857466 -0.48856115 -1.15014162
0.03999844 0.41074921 -1.86772597
2.09707982 -1.06978106 -0.80243411
1.21621654 -1.18301588 0.11061545
1.66024071 0.23433220 2.42126800
0.86905143 -0.79991444 -0.80266243
-1.30499410 1.43020641 -0.04951962
-1.35269119 2.71215599 -0.64776652
-0.32162392 0.52619108 0.70072836
-0.11869349 3.08614538 -1.77363344
-0.26162213 0.92195086 -1.54475452
2.34807702 0.63017350 -1.04843900
1.03490716 1.46596741 2.83025407
0.47219029 -2.56365263 1.31824124
1.49389203 0.28428685 -2.90652049
0.91299591 0.97548636 0.00969801
1.32995057 -0.16327859 -0.36289627
0.51569387 0.57621313 1.23947749
-1.56605224 0.23277481 -1.50789744
0.71413453 -2.14250108 2.41753685
-2.38748164 1.50640404 -2.38393502
2.77983604 -2.87720564 -0.09838431
