-0.24421811 -0.38707564 1.12682924
0.73255651 -2.10276892 1.32900128
0.88272942 -1.41939641 -0.54995798
0.29944302 0.92199603 -0.24208918
0.35421447 0.00246123 -0.86731053
-0.70868096 0.17151568 -0.37228292
-1.05996684 -0.09526206 -0.67018509
0.15812972 0.34721157 -1.86896025
-0.75816202 -0.62407836 -1.64644290
1.73694930 0.47174756 0.93705774
-0.87918394 0.23988389 1.22618834
0.74339532 0.22059384 0.37263846
-0.82652456 -0.65261987 -0.16650099
-0.74748629 -1.32231237 -0.44224637
-0.24399596 1.47824029 -0.50987994
1.22550573 -1.01742418 0.39109823
-0.60358169 0.06384368 -0.62707138
-2.63393792 1.49905313 -0.13953241
2.14933734 -0.10072439 -0.09264638
-1.94150799 0.38709514 -0.48211641
-2.33794269 1.57267971 1.60925725
-1.90536987 0.91031258 0.08580309
0.74856740 0.51042280 1.47328722
1.21036590 -0.12595994 0.42266408
-1.41728491 2.09917826 -2.99545444
-0.07995024 0.11481913 -1.58507571
-0.85533268 -0.67639204 0.70319068
0.11359107 2.52562489 1.34072149
0.91178466 -0.38384536 -1.14677602
-0.13499559 0.06979933 1.74600745
0.49635025 -0.97445324 -0.68712480
-0.73999921 -0.21481300 -0.92009567
-0.76100347 1.22104796 0.53194970
-1.22692374 0.39806136 1.13993576
-0.48341553 0.52625684 -0.23299193
0.53442686 2.11334369 -0.05982433
-0.96199447 0.76082953 0.00188088
-1.12272139 -0.55958810 0.37817891
2.36004842 1.06448126 -0.05005227
-2.22291412 -0.27394487 1.17342623
0.47629080 0.05975816 0.05851633
-0.86348016 0.56775445 0.39632975
2.02246040 2.38258643 0.39137107
-0.70837007 2.30002382 -0.19397418
-1.20019497 -1.27271998 0.51073285
-0.73129176 -0.89609846 -0.07105294
-1.22460821 0.39688191 0.11753456
2.20368836 1.91450541 -1.09994085
0.38547327 -1.27646878 -0.90556679
-0.27171667 -1.59197407 1.99480032
-1.21958055 -0.31386073 -0.58566999
-0.56803663 0.27861407 -0.20235221
-1.70589033 0.64133796 -0.19261366
-0.47800660 1.54207095 -1.49298935
-0.26153707 0.75860920 0.47536514
-0.47607045 0.66655776 0.65671593
0.60297691 -0.27603495 0.02282639
-0.33786069 0.31422443 0.03023841
0.65306513 -0.48668523 -0.13324445
0.32866349 -0.08868769 0.30891802
0.54225852 0.14243742 0.21547839
-0.63701586 0.85987889 0.47397281
-0.61643560 -0.03644924 0.26085545
-0.49189630 -1.37619999 -0.48718364
-1.20967684 0.64208636 0.25958839
0.58361198 0.13548215 -0.72423029
0.16608571 -0.03694009 0.06667483
-0.04934950 -0.88220393 0.12478235
-0.64786399 0.93419819 -0.48378115
0.58069956 -0.36722684 0.17365571
-0.96598998 0.89464771 0.03968976
-1.18361085 -0.42790533 0.01840194
-0.21391064 0.14874843 -0.71470000
-0.12595509 0.25229729 0.87257286
0.36854560 -0.03766565 0.25722143
0.08604923 -0.26360845 -0.33184410
-1.01690878 -1.06836656 -1.09591724
0.50598741 0.08761939 -0.28674467
-0.40074460 -0.04125334 0.24260290
2.26553532 -0.98048038 0.02279763
0.19388842 0.19189058 0.31581696
0.51779131 2.14210123 0.34244279
1.37692651 0.30868057 -0.72158218
0.69729203 -0.68850160 -1.30779490
3.27600753 -1.16560722 -0.49975250
-0.99410528 2.41428611 -1.60078221
-1.01906804 0.18458840 1.91515115
1.40352082 -2.46417537 0.64894365
1.15455276 -2.18182036 2.36677211
3.00507899 1.00922602 -0.82666407
-1.17249594 0.69792792 -2.45104628
0.14062276 0.34452708 -1.29007687
-0.56795818 -1.44360316 -1.41741557
-1.28602398 -5.13634161 0.57603760
0.47360757 -0.67180118 -3.12041602
4.27309219 -1.32005528 2.06254567
1.07833878 -2.35057039 -0.21043571
0.67409949 1.87856848 0.87807648
-0.34385141 -1.06385223 -0.36897597
0.33899167 -0.71959332 -1.03140589
-2.27002974 0.41883784 -0.39372627
1.68896743 -0.31658087 0.88127271
0.66719286 0.17631087 1.18737568
0.09503731 1.66321066 -0.45947555
-0.61262067 -1.69772154 1.28015894
-0.17341925 1.39218782 -0.88434634
2.12397667 -2.49457131 2.86040214
1.33489664 -2.06687946 2.64456466
