9.2573030000e+01
1.6044430000e+01
5.1756110000e+01
5.4794500000e+00
-3.3625900000e+00
-1.6310000000e-02
9.9086210000e+01
9.7646900000e+00
4.6216400000e+01
1.3841200000e+00
-1.0352800000e+01
3.2328000000e+00
1.1210040000e+02
1.2274360000e+01
5.8052160000e+01
-1.9061800000e+00
-6.7162700000e+00
-5.7480800000e+00
1.1090150000e+02
8.2252600000e+00
6.2670200000e+01
1.0675700000e+00
-1.4492740000e+01
2.5330900000e+00
1.0668197000e+02
1.3149690000e+01
5.4853560000e+01
4.4389500000e+00
-6.3101100000e+00
2.7687000000e-01
