7.1375921600e+01
-3.3976562510e+01
2.4176048220e+01
-8.7745611300e+00
-4.8234188100e+00
7.0840250000e-02
7.4045737450e+01
-2.7600926100e+01
2.3200518150e+01
-4.6407967300e+00
-1.9298221000e+00
-1.1069843090e+01
7.4268214690e+01
-2.8686408300e+01
3.3401198970e+01
1.0117830900e+00
-1.4313491310e+01
2.0352395600e+00
9.3375808600e+01
-1.0151857740e+01
4.8133894930e+01
-1.0233937800e+00
1.1611386700e+01
7.3685227500e+00
6.9995783320e+01
-2.5943825770e+01
1.8176909600e+01
4.0605993500e+00
-1.3466911510e+01
6.4173676000e-01
