7.3901181700e+01
-3.0316170443e+01
2.8412368896e+01
6.9811417456e-01
-9.0876052063e-01
1.2274265415e+01
6.7480995137e+01
-2.7662059863e+01
2.3290415737e+01
-5.2156096697e+00
-1.3333394539e+00
-9.6325574931e+00
7.3799395863e+01
-3.1110741580e+01
3.0162205446e+01
-1.0480673244e+00
-1.8789607376e+01
3.4882768567e-02
9.3865338496e+01
-1.3659196398e+01
4.7543865110e+01
1.1807668288e+00
1.8116684018e+01
8.7373090622e+00
7.4591373186e+01
-2.5342877684e+01
2.3125855144e+01
-1.8953835221e+00
-4.0826328920e+00
-2.1586747446e+00
