9.2573030000e+01
1.6044430000e+01
5.1756110000e+01
5.4794500000e+00
-3.3625900000e+00
-1.6310000000e-02
1.1210040000e+02
1.2274360000e+01
5.8052160000e+01
-1.9061800000e+00
-6.7162700000e+00
-5.7480800000e+00
1.1090150000e+02
8.2252600000e+00
6.2670200000e+01
1.0675700000e+00
-1.4492740000e+01
2.5330900000e+00
1.0243861000e+02
1.8228340000e+01
5.6561210000e+01
6.9738300000e+00
-2.3614320000e+01
6.3617400000e+00
9.9598460000e+01
1.6802360000e+01
5.5500480000e+01
-2.1879200000e+00
-1.7475350000e+01
1.8149700000e+00
