-1.4010947520e-02 -1.5866141382e-01 -9.0274110711e-02
-1.4011321649e-02 -1.5866129751e-01 -9.0274501895e-02
-1.4011025991e-02 -1.5866076794e-01 -9.0273983255e-02
-1.4011385157e-02 -1.5866064928e-01 -9.0274339555e-02
-1.4010618932e-02 -1.5866134887e-01 -9.0274344394e-02
-1.4010998382e-02 -1.5866122962e-01 -9.0274724194e-02
-1.4010702410e-02 -1.5866069606e-01 -9.0274209881e-02
-1.4011058751e-02 -1.5866058940e-01 -9.0274571951e-02
2.3302729422e-01 2.6991318850e-02 3.6594885953e-02
2.3302667050e-01 2.6991192683e-02 3.6594066308e-02
2.3302690027e-01 2.6992804114e-02 3.6594958029e-02
2.3302629377e-01 2.6992666563e-02 3.6594149647e-02
2.3302875304e-01 2.6991349103e-02 3.6594594661e-02
2.3302812670e-01 2.6991218165e-02 3.6593781718e-02
2.3302836135e-01 2.6992834921e-02 3.6594668844e-02
2.3302775175e-01 2.6992693207e-02 3.6593867430e-02
-4.8197752867e-02 -1.8688439169e-01 5.7279802229e-02
-4.8198588302e-02 -1.8688431039e-01 5.7281815754e-02
-4.8198532647e-02 -1.8688300693e-01 5.7279786024e-02
-4.8199395856e-02 -1.8688291189e-01 5.7281792580e-02
-4.8198800368e-02 -1.8688387937e-01 5.7281033635e-02
-4.8199524011e-02 -1.8688378022e-01 5.7283054580e-02
-4.8199544169e-02 -1.8688248225e-01 5.7281068278e-02
-4.8200361547e-02 -1.8688235524e-01 5.7282999438e-02
-7.8209400258e-02 3.5672280966e-02 -1.3245680980e-01
-7.8209736265e-02 3.5671909094e-02 -1.3245735700e-01
-7.8209344342e-02 3.5672669570e-02 -1.3245692478e-01
-7.8209671314e-02 3.5672291220e-02 -1.3245746741e-01
-7.8208408470e-02 3.5672331838e-02 -1.3245643747e-01
-7.8208738177e-02 3.5671985324e-02 -1.3245694743e-01
-7.8208343915e-02 3.5672720029e-02 -1.3245654629e-01
-7.8208680850e-02 3.5672369748e-02 -1.3245706393e-01
-1.2130565542e-02 9.0662543248e-02 3.4809472894e-01
-1.2130590293e-02 9.0662336883e-02 3.4809468238e-01
-1.2130529926e-02 9.0662874972e-02 3.4809474190e-01
-1.2130551153e-02 9.0662674116e-02 3.4809469554e-01
-1.2130910358e-02 9.0662528148e-02 3.4809466587e-01
-1.2130932463e-02 9.0662301339e-02 3.4809458085e-01
-1.2130875833e-02 9.0662863260e-02 3.4809465024e-01
-1.2130899750e-02 9.0662636649e-02 3.4809457718e-01
8.5862957838e-02 3.8376496302e-01 -6.9865801512e-01
8.5863116330e-02 3.8376662096e-01 -6.9865943975e-01
8.5862098203e-02 3.8376859753e-01 -6.9865963305e-01
8.5862276082e-02 3.8377028916e-01 -6.9866105141e-01
8.5864849332e-02 3.8376393821e-01 -6.9865901268e-01
8.5865007699e-02 3.8376559726e-01 -6.9866043625e-01
8.5864007381e-02 3.8376758810e-01 -6.9866063432e-01
8.5864185775e-02 3.8376928023e-01 -6.9866205310e-01
-4.5032075544e-02 1.3801814054e-01 -2.5495313149e-02
-4.5031910786e-02 1.3801761319e-01 -2.5495336132e-02
-4.5031786079e-02 1.3801925481e-01 -2.5495374961e-02
-4.5031636656e-02 1.3801873032e-01 -2.5495398693e-02
-4.5030574652e-02 1.3801826585e-01 -2.5494494795e-02
-4.5030410379e-02 1.3801773841e-01 -2.5494517983e-02
-4.5030283097e-02 1.3801937869e-01 -2.5494560248e-02
-4.5030132294e-02 1.3801885754e-01 -2.5494585476e-02
1.3756956130e-01 1.6321137767e-01 -1.9989898382e-01
1.3756949012e-01 1.6321181634e-01 -1.9989871993e-01
1.3756942977e-01 1.6321171836e-01 -1.9989929694e-01
1.3756937217e-01 1.6321215784e-01 -1.9989904061e-01
1.3757072372e-01 1.6321174487e-01 -1.9989840687e-01
1.3757067164e-01 1.6321217730e-01 -1.9989815809e-01
1.3757059237e-01 1.6321208473e-01 -1.9989871917e-01
1.3757055357e-01 1.6321251690e-01 -1.9989847995e-01
1.9434036370e-01 -2.7374143639e-01 -2.7072108597e-01
1.9434101936e-01 -2.7374079295e-01 -2.7072154159e-01
1.9434007219e-01 -2.7374188756e-01 -2.7072123454e-01
1.9434072542e-01 -2.7374123882e-01 -2.7072169167e-01
1.9434073486e-01 -2.7374152574e-01 -2.7072124244e-01
1.9434139297e-01 -2.7374089782e-01 -2.7072167451e-01
1.9434044215e-01 -2.7374196358e-01 -2.7072138789e-01
1.9434109562e-01 -2.7374133648e-01 -2.7072181600e-01
-7.4203368615e-03 -4.5945606389e-01 -8.4142066724e-02
-7.4204667545e-03 -4.5945610516e-01 -8.4141964145e-02
-7.4201574698e-03 -4.5945629579e-01 -8.4141515442e-02
-7.4202836851e-03 -4.5945632612e-01 -8.4141428290e-02
-7.4199287594e-03 -4.5945598817e-01 -8.4142250732e-02
-7.4200537821e-03 -4.5945602299e-01 -8.4142151811e-02
-7.4197217266e-03 -4.5945619620e-01 -8.4141739615e-02
-7.4198527196e-03 -4.5945622582e-01 -8.4141645733e-02
1.7824298437e-01 1.1611756905e-01 -1.0276863588e-01
1.7824336815e-01 1.1611770409e-01 -1.0276871367e-01
1.7824290086e-01 1.1611772542e-01 -1.0276885489e-01
1.7824328469e-01 1.1611787268e-01 -1.0276893057e-01
1.7824305464e-01 1.1611727898e-01 -1.0276891034e-01
1.7824342480e-01 1.1611743097e-01 -1.0276899079e-01
1.7824297132e-01 1.1611743526e-01 -1.0276913012e-01
1.7824335042e-01 1.1611759293e-01 -1.0276920325e-01
-1.9887428558e-01 1.3947560659e-01 -1.9816773137e-01
-1.9887468001e-01 1.3947565672e-01 -1.9816810116e-01
-1.9887467717e-01 1.3947584785e-01 -1.9816741504e-01
-1.9887505691e-01 1.3947590015e-01 -1.9816777782e-01
-1.9887372888e-01 1.3947536483e-01 -1.9816810642e-01
-1.9887411323e-01 1.3947539922e-01 -1.9816844760e-01
-1.9887411484e-01 1.3947560672e-01 -1.9816779301e-01
-1.9887448975e-01 1.3947563958e-01 -1.9816812858e-01
5.2057509696e-01 -2.6560407741e-01 -6.4206479785e-01
5.2057686057e-01 -2.6560574845e-01 -6.4206757966e-01
5.2057487465e-01 -2.6560376604e-01 -6.4206523731e-01
5.2057663685e-01 -2.6560545235e-01 -6.4206804327e-01
5.2057872172e-01 -2.6560539424e-01 -6.4206741121e-01
5.2058048705e-01 -2.6560706411e-01 -6.4207019381e-01
5.2057850189e-01 -2.6560508309e-01 -6.4206784885e-01
5.2058026330e-01 -2.6560676779e-01 -6.4207065586e-01
4.2202046860e-01 -3.8591197211e-02 4.8391359802e-01
4.2202085608e-01 -3.8590630626e-02 4.8391342547e-01
4.2202051649e-01 -3.8590693804e-02 4.8391396529e-01
4.2202090519e-01 -3.8590126670e-02 4.8391379289e-01
4.2202171453e-01 -3.8589788711e-02 4.8391476226e-01
4.2202210192e-01 -3.8589222002e-02 4.8391458998e-01
4.2202176936e-01 -3.8589284037e-02 4.8391513707e-01
4.2202214770e-01 -3.8588709981e-02 4.8391495786e-01
-2.0827762199e-01 -4.7234866884e-02 2.2351207459e-01
-2.0827782165e-01 -4.7234531405e-02 2.2351350572e-01
-2.0827731076e-01 -4.7234029238e-02 2.2351231632e-01
-2.0827749945e-01 -4.7233723749e-02 2.2351376348e-01
-2.0827696463e-01 -4.7234642941e-02 2.2351208535e-01
-2.0827714820e-01 -4.7234293363e-02 2.2351349717e-01
-2.0827664921e-01 -4.7233802030e-02 2.2351235030e-01
-2.0827683937e-01 -4.7233498318e-02 2.2351376431e-01
-1.9782058840e+00 -8.4374073510e-01 -1.4493646374e+00
-1.9782057982e+00 -8.4374040601e-01 -1.4493647809e+00
-1.9782096974e+00 -8.4374051534e-01 -1.4493670854e+00
-1.9782096157e+00 -8.4374019178e-01 -1.4493672272e+00
-1.9782052259e+00 -8.4374093577e-01 -1.4493648689e+00
-1.9782051479e+00 -8.4374060907e-01 -1.4493650199e+00
-1.9782090452e+00 -8.4374072106e-01 -1.4493673258e+00
-1.9782089644e+00 -8.4374039818e-01 -1.4493674673e+00
6.8885155125e-02 1.4241039713e-01 -1.4534354894e-01
6.8885011885e-02 1.4241060836e-01 -1.4534403259e-01
6.8885957444e-02 1.4241169684e-01 -1.4534340586e-01
6.8885821174e-02 1.4241191137e-01 -1.4534389984e-01
6.8883807036e-02 1.4241006835e-01 -1.4534439563e-01
6.8883671414e-02 1.4241027234e-01 -1.4534487552e-01
6.8884627668e-02 1.4241133874e-01 -1.4534425637e-01
6.8884427771e-02 1.4241152970e-01 -1.4534480216e-01
-1.6939969142e-01 2.0348602360e-01 -2.1387187132e-01
-1.6939932445e-01 2.0348609527e-01 -2.1387277880e-01
-1.6939986043e-01 2.0348539204e-01 -2.1387098963e-01
-1.6939950539e-01 2.0348544431e-01 -2.1387184211e-01
-1.6939913580e-01 2.0348625924e-01 -2.1387214170e-01
-1.6939877101e-01 2.0348631619e-01 -2.1387302099e-01
-1.6939930886e-01 2.0348560806e-01 -2.1387122617e-01
-1.6939894483e-01 2.0348565183e-01 -2.1387209529e-01
-2.9973161531e-01 -2.1088755634e-01 2.4317171606e-01
-2.9973203324e-01 -2.1088756946e-01 2.4317157503e-01
-2.9973232955e-01 -2.1088469932e-01 2.4317142018e-01
-2.9973270898e-01 -2.1088471888e-01 2.4317126474e-01
-2.9973132251e-01 -2.1088766508e-01 2.4317156294e-01
-2.9973174004e-01 -2.1088767865e-01 2.4317141287e-01
-2.9973204456e-01 -2.1088479741e-01 2.4317129235e-01
-2.9973241982e-01 -2.1088480775e-01 2.4317113441e-01
1.3686421492e-01 1.5922024550e-01 -3.0413745770e-01
1.3686405197e-01 1.5922024783e-01 -3.0413782569e-01
1.3686435855e-01 1.5922078226e-01 -3.0413724623e-01
1.3686420823e-01 1.5922076128e-01 -3.0413758706e-01
1.3686330631e-01 1.5922017450e-01 -3.0413744904e-01
1.3686312446e-01 1.5922017136e-01 -3.0413781416e-01
1.3686344658e-01 1.5922070371e-01 -3.0413724061e-01
1.3686328098e-01 1.5922068078e-01 -3.0413758199e-01
-7.6514726486e-02 3.3037875187e-01 -1.4463517597e-01
-7.6514389269e-02 3.3037904741e-01 -1.4463489192e-01
-7.6514586253e-02 3.3038060581e-01 -1.4463669660e-01
-7.6514254726e-02 3.3038088390e-01 -1.4463644025e-01
-7.6514303381e-02 3.3037863743e-01 -1.4463530071e-01
-7.6513968646e-02 3.3037893693e-01 -1.4463501819e-01
-7.6514165266e-02 3.3038048349e-01 -1.4463683914e-01
-7.6513834853e-02 3.3038076478e-01 -1.4463658482e-01
-2.0750015921e-02 5.1216856493e-01 -4.6639320702e-01
-2.0750497494e-02 5.1216803647e-01 -4.6639356553e-01
-2.0750612063e-02 5.1217261563e-01 -4.6639553066e-01
-2.0751102571e-02 5.1217209351e-01 -4.6639590266e-01
-2.0749907608e-02 5.1216893671e-01 -4.6639362529e-01
-2.0750390128e-02 5.1216843192e-01 -4.6639394349e-01
-2.0750504552e-02 5.1217300620e-01 -4.6639595941e-01
-2.0750991686e-02 5.1217249711e-01 -4.6639629272e-01
2.6043134360e-01 4.3550464431e-01 -1.6714076101e-01
2.6043120522e-01 4.3550500040e-01 -1.6714075541e-01
2.6043120113e-01 4.3550638835e-01 -1.6714240188e-01
2.6043107013e-01 4.3550674357e-01 -1.6714238964e-01
2.6043047025e-01 4.3550467226e-01 -1.6714123294e-01
2.6043031285e-01 4.3550500325e-01 -1.6714120654e-01
2.6043033027e-01 4.3550643250e-01 -1.6714289507e-01
2.6043016911e-01 4.3550676443e-01 -1.6714287518e-01
2.5050440989e-01 -7.6552274110e-02 3.9387764118e-01
2.5050554976e-01 -7.6551918103e-02 3.9387879114e-01
2.5050391308e-01 -7.6552159260e-02 3.9387741920e-01
2.5050505819e-01 -7.6551800301e-02 3.9387860837e-01
2.5050417039e-01 -7.6552352409e-02 3.9387747444e-01
2.5050535539e-01 -7.6552022804e-02 3.9387871271e-01
2.5050370813e-01 -7.6552250700e-02 3.9387728994e-01
2.5050485592e-01 -7.6551910679e-02 3.9387852362e-01
-1.0688417885e-01 -7.6288818545e-02 -1.5428863813e-02
-1.0688380156e-01 -7.6289282052e-02 -1.5429580440e-02
-1.0688380326e-01 -7.6287912835e-02 -1.5428102468e-02
-1.0688342145e-01 -7.6288374851e-02 -1.5428794410e-02
-1.0688486970e-01 -7.6289123411e-02 -1.5429052221e-02
-1.0688450423e-01 -7.6289590001e-02 -1.5429776256e-02
-1.0688449043e-01 -7.6288148071e-02 -1.5428363506e-02
-1.0688412980e-01 -7.6288613380e-02 -1.5429111314e-02
3.6463949009e-02 6.2091541263e-02 -5.4010923899e-01
3.6464367108e-02 6.2091587336e-02 -5.4010938723e-01
3.6464202404e-02 6.2094290555e-02 -5.4011049503e-01
3.6464624655e-02 6.2094331591e-02 -5.4011064658e-01
3.6463938723e-02 6.2091270020e-02 -5.4010907585e-01
3.6464356614e-02 6.2091316122e-02 -5.4010922408e-01
3.6464186011e-02 6.2094025955e-02 -5.4011034353e-01
3.6464607998e-02 6.2094067010e-02 -5.4011049498e-01
-2.8113072911e-01 -1.8787603641e-02 -3.8664697383e-01
-2.8113100933e-01 -1.8787367103e-02 -3.8664763919e-01
-2.8113069218e-01 -1.8787753806e-02 -3.8664686742e-01
-2.8113097198e-01 -1.8787517364e-02 -3.8664753335e-01
-2.8113170832e-01 -1.8787871725e-02 -3.8664664343e-01
-2.8113198102e-01 -1.8787629404e-02 -3.8664731476e-01
-2.8113167978e-01 -1.8788012463e-02 -3.8664653291e-01
-2.8113195209e-01 -1.8787770194e-02 -3.8664720470e-01
-9.8505485218e-02 -5.4690453599e-02 1.3350353015e-01
-9.8505915281e-02 -5.4690830363e-02 1.3350291663e-01
-9.8505707087e-02 -5.4691366908e-02 1.3350363916e-01
-9.8506154129e-02 -5.4691771269e-02 1.3350298343e-01
-9.8505955437e-02 -5.4690737370e-02 1.3350311497e-01
-9.8506420490e-02 -5.4691117171e-02 1.3350253185e-01
-9.8506191068e-02 -5.4691630558e-02 1.3350323863e-01
-9.8506674344e-02 -5.4692038788e-02 1.3350261450e-01
-1.2116211055e-01 4.9235108128e-01 -2.8752418412e-01
-1.2116214114e-01 4.9235088449e-01 -2.8752413609e-01
-1.2116220745e-01 4.9235348397e-01 -2.8752538594e-01
-1.2116225035e-01 4.9235328838e-01 -2.8752534598e-01
-1.2116181009e-01 4.9235107019e-01 -2.8752446957e-01
-1.2116184048e-01 4.9235087392e-01 -2.8752442505e-01
-1.2116192755e-01 4.9235347389e-01 -2.8752566344e-01
-1.2116197036e-01 4.9235327852e-01 -2.8752562708e-01
-1.6217181148e-01 -1.8216808428e-01 3.3506077887e-01
-1.6217224963e-01 -1.8216783703e-01 3.3506051013e-01
-1.6217186108e-01 -1.8216833854e-01 3.3506060217e-01
-1.6217229721e-01 -1.8216808508e-01 3.3506032774e-01
-1.6217135712e-01 -1.8216785047e-01 3.3506092115e-01
-1.6217178813e-01 -1.8216759335e-01 3.3506066569e-01
-1.6217142860e-01 -1.8216809345e-01 3.3506073680e-01
-1.6217186702e-01 -1.8216783591e-01 3.3506046766e-01
2.2242478139e-01 2.4236784539e-01 -3.0306634125e-01
2.2242473730e-01 2.4236835432e-01 -3.0306732073e-01
2.2242481724e-01 2.4236821877e-01 -3.0306625608e-01
2.2242477387e-01 2.4236872843e-01 -3.0306723474e-01
2.2242505569e-01 2.4236782452e-01 -3.0306650089e-01
2.2242501716e-01 2.4236833365e-01 -3.0306747351e-01
2.2242509128e-01 2.4236820026e-01 -3.0306641479e-01
2.2242505009e-01 2.4236870720e-01 -3.0306738760e-01
1.2925370674e-01 -3.5595052845e-01 5.0225380848e-01
1.2925378319e-01 -3.5595001897e-01 5.0225370228e-01
1.2925360484e-01 -3.5595051587e-01 5.0225372426e-01
1.2925368135e-01 -3.5595000664e-01 5.0225361756e-01
1.2925394152e-01 -3.5595036725e-01 5.0225365220e-01
1.2925400866e-01 -3.5594986009e-01 5.0225354265e-01
1.2925384264e-01 -3.5595035570e-01 5.0225356881e-01
1.2925391706e-01 -3.5594984984e-01 5.0225345659e-01
1.1428001199e-01 2.2194982820e-01 -3.5453793785e-03
1.1428001585e-01 2.2194953802e-01 -3.5466888602e-03
1.1428031310e-01 2.2195159527e-01 -3.5445231359e-03
1.1428032695e-01 2.2195130345e-01 -3.5458323748e-03
1.1427845461e-01 2.2194957912e-01 -3.5457804155e-03
1.1427847528e-01 2.2194929058e-01 -3.5470976347e-03
1.1427878050e-01 2.2195139585e-01 -3.5448692450e-03
1.1427880037e-01 2.2195107760e-01 -3.5461948255e-03
-3.5028278873e-01 -1.0563434665e-01 -2.1157747621e-01
-3.5028367265e-01 -1.0563548433e-01 -2.1158027561e-01
-3.5028286178e-01 -1.0563410073e-01 -2.1157801416e-01
-3.5028373760e-01 -1.0563521248e-01 -2.1158082402e-01
-3.5028297967e-01 -1.0563478519e-01 -2.1157689093e-01
-3.5028386331e-01 -1.0563590266e-01 -2.1157971074e-01
-3.5028305703e-01 -1.0563453956e-01 -2.1157748116e-01
-3.5028392981e-01 -1.0563565085e-01 -2.1158029261e-01
-8.8995863550e-02 2.5689331531e-01 3.7820462678e-01
-8.8995653750e-02 2.5689319005e-01 3.7820357010e-01
-8.8995754846e-02 2.5689342306e-01 3.7820477004e-01
-8.8995548593e-02 2.5689329228e-01 3.7820371082e-01
-8.8995710427e-02 2.5689332611e-01 3.7820475813e-01
-8.8995497331e-02 2.5689319918e-01 3.7820369839e-01
-8.8995606229e-02 2.5689342763e-01 3.7820489781e-01
-8.8995392918e-02 2.5689330139e-01 3.7820383939e-01
-6.6451865923e-01 -3.6648879404e-01 -4.6445655869e-01
-6.6451797105e-01 -3.6648817798e-01 -4.6445791484e-01
-6.6451612854e-01 -3.6648625710e-01 -4.6445460644e-01
-6.6451547568e-01 -3.6648562784e-01 -4.6445596249e-01
-6.6451625293e-01 -3.6648644620e-01 -4.6445351731e-01
-6.6451557161e-01 -3.6648582264e-01 -4.6445487659e-01
-6.6451370977e-01 -3.6648388620e-01 -4.6445154046e-01
-6.6451305657e-01 -3.6648325613e-01 -4.6445289701e-01
8.7299035742e-02 -5.9090101927e-02 -4.2338790932e-01
8.7299903574e-02 -5.9090077894e-02 -4.2338971885e-01
8.7298059435e-02 -5.9087448025e-02 -4.2338769179e-01
8.7298943682e-02 -5.9087444490e-02 -4.2338947679e-01
8.7298225044e-02 -5.9089394509e-02 -4.2338742351e-01
8.7299146977e-02 -5.9089370100e-02 -4.2338926049e-01
8.7297251626e-02 -5.9086779301e-02 -4.2338720508e-01
8.7298185183e-02 -5.9086770877e-02 -4.2338904052e-01
-1.2903679906e-01 -3.2568471359e-02 -1.6173404344e-01
-1.2903728717e-01 -3.2568786013e-02 -1.6173524321e-01
-1.2903635423e-01 -3.2567859940e-02 -1.6173393329e-01
-1.2903684751e-01 -3.2568188342e-02 -1.6173518463e-01
-1.2903673586e-01 -3.2568206559e-02 -1.6173391397e-01
-1.2903722219e-01 -3.2568513410e-02 -1.6173511808e-01
-1.2903629160e-01 -3.2567595552e-02 -1.6173379961e-01
-1.2903678115e-01 -3.2567920282e-02 -1.6173505501e-01
-2.5439059157e-02 3.0613554143e-01 4.0195050486e-03
-2.5439892299e-02 3.0613532437e-01 4.0209792240e-03
-2.5439271257e-02 3.0613733110e-01 4.0196780690e-03
-2.5440143298e-02 3.0613713243e-01 4.0211076002e-03
-2.5438579055e-02 3.0613524040e-01 4.0195725856e-03
-2.5439435236e-02 3.0613503121e-01 4.0210246963e-03
-2.5438766306e-02 3.0613701513e-01 4.0197140317e-03
-2.5439634455e-02 3.0613679811e-01 4.0211301724e-03
1.6209147350e-01 -6.0491045748e-01 5.8148631381e-01
1.6209105863e-01 -6.0491108281e-01 5.8148506024e-01
1.6209151874e-01 -6.0491037426e-01 5.8148610599e-01
1.6209109039e-01 -6.0491100522e-01 5.8148485782e-01
1.6209151183e-01 -6.0490965706e-01 5.8148614091e-01
1.6209110748e-01 -6.0491028515e-01 5.8148489338e-01
1.6209155670e-01 -6.0490957236e-01 5.8148593286e-01
1.6209113931e-01 -6.0491020631e-01 5.8148469075e-01
-2.4802678670e-01 1.7114440650e-01 2.0047087652e-01
-2.4802638979e-01 1.7114436167e-01 2.0046972062e-01
-2.4802635750e-01 1.7114442437e-01 2.0047097399e-01
-2.4802596023e-01 1.7114437888e-01 2.0046981778e-01
-2.4802578835e-01 1.7114388446e-01 2.0046967320e-01
-2.4802538324e-01 1.7114384256e-01 2.0046852013e-01
-2.4802535567e-01 1.7114390716e-01 2.0046977258e-01
-2.4802495105e-01 1.7114386135e-01 2.0046861784e-01
8.1131050206e-04 -1.8742991880e+00 1.7588771763e+00
8.1176804856e-04 -1.8742983891e+00 1.7588782936e+00
8.1093316066e-04 -1.8742992042e+00 1.7588767825e+00
8.1139891206e-04 -1.8742984218e+00 1.7588778649e+00
8.1141992188e-04 -1.8742993548e+00 1.7588775848e+00
8.1188854607e-04 -1.8742985765e+00 1.7588787271e+00
8.1104245164e-04 -1.8742993715e+00 1.7588771902e+00
8.1150098754e-04 -1.8742986004e+00 1.7588782695e+00
8.8896892075e-02 2.6181248767e-01 1.1445247703e-01
8.8897324152e-02 2.6181215304e-01 1.1445187458e-01
8.8896684885e-02 2.6181257767e-01 1.1445226530e-01
8.8897117109e-02 2.6181224305e-01 1.1445166273e-01
8.8898097993e-02 2.6181279917e-01 1.1445326390e-01
8.8898528845e-02 2.6181245812e-01 1.1445266397e-01
8.8897891594e-02 2.6181288972e-01 1.1445305276e-01
8.8898321715e-02 2.6181255164e-01 1.1445245426e-01
-1.7030935248e-01 2.7472325700e-01 -2.0631411976e-01
-1.7030943455e-01 2.7472513977e-01 -2.0631786974e-01
-1.7030911834e-01 2.7472364980e-01 -2.0631426809e-01
-1.7030920568e-01 2.7472552900e-01 -2.0631799993e-01
-1.7030942144e-01 2.7472345025e-01 -2.0631446781e-01
-1.7030948614e-01 2.7472531963e-01 -2.0631821945e-01
-1.7030920262e-01 2.7472383608e-01 -2.0631460220e-01
-1.7030926048e-01 2.7472570658e-01 -2.0631835766e-01
-2.1745771961e-02 -1.4330960692e-01 -4.4871634866e-01
-2.1745283369e-02 -1.4330994324e-01 -4.4871748778e-01
-2.1745965298e-02 -1.4330980660e-01 -4.4871676061e-01
-2.1745482591e-02 -1.4331018107e-01 -4.4871787566e-01
-2.1744470763e-02 -1.4331017997e-01 -4.4871695640e-01
-2.1743982281e-02 -1.4331051641e-01 -4.4871809644e-01
-2.1744654745e-02 -1.4331037827e-01 -4.4871735782e-01
-2.1744172303e-02 -1.4331075292e-01 -4.4871847384e-01
4.1140060076e-01 -1.4055868078e-01 1.9617003416e-02
4.1140149361e-01 -1.4055933944e-01 1.9614789755e-02
4.1140002812e-01 -1.4055761656e-01 1.9617820314e-02
4.1140086406e-01 -1.4055825441e-01 1.9615660586e-02
4.1140109687e-01 -1.4055865594e-01 1.9617147280e-02
4.1140198755e-01 -1.4055932020e-01 1.9614926491e-02
4.1140051567e-01 -1.4055758652e-01 1.9617968944e-02
4.1140135160e-01 -1.4055822442e-01 1.9615809202e-02
6.1794255500e-02 -9.8242689500e-01 8.5656015354e-01
6.1794323121e-02 -9.8242702559e-01 8.5655906626e-01
6.1794405826e-02 -9.8242704587e-01 8.5655987456e-01
6.1794483535e-02 -9.8242718453e-01 8.5655878378e-01
6.1794178214e-02 -9.8242705517e-01 8.5656008428e-01
6.1794244742e-02 -9.8242718488e-01 8.5655899618e-01
6.1794327146e-02 -9.8242720343e-01 8.5655980896e-01
6.1794403250e-02 -9.8242734144e-01 8.5655871669e-01
4.0961620845e-01 2.2246725942e-01 1.3003031614e-01
4.0961423929e-01 2.2246530204e-01 1.3002623624e-01
4.0961731156e-01 2.2246951637e-01 1.3003288515e-01
4.0961530631e-01 2.2246752253e-01 1.3002875406e-01
4.0961659097e-01 2.2246733320e-01 1.3003059662e-01
4.0961461902e-01 2.2246536923e-01 1.3002651948e-01
4.0961771983e-01 2.2246960597e-01 1.3003318500e-01
4.0961571147e-01 2.2246760548e-01 1.3002905679e-01
7.1770806550e-02 1.7202458022e-01 -4.5970358630e-01
7.1770053667e-02 1.7202327141e-01 -4.5970323736e-01
7.1770921343e-02 1.7202386943e-01 -4.5970257463e-01
7.1770352864e-02 1.7202261115e-01 -4.5970218518e-01
7.1770852973e-02 1.7202576348e-01 -4.5970230539e-01
7.1770203748e-02 1.7202451779e-01 -4.5970186639e-01
7.1770963175e-02 1.7202505571e-01 -4.5970129703e-01
7.1770392983e-02 1.7202378468e-01 -4.5970088195e-01
-1.7225607013e-01 9.1903360132e-02 -8.7446175020e-02
-1.7225598128e-01 9.1903410472e-02 -8.7444107998e-02
-1.7225685372e-01 9.1902468069e-02 -8.7445763496e-02
-1.7225673263e-01 9.1902510123e-02 -8.7443712344e-02
-1.7225637821e-01 9.1903235977e-02 -8.7444660940e-02
-1.7225626310e-01 9.1903282695e-02 -8.7442603967e-02
-1.7225716654e-01 9.1902335737e-02 -8.7444267522e-02
-1.7225705399e-01 9.1902404755e-02 -8.7442218120e-02
-1.2782699963e-01 3.0272044636e-01 1.2682001358e-01
-1.2782691725e-01 3.0272026160e-01 1.2681904259e-01
-1.2782747087e-01 3.0271986613e-01 1.2682035377e-01
-1.2782743638e-01 3.0271957836e-01 1.2681939663e-01
-1.2782654514e-01 3.0271935472e-01 1.2681849109e-01
-1.2782646636e-01 3.0271914972e-01 1.2681752693e-01
-1.2782701637e-01 3.0271877621e-01 1.2681883255e-01
-1.2782698424e-01 3.0271849180e-01 1.2681787342e-01
8.1625708589e-01 3.9270471656e-01 -1.5041052956e-01
8.1625632797e-01 3.9270528386e-01 -1.5041323992e-01
8.1625519525e-01 3.9270321628e-01 -1.5041029302e-01
8.1625444783e-01 3.9270378615e-01 -1.5041300492e-01
8.1625706512e-01 3.9270538098e-01 -1.5040996644e-01
8.1625630112e-01 3.9270595385e-01 -1.5041268494e-01
8.1625517255e-01 3.9270390077e-01 -1.5040978617e-01
8.1625441915e-01 3.9270447910e-01 -1.5041249789e-01
1.5387983217e-01 4.5546523746e-01 5.8760810100e-02
1.5387939168e-01 4.5546508412e-01 5.8762888860e-02
1.5387961359e-01 4.5546682589e-01 5.8760430956e-02
1.5387916429e-01 4.5546665547e-01 5.8762497890e-02
1.5388164188e-01 4.5546530308e-01 5.8760800694e-02
1.5388126933e-01 4.5546503123e-01 5.8762895155e-02
1.5388142307e-01 4.5546689323e-01 5.8760420635e-02
1.5388104202e-01 4.5546660683e-01 5.8762503623e-02
-4.1249788422e-01 -2.5719142711e-02 2.3186480633e-01
-4.1249712005e-01 -2.5718601923e-02 2.3186356839e-01
-4.1249769782e-01 -2.5716426313e-02 2.3186514667e-01
-4.1249694203e-01 -2.5715895671e-02 2.3186392316e-01
-4.1249714470e-01 -2.5719599144e-02 2.3186363520e-01
-4.1249638594e-01 -2.5719064221e-02 2.3186239503e-01
-4.1249696709e-01 -2.5716921387e-02 2.3186395319e-01
-4.1249621622e-01 -2.5716397763e-02 2.3186272698e-01
-7.1765816746e-02 4.7207286012e-01 1.1263160195e-01
-7.1766242029e-02 4.7207276710e-01 1.1263199022e-01
-7.1764277771e-02 4.7207669288e-01 1.1263175142e-01
-7.1764588768e-02 4.7207650700e-01 1.1263219379e-01
-7.1764733621e-02 4.7207290626e-01 1.1263114875e-01
-7.1765146497e-02 4.7207282321e-01 1.1263151857e-01
-7.1763187842e-02 4.7207667970e-01 1.1263130186e-01
-7.1763486220e-02 4.7207650416e-01 1.1263172568e-01
3.3870190891e-01 -1.9991654978e-01 4.2215394947e-01
3.3870185958e-01 -1.9991674363e-01 4.2215761807e-01
3.3870196515e-01 -1.9991655660e-01 4.2215446311e-01
3.3870199536e-01 -1.9991678561e-01 4.2215811848e-01
3.3870317569e-01 -1.9991764862e-01 4.2215282920e-01
3.3870309659e-01 -1.9991781840e-01 4.2215653561e-01
3.3870323369e-01 -1.9991765849e-01 4.2215334399e-01
3.3870323187e-01 -1.9991786356e-01 4.2215703405e-01
-1.6503906942e-01 -1.8874415480e-01 -1.4795157631e-01
-1.6503798573e-01 -1.8874410579e-01 -1.4794904579e-01
-1.6503806864e-01 -1.8873770967e-01 -1.4795260203e-01
-1.6503709041e-01 -1.8873771124e-01 -1.4795024293e-01
-1.6503688915e-01 -1.8874395967e-01 -1.4795245778e-01
-1.6503581393e-01 -1.8874381271e-01 -1.4795004376e-01
-1.6503581196e-01 -1.8873749729e-01 -1.4795348304e-01
-1.6503485073e-01 -1.8873740720e-01 -1.4795122847e-01
-3.5980736867e-01 -2.8553296204e-01 2.6466392099e-02
-3.5980883793e-01 -2.8553401942e-01 2.6469585601e-02
-3.5980746191e-01 -2.8553616270e-01 2.6468123733e-02
-3.5980893510e-01 -2.8553722637e-01 2.6471247715e-02
-3.5980501674e-01 -2.8553287394e-01 2.6465369615e-02
-3.5980656802e-01 -2.8553389621e-01 2.6468586809e-02
-3.5980507500e-01 -2.8553604577e-01 2.6467101670e-02
-3.5980663602e-01 -2.8553709652e-01 2.6470270444e-02
-4.2337916010e-01 -3.2617123515e-01 3.1556006684e-01
-4.2337876090e-01 -3.2617101745e-01 3.1555820669e-01
-4.2338071780e-01 -3.2616915041e-01 3.1555960076e-01
-4.2338034219e-01 -3.2616892392e-01 3.1555770026e-01
-4.2338273339e-01 -3.2617108250e-01 3.1556034214e-01
-4.2338219691e-01 -3.2617079654e-01 3.1555853986e-01
-4.2338435247e-01 -3.2616901130e-01 3.1555984239e-01
-4.2338383751e-01 -3.2616871526e-01 3.1555800195e-01
1.0873889621e-01 -2.2161181128e-01 -2.3389944989e-01
1.0873902847e-01 -2.2161222413e-01 -2.3390092538e-01
1.0873838468e-01 -2.2161151081e-01 -2.3390057449e-01
1.0873846943e-01 -2.2161204019e-01 -2.3390198954e-01
1.0873473074e-01 -2.2161073621e-01 -2.3389749826e-01
1.0873492825e-01 -2.2161128068e-01 -2.3389899019e-01
1.0873417735e-01 -2.2161042859e-01 -2.3389862426e-01
1.0873433390e-01 -2.2161108112e-01 -2.3390005301e-01
3.3089811214e-01 -3.4702398487e-01 4.6705196912e-01
3.3089878254e-01 -3.4702408230e-01 4.6705371583e-01
3.3089777693e-01 -3.4702258854e-01 4.6705184953e-01
3.3089840681e-01 -3.4702270816e-01 4.6705357424e-01
3.3089967966e-01 -3.4702363074e-01 4.6705170099e-01
3.3090033107e-01 -3.4702372726e-01 4.6705348708e-01
3.3089933708e-01 -3.4702222821e-01 4.6705157399e-01
3.3089994815e-01 -3.4702234751e-01 4.6705333818e-01
1.2064891309e-01 -7.4155947041e-02 2.3508653283e-01
1.2064735531e-01 -7.4155276709e-02 2.3508738260e-01
1.2065034354e-01 -7.4156713390e-02 2.3508595524e-01
1.2064881540e-01 -7.4156181160e-02 2.3508685184e-01
1.2065053718e-01 -7.4156874456e-02 2.3508501180e-01
1.2064883144e-01 -7.4156273043e-02 2.3508574113e-01
1.2065194720e-01 -7.4157626628e-02 2.3508440887e-01
1.2065026467e-01 -7.4157165235e-02 2.3508518651e-01
-1.1395931072e-01 -6.7458331341e-01 6.4873229002e-02
-1.1396129080e-01 -6.7458478050e-01 6.4873150039e-02
-1.1395628298e-01 -6.7457314240e-01 6.4870419319e-02
-1.1395832532e-01 -6.7457466464e-01 6.4870286810e-02
-1.1395747909e-01 -6.7458269237e-01 6.4873138273e-02
-1.1395946659e-01 -6.7458416157e-01 6.4873064046e-02
-1.1395445480e-01 -6.7457255276e-01 6.4870317855e-02
-1.1395650737e-01 -6.7457407354e-01 6.4870192865e-02
2.7667331249e-02 4.2594981721e-02 5.1818443065e-01
2.7667192841e-02 4.2595019416e-02 5.1818413748e-01
2.7666731321e-02 4.2594382692e-02 5.1818440771e-01
2.7666589658e-02 4.2594421424e-02 5.1818410922e-01
2.7669915277e-02 4.2594484073e-02 5.1818459218e-01
2.7669782422e-02 4.2594520189e-02 5.1818430021e-01
2.7669307275e-02 4.2593882961e-02 5.1818457674e-01
2.7669162023e-02 4.2593919670e-02 5.1818427683e-01
4.5909263630e-02 9.5794794357e-01 2.6415842674e-01
4.5909748422e-02 9.5794681050e-01 2.6415769474e-01
4.5907797713e-02 9.5795308607e-01 2.6415917863e-01
4.5908340795e-02 9.5795185134e-01 2.6415840579e-01
4.5911827257e-02 9.5794763572e-01 2.6415764340e-01
4.5912315588e-02 9.5794650690e-01 2.6415690522e-01
4.5910354741e-02 9.5795275251e-01 2.6415839154e-01
4.5910902407e-02 9.5795151909e-01 2.6415761594e-01
-7.3143176168e-01 2.2838980552e-01 5.3921208417e-01
-7.3143160948e-01 2.2838917169e-01 5.3921229772e-01
-7.3143237497e-01 2.2839216712e-01 5.3921365964e-01
-7.3143230923e-01 2.2839146953e-01 5.3921391707e-01
-7.3143080774e-01 2.2838954787e-01 5.3921231729e-01
-7.3143066815e-01 2.2838891439e-01 5.3921252777e-01
-7.3143144699e-01 2.2839189068e-01 5.3921388996e-01
-7.3143137663e-01 2.2839120485e-01 5.3921414475e-01
1.3278456593e-02 6.2964864949e-01 -3.1573355148e-01
1.3279398389e-02 6.2964936151e-01 -3.1573144465e-01
1.3279021743e-02 6.2965283774e-01 -3.1573172701e-01
1.3279893068e-02 6.2965357139e-01 -3.1572956196e-01
1.3278901258e-02 6.2964796723e-01 -3.1573372902e-01
1.3279867237e-02 6.2964868843e-01 -3.1573161222e-01
1.3279432254e-02 6.2965224089e-01 -3.1573180147e-01
1.3280361386e-02 6.2965292976e-01 -3.1572973373e-01
3.1849084010e-01 -3.2538908259e-01 -6.0171353088e-02
3.1849041712e-01 -3.2538855897e-01 -6.0170544430e-02
3.1849117786e-01 -3.2538829744e-01 -6.0171316623e-02
3.1849089939e-01 -3.2538776286e-01 -6.0170496862e-02
3.1849081108e-01 -3.2538806028e-01 -6.0170701280e-02
3.1849036351e-01 -3.2538753214e-01 -6.0169918346e-02
3.1849114656e-01 -3.2538727099e-01 -6.0170660808e-02
3.1849084494e-01 -3.2538674347e-01 -6.0169873478e-02
3.7961035223e-01 -1.9761559634e-01 7.2187067432e-02
3.7961029424e-01 -1.9761612924e-01 7.2187840861e-02
3.7960859572e-01 -1.9761517244e-01 7.2186500199e-02
3.7960850963e-01 -1.9761563985e-01 7.2187278843e-02
3.7961242079e-01 -1.9761537467e-01 7.2186847154e-02
3.7961234229e-01 -1.9761588708e-01 7.2187603514e-02
3.7961067880e-01 -1.9761494393e-01 7.2186284098e-02
3.7961058721e-01 -1.9761540277e-01 7.2187075399e-02
-1.2683379773e-01 -1.4801388285e-01 -1.4797066802e-01
-1.2683460218e-01 -1.4801177321e-01 -1.4796881468e-01
-1.2683541404e-01 -1.4801110179e-01 -1.4797070668e-01
-1.2683641396e-01 -1.4800894139e-01 -1.4796884784e-01
-1.2683247158e-01 -1.4801500128e-01 -1.4797158021e-01
-1.2683328394e-01 -1.4801290278e-01 -1.4796971408e-01
-1.2683408526e-01 -1.4801223824e-01 -1.4797162436e-01
-1.2683508491e-01 -1.4801008112e-01 -1.4796973598e-01
-1.0509719496e-02 3.9098614295e-01 -3.1539832499e-01
-1.0510142501e-02 3.9098547716e-01 -3.1539827849e-01
-1.0509034625e-02 3.9098765374e-01 -3.1539868965e-01
-1.0509493533e-02 3.9098701592e-01 -3.1539869249e-01
-1.0508345460e-02 3.9098734480e-01 -3.1539763391e-01
-1.0508786519e-02 3.9098666413e-01 -3.1539758448e-01
-1.0507615594e-02 3.9098879959e-01 -3.1539799719e-01
-1.0508016761e-02 3.9098818814e-01 -3.1539794901e-01
2.6535457618e-01 3.3392795207e-01 2.1557184986e-01
2.6535433516e-01 3.3392868739e-01 2.1557142202e-01
2.6535504334e-01 3.3392821334e-01 2.1557139961e-01
2.6535494287e-01 3.3392885823e-01 2.1557096960e-01
2.6535529759e-01 3.3392743307e-01 2.1557117573e-01
2.6535505976e-01 3.3392817570e-01 2.1557074950e-01
2.6535576797e-01 3.3392768894e-01 2.1557073434e-01
2.6535566905e-01 3.3392833458e-01 2.1557030495e-01
-8.0993547281e-02 -4.1732583487e-01 2.1508494859e-01
-8.0993954591e-02 -4.1732597059e-01 2.1508540282e-01
-8.0992633693e-02 -4.1732718136e-01 2.1508455071e-01
-8.0993076321e-02 -4.1732735016e-01 2.1508503441e-01
-8.0992674483e-02 -4.1732608375e-01 2.1508500076e-01
-8.0993097738e-02 -4.1732625795e-01 2.1508547970e-01
-8.0991792355e-02 -4.1732747024e-01 2.1508460882e-01
-8.0992208723e-02 -4.1732761901e-01 2.1508506822e-01
1.0872696856e-01 -1.9326727160e-01 -8.0199532157e-02
1.0872757578e-01 -1.9326676767e-01 -8.0199652128e-02
1.0872635420e-01 -1.9326304077e-01 -8.0198613592e-02
1.0872701378e-01 -1.9326254691e-01 -8.0198743034e-02
1.0873118826e-01 -1.9326685832e-01 -8.0198914326e-02
1.0873186950e-01 -1.9326635672e-01 -8.0199018110e-02
1.0873064909e-01 -1.9326263351e-01 -8.0198033063e-02
1.0873123606e-01 -1.9326214769e-01 -8.0198143866e-02
3.6189078591e-01 -7.6588859629e-02 7.0457621586e-02
3.6189068199e-01 -7.6590053251e-02 7.0458093847e-02
3.6188957987e-01 -7.6589267512e-02 7.0457614871e-02
3.6188947660e-01 -7.6590471055e-02 7.0458102460e-02
3.6189227577e-01 -7.6588968125e-02 7.0457680061e-02
3.6189216364e-01 -7.6590170564e-02 7.0458139343e-02
3.6189106984e-01 -7.6589375731e-02 7.0457672909e-02
3.6189095430e-01 -7.6590586470e-02 7.0458146695e-02
2.6217300770e-01 -3.0626096149e-01 -5.1578839465e-02
2.6217442276e-01 -3.0626032806e-01 -5.1576660798e-02
2.6217208772e-01 -3.0625969071e-01 -5.1578598518e-02
2.6217343479e-01 -3.0625908179e-01 -5.1576412298e-02
2.6216974249e-01 -3.0626081383e-01 -5.1578794427e-02
2.6217098647e-01 -3.0625998751e-01 -5.1576865374e-02
2.6216870193e-01 -3.0625952851e-01 -5.1578503863e-02
2.6216999580e-01 -3.0625870080e-01 -5.1576579532e-02
-2.5125685540e-01 -7.7210961634e-02 -3.8713532999e-01
-2.5125701446e-01 -7.7212519751e-02 -3.8713489576e-01
-2.5125719265e-01 -7.7210905610e-02 -3.8713555124e-01
-2.5125736086e-01 -7.7212466049e-02 -3.8713512707e-01
-2.5125463687e-01 -7.7211205320e-02 -3.8713463935e-01
-2.5125476528e-01 -7.7212780461e-02 -3.8713417709e-01
-2.5125498537e-01 -7.7211142969e-02 -3.8713485220e-01
-2.5125512303e-01 -7.7212720308e-02 -3.8713439984e-01
1.8483324576e+00 -9.3408364852e-01 -1.0776542548e+00
1.8483319333e+00 -9.3408312270e-01 -1.0776524105e+00
1.8483280611e+00 -9.3407796066e-01 -1.0776501773e+00
1.8483273808e+00 -9.3407703069e-01 -1.0776483545e+00
1.8483346053e+00 -9.3408390976e-01 -1.0776545542e+00
1.8483340367e+00 -9.3408343861e-01 -1.0776528020e+00
1.8483301381e+00 -9.3407822592e-01 -1.0776505026e+00
1.8483294701e+00 -9.3407737750e-01 -1.0776487145e+00
5.4414291160e-02 -7.2421000270e-03 -5.2031903993e-01
5.4413438745e-02 -7.2415246359e-03 -5.2031721429e-01
5.4414896756e-02 -7.2415904667e-03 -5.2032042863e-01
5.4414026501e-02 -7.2408392943e-03 -5.2031862675e-01
5.4413944558e-02 -7.2414640801e-03 -5.2031913442e-01
5.4413056295e-02 -7.2409976426e-03 -5.2031741366e-01
5.4414545654e-02 -7.2409734677e-03 -5.2032053662e-01
5.4413638066e-02 -7.2403076241e-03 -5.2031881735e-01
-1.1617792428e+00 -7.0704655111e-01 -3.1266463771e-01
-1.1617808478e+00 -7.0704638445e-01 -3.1266635348e-01
-1.1617769313e+00 -7.0704046109e-01 -3.1266513649e-01
-1.1617785389e+00 -7.0704027783e-01 -3.1266685781e-01
-1.1617855992e+00 -7.0704720793e-01 -3.1266500552e-01
-1.1617872686e+00 -7.0704706042e-01 -3.1266686451e-01
-1.1617835021e+00 -7.0704108322e-01 -3.1266550849e-01
-1.1617850916e+00 -7.0704089915e-01 -3.1266724437e-01
1.0910714182e+00 2.4759276787e-01 4.2423410192e-01
1.0910716082e+00 2.4759300346e-01 4.2423480729e-01
1.0910724293e+00 2.4759173722e-01 4.2423494210e-01
1.0910726345e+00 2.4759199559e-01 4.2423567516e-01
1.0910709781e+00 2.4759398582e-01 4.2423319184e-01
1.0910711665e+00 2.4759429362e-01 4.2423392486e-01
1.0910720062e+00 2.4759295141e-01 4.2423403631e-01
1.0910721974e+00 2.4759323912e-01 4.2423477063e-01
-9.1382579908e-02 -1.1253394065e-01 1.9275689822e-01
-9.1382759708e-02 -1.1253360507e-01 1.9275592505e-01
-9.1382847345e-02 -1.1253244141e-01 1.9275723864e-01
-9.1383039327e-02 -1.1253210812e-01 1.9275625823e-01
-9.1381826001e-02 -1.1253337010e-01 1.9275663659e-01
-9.1382024873e-02 -1.1253304706e-01 1.9275570119e-01
-9.1382090832e-02 -1.1253186844e-01 1.9275697647e-01
-9.1382305594e-02 -1.1253154994e-01 1.9275603022e-01
-8.0298401016e-01 2.7767077401e-01 2.5516548024e-01
-8.0298372394e-01 2.7767095062e-01 2.5516484776e-01
-8.0298349706e-01 2.7767173803e-01 2.5516647155e-01
-8.0298320864e-01 2.7767191481e-01 2.5516583905e-01
-8.0298194880e-01 2.7766945939e-01 2.5516444135e-01
-8.0298166658e-01 2.7766963515e-01 2.5516381235e-01
-8.0298146728e-01 2.7767052579e-01 2.5516542658e-01
-8.0298118302e-01 2.7767070141e-01 2.5516479787e-01
-1.2496999388e-01 -7.1934332066e-01 -4.4886252442e-02
-1.2497070759e-01 -7.1934264882e-01 -4.4885273221e-02
-1.2497012003e-01 -7.1933752835e-01 -4.4884407797e-02
-1.2497097212e-01 -7.1933678323e-01 -4.4883539248e-02
-1.2497526005e-01 -7.1934250936e-01 -4.4885452967e-02
-1.2497609747e-01 -7.1934163242e-01 -4.4884619051e-02
-1.2497557084e-01 -7.1933654865e-01 -4.4883624956e-02
-1.2497638262e-01 -7.1933571936e-01 -4.4882860302e-02
1.6166277424e-01 1.6940038431e-01 2.2649854429e-01
1.6166220594e-01 1.6940023672e-01 2.2649618154e-01
1.6166104848e-01 1.6939964013e-01 2.2650002616e-01
1.6166047735e-01 1.6939948541e-01 2.2649766687e-01
1.6166364292e-01 1.6939980989e-01 2.2649788117e-01
1.6166307777e-01 1.6939959181e-01 2.2649554900e-01
1.6166194205e-01 1.6939911059e-01 2.2649934794e-01
1.6166137406e-01 1.6939888547e-01 2.2649701929e-01
-3.2807574355e-01 4.6944144421e-01 4.8039802141e-01
-3.2807727516e-01 4.6943937993e-01 4.8039341714e-01
-3.2807505216e-01 4.6944279878e-01 4.8039867477e-01
-3.2807659251e-01 4.6944073839e-01 4.8039407617e-01
-3.2807345188e-01 4.6944121967e-01 4.8039793210e-01
-3.2807490911e-01 4.6943911309e-01 4.8039326569e-01
-3.2807264510e-01 4.6944255389e-01 4.8039859475e-01
-3.2807419173e-01 4.6944046070e-01 4.8039393749e-01
-2.8188559014e-01 7.3544762810e-02 -1.1254235922e-01
-2.8188567740e-01 7.3545790746e-02 -1.1254298533e-01
-2.8188583069e-01 7.3542473492e-02 -1.1254134871e-01
-2.8188592276e-01 7.3543491464e-02 -1.1254197394e-01
-2.8188515890e-01 7.3544664059e-02 -1.1254292237e-01
-2.8188525487e-01 7.3545706871e-02 -1.1254355694e-01
-2.8188541554e-01 7.3542377966e-02 -1.1254189807e-01
-2.8188551411e-01 7.3543412299e-02 -1.1254253370e-01
3.3824351825e-01 -4.3142510426e-01 -1.7448013399e-01
3.3824448880e-01 -4.3142276624e-01 -1.7448444699e-01
3.3824239920e-01 -4.3141833633e-01 -1.7448232303e-01
3.3824341449e-01 -4.3141596715e-01 -1.7448657744e-01
3.3824478202e-01 -4.3142550358e-01 -1.7448048679e-01
3.3824582873e-01 -4.3142309326e-01 -1.7448473724e-01
3.3824367387e-01 -4.3141871467e-01 -1.7448272860e-01
3.3824479826e-01 -4.3141626818e-01 -1.7448688559e-01
5.2453574358e-01 7.8188747090e-02 2.6148853471e-01
5.2453627411e-01 7.8189898478e-02 2.6149161659e-01
5.2453521986e-01 7.8188955102e-02 2.6148961183e-01
5.2453572889e-01 7.8190114248e-02 2.6149273210e-01
5.2453738359e-01 7.8189755791e-02 2.6148951285e-01
5.2453792047e-01 7.8190947224e-02 2.6149260654e-01
5.2453685158e-01 7.8189950391e-02 2.6149062320e-01
5.2453735585e-01 7.8191153830e-02 2.6149375703e-01
-2.5447254515e-01 5.1484927757e-01 4.3223689595e-01
-2.5446933035e-01 5.1484664784e-01 4.3223355377e-01
-2.5447158497e-01 5.1484778255e-01 4.3223756373e-01
-2.5446833703e-01 5.1484510157e-01 4.3223420618e-01
-2.5447318313e-01 5.1484800161e-01 4.3223666448e-01
-2.5446997920e-01 5.1484537601e-01 4.3223330214e-01
-2.5447218345e-01 5.1484645603e-01 4.3223732776e-01
-2.5446898195e-01 5.1484383261e-01 4.3223396971e-01
-3.1163911741e-01 4.9129543227e-01 2.0796340228e-01
-3.1163984999e-01 4.9129482688e-01 2.0796212874e-01
-3.1163973055e-01 4.9129481263e-01 2.0796386482e-01
-3.1164047757e-01 4.9129422850e-01 2.0796260501e-01
-3.1163941995e-01 4.9129519929e-01 2.0796389625e-01
-3.1164013905e-01 4.9129448846e-01 2.0796264433e-01
-3.1164006730e-01 4.9129459539e-01 2.0796437511e-01
-3.1164080083e-01 4.9129390581e-01 2.0796313693e-01
-3.4085737201e-01 -4.7203421930e-01 -1.8185022667e-01
-3.4085732738e-01 -4.7203307976e-01 -1.8185123175e-01
-3.4085665013e-01 -4.7203687329e-01 -1.8184995610e-01
-3.4085661222e-01 -4.7203572813e-01 -1.8185095936e-01
-3.4085905562e-01 -4.7203315816e-01 -1.8184948381e-01
-3.4085912280e-01 -4.7203208385e-01 -1.8185054149e-01
-3.4085836073e-01 -4.7203582288e-01 -1.8184917426e-01
-3.4085842836e-01 -4.7203475032e-01 -1.8185024029e-01
2.4309904849e-01 1.3778902909e-01 3.2647466724e-01
2.4309823258e-01 1.3778907430e-01 3.2647114755e-01
2.4309934005e-01 1.3779664632e-01 3.2647398663e-01
2.4309854109e-01 1.3779656317e-01 3.2647053610e-01
2.4310304507e-01 1.3778876342e-01 3.2647497602e-01
2.4310222886e-01 1.3778880768e-01 3.2647145699e-01
2.4310330483e-01 1.3779638600e-01 3.2647429362e-01
2.4310243517e-01 1.3779625442e-01 3.2647079763e-01
-7.2223021325e-03 -2.2547736880e-01 6.1676138517e-02
-7.2218600822e-03 -2.2547746715e-01 6.1673629514e-02
-7.2220805623e-03 -2.2547944558e-01 6.1677649852e-02
-7.2216399085e-03 -2.2547954375e-01 6.1675137582e-02
-7.2192426089e-03 -2.2547672515e-01 6.1676394314e-02
-7.2188017556e-03 -2.2547682824e-01 6.1673884553e-02
-7.2190411778e-03 -2.2547880121e-01 6.1677896949e-02
-7.2186017597e-03 -2.2547890403e-01 6.1675383927e-02
2.6112950849e-01 5.7216090500e-01 5.1198004953e-01
2.6112929352e-01 5.7216080185e-01 5.1197943971e-01
2.6113331315e-01 5.7216605302e-01 5.1198381768e-01
2.6113312154e-01 5.7216590975e-01 5.1198320027e-01
2.6112847866e-01 5.7216131500e-01 5.1198010017e-01
2.6112824076e-01 5.7216120787e-01 5.1197948585e-01
2.6113229133e-01 5.7216647530e-01 5.1198387973e-01
2.6113210059e-01 5.7216633209e-01 5.1198326222e-01
1.3843433018e+00 -7.3173704035e-01 -8.7878753155e-01
1.3843441680e+00 -7.3173740250e-01 -8.7878922370e-01
1.3843428418e+00 -7.3173816770e-01 -8.7878760607e-01
1.3843436596e+00 -7.3173848829e-01 -8.7878930502e-01
1.3843341628e+00 -7.3173295153e-01 -8.7878132478e-01
1.3843349362e+00 -7.3173329207e-01 -8.7878305195e-01
1.3843336789e+00 -7.3173399151e-01 -8.7878142963e-01
1.3843344823e+00 -7.3173436399e-01 -8.7878312788e-01
-6.3023599152e-01 2.1576833593e-02 8.1003100890e-01
-6.3023625834e-01 2.1577221219e-02 8.1003044465e-01
-6.3023562972e-01 2.1575672513e-02 8.1003115611e-01
-6.3023591053e-01 2.1576040536e-02 8.1003060801e-01
-6.3023384656e-01 2.1576246968e-02 8.1003105352e-01
-6.3023411187e-01 2.1576632659e-02 8.1003049397e-01
-6.3023348505e-01 2.1575085718e-02 8.1003120081e-01
-6.3023375919e-01 2.1575445488e-02 8.1003065492e-01
-5.8487681958e-03 -1.3584520236e+00 8.5678074318e-01
-5.8480998072e-03 -1.3584517108e+00 8.5677878093e-01
-5.8485678823e-03 -1.3584489166e+00 8.5678069802e-01
-5.8479099470e-03 -1.3584486095e+00 8.5677873938e-01
-5.8498951993e-03 -1.3584519013e+00 8.5678052272e-01
-5.8492027312e-03 -1.3584516146e+00 8.5677857932e-01
-5.8497228507e-03 -1.3584487916e+00 8.5678050111e-01
-5.8490155913e-03 -1.3584485151e+00 8.5677854154e-01
-7.4439267961e-01 -3.0999753518e-01 1.1852386605e+00
-7.4439482463e-01 -3.0999564015e-01 1.1852459029e+00
-7.4439160562e-01 -3.0999946707e-01 1.1852381305e+00
-7.4439375327e-01 -3.0999755371e-01 1.1852453966e+00
-7.4440114413e-01 -3.0999545975e-01 1.1852417070e+00
-7.4440333186e-01 -3.0999363210e-01 1.1852490218e+00
-7.4440004324e-01 -3.0999745354e-01 1.1852412002e+00
-7.4440225052e-01 -3.0999559115e-01 1.1852485091e+00
-1.0990872808e+00 -1.8543591111e+00 8.5195759116e-02
-1.0990893873e+00 -1.8543586907e+00 8.5192892313e-02
-1.0990868051e+00 -1.8543528314e+00 8.5198439295e-02
-1.0990889132e+00 -1.8543523953e+00 8.5195573686e-02
-1.0990872289e+00 -1.8543595336e+00 8.5195498352e-02
-1.0990893397e+00 -1.8543592524e+00 8.5192717433e-02
-1.0990867134e+00 -1.8543532567e+00 8.5198224358e-02
-1.0990888254e+00 -1.8543529594e+00 8.5195444861e-02
1.6227728843e-01 -2.2468142694e-01 1.2967696728e+00
1.6227800424e-01 -2.2468335248e-01 1.2967745672e+00
1.6227657178e-01 -2.2468516259e-01 1.2967728653e+00
1.6227731849e-01 -2.2468711214e-01 1.2967777941e+00
1.6227867397e-01 -2.2468252669e-01 1.2967697192e+00
1.6227938108e-01 -2.2468445612e-01 1.2967746109e+00
1.6227796241e-01 -2.2468626129e-01 1.2967729083e+00
1.6227869436e-01 -2.2468821346e-01 1.2967778270e+00
-5.3718447173e-01 -4.2155491884e-01 9.7072734088e-01
-5.3718290192e-01 -4.2155455250e-01 9.7072464568e-01
-5.3718423255e-01 -4.2155401754e-01 9.7072639653e-01
-5.3718268377e-01 -4.2155376515e-01 9.7072376273e-01
-5.3718487727e-01 -4.2155339922e-01 9.7072660379e-01
-5.3718332146e-01 -4.2155303941e-01 9.7072389479e-01
-5.3718465218e-01 -4.2155250449e-01 9.7072564777e-01
-5.3718308793e-01 -4.2155224539e-01 9.7072302396e-01
-3.4012970480e-01 1.4869769999e-01 -9.0346655499e-01
-3.4013169245e-01 1.4869850516e-01 -9.0347047945e-01
-3.4013047576e-01 1.4869327247e-01 -9.0346951761e-01
-3.4013247081e-01 1.4869409114e-01 -9.0347342976e-01
-3.4012949285e-01 1.4869775247e-01 -9.0346696771e-01
-3.4013148073e-01 1.4869855769e-01 -9.0347089235e-01
-3.4013026329e-01 1.4869332498e-01 -9.0346994627e-01
-3.4013225924e-01 1.4869414411e-01 -9.0347385844e-01
2.9581263159e+00 1.1383376655e+00 2.7999749311e+00
2.9581257727e+00 1.1383373435e+00 2.7999735117e+00
2.9581298002e+00 1.1383434523e+00 2.7999758857e+00
2.9581292224e+00 1.1383430986e+00 2.7999744643e+00
2.9581252134e+00 1.1383378664e+00 2.7999752833e+00
2.9581246731e+00 1.1383375370e+00 2.7999738594e+00
2.9581287322e+00 1.1383436317e+00 2.7999762615e+00
2.9581281598e+00 1.1383432702e+00 2.7999748359e+00
-1.9549816925e-01 -2.6920103897e-01 -1.3726344903e+00
-1.9549631649e-01 -2.6920302433e-01 -1.3726417102e+00
-1.9549935474e-01 -2.6920073261e-01 -1.3726333475e+00
-1.9549749177e-01 -2.6920271206e-01 -1.3726405366e+00
-1.9549900858e-01 -2.6920165438e-01 -1.3726328440e+00
-1.9549715782e-01 -2.6920363557e-01 -1.3726400633e+00
-1.9550017319e-01 -2.6920133787e-01 -1.3726317235e+00
-1.9549831838e-01 -2.6920331364e-01 -1.3726389104e+00
1.1583622994e-02 1.3381248759e-01 7.1338844159e-01
1.1583770427e-02 1.3381045452e-01 7.1338632788e-01
1.1583305520e-02 1.3380911737e-01 7.1338848824e-01
1.1583460313e-02 1.3380711218e-01 7.1338641228e-01
1.1575118116e-02 1.3381281791e-01 7.1339007918e-01
1.1575275843e-02 1.3381078558e-01 7.1338803630e-01
1.1574824117e-02 1.3380942381e-01 7.1339006566e-01
1.1574977847e-02 1.3380740565e-01 7.1338805396e-01
2.8568533896e-01 1.2578287232e+00 1.2975421867e+00
2.8568584483e-01 1.2578276214e+00 1.2975414203e+00
2.8568772084e-01 1.2578262561e+00 1.2975412485e+00
2.8568822613e-01 1.2578251658e+00 1.2975404942e+00
2.8568654583e-01 1.2578290946e+00 1.2975413192e+00
2.8568703514e-01 1.2578279767e+00 1.2975405771e+00
2.8568892538e-01 1.2578266315e+00 1.2975403806e+00
2.8568942257e-01 1.2578255243e+00 1.2975396427e+00
4.1995838659e-01 4.0419242268e-01 1.4521891725e+00
4.1995887570e-01 4.0419261039e-01 1.4521882735e+00
4.1995906600e-01 4.0419041228e-01 1.4521890120e+00
4.1995955643e-01 4.0419059856e-01 1.4521881136e+00
4.1996333681e-01 4.0419165774e-01 1.4521885600e+00
4.1996389324e-01 4.0419188466e-01 1.4521877152e+00
4.1996401967e-01 4.0418964487e-01 1.4521883989e+00
4.1996457859e-01 4.0418987442e-01 1.4521875534e+00
-1.4207464086e-01 2.0924075269e+00 -1.3976649399e+00
-1.4207445870e-01 2.0924081006e+00 -1.3976649540e+00
-1.4207624782e-01 2.0924025310e+00 -1.3976673256e+00
-1.4207604459e-01 2.0924030957e+00 -1.3976673659e+00
-1.4206873992e-01 2.0924070960e+00 -1.3976662254e+00
-1.4206859196e-01 2.0924076682e+00 -1.3976662581e+00
-1.4207037766e-01 2.0924020964e+00 -1.3976686392e+00
-1.4207014644e-01 2.0924026661e+00 -1.3976686435e+00
-5.9529728136e-01 6.5595988468e-01 1.4584140294e+00
-5.9529825658e-01 6.5595859551e-01 1.4584114648e+00
-5.9529676222e-01 6.5595856120e-01 1.4584135560e+00
-5.9529772911e-01 6.5595726051e-01 1.4584109895e+00
-5.9530490050e-01 6.5596103692e-01 1.4584147945e+00
-5.9530581787e-01 6.5595977605e-01 1.4584122843e+00
-5.9530431926e-01 6.5595975035e-01 1.4584143859e+00
-5.9530528586e-01 6.5595842479e-01 1.4584118113e+00
2.2300714382e-01 7.5940781353e-01 6.2290521062e-01
2.2300538171e-01 7.5940970939e-01 6.2290210348e-01
2.2300760929e-01 7.5940733612e-01 6.2290699968e-01
2.2300582389e-01 7.5940924628e-01 6.2290385286e-01
2.2299679761e-01 7.5940900831e-01 6.2290090634e-01
2.2299494271e-01 7.5941087070e-01 6.2289771968e-01
2.2299724609e-01 7.5940853312e-01 6.2290265572e-01
2.2299540819e-01 7.5941035341e-01 6.2289950626e-01
6.6286213013e-02 -5.8937712095e-01 8.4044752690e-02
6.6287317125e-02 -5.8937614065e-01 8.4040884661e-02
6.6285297915e-02 -5.8938134418e-01 8.4046845273e-02
6.6286475041e-02 -5.8938040890e-01 8.4042926604e-02
6.6287071808e-02 -5.8937649152e-01 8.4045985247e-02
6.6288161974e-02 -5.8937550546e-01 8.4042131163e-02
6.6286144777e-02 -5.8938070791e-01 8.4048089486e-02
6.6287319388e-02 -5.8937977377e-01 8.4044173276e-02
1.7270232708e-01 3.5577507996e-01 -2.9270405852e-01
1.7270218509e-01 3.5577530471e-01 -2.9270440946e-01
1.7270074454e-01 3.5577158622e-01 -2.9270522703e-01
1.7270063169e-01 3.5577182444e-01 -2.9270558000e-01
1.7270465091e-01 3.5577498987e-01 -2.9270411234e-01
1.7270450106e-01 3.5577521766e-01 -2.9270446745e-01
1.7270309717e-01 3.5577152073e-01 -2.9270529224e-01
1.7270297356e-01 3.5577175952e-01 -2.9270565602e-01
-4.3179253867e-01 -1.2468655245e+00 -5.0721608198e-01
-4.3179233534e-01 -1.2468646467e+00 -5.0722023726e-01
-4.3179329425e-01 -1.2468626537e+00 -5.0721563783e-01
-4.3179308218e-01 -1.2468617776e+00 -5.0721978877e-01
-4.3179046610e-01 -1.2468651339e+00 -5.0721525257e-01
-4.3179026966e-01 -1.2468642565e+00 -5.0721941157e-01
-4.3179122322e-01 -1.2468622542e+00 -5.0721480146e-01
-4.3179101853e-01 -1.2468613768e+00 -5.0721895757e-01
1.0394682798e-01 -3.1283538666e-01 4.5005884054e-01
1.0394802260e-01 -3.1283517794e-01 4.5005767538e-01
1.0394697026e-01 -3.1283711613e-01 4.5005449916e-01
1.0394816641e-01 -3.1283690231e-01 4.5005333704e-01
1.0394828141e-01 -3.1283637709e-01 4.5005842504e-01
1.0394947098e-01 -3.1283627602e-01 4.5005732205e-01
1.0394843516e-01 -3.1283809059e-01 4.5005408209e-01
1.0394962467e-01 -3.1283798938e-01 4.5005297892e-01
-1.9656545926e-01 7.1060991860e-01 -4.2490170229e-01
-1.9656724109e-01 7.1060785109e-01 -4.2490751414e-01
-1.9656571674e-01 7.1061802689e-01 -4.2489925504e-01
-1.9656748437e-01 7.1061600927e-01 -4.2490504579e-01
-1.9656859343e-01 7.1061048556e-01 -4.2490163918e-01
-1.9657036256e-01 7.1060839920e-01 -4.2490750345e-01
-1.9656877393e-01 7.1061875606e-01 -4.2489923983e-01
-1.9657053824e-01 7.1061668712e-01 -4.2490510505e-01
4.2908987742e-01 -4.9189315085e-01 -9.7497799969e-01
4.2909131633e-01 -4.9189248461e-01 -9.7497619095e-01
4.2908916335e-01 -4.9189446510e-01 -9.7497855774e-01
4.2909062910e-01 -4.9189381284e-01 -9.7497675976e-01
4.2909107636e-01 -4.9189267462e-01 -9.7497881932e-01
4.2909253214e-01 -4.9189199583e-01 -9.7497701346e-01
4.2909039465e-01 -4.9189399213e-01 -9.7497939659e-01
4.2909181453e-01 -4.9189332437e-01 -9.7497756347e-01
-1.4579083518e-01 -3.8168995207e-01 -8.2762025425e-01
-1.4578831409e-01 -3.8168910890e-01 -8.2762307946e-01
-1.4579118167e-01 -3.8168447743e-01 -8.2762218873e-01
-1.4578864829e-01 -3.8168366449e-01 -8.2762505756e-01
-1.4578934075e-01 -3.8169043236e-01 -8.2762054916e-01
-1.4578683860e-01 -3.8168960310e-01 -8.2762334335e-01
-1.4578971358e-01 -3.8168496323e-01 -8.2762245947e-01
-1.4578720048e-01 -3.8168415862e-01 -8.2762529483e-01
-2.5690139351e-01 -1.0909377986e-02 2.9656372293e-02
-2.5690411045e-01 -1.0908664951e-02 2.9654286489e-02
-2.5689940389e-01 -1.0906334588e-02 2.9655916666e-02
-2.5690212415e-01 -1.0905562617e-02 2.9653820622e-02
-2.5690765458e-01 -1.0911806985e-02 2.9658298656e-02
-2.5691036698e-01 -1.0911044410e-02 2.9656222438e-02
-2.5690574885e-01 -1.0908716100e-02 2.9657766253e-02
-2.5690845103e-01 -1.0907932181e-02 2.9655696558e-02
-1.0038174199e+00 6.1783749473e-01 2.6422114044e-01
-1.0038175610e+00 6.1783732216e-01 2.6421688900e-01
-1.0038173199e+00 6.1783961996e-01 2.6422069569e-01
-1.0038174454e+00 6.1783943165e-01 2.6421647122e-01
-1.0038108776e+00 6.1783425602e-01 2.6421678596e-01
-1.0038110198e+00 6.1783408098e-01 2.6421254295e-01
-1.0038107770e+00 6.1783637711e-01 2.6421634361e-01
-1.0038109007e+00 6.1783618743e-01 2.6421212824e-01
8.5410974162e-01 2.9233017780e-01 2.7157324775e-02
8.5410971781e-01 2.9232740333e-01 2.7153717728e-02
8.5410847221e-01 2.9233011289e-01 2.7156657068e-02
8.5410844512e-01 2.9232734239e-01 2.7153046931e-02
8.5411076334e-01 2.9232870565e-01 2.7158737156e-02
8.5411073583e-01 2.9232593564e-01 2.7155123732e-02
8.5410951076e-01 2.9232868292e-01 2.7158064772e-02
8.5410948163e-01 2.9232591145e-01 2.7154447205e-02
-4.8946761616e-01 4.1543672456e-01 -4.7913285767e-01
-4.8946595341e-01 4.1543809943e-01 -4.7913596204e-01
-4.8946855212e-01 4.1543355459e-01 -4.7913341870e-01
-4.8946689199e-01 4.1543492630e-01 -4.7913651655e-01
-4.8947256509e-01 4.1543733172e-01 -4.7913174300e-01
-4.8947086465e-01 4.1543867064e-01 -4.7913487533e-01
-4.8947353480e-01 4.1543417008e-01 -4.7913228360e-01
-4.8947183337e-01 4.1543550804e-01 -4.7913540726e-01
1.0606277704e+00 4.8420259262e-01 -8.5821813748e-01
1.0606288760e+00 4.8420307857e-01 -8.5821876443e-01
1.0606289158e+00 4.8420300137e-01 -8.5821613394e-01
1.0606300105e+00 4.8420348094e-01 -8.5821675106e-01
1.0606281016e+00 4.8420361345e-01 -8.5821871570e-01
1.0606292081e+00 4.8420410639e-01 -8.5821934108e-01
1.0606292670e+00 4.8420403751e-01 -8.5821671098e-01
1.0606303597e+00 4.8420454522e-01 -8.5821733726e-01
-1.0993336984e+00 1.0728629617e+00 4.0338096877e-02
-1.0993329165e+00 1.0728613561e+00 4.0330525818e-02
-1.0993333282e+00 1.0728595596e+00 4.0337343457e-02
-1.0993324575e+00 1.0728579850e+00 4.0329830654e-02
-1.0993297363e+00 1.0728620129e+00 4.0338134923e-02
-1.0993289480e+00 1.0728604194e+00 4.0330588155e-02
-1.0993293670e+00 1.0728586098e+00 4.0337381797e-02
-1.0993284899e+00 1.0728570473e+00 4.0329893249e-02
2.7713919415e-01 -1.6447872979e+00 1.0484169180e-01
2.7713595566e-01 -1.6447864914e+00 1.0483778078e-01
2.7713904711e-01 -1.6447919148e+00 1.0484133585e-01
2.7713580882e-01 -1.6447911087e+00 1.0483742480e-01
2.7714054925e-01 -1.6447866784e+00 1.0484520479e-01
2.7713731058e-01 -1.6447858719e+00 1.0484129306e-01
2.7714041737e-01 -1.6447912553e+00 1.0484483880e-01
2.7713717830e-01 -1.6447904490e+00 1.0484092739e-01
9.1018398061e-01 4.6318397297e-02 -7.0192831259e-01
9.1018585998e-01 4.6318891830e-02 -7.0193182273e-01
9.1018479073e-01 4.6315740827e-02 -7.0192842619e-01
9.1018666283e-01 4.6316236860e-02 -7.0193193269e-01
9.1018304992e-01 4.6317604613e-02 -7.0192892793e-01
9.1018490331e-01 4.6318138056e-02 -7.0193239560e-01
9.1018384960e-01 4.6314925763e-02 -7.0192901475e-01
9.1018571496e-01 4.6315450555e-02 -7.0193249468e-01
-1.0736419632e+00 -1.4896513320e-01 -1.3210718090e+00
-1.0736423704e+00 -1.4896536179e-01 -1.3210730944e+00
-1.0736422851e+00 -1.4896039515e-01 -1.3210727660e+00
-1.0736426652e+00 -1.4896061869e-01 -1.3210740709e+00
-1.0736423435e+00 -1.4896601744e-01 -1.3210709985e+00
-1.0736427577e+00 -1.4896624274e-01 -1.3210722871e+00
-1.0736426739e+00 -1.4896123452e-01 -1.3210719484e+00
-1.0736430528e+00 -1.4896144804e-01 -1.3210732494e+00
-6.1691116796e-01 7.1942459980e-01 -3.1636005207e-01
-6.1691209031e-01 7.1942603270e-01 -3.1635302532e-01
-6.1691111864e-01 7.1942277351e-01 -3.1636016418e-01
-6.1691215626e-01 7.1942411988e-01 -3.1635314640e-01
-6.1691193829e-01 7.1942640294e-01 -3.1636140090e-01
-6.1691286712e-01 7.1942778360e-01 -3.1635437576e-01
-6.1691192582e-01 7.1942451562e-01 -3.1636152083e-01
-6.1691293079e-01 7.1942588703e-01 -3.1635450195e-01
-9.3640231665e-01 3.9469028891e-01 5.6602700830e-01
-9.3640329072e-01 3.9469275396e-01 5.6603434817e-01
-9.3640295575e-01 3.9468966440e-01 5.6602644399e-01
-9.3640393847e-01 3.9469216289e-01 5.6603379071e-01
-9.3639386103e-01 3.9468902055e-01 5.6602656049e-01
-9.3639490905e-01 3.9469151924e-01 5.6603386635e-01
-9.3639450498e-01 3.9468838257e-01 5.6602599092e-01
-9.3639556268e-01 3.9469092214e-01 5.6603329994e-01
-6.5947203002e-01 -9.8587857468e-02 -6.7277788924e-02
-6.5947164155e-01 -9.8588617103e-02 -6.7278124541e-02
-6.5947082926e-01 -9.8590405132e-02 -6.7277756274e-02
-6.5947044011e-01 -9.8591167247e-02 -6.7278091708e-02
-6.5947223635e-01 -9.8587630330e-02 -6.7278393970e-02
-6.5947178278e-01 -9.8588346421e-02 -6.7278684895e-02
-6.5947104860e-01 -9.8590173225e-02 -6.7278368708e-02
-6.5947059478e-01 -9.8590890119e-02 -6.7278660277e-02
2.8908702716e+00 6.4856016696e-01 1.4500142348e+00
2.8908704858e+00 6.4856033436e-01 1.4500168313e+00
2.8908732827e+00 6.4856109264e-01 1.4500162295e+00
2.8908734464e+00 6.4856126165e-01 1.4500188165e+00
2.8908577782e+00 6.4855861771e-01 1.4500131498e+00
2.8908579945e+00 6.4855879063e-01 1.4500157386e+00
2.8908608143e+00 6.4855958073e-01 1.4500151557e+00
2.8908610163e+00 6.4855975520e-01 1.4500177771e+00
-2.5891296650e-01 -1.1854249370e+00 3.1098120920e-01
-2.5891304691e-01 -1.1854230782e+00 3.1099299298e-01
-2.5891298892e-01 -1.1854284327e+00 3.1098041914e-01
-2.5891313994e-01 -1.1854265768e+00 3.1099226393e-01
-2.5890934411e-01 -1.1854263503e+00 3.1098041823e-01
-2.5890945116e-01 -1.1854244694e+00 3.1099222477e-01
-2.5890938700e-01 -1.1854298157e+00 3.1097965902e-01
-2.5890954388e-01 -1.1854279676e+00 3.1099149526e-01
-2.3444565324e-01 1.7077160205e-01 5.4582126707e-01
-2.3444661382e-01 1.7077017582e-01 5.4582982755e-01
-2.3444423890e-01 1.7077478449e-01 5.4581873671e-01
-2.3444520109e-01 1.7077344405e-01 5.4582711293e-01
-2.3444568403e-01 1.7077100021e-01 5.4582110958e-01
-2.3444669129e-01 1.7076962437e-01 5.4582956213e-01
-2.3444434400e-01 1.7077420354e-01 5.4581847484e-01
-2.3444528665e-01 1.7077282616e-01 5.4582691135e-01
-6.2244743797e-01 -8.8310476189e-02 9.2661725325e-01
-6.2244574169e-01 -8.8310698697e-02 9.2662462555e-01
-6.2244617626e-01 -8.8313277949e-02 9.2661739345e-01
-6.2244449539e-01 -8.8313386834e-02 9.2662472955e-01
-6.2245429899e-01 -8.8309799303e-02 9.2661847434e-01
-6.2245270578e-01 -8.8310087950e-02 9.2662579131e-01
-6.2245309194e-01 -8.8312556538e-02 9.2661859900e-01
-6.2245151754e-01 -8.8312735694e-02 9.2662587170e-01
-4.7740057428e-01 9.3220368720e-01 1.0723661839e+00
-4.7739924716e-01 9.3220292977e-01 1.0723723456e+00
-4.7740069979e-01 9.3220372451e-01 1.0723656377e+00
-4.7739937790e-01 9.3220298377e-01 1.0723718100e+00
-4.7739925058e-01 9.3220073996e-01 1.0723674195e+00
-4.7739796843e-01 9.3219997907e-01 1.0723735948e+00
-4.7739934723e-01 9.3220078252e-01 1.0723668229e+00
-4.7739807088e-01 9.3220003708e-01 1.0723729944e+00
7.1600745009e-01 -1.0564998044e+00 -2.5257697213e-01
7.1600691557e-01 -1.0565021998e+00 -2.5257949840e-01
7.1600644417e-01 -1.0565014499e+00 -2.5257639196e-01
7.1600591116e-01 -1.0565038254e+00 -2.5257889540e-01
7.1601031812e-01 -1.0564974070e+00 -2.5257902744e-01
7.1600978330e-01 -1.0564998003e+00 -2.5258155419e-01
7.1600933536e-01 -1.0564990622e+00 -2.5257848131e-01
7.1600882750e-01 -1.0565014331e+00 -2.5258097915e-01
-7.1587553388e-01 -1.7444410470e-02 -1.4157179271e-01
-7.1587548382e-01 -1.7445346070e-02 -1.4157330540e-01
-7.1587652164e-01 -1.7445635646e-02 -1.4157177628e-01
-7.1587648666e-01 -1.7446561999e-02 -1.4157329721e-01
-7.1588309508e-01 -1.7443899082e-02 -1.4157415787e-01
-7.1588308836e-01 -1.7444899474e-02 -1.4157558536e-01
-7.1588414324e-01 -1.7445128913e-02 -1.4157414815e-01
-7.1588412520e-01 -1.7446136536e-02 -1.4157557105e-01
7.9914461358e-02 -6.1476569925e-01 9.8168668135e-01
7.9915732430e-02 -6.1476421703e-01 9.8168641260e-01
7.9914416618e-02 -6.1476622367e-01 9.8168613405e-01
7.9915688111e-02 -6.1476474501e-01 9.8168586708e-01
7.9906061585e-02 -6.1476612315e-01 9.8168667312e-01
7.9907394732e-02 -6.1476474573e-01 9.8168640574e-01
7.9905961532e-02 -6.1476670161e-01 9.8168614471e-01
7.9907293017e-02 -6.1476532454e-01 9.8168587520e-01
-2.2223849768e-01 -6.5720556057e-01 -3.9421246758e-01
-2.2223953125e-01 -6.5720509595e-01 -3.9421231135e-01
-2.2223822367e-01 -6.5719978332e-01 -3.9421089859e-01
-2.2223925012e-01 -6.5719929856e-01 -3.9421073097e-01
-2.2223408395e-01 -6.5720578735e-01 -3.9421262356e-01
-2.2223512651e-01 -6.5720536190e-01 -3.9421247685e-01
-2.2223378754e-01 -6.5719996354e-01 -3.9421102033e-01
-2.2223481269e-01 -6.5719951275e-01 -3.9421086306e-01
1.2041377473e+00 -1.0801182880e+00 -3.0350043020e-01
1.2041334006e+00 -1.0801169143e+00 -3.0348965253e-01
1.2041370149e+00 -1.0801203857e+00 -3.0350299682e-01
1.2041326556e+00 -1.0801190501e+00 -3.0349226352e-01
1.2041347318e+00 -1.0801164416e+00 -3.0350245404e-01
1.2041305031e+00 -1.0801150134e+00 -3.0349160529e-01
1.2041340124e+00 -1.0801186318e+00 -3.0350498584e-01
1.2041297773e+00 -1.0801172062e+00 -3.0349413581e-01
-5.3104419072e-01 -5.9224639607e-01 1.3790120750e-01
-5.3104173744e-01 -5.9224812280e-01 1.3791001654e-01
-5.3104352081e-01 -5.9224908781e-01 1.3790146038e-01
-5.3104106172e-01 -5.9225077612e-01 1.3791026124e-01
-5.3105255222e-01 -5.9224424608e-01 1.3789902413e-01
-5.3105009931e-01 -5.9224588960e-01 1.3790776229e-01
-5.3105187601e-01 -5.9224694766e-01 1.3789931160e-01
-5.3104938784e-01 -5.9224852060e-01 1.3790808179e-01
7.0830378186e-01 1.6651185853e+00 9.2375096321e-01
7.0830272978e-01 1.6651184012e+00 9.2376023967e-01
7.0830494866e-01 1.6651176715e+00 9.2374928559e-01
7.0830393414e-01 1.6651174928e+00 9.2375856000e-01
7.0830368258e-01 1.6651175412e+00 9.2375170041e-01
7.0830264984e-01 1.6651173361e+00 9.2376098423e-01
7.0830490118e-01 1.6651166545e+00 9.2374999871e-01
7.0830390662e-01 1.6651164731e+00 9.2375928220e-01
-2.7591811382e-01 -7.4944788549e-01 2.3006088653e-01
-2.7591763752e-01 -7.4944753373e-01 2.3006172682e-01
-2.7592010549e-01 -7.4945257358e-01 2.3005941448e-01
-2.7591962361e-01 -7.4945223258e-01 2.3006027373e-01
-2.7592009429e-01 -7.4944833679e-01 2.3006083628e-01
-2.7591963417e-01 -7.4944796204e-01 2.3006167795e-01
-2.7592208182e-01 -7.4945302462e-01 2.3005937685e-01
-2.7592161561e-01 -7.4945265875e-01 2.3006023774e-01
-4.0578992070e-01 1.8054618007e+00 4.4183318942e-01
-4.0579324483e-01 1.8054603796e+00 4.4184223249e-01
-4.0578959325e-01 1.8054583782e+00 4.4183443030e-01
-4.0579291746e-01 1.8054569501e+00 4.4184345218e-01
-4.0578889537e-01 1.8054625099e+00 4.4183244238e-01
-4.0579224068e-01 1.8054610915e+00 4.4184148623e-01
-4.0578856439e-01 1.8054590933e+00 4.4183367772e-01
-4.0579191964e-01 1.8054576552e+00 4.4184271052e-01
-9.8453711931e-01 -2.5028599748e-01 -2.5865397968e-01
-9.8453903727e-01 -2.5028718143e-01 -2.5865195663e-01
-9.8453704264e-01 -2.5028664046e-01 -2.5865334095e-01
-9.8453894901e-01 -2.5028782752e-01 -2.5865131781e-01
-9.8453813355e-01 -2.5028619650e-01 -2.5865352345e-01
-9.8454005152e-01 -2.5028738041e-01 -2.5865150040e-01
-9.8453803319e-01 -2.5028685686e-01 -2.5865288604e-01
-9.8453994683e-01 -2.5028804647e-01 -2.5865086534e-01
-1.3634217211e+00 -1.5075102475e+00 9.9196675232e-01
-1.3634266337e+00 -1.5075149347e+00 9.9197804374e-01
-1.3634207793e+00 -1.5075043283e+00 9.9196146488e-01
-1.3634257279e+00 -1.5075090816e+00 9.9197277861e-01
-1.3634288501e+00 -1.5075110703e+00 9.9197154208e-01
-1.3634338391e+00 -1.5075158859e+00 9.9198279363e-01
-1.3634280001e+00 -1.5075052329e+00 9.9196622101e-01
-1.3634329650e+00 -1.5075099539e+00 9.9197751916e-01
1.7949534133e+00 -8.3158603066e-01 6.4125385000e-01
1.7949592479e+00 -8.3158701735e-01 6.4126016441e-01
1.7949542207e+00 -8.3158593004e-01 6.4125458978e-01
1.7949600551e+00 -8.3158691405e-01 6.4126090253e-01
1.7949540577e+00 -8.3158642505e-01 6.4125361130e-01
1.7949598670e+00 -8.3158740590e-01 6.4125992141e-01
1.7949548398e+00 -8.3158631484e-01 6.4125435177e-01
1.7949606726e+00 -8.3158730322e-01 6.4126066166e-01
2.3041290520e-01 -4.3662350856e-01 -4.6925361068e-01
2.3041282376e-01 -4.3662336041e-01 -4.6925474503e-01
2.3041309626e-01 -4.3662402020e-01 -4.6925326799e-01
2.3041302798e-01 -4.3662385020e-01 -4.6925440574e-01
2.3040862352e-01 -4.3662084011e-01 -4.6925436758e-01
2.3040858170e-01 -4.3662072053e-01 -4.6925549337e-01
2.3040880416e-01 -4.3662134423e-01 -4.6925402360e-01
2.3040877594e-01 -4.3662120405e-01 -4.6925515268e-01
-2.4245355411e-01 2.7962398721e-01 -7.0239783693e-01
-2.4245599848e-01 2.7962293230e-01 -7.0239701617e-01
-2.4245368361e-01 2.7962406206e-01 -7.0239785905e-01
-2.4245612835e-01 2.7962302003e-01 -7.0239706335e-01
-2.4245166020e-01 2.7962486411e-01 -7.0239745429e-01
-2.4245408884e-01 2.7962382043e-01 -7.0239664301e-01
-2.4245178739e-01 2.7962493671e-01 -7.0239747547e-01
-2.4245421530e-01 2.7962390603e-01 -7.0239668804e-01
-1.7452752929e-01 -7.0020369070e-02 -1.0171708825e+00
-1.7452671587e-01 -7.0018670527e-02 -1.0171725679e+00
-1.7452805783e-01 -7.0021894411e-02 -1.0171700277e+00
-1.7452725348e-01 -7.0020187247e-02 -1.0171717191e+00
-1.7452364445e-01 -7.0020230599e-02 -1.0171706408e+00
-1.7452280295e-01 -7.0018526350e-02 -1.0171723722e+00
-1.7452416790e-01 -7.0021755617e-02 -1.0171698019e+00
-1.7452334226e-01 -7.0020043008e-02 -1.0171715394e+00
5.5169795778e-01 -1.7709634962e+00 -7.3535374337e-01
5.5170069160e-01 -1.7709629337e+00 -7.3535051758e-01
5.5169726167e-01 -1.7709653540e+00 -7.3535265739e-01
5.5169995748e-01 -1.7709648080e+00 -7.3534940641e-01
5.5169020826e-01 -1.7709634338e+00 -7.3535361725e-01
5.5169294925e-01 -1.7709629178e+00 -7.3535035209e-01
5.5168951838e-01 -1.7709653432e+00 -7.3535256674e-01
5.5169221745e-01 -1.7709648244e+00 -7.3534927903e-01
-3.6908006121e-01 -3.0409392022e+00 -6.1560805813e-01
-3.6907934542e-01 -3.0409398567e+00 -6.1560838638e-01
-3.6907964489e-01 -3.0409400223e+00 -6.1560725239e-01
-3.6907893188e-01 -3.0409406551e+00 -6.1560759456e-01
-3.6908940603e-01 -3.0409451849e+00 -6.1560915157e-01
-3.6908868380e-01 -3.0409457935e+00 -6.1560950871e-01
-3.6908893373e-01 -3.0409459812e+00 -6.1560833372e-01
-3.6908826322e-01 -3.0409465884e+00 -6.1560868695e-01
1.2780013577e+00 1.4719416520e+00 2.6377640935e-01
1.2780032557e+00 1.4719455697e+00 2.6378478912e-01
1.2779989138e+00 1.4719380452e+00 2.6377620152e-01
1.2780008181e+00 1.4719419385e+00 2.6378458459e-01
1.2780017393e+00 1.4719424712e+00 2.6377653570e-01
1.2780036405e+00 1.4719463957e+00 2.6378490988e-01
1.2779993135e+00 1.4719388719e+00 2.6377628727e-01
1.2780012019e+00 1.4719427632e+00 2.6378471258e-01
3.0444176820e+00 1.7539361767e+00 -5.9011271322e-01
3.0444169457e+00 1.7539359186e+00 -5.9011306478e-01
3.0444194645e+00 1.7539335635e+00 -5.9011133388e-01
3.0444187330e+00 1.7539333183e+00 -5.9011168849e-01
3.0444265874e+00 1.7539413191e+00 -5.9011289405e-01
3.0444258231e+00 1.7539410890e+00 -5.9011323784e-01
3.0444283647e+00 1.7539387122e+00 -5.9011154801e-01
3.0444276053e+00 1.7539384934e+00 -5.9011189668e-01
-7.9352674505e-01 2.2193364669e-01 -1.1071756023e+00
-7.9352697177e-01 2.2193446655e-01 -1.1071758685e+00
-7.9352558091e-01 2.2193154795e-01 -1.1071747112e+00
-7.9352581877e-01 2.2193237465e-01 -1.1071749716e+00
-7.9352684448e-01 2.2193410120e-01 -1.1071737986e+00
-7.9352709544e-01 2.2193498039e-01 -1.1071740699e+00
-7.9352568187e-01 2.2193200995e-01 -1.1071729049e+00
-7.9352591594e-01 2.2193283510e-01 -1.1071731721e+00
-6.0184508107e-01 5.1340663206e-01 2.5044823611e-01
-6.0184593339e-01 5.1340565680e-01 2.5045064060e-01
-6.0184541039e-01 5.1340522629e-01 2.5045013113e-01
-6.0184627772e-01 5.1340422598e-01 2.5045253453e-01
-6.0183999002e-01 5.1340594009e-01 2.5044490656e-01
-6.0184083982e-01 5.1340496129e-01 2.5044731576e-01
-6.0184031989e-01 5.1340453448e-01 2.5044680245e-01
-6.0184116592e-01 5.1340356109e-01 2.5044921282e-01
1.1129880294e+00 -4.8631059863e-01 -8.9100608813e-01
1.1129879536e+00 -4.8631057884e-01 -8.9100824115e-01
1.1129885897e+00 -4.8631206870e-01 -8.9100574437e-01
1.1129885184e+00 -4.8631204822e-01 -8.9100789551e-01
1.1129885790e+00 -4.8631175336e-01 -8.9100644394e-01
1.1129885057e+00 -4.8631168530e-01 -8.9100857440e-01
1.1129891407e+00 -4.8631321940e-01 -8.9100610439e-01
1.1129890706e+00 -4.8631315562e-01 -8.9100823565e-01
-5.3576602625e-01 -3.8750810198e-01 -8.9855591601e-01
-5.3576524302e-01 -3.8750844251e-01 -8.9855459482e-01
-5.3576611554e-01 -3.8750759119e-01 -8.9855629483e-01
-5.3576536572e-01 -3.8750790983e-01 -8.9855501690e-01
-5.3577219376e-01 -3.8750995109e-01 -8.9855432135e-01
-5.3577141836e-01 -3.8751028964e-01 -8.9855300889e-01
-5.3577229833e-01 -3.8750943581e-01 -8.9855471196e-01
-5.3577155268e-01 -3.8750975624e-01 -8.9855344131e-01
-1.1837081533e+00 5.7079930531e-01 -1.0011223657e+00
-1.1837076703e+00 5.7079980436e-01 -1.0011226730e+00
-1.1837090852e+00 5.7079813943e-01 -1.0011225852e+00
-1.1837086053e+00 5.7079862595e-01 -1.0011229042e+00
-1.1837079784e+00 5.7079683087e-01 -1.0011222383e+00
-1.1837075178e+00 5.7079732980e-01 -1.0011225364e+00
-1.1837089244e+00 5.7079565794e-01 -1.0011224539e+00
-1.1837084477e+00 5.7079615549e-01 -1.0011227719e+00
-2.4713866632e+00 6.4699617236e-01 3.1023928655e-01
-2.4713874375e+00 6.4699503453e-01 3.1023886235e-01
-2.4713888061e+00 6.4699620283e-01 3.1024195371e-01
-2.4713895790e+00 6.4699506223e-01 3.1024153317e-01
-2.4713982759e+00 6.4699721539e-01 3.1024282629e-01
-2.4713991618e+00 6.4699600801e-01 3.1024235908e-01
-2.4714004243e+00 6.4699725808e-01 3.1024551259e-01
-2.4714013060e+00 6.4699606113e-01 3.1024504534e-01
2.1007651966e-01 -8.6200631112e-01 -6.2208286381e-01
2.1007673390e-01 -8.6200260693e-01 -6.2207748416e-01
2.1007563246e-01 -8.6200825679e-01 -6.2208241079e-01
2.1007577069e-01 -8.6200460324e-01 -6.2207708405e-01
2.1007722067e-01 -8.6200673052e-01 -6.2208540066e-01
2.1007743590e-01 -8.6200302644e-01 -6.2208002024e-01
2.1007633316e-01 -8.6200866166e-01 -6.2208497359e-01
2.1007646418e-01 -8.6200500389e-01 -6.2207964529e-01
5.9384537651e-02 -7.2506767156e-01 8.6565808054e-01
5.9384201743e-02 -7.2506884564e-01 8.6565849200e-01
5.9385045500e-02 -7.2507297021e-01 8.6565931860e-01
5.9384698097e-02 -7.2507413554e-01 8.6565972531e-01
5.9384536468e-02 -7.2506679787e-01 8.6565548668e-01
5.9384167687e-02 -7.2506799214e-01 8.6565586745e-01
5.9385045572e-02 -7.2507208056e-01 8.6565672478e-01
5.9384672358e-02 -7.2507326183e-01 8.6565710076e-01
-3.4009897959e-01 7.8948225579e-01 -1.0045584841e+00
-3.4009499401e-01 7.8947839148e-01 -1.0045453448e+00
-3.4009897255e-01 7.8948191791e-01 -1.0045574608e+00
-3.4009500550e-01 7.8947797927e-01 -1.0045442987e+00
-3.4009863743e-01 7.8948034037e-01 -1.0045589366e+00
-3.4009476120e-01 7.8947637704e-01 -1.0045458222e+00
-3.4009861588e-01 7.8947995932e-01 -1.0045579152e+00
-3.4009477352e-01 7.8947604687e-01 -1.0045447567e+00
1.4999113128e+00 -9.2198074183e-02 -1.5468951963e+00
1.4999045624e+00 -9.2200741240e-02 -1.5468845965e+00
1.4999095651e+00 -9.2202136581e-02 -1.5468916056e+00
1.4999027836e+00 -9.2204824345e-02 -1.5468809529e+00
1.4999160991e+00 -9.2195955346e-02 -1.5468986929e+00
1.4999093154e+00 -9.2198640332e-02 -1.5468880436e+00
1.4999143299e+00 -9.2200056290e-02 -1.5468951323e+00
1.4999075459e+00 -9.2202741493e-02 -1.5468844832e+00
3.0584888272e-01 9.7085847684e-02 8.1524534030e-01
3.0584884392e-01 9.7085882686e-02 8.1524627467e-01
3.0584906227e-01 9.7084407095e-02 8.1524723795e-01
3.0584904794e-01 9.7084489073e-02 8.1524818702e-01
3.0584899732e-01 9.7086758353e-02 8.1524594792e-01
3.0584895782e-01 9.7086792124e-02 8.1524688140e-01
3.0584920374e-01 9.7085328398e-02 8.1524785647e-01
3.0584918862e-01 9.7085410832e-02 8.1524880678e-01
-1.1750670242e-01 5.2430405837e-01 1.0255207281e+00
-1.1750589067e-01 5.2430489089e-01 1.0255206383e+00
-1.1750607219e-01 5.2430237637e-01 1.0255208792e+00
-1.1750524773e-01 5.2430317907e-01 1.0255207915e+00
-1.1751138883e-01 5.2430529011e-01 1.0255207030e+00
-1.1751060100e-01 5.2430612301e-01 1.0255206237e+00
-1.1751073440e-01 5.2430363494e-01 1.0255208557e+00
-1.1750993535e-01 5.2430443753e-01 1.0255207763e+00
-1.2416372089e+00 -4.6269742057e-01 -1.6517588320e-01
-1.2416369625e+00 -4.6270004536e-01 -1.6516652137e-01
-1.2416378008e+00 -4.6269732284e-01 -1.6517520120e-01
-1.2416376148e+00 -4.6269994647e-01 -1.6516582145e-01
-1.2416371736e+00 -4.6269749063e-01 -1.6517372593e-01
-1.2416369259e+00 -4.6270011476e-01 -1.6516429815e-01
-1.2416377604e+00 -4.6269739644e-01 -1.6517304265e-01
-1.2416375871e+00 -4.6270002137e-01 -1.6516359728e-01
1.2663976353e-02 2.9978788765e-01 2.1278173987e-01
1.2664496361e-02 2.9978771341e-01 2.1278068741e-01
1.2663430942e-02 2.9978673417e-01 2.1278085799e-01
1.2663951836e-02 2.9978655888e-01 2.1277980653e-01
1.2665695468e-02 2.9978747751e-01 2.1278375956e-01
1.2666214831e-02 2.9978730329e-01 2.1278271153e-01
1.2665139725e-02 2.9978633081e-01 2.1278287961e-01
1.2665659628e-02 2.9978615593e-01 2.1278183201e-01
1.3890757335e-01 5.2078903265e-01 1.4484613314e+00
1.3890592357e-01 5.2079074389e-01 1.4484638490e+00
1.3890781334e-01 5.2079243536e-01 1.4484584694e+00
1.3890613187e-01 5.2079418670e-01 1.4484609742e+00
1.3890341392e-01 5.2078876599e-01 1.4484618674e+00
1.3890174201e-01 5.2079061066e-01 1.4484642982e+00
1.3890362127e-01 5.2079232996e-01 1.4484589222e+00
1.3890196687e-01 5.2079411777e-01 1.4484613052e+00
-3.4370247781e-01 7.5519427336e-01 7.1607450699e-01
-3.4370229265e-01 7.5519318082e-01 7.1607713814e-01
-3.4370144727e-01 7.5520322625e-01 7.1607337532e-01
-3.4370126938e-01 7.5520209879e-01 7.1607599376e-01
-3.4370060908e-01 7.5519455642e-01 7.1607470771e-01
-3.4370042325e-01 7.5519346463e-01 7.1607733945e-01
-3.4369954797e-01 7.5520348373e-01 7.1607353066e-01
-3.4369937324e-01 7.5520235254e-01 7.1607614748e-01
-2.7246458483e-01 2.4738030543e-02 7.5838005033e-01
-2.7246464309e-01 2.4738054814e-02 7.5838039878e-01
-2.7246414052e-01 2.4737499689e-02 7.5838001145e-01
-2.7246419892e-01 2.4737523903e-02 7.5838035974e-01
-2.7246135101e-01 2.4738728922e-02 7.5838050618e-01
-2.7246140454e-01 2.4738753122e-02 7.5838084280e-01
-2.7246088772e-01 2.4738194929e-02 7.5838046610e-01
-2.7246093845e-01 2.4738214466e-02 7.5838080991e-01
9.7049252695e-01 1.9063153690e-01 7.1393001783e-01
9.7049270293e-01 1.9063041072e-01 7.1393701477e-01
9.7049324254e-01 1.9063607000e-01 7.1393057981e-01
9.7049337349e-01 1.9063513870e-01 7.1393745084e-01
9.7048912410e-01 1.9063068132e-01 7.1393214648e-01
9.7048926841e-01 1.9062951623e-01 7.1393910691e-01
9.7048977790e-01 1.9063511403e-01 7.1393273738e-01
9.7048992892e-01 1.9063419576e-01 7.1393963059e-01
-3.3509011083e-01 -1.6711582846e+00 1.6385771384e+00
-3.3508987466e-01 -1.6711580325e+00 1.6385773134e+00
-3.3508974890e-01 -1.6711632329e+00 1.6385799732e+00
-3.3508951909e-01 -1.6711629808e+00 1.6385801558e+00
-3.3509032631e-01 -1.6711600751e+00 1.6385773435e+00
-3.3509008100e-01 -1.6711598209e+00 1.6385775175e+00
-3.3508999349e-01 -1.6711650380e+00 1.6385802221e+00
-3.3508975499e-01 -1.6711647711e+00 1.6385803897e+00
-6.9835843747e-02 1.0940238770e-01 -2.7154559646e-02
-6.9836110140e-02 1.0940176274e-01 -2.7153836152e-02
-6.9835362091e-02 1.0940332479e-01 -2.7156105641e-02
-6.9835574265e-02 1.0940270702e-01 -2.7155380275e-02
-6.9834075897e-02 1.0940297164e-01 -2.7154618392e-02
-6.9834286446e-02 1.0940235226e-01 -2.7153885383e-02
-6.9833536641e-02 1.0940390788e-01 -2.7156161971e-02
-6.9833749104e-02 1.0940328924e-01 -2.7155435546e-02
5.7587417189e-01 1.6424715860e+00 4.0617261595e-01
5.7587657388e-01 1.6424714823e+00 4.0617567311e-01
5.7587325131e-01 1.6424676772e+00 4.0617422706e-01
5.7587562364e-01 1.6424675908e+00 4.0617727324e-01
5.7587265910e-01 1.6424711174e+00 4.0617254462e-01
5.7587505890e-01 1.6424710150e+00 4.0617559849e-01
5.7587176816e-01 1.6424672092e+00 4.0617419379e-01
5.7587413870e-01 1.6424671242e+00 4.0617723642e-01
3.2472558423e-01 9.2012173969e-01 -9.2441756682e-01
3.2472574594e-01 9.2012111335e-01 -9.2441648913e-01
3.2472660970e-01 9.2012899280e-01 -9.2442304025e-01
3.2472685545e-01 9.2012835238e-01 -9.2442204546e-01
3.2472732297e-01 9.2012366370e-01 -9.2442212378e-01
3.2472748695e-01 9.2012303770e-01 -9.2442104615e-01
3.2472834595e-01 9.2013092088e-01 -9.2442767357e-01
3.2472859517e-01 9.2013027962e-01 -9.2442668012e-01
1.1020866055e+00 -6.9195878664e-01 6.7238930219e-02
1.1020862599e+00 -6.9195815770e-01 6.7238978137e-02
1.1020854784e+00 -6.9195979414e-01 6.7239343266e-02
1.1020851951e+00 -6.9195920844e-01 6.7239344358e-02
1.1020815778e+00 -6.9195716186e-01 6.7237714055e-02
1.1020811611e+00 -6.9195651933e-01 6.7237785557e-02
1.1020804883e+00 -6.9195822587e-01 6.7238078206e-02
1.1020800786e+00 -6.9195758214e-01 6.7238145610e-02
6.2425999971e-01 4.4769080070e-01 -1.7449313175e+00
6.2425861515e-01 4.4769039550e-01 -1.7449321589e+00
6.2426027185e-01 4.4769010821e-01 -1.7449316445e+00
6.2425886658e-01 4.4768970815e-01 -1.7449324799e+00
6.2425962090e-01 4.4769052568e-01 -1.7449311528e+00
6.2425824436e-01 4.4769011895e-01 -1.7449319895e+00
6.2425988037e-01 4.4768982892e-01 -1.7449314783e+00
6.2425848308e-01 4.4768942724e-01 -1.7449323095e+00
-1.3895245473e+00 -1.5461531187e-02 7.0327210970e-01
-1.3895242685e+00 -1.5460922819e-02 7.0327121770e-01
-1.3895233739e+00 -1.5462851850e-02 7.0327021626e-01
-1.3895230729e+00 -1.5462260620e-02 7.0326936532e-01
-1.3895290213e+00 -1.5462235067e-02 7.0327597186e-01
-1.3895287216e+00 -1.5461609064e-02 7.0327511151e-01
-1.3895278103e+00 -1.5463509157e-02 7.0327409586e-01
-1.3895275357e+00 -1.5462874409e-02 7.0327318959e-01
-8.5342639553e-02 4.8558735262e-01 -7.5341924848e-01
-8.5342450239e-02 4.8558406727e-01 -7.5342435412e-01
-8.5342037784e-02 4.8558803496e-01 -7.5341766855e-01
-8.5341785761e-02 4.8558470587e-01 -7.5342283551e-01
-8.5342308507e-02 4.8558767735e-01 -7.5341967713e-01
-8.5342115391e-02 4.8558429026e-01 -7.5342472619e-01
-8.5341686657e-02 4.8558836447e-01 -7.5341803286e-01
-8.5341430846e-02 4.8558493426e-01 -7.5342314363e-01
6.0281034681e-01 8.0159073561e-01 -1.8287640756e-01
6.0281066465e-01 8.0159142526e-01 -1.8287723479e-01
6.0281066142e-01 8.0159012296e-01 -1.8287619706e-01
6.0281089624e-01 8.0159083695e-01 -1.8287695944e-01
6.0280334208e-01 8.0159157895e-01 -1.8287940284e-01
6.0280358988e-01 8.0159230072e-01 -1.8288018471e-01
6.0280360917e-01 8.0159093701e-01 -1.8287919255e-01
6.0280384762e-01 8.0159166516e-01 -1.8287996624e-01
-1.5603387807e+00 -1.1240083483e+00 -1.2542749448e+00
-1.5603366524e+00 -1.1240092141e+00 -1.2542679372e+00
-1.5603400215e+00 -1.1240100000e+00 -1.2542775558e+00
-1.5603377919e+00 -1.1240108412e+00 -1.2542705897e+00
-1.5603388752e+00 -1.1240078525e+00 -1.2542748513e+00
-1.5603367124e+00 -1.1240086993e+00 -1.2542678526e+00
-1.5603401167e+00 -1.1240095071e+00 -1.2542774534e+00
-1.5603378903e+00 -1.1240103472e+00 -1.2542704934e+00
-3.2346742727e-02 4.4192062052e-01 -2.8428191362e-01
-3.2346827036e-02 4.4191890791e-01 -2.8427533332e-01
-3.2345760937e-02 4.4192656670e-01 -2.8428353469e-01
-3.2345820283e-02 4.4192487562e-01 -2.8427697913e-01
-3.2356677158e-02 4.4192170885e-01 -2.8428379301e-01
-3.2356732496e-02 4.4191993028e-01 -2.8427720879e-01
-3.2355720174e-02 4.4192762005e-01 -2.8428549776e-01
-3.2355634905e-02 4.4192586213e-01 -2.8427880584e-01
-5.5732267771e-01 -3.3729723672e-03 1.9221856039e-01
-5.5732273694e-01 -3.3739983712e-03 1.9221890592e-01
-5.5732171078e-01 -3.3662428494e-03 1.9222048629e-01
-5.5732180387e-01 -3.3671742574e-03 1.9222082816e-01
-5.5732089024e-01 -3.3721300259e-03 1.9221629160e-01
-5.5732094270e-01 -3.3731566131e-03 1.9221662649e-01
-5.5731993305e-01 -3.3654315815e-03 1.9221823457e-01
-5.5732001574e-01 -3.3663619560e-03 1.9221856505e-01
1.9307785838e+00 4.5431615303e-01 5.0006467171e-01
1.9307800410e+00 4.5431916583e-01 5.0007389021e-01
1.9307788038e+00 4.5431461768e-01 5.0006393724e-01
1.9307802820e+00 4.5431759534e-01 5.0007316364e-01
1.9307791637e+00 4.5431530936e-01 5.0006355651e-01
1.9307806440e+00 4.5431835668e-01 5.0007270747e-01
1.9307794222e+00 4.5431380822e-01 5.0006280440e-01
1.9307809264e+00 4.5431680657e-01 5.0007196712e-01
1.1051103225e+00 2.3207128219e+00 -2.4705285535e+00
1.1051105358e+00 2.3207148351e+00 -2.4705225186e+00
1.1051072285e+00 2.3207095678e+00 -2.4705279854e+00
1.1051074308e+00 2.3207115555e+00 -2.4705219513e+00
1.1051119781e+00 2.3207126546e+00 -2.4705275656e+00
1.1051122956e+00 2.3207146878e+00 -2.4705214969e+00
1.1051089782e+00 2.3207094329e+00 -2.4705269004e+00
1.1051091958e+00 2.3207113921e+00 -2.4705209107e+00
9.4898351166e-01 -4.5596789959e-01 -7.9785126529e-01
9.4898380615e-01 -4.5596736338e-01 -7.9785223005e-01
9.4898304474e-01 -4.5596856432e-01 -7.9785088386e-01
9.4898331030e-01 -4.5596804472e-01 -7.9785185098e-01
9.4898403561e-01 -4.5596712349e-01 -7.9785205049e-01
9.4898437034e-01 -4.5596659290e-01 -7.9785302284e-01
9.4898359765e-01 -4.5596778864e-01 -7.9785166123e-01
9.4898389661e-01 -4.5596726114e-01 -7.9785261696e-01
2.8744563760e-01 -2.1772826078e-01 -1.7644594105e+00
2.8744442677e-01 -2.1772809487e-01 -1.7644607225e+00
2.8744664152e-01 -2.1772625557e-01 -1.7644581905e+00
2.8744542536e-01 -2.1772612042e-01 -1.7644594752e+00
2.8744569695e-01 -2.1772797126e-01 -1.7644590109e+00
2.8744448358e-01 -2.1772779958e-01 -1.7644603199e+00
2.8744678614e-01 -2.1772596734e-01 -1.7644578025e+00
2.8744555970e-01 -2.1772583476e-01 -1.7644590874e+00
3.3933908022e-01 -8.0433579441e-02 -5.4755684643e-01
3.3933997016e-01 -8.0433145322e-02 -5.4756166490e-01
3.3934005558e-01 -8.0430686292e-02 -5.4755603341e-01
3.3934094199e-01 -8.0430246710e-02 -5.4756087622e-01
3.3933871157e-01 -8.0433323363e-02 -5.4755618003e-01
3.3933957542e-01 -8.0432860511e-02 -5.4756103183e-01
3.3933965690e-01 -8.0430469659e-02 -5.4755540587e-01
3.3934054274e-01 -8.0430041542e-02 -5.4756024481e-01
-1.6467007354e+00 -5.9730891101e-02 7.2919496959e-01
-1.6467005027e+00 -5.9731110666e-02 7.2919980687e-01
-1.6466974882e+00 -5.9734205658e-02 7.2919058345e-01
-1.6466972412e+00 -5.9734359541e-02 7.2919543629e-01
-1.6467005129e+00 -5.9730908365e-02 7.2919463840e-01
-1.6467002926e+00 -5.9731144216e-02 7.2919949010e-01
-1.6466972778e+00 -5.9734233031e-02 7.2919025388e-01
-1.6466970396e+00 -5.9734398968e-02 7.2919511661e-01
-1.8620041190e+00 3.2272567694e-01 -1.0637965457e+00
-1.8620036506e+00 3.2272600311e-01 -1.0637973734e+00
-1.8620048447e+00 3.2272342616e-01 -1.0637969667e+00
-1.8620043330e+00 3.2272372420e-01 -1.0637977812e+00
-1.8620056126e+00 3.2272634719e-01 -1.0637975994e+00
-1.8620051236e+00 3.2272663758e-01 -1.0637984346e+00
-1.8620063342e+00 3.2272408450e-01 -1.0637980156e+00
-1.8620058058e+00 3.2272434430e-01 -1.0637988407e+00
-5.3270640456e-01 1.9134913558e-01 -1.8499547534e-02
-5.3270552958e-01 1.9134918879e-01 -1.8498965809e-02
-5.3270386388e-01 1.9135000347e-01 -1.8498481761e-02
-5.3270296790e-01 1.9135012171e-01 -1.8497883979e-02
-5.3270814760e-01 1.9134599979e-01 -1.8499385281e-02
-5.3270724831e-01 1.9134609082e-01 -1.8498802288e-02
-5.3270566165e-01 1.9134694773e-01 -1.8498258464e-02
-5.3270478474e-01 1.9134702455e-01 -1.8497663759e-02
