4.7691714901e-01 8.6603254882e-02 -1.9340532914e-01
4.7691650945e-01 8.6602422397e-02 -1.9340604548e-01
4.7691694732e-01 8.6604357251e-02 -1.9340377877e-01
4.7691631604e-01 8.6603530920e-02 -1.9340449640e-01
4.7691728710e-01 8.6603424553e-02 -1.9340521421e-01
4.7691664511e-01 8.6602593176e-02 -1.9340593074e-01
4.7691708981e-01 8.6604519458e-02 -1.9340366160e-01
4.7691645859e-01 8.6603692754e-02 -1.9340437975e-01
-2.3984953808e-02 -6.0555516824e-02 -2.0344612748e-01
-2.3985087836e-02 -6.0555244093e-02 -2.0344616487e-01
-2.3984504340e-02 -6.0556156967e-02 -2.0344568150e-01
-2.3984637187e-02 -6.0555884552e-02 -2.0344571693e-01
-2.3984884023e-02 -6.0555478763e-02 -2.0344581087e-01
-2.3985016209e-02 -6.0555205545e-02 -2.0344585042e-01
-2.3984435383e-02 -6.0556142665e-02 -2.0344534908e-01
-2.3984567621e-02 -6.0555870515e-02 -2.0344538557e-01
-1.3329519019e-02 4.6824329459e-02 2.0674716558e-01
-1.3329292912e-02 4.6823566997e-02 2.0674718488e-01
-1.3329045525e-02 4.6825318803e-02 2.0674763011e-01
-1.3328843464e-02 4.6824565130e-02 2.0674765578e-01
-1.3329434002e-02 4.6824641902e-02 2.0674763129e-01
-1.3329211044e-02 4.6823884287e-02 2.0674765538e-01
-1.3328929069e-02 4.6825610970e-02 2.0674807325e-01
-1.3328725087e-02 4.6824853338e-02 2.0674809313e-01
2.3913781585e-01 1.0243899387e-01 4.6936238748e-01
2.3913785624e-01 1.0244018446e-01 4.6936464261e-01
2.3913767851e-01 1.0243856160e-01 4.6936229439e-01
2.3913773095e-01 1.0243977104e-01 4.6936455245e-01
2.3913882851e-01 1.0243946511e-01 4.6936351225e-01
2.3913885682e-01 1.0244067765e-01 4.6936577168e-01
2.3913871324e-01 1.0243905094e-01 4.6936341278e-01
2.3913874527e-01 1.0244027612e-01 4.6936566827e-01
-1.1748883067e-01 -3.6790680081e-01 1.0968873883e-01
-1.1748894199e-01 -3.6790710272e-01 1.0968866117e-01
-1.1748898756e-01 -3.6790753830e-01 1.0968930609e-01
-1.1748909830e-01 -3.6790783806e-01 1.0968922935e-01
-1.1748881832e-01 -3.6790678791e-01 1.0968875502e-01
-1.1748893080e-01 -3.6790710126e-01 1.0968868520e-01
-1.1748897555e-01 -3.6790752553e-01 1.0968932280e-01
-1.1748908883e-01 -3.6790784011e-01 1.0968925023e-01
-1.7616751372e-01 1.9521861770e-01 7.3361929029e-02
-1.7616723571e-01 1.9521835662e-01 7.3361751624e-02
-1.7616785851e-01 1.9521870003e-01 7.3361765385e-02
-1.7616758737e-01 1.9521843935e-01 7.3361570611e-02
-1.7616768944e-01 1.9521850735e-01 7.3362138582e-02
-1.7616741399e-01 1.9521827352e-01 7.3361972156e-02
-1.7616803621e-01 1.9521859302e-01 7.3361970216e-02
-1.7616776561e-01 1.9521835616e-01 7.3361791111e-02
8.9356637117e-02 -3.2360859571e-01 4.7897839613e-01
8.9356824566e-02 -3.2360947147e-01 4.7898059645e-01
8.9356528348e-02 -3.2361009535e-01 4.7897964050e-01
8.9356697147e-02 -3.2361101044e-01 4.7898185890e-01
8.9356383813e-02 -3.2360889089e-01 4.7897830499e-01
8.9356588472e-02 -3.2360979311e-01 4.7898049019e-01
8.9356275043e-02 -3.2361039045e-01 4.7897955266e-01
8.9356461395e-02 -3.2361133120e-01 4.7898175029e-01
-3.5976319286e-02 2.6407832555e-01 -2.8627424887e-01
-3.5976215164e-02 2.6407877834e-01 -2.8627221928e-01
-3.5976304761e-02 2.6408069377e-01 -2.8627491305e-01
-3.5976211231e-02 2.6408113515e-01 -2.8627288549e-01
-3.5977503288e-02 2.6407855185e-01 -2.8627464656e-01
-3.5977405933e-02 2.6407902415e-01 -2.8627265881e-01
-3.5977503490e-02 2.6408094051e-01 -2.8627529238e-01
-3.5977428796e-02 2.6408138979e-01 -2.8627324129e-01
7.5680389000e-01 5.5904067823e-01 3.4339258067e-01
7.5680428363e-01 5.5904006428e-01 3.4339241025e-01
7.5680294063e-01 5.5903964781e-01 3.4339049873e-01
7.5680332702e-01 5.5903904842e-01 3.4339032836e-01
7.5680380601e-01 5.5904070963e-01 3.4339271450e-01
7.5680421953e-01 5.5904009363e-01 3.4339254493e-01
7.5680286013e-01 5.5903967865e-01 3.4339063478e-01
7.5680326633e-01 5.5903907726e-01 3.4339046523e-01
9.9221655693e-02 -1.8126816405e-01 1.2042595073e-01
9.9221387518e-02 -1.8126792841e-01 1.2042775409e-01
9.9221977771e-02 -1.8126799498e-01 1.2042620463e-01
9.9221709207e-02 -1.8126775358e-01 1.2042801497e-01
9.9221849518e-02 -1.8126837702e-01 1.2042585922e-01
9.9221583135e-02 -1.8126813870e-01 1.2042767330e-01
9.9222165588e-02 -1.8126821495e-01 1.2042611675e-01
9.9221899766e-02 -1.8126797960e-01 1.2042793303e-01
-1.5355415610e-01 1.8289402656e-01 -1.2315233534e-01
-1.5355409614e-01 1.8289387741e-01 -1.2315207948e-01
-1.5355398465e-01 1.8289374991e-01 -1.2315238081e-01
-1.5355392290e-01 1.8289360159e-01 -1.2315212561e-01
-1.5355384713e-01 1.8289430177e-01 -1.2315162070e-01
-1.5355378598e-01 1.8289415215e-01 -1.2315136519e-01
-1.5355367593e-01 1.8289402527e-01 -1.2315166551e-01
-1.5355361496e-01 1.8289387729e-01 -1.2315140896e-01
7.7097667306e-01 -4.4312793982e-01 -8.2401459587e-01
7.7097693170e-01 -4.4312772461e-01 -8.2401498793e-01
7.7097670709e-01 -4.4312797352e-01 -8.2401447846e-01
7.7097697229e-01 -4.4312777203e-01 -8.2401486551e-01
7.7097577868e-01 -4.4312828742e-01 -8.2401483719e-01
7.7097605452e-01 -4.4312807873e-01 -8.2401523302e-01
7.7097581877e-01 -4.4312832860e-01 -8.2401472240e-01
7.7097609935e-01 -4.4312813427e-01 -8.2401511266e-01
1.0520762809e-03 1.7570191309e-01 -4.3438241532e-02
1.0522050223e-03 1.7570184782e-01 -4.3438497723e-02
1.0519899334e-03 1.7570159132e-01 -4.3438202659e-02
1.0521286970e-03 1.7570152073e-01 -4.3438467668e-02
1.0519017582e-03 1.7570208506e-01 -4.3438184901e-02
1.0520084146e-03 1.7570200874e-01 -4.3438409203e-02
1.0518336234e-03 1.7570176923e-01 -4.3438161942e-02
1.0519480013e-03 1.7570168665e-01 -4.3438394606e-02
-2.8034634516e-01 2.3809681835e-02 6.2190813419e-01
-2.8034476959e-01 2.3808172407e-02 6.2190582646e-01
-2.8034661069e-01 2.3809612891e-02 6.2190830524e-01
-2.8034503306e-01 2.3808099506e-02 6.2190600282e-01
-2.8034603739e-01 2.3809528438e-02 6.2190821902e-01
-2.8034445512e-01 2.3808013390e-02 6.2190591762e-01
-2.8034630247e-01 2.3809460061e-02 6.2190839119e-01
-2.8034471811e-01 2.3807941098e-02 6.2190609507e-01
3.2524836737e-02 5.1454195398e-01 8.7311282157e-02
3.2524800897e-02 5.1454219393e-01 8.7311210770e-02
3.2524676454e-02 5.1454145717e-01 8.7311111124e-02
3.2524641073e-02 5.1454169733e-01 8.7311038957e-02
3.2524500698e-02 5.1454179209e-01 8.7311550817e-02
3.2524459976e-02 5.1454202077e-01 8.7311477891e-02
3.2524345684e-02 5.1454129665e-01 8.7311379023e-02
3.2524310627e-02 5.1454153598e-01 8.7311305930e-02
-5.9002627010e-01 -1.6353245744e-01 6.8787844507e-01
-5.9002709592e-01 -1.6353168502e-01 6.8788274967e-01
-5.9002704973e-01 -1.6353030500e-01 6.8787757775e-01
-5.9002787559e-01 -1.6352958554e-01 6.8788195471e-01
-5.9002644696e-01 -1.6353229568e-01 6.8787860984e-01
-5.9002725991e-01 -1.6353153448e-01 6.8788289583e-01
-5.9002722061e-01 -1.6353014373e-01 6.8787774765e-01
-5.9002803954e-01 -1.6352943483e-01 6.8788210081e-01
8.7488449977e-02 4.8042886906e-02 -2.1455808234e-01
8.7488490440e-02 4.8043050180e-02 -2.1455865718e-01
8.7488390796e-02 4.8042610918e-02 -2.1455795855e-01
8.7488431215e-02 4.8042774071e-02 -2.1455853326e-01
8.7488332238e-02 4.8042872321e-02 -2.1455832916e-01
8.7488372971e-02 4.8043037278e-02 -2.1455890398e-01
8.7488275264e-02 4.8042597121e-02 -2.1455820624e-01
8.7488313901e-02 4.8042761103e-02 -2.1455878022e-01
3.4816831608e-01 -2.0683382119e-01 -2.5900283066e-01
3.4816774763e-01 -2.0683242641e-01 -2.5900051083e-01
3.4816876999e-01 -2.0683407102e-01 -2.5900291554e-01
3.4816819651e-01 -2.0683269614e-01 -2.5900056204e-01
3.4816620397e-01 -2.0683272206e-01 -2.5900235059e-01
3.4816561177e-01 -2.0683130205e-01 -2.5900004258e-01
3.4816667540e-01 -2.0683298318e-01 -2.5900244673e-01
3.4816605899e-01 -2.0683158899e-01 -2.5900010410e-01
4.9033358094e-02 3.5108601177e-02 -1.2364062065e-01
4.9033737878e-02 3.5108397861e-02 -1.2364097618e-01
4.9033402710e-02 3.5109900531e-02 -1.2364047016e-01
4.9033774529e-02 3.5109681753e-02 -1.2364084304e-01
4.9033277387e-02 3.5108736076e-02 -1.2364070256e-01
4.9033670808e-02 3.5108522579e-02 -1.2364105838e-01
4.9033347876e-02 3.5110036316e-02 -1.2364053920e-01
4.9033716713e-02 3.5109821257e-02 -1.2364090703e-01
1.7548477667e-01 8.3037500579e-02 -2.1690121143e-02
1.7548491954e-01 8.3037684864e-02 -2.1690143182e-02
1.7548472253e-01 8.3037763662e-02 -2.1690040944e-02
1.7548486878e-01 8.3037952128e-02 -2.1690060016e-02
1.7548469875e-01 8.3037477360e-02 -2.1690604505e-02
1.7548485029e-01 8.3037661728e-02 -2.1690625139e-02
1.7548463083e-01 8.3037736056e-02 -2.1690500664e-02
1.7548478552e-01 8.3037924218e-02 -2.1690519733e-02
1.0118649429e-01 3.2318438735e-02 -3.0275230542e-01
1.0118629171e-01 3.2318505357e-02 -3.0275266169e-01
1.0118657374e-01 3.2319450006e-02 -3.0275303555e-01
1.0118637121e-01 3.2319516610e-02 -3.0275339179e-01
1.0118669142e-01 3.2318665807e-02 -3.0275222229e-01
1.0118648764e-01 3.2318730550e-02 -3.0275258383e-01
1.0118676940e-01 3.2319673810e-02 -3.0275295512e-01
1.0118656563e-01 3.2319738563e-02 -3.0275331668e-01
-9.0385693993e-02 3.0552704851e-01 -5.3891693805e-02
-9.0385506084e-02 3.0552685702e-01 -5.3891856836e-02
-9.0385975885e-02 3.0552714783e-01 -5.3891430134e-02
-9.0385787809e-02 3.0552695684e-01 -5.3891594068e-02
-9.0385915492e-02 3.0552697958e-01 -5.3891487324e-02
-9.0385710627e-02 3.0552679759e-01 -5.3891581464e-02
-9.0386180652e-02 3.0552706283e-01 -5.3891188437e-02
-9.0385975834e-02 3.0552688130e-01 -5.3891283766e-02
3.7647954899e-01 -2.2133942978e-01 -3.9144891162e-01
3.7647942650e-01 -2.2133950835e-01 -3.9144905877e-01
3.7647856807e-01 -2.2133873939e-01 -3.9144768714e-01
3.7647845328e-01 -2.2133881474e-01 -3.9144784047e-01
3.7648149218e-01 -2.2134057506e-01 -3.9145063285e-01
3.7648136532e-01 -2.2134064844e-01 -3.9145078427e-01
3.7648055364e-01 -2.2133990641e-01 -3.9144937464e-01
3.7648044331e-01 -2.2133996925e-01 -3.9144953916e-01
-1.7344326032e-01 -1.7838786134e-01 6.3019199360e-05
-1.7344367062e-01 -1.7838789575e-01 6.3109713190e-05
-1.7344345141e-01 -1.7838794018e-01 6.2756982386e-05
-1.7344385693e-01 -1.7838798054e-01 6.2843376914e-05
-1.7344359402e-01 -1.7838773107e-01 6.3417325939e-05
-1.7344399391e-01 -1.7838776683e-01 6.3506694034e-05
-1.7344378043e-01 -1.7838781504e-01 6.3151434089e-05
-1.7344418055e-01 -1.7838785076e-01 6.3241039002e-05
-1.7134899247e-01 3.2918462373e-02 -3.3499897605e-01
-1.7134913244e-01 3.2918237322e-02 -3.3499949480e-01
-1.7134883789e-01 3.2919026377e-02 -3.3499864372e-01
-1.7134897736e-01 3.2918799960e-02 -3.3499916550e-01
-1.7135011898e-01 3.2918714648e-02 -3.3499909753e-01
-1.7135025483e-01 3.2918493375e-02 -3.3499961824e-01
-1.7135002618e-01 3.2919280991e-02 -3.3499872687e-01
-1.7135011683e-01 3.2919015647e-02 -3.3499927784e-01
3.3294856093e-01 4.4427351426e-01 1.1280995015e-01
3.3294850966e-01 4.4427350134e-01 1.1280994233e-01
3.3294943101e-01 4.4427598393e-01 1.1280959294e-01
3.3294938454e-01 4.4427597980e-01 1.1280958433e-01
3.3294846444e-01 4.4427403020e-01 1.1281058066e-01
3.3294842117e-01 4.4427401605e-01 1.1281056761e-01
3.3294934554e-01 4.4427648049e-01 1.1281022155e-01
3.3294930415e-01 4.4427647081e-01 1.1281021223e-01
-2.4863037597e-01 2.7881498254e-01 1.6248831599e-01
-2.4863091458e-01 2.7881491541e-01 1.6248739143e-01
-2.4863035781e-01 2.7881639270e-01 1.6248827768e-01
-2.4863091103e-01 2.7881632900e-01 1.6248735751e-01
-2.4862903090e-01 2.7881456385e-01 1.6248683384e-01
-2.4862957125e-01 2.7881449700e-01 1.6248590920e-01
-2.4862901728e-01 2.7881597388e-01 1.6248677948e-01
-2.4862957178e-01 2.7881590943e-01 1.6248585925e-01
9.1998619570e-02 1.4863681845e-02 -1.1120826852e-01
9.1999396402e-02 1.4863989511e-02 -1.1120607914e-01
9.1999071867e-02 1.4863639454e-02 -1.1120824587e-01
9.1999815018e-02 1.4863962017e-02 -1.1120603157e-01
9.1998329313e-02 1.4863455410e-02 -1.1120830275e-01
9.1999115685e-02 1.4863767540e-02 -1.1120608527e-01
9.1998795940e-02 1.4863411092e-02 -1.1120828355e-01
9.1999548629e-02 1.4863738137e-02 -1.1120604113e-01
4.1604317744e-01 2.1728716348e-01 2.5774393901e-01
4.1604356557e-01 2.1728760896e-01 2.5774349862e-01
4.1604318492e-01 2.1728713107e-01 2.5774377404e-01
4.1604357139e-01 2.1728758021e-01 2.5774333465e-01
4.1604460916e-01 2.1728878893e-01 2.5774558288e-01
4.1604498668e-01 2.1728923281e-01 2.5774513557e-01
4.1604461400e-01 2.1728875993e-01 2.5774541732e-01
4.1604499196e-01 2.1728920107e-01 2.5774497291e-01
2.6627202268e-02 -3.0431165268e-01 3.4087251003e-01
2.6627225638e-02 -3.0431138140e-01 3.4087283675e-01
2.6627305093e-02 -3.0431197526e-01 3.4087256491e-01
2.6627328435e-02 -3.0431170463e-01 3.4087289144e-01
2.6627065966e-02 -3.0431191904e-01 3.4087233791e-01
2.6627114921e-02 -3.0431163603e-01 3.4087266887e-01
2.6627166343e-02 -3.0431224548e-01 3.4087239489e-01
2.6627215635e-02 -3.0431196265e-01 3.4087272634e-01
1.2796924330e-01 1.3896254362e-01 -3.7101943288e-01
1.2796923660e-01 1.3896302728e-01 -3.7101955684e-01
1.2796887219e-01 1.3896311842e-01 -3.7101951639e-01
1.2796887911e-01 1.3896359588e-01 -3.7101960891e-01
1.2796906023e-01 1.3896243008e-01 -3.7101910700e-01
1.2796905311e-01 1.3896291537e-01 -3.7101923076e-01
1.2796869204e-01 1.3896299199e-01 -3.7101918264e-01
1.2796869287e-01 1.3896344552e-01 -3.7101930873e-01
-1.4807139247e-01 3.2992991624e-01 -3.0388087596e-01
-1.4807151019e-01 3.2992984681e-01 -3.0388120321e-01
-1.4807176715e-01 3.2993254862e-01 -3.0388250627e-01
-1.4807188169e-01 3.2993248335e-01 -3.0388283209e-01
-1.4807111544e-01 3.2993007579e-01 -3.0388059518e-01
-1.4807122872e-01 3.2993000998e-01 -3.0388092008e-01
-1.4807148726e-01 3.2993271588e-01 -3.0388223165e-01
-1.4807160178e-01 3.2993265059e-01 -3.0388255749e-01
2.4852886311e-02 -7.7306616596e-02 2.6838389036e-02
2.4852924474e-02 -7.7306669813e-02 2.6838389980e-02
2.4853094305e-02 -7.7305750173e-02 2.6837882313e-02
2.4853152539e-02 -7.7305787902e-02 2.6837901200e-02
2.4853412456e-02 -7.7306634132e-02 2.6838301418e-02
2.4853445991e-02 -7.7306693478e-02 2.6838307222e-02
2.4853609122e-02 -7.7305735499e-02 2.6837800085e-02
2.4853660929e-02 -7.7305774600e-02 2.6837822265e-02
-1.4327678492e-01 -3.4074275914e-01 4.9160305135e-01
-1.4327660254e-01 -3.4074267190e-01 4.9160294524e-01
-1.4327650728e-01 -3.4074316171e-01 4.9160309837e-01
-1.4327632586e-01 -3.4074307483e-01 4.9160299209e-01
-1.4327647931e-01 -3.4074270418e-01 4.9160371374e-01
-1.4327630748e-01 -3.4074261661e-01 4.9160360946e-01
-1.4327618668e-01 -3.4074312058e-01 4.9160379621e-01
-1.4327601580e-01 -3.4074303338e-01 4.9160369176e-01
-2.0922968009e-01 -1.5304882479e-01 3.5704799444e-01
-2.0922834203e-01 -1.5304859365e-01 3.5705042418e-01
-2.0923012272e-01 -1.5304715730e-01 3.5704869038e-01
-2.0922875909e-01 -1.5304694241e-01 3.5705110265e-01
-2.0923243364e-01 -1.5304861710e-01 3.5704789519e-01
-2.0923107934e-01 -1.5304841124e-01 3.5705030592e-01
-2.0923285269e-01 -1.5304695536e-01 3.5704853760e-01
-2.0923152016e-01 -1.5304676541e-01 3.5705088253e-01
4.3341892175e-01 -2.0188912190e-01 -2.3671903221e-01
4.3341685042e-01 -2.0188860706e-01 -2.3671602964e-01
4.3341876661e-01 -2.0188907041e-01 -2.3671953443e-01
4.3341672540e-01 -2.0188851813e-01 -2.3671654645e-01
4.3341868883e-01 -2.0188880655e-01 -2.3671933956e-01
4.3341664260e-01 -2.0188825496e-01 -2.3671635697e-01
4.3341855590e-01 -2.0188873563e-01 -2.3671987542e-01
4.3341651711e-01 -2.0188816599e-01 -2.3671687336e-01
1.1210235107e-02 -7.6058239806e-01 8.6806966669e-01
1.1210356187e-02 -7.6058219767e-01 8.6806819000e-01
1.1210480055e-02 -7.6058304514e-01 8.6806979395e-01
1.1210612365e-02 -7.6058285308e-01 8.6806834359e-01
1.1210220891e-02 -7.6058255478e-01 8.6806939912e-01
1.1210332587e-02 -7.6058234949e-01 8.6806792953e-01
1.1210461072e-02 -7.6058322249e-01 8.6806949337e-01
1.1210591394e-02 -7.6058302601e-01 8.6806805032e-01
5.0235961120e-02 -1.6482365211e-01 5.9404477081e-01
5.0235758189e-02 -1.6482380500e-01 5.9404520526e-01
5.0235954381e-02 -1.6482358998e-01 5.9404461859e-01
5.0235745898e-02 -1.6482375296e-01 5.9404504992e-01
5.0235941491e-02 -1.6482347949e-01 5.9404461404e-01
5.0235737970e-02 -1.6482363195e-01 5.9404504916e-01
5.0235934280e-02 -1.6482341803e-01 5.9404446276e-01
5.0235725658e-02 -1.6482358144e-01 5.9404489388e-01
-1.4824796966e-01 -4.4284654802e-02 -3.5214615628e-02
-1.4824811884e-01 -4.4284738857e-02 -3.5215568512e-02
-1.4824786349e-01 -4.4284939794e-02 -3.5215175392e-02
-1.4824799959e-01 -4.4285013916e-02 -3.5216125237e-02
-1.4824974176e-01 -4.4284251289e-02 -3.5214959786e-02
-1.4824987193e-01 -4.4284371487e-02 -3.5215868200e-02
-1.4824963751e-01 -4.4284567090e-02 -3.5215500764e-02
-1.4824975396e-01 -4.4284647913e-02 -3.5216427259e-02
5.3849765107e-02 -6.8688105357e-02 -2.2131033557e-01
5.3849651360e-02 -6.8687787686e-02 -2.2130882339e-01
5.3849611512e-02 -6.8688141600e-02 -2.2131056805e-01
5.3849485302e-02 -6.8687831526e-02 -2.2130908551e-01
5.3848204780e-02 -6.8687971153e-02 -2.2131047228e-01
5.3848127619e-02 -6.8687662366e-02 -2.2130897983e-01
5.3848051351e-02 -6.8688032572e-02 -2.2131073319e-01
5.3847976778e-02 -6.8687709240e-02 -2.2130924224e-01
1.0873542761e-01 -8.3677208463e-01 9.0967047200e-01
1.0873535242e-01 -8.3677207953e-01 9.0967040192e-01
1.0873577621e-01 -8.3677744657e-01 9.0967499929e-01
1.0873569445e-01 -8.3677744705e-01 9.0967492852e-01
1.0873528033e-01 -8.3677134778e-01 9.0967011748e-01
1.0873518406e-01 -8.3677132430e-01 9.0967007332e-01
1.0873562871e-01 -8.3677670829e-01 9.0967464679e-01
1.0873552377e-01 -8.3677669865e-01 9.0967460737e-01
-7.2097440387e-02 1.5840367618e-01 -9.2539764552e-02
-7.2097249442e-02 1.5840365358e-01 -9.2539852092e-02
-7.2097056926e-02 1.5840468913e-01 -9.2539580989e-02
-7.2096865726e-02 1.5840467215e-01 -9.2539664849e-02
-7.2097558503e-02 1.5840314631e-01 -9.2539396648e-02
-7.2097366321e-02 1.5840312445e-01 -9.2539482296e-02
-7.2097169826e-02 1.5840415984e-01 -9.2539212380e-02
-7.2096983214e-02 1.5840414233e-01 -9.2539295945e-02
4.1204555676e-02 -9.6784783633e-02 3.7962927011e-01
4.1204302142e-02 -9.6784292269e-02 3.7962834037e-01
4.1204564324e-02 -9.6784727343e-02 3.7962969423e-01
4.1204302406e-02 -9.6784223266e-02 3.7962875538e-01
4.1204452750e-02 -9.6784561635e-02 3.7962884361e-01
4.1204199797e-02 -9.6784069454e-02 3.7962791436e-01
4.1204464305e-02 -9.6784510360e-02 3.7962927412e-01
4.1204197060e-02 -9.6783994210e-02 3.7962833545e-01
-3.8830532082e-02 5.4524050658e-02 1.8465927675e-01
-3.8830208154e-02 5.4523890660e-02 1.8465920712e-01
-3.8830520990e-02 5.4523975456e-02 1.8465899053e-01
-3.8830203757e-02 5.4523817655e-02 1.8465892307e-01
-3.8830722813e-02 5.4523840536e-02 1.8465876874e-01
-3.8830393049e-02 5.4523690796e-02 1.8465869949e-01
-3.8830715464e-02 5.4523764777e-02 1.8465847848e-01
-3.8830392778e-02 5.4523617185e-02 1.8465841118e-01
7.6328536681e-02 -1.4218817639e-01 -4.7451392488e-01
7.6328633527e-02 -1.4218747534e-01 -4.7451114365e-01
7.6328582037e-02 -1.4218689340e-01 -4.7451418809e-01
7.6328678204e-02 -1.4218621655e-01 -4.7451145352e-01
7.6328338794e-02 -1.4218816291e-01 -4.7451419821e-01
7.6328422200e-02 -1.4218745146e-01 -4.7451144648e-01
7.6328392685e-02 -1.4218687964e-01 -4.7451445725e-01
7.6328454155e-02 -1.4218617893e-01 -4.7451174560e-01
4.6386092218e-01 2.3967890720e-01 5.1733086186e-01
4.6386200236e-01 2.3968000412e-01 5.1733230625e-01
4.6386060544e-01 2.3967895804e-01 5.1733078289e-01
4.6386168383e-01 2.3968004999e-01 5.1733222742e-01
4.6386082600e-01 2.3967879597e-01 5.1733074145e-01
4.6386191180e-01 2.3967988650e-01 5.1733217449e-01
4.6386050570e-01 2.3967883900e-01 5.1733065514e-01
4.6386159268e-01 2.3967992844e-01 5.1733208985e-01
-6.4601018165e-01 2.7354764988e-01 5.5686452658e-01
-6.4601011322e-01 2.7354779866e-01 5.5686432717e-01
-6.4601028063e-01 2.7354741608e-01 5.5686460409e-01
-6.4601022287e-01 2.7354756510e-01 5.5686440574e-01
-6.4601594992e-01 2.7355080957e-01 5.5686977606e-01
-6.4601586964e-01 2.7355094254e-01 5.5686959045e-01
-6.4601607285e-01 2.7355061329e-01 5.5686988245e-01
-6.4601599424e-01 2.7355074842e-01 5.5686969559e-01
-2.0336499184e-02 2.1605048332e-01 -3.1260022264e-01
-2.0336702091e-02 2.1605024826e-01 -3.1260058223e-01
-2.0336442295e-02 2.1605040726e-01 -3.1260027068e-01
-2.0336643568e-02 2.1605017128e-01 -3.1260063044e-01
-2.0336796953e-02 2.1605072247e-01 -3.1260074115e-01
-2.0336992784e-02 2.1605046980e-01 -3.1260110259e-01
-2.0336734365e-02 2.1605063734e-01 -3.1260080104e-01
-2.0336932612e-02 2.1605038599e-01 -3.1260116038e-01
2.9960148061e-01 2.1367101693e-02 -2.4676958037e-01
2.9960194048e-01 2.1368865656e-02 -2.4676697848e-01
2.9960109582e-01 2.1365086417e-02 -2.4677115048e-01
2.9960142530e-01 2.1366849986e-02 -2.4676855938e-01
2.9960141276e-01 2.1367646354e-02 -2.4676986798e-01
2.9960176558e-01 2.1369401001e-02 -2.4676728604e-01
2.9960096452e-01 2.1365626698e-02 -2.4677142437e-01
2.9960133925e-01 2.1367405541e-02 -2.4676882603e-01
1.4954208517e-01 -7.1773619480e-01 -6.6740537786e-01
1.4954268085e-01 -7.1773570192e-01 -6.6740641202e-01
1.4954187847e-01 -7.1773254953e-01 -6.6740440507e-01
1.4954246975e-01 -7.1773204139e-01 -6.6740547608e-01
1.4954186404e-01 -7.1773624555e-01 -6.6740563673e-01
1.4954245815e-01 -7.1773574572e-01 -6.6740667246e-01
1.4954165343e-01 -7.1773251615e-01 -6.6740460320e-01
1.4954224536e-01 -7.1773201946e-01 -6.6740567922e-01
-3.1532815485e-01 2.9605843916e-01 3.4019111456e-01
-3.1532825032e-01 2.9605884873e-01 3.4019199295e-01
-3.1533110964e-01 2.9606273042e-01 3.4019306624e-01
-3.1533111557e-01 2.9606313768e-01 3.4019394911e-01
-3.1533706613e-01 2.9606138214e-01 3.4019482343e-01
-3.1533708751e-01 2.9606179558e-01 3.4019570605e-01
-3.1533980482e-01 2.9606592235e-01 3.4019667110e-01
-3.1533988885e-01 2.9606632186e-01 3.4019755635e-01
2.7322183428e-01 4.9789690969e-02 -4.6050139647e-02
2.7322093150e-01 4.9789573656e-02 -4.6049779085e-02
2.7322251809e-01 4.9790087584e-02 -4.6050355986e-02
2.7322161435e-01 4.9789966061e-02 -4.6049991422e-02
2.7322161314e-01 4.9789665065e-02 -4.6049744607e-02
2.7322070728e-01 4.9789545378e-02 -4.6049380364e-02
2.7322228960e-01 4.9790042862e-02 -4.6049964966e-02
2.7322138522e-01 4.9789921951e-02 -4.6049599087e-02
-8.6838092829e-01 4.1769423954e-01 1.0259769716e-01
-8.6838080122e-01 4.1769403849e-01 1.0259768646e-01
-8.6838363483e-01 4.1769911360e-01 1.0259943595e-01
-8.6838350449e-01 4.1769891162e-01 1.0259940479e-01
-8.6837843983e-01 4.1769452190e-01 1.0259896193e-01
-8.6837830649e-01 4.1769431665e-01 1.0259895699e-01
-8.6838107092e-01 4.1769935069e-01 1.0260063148e-01
-8.6838101424e-01 4.1769915344e-01 1.0260059980e-01
1.2422477267e-01 -1.4553327622e-01 4.8474048048e-02
1.2422454281e-01 -1.4553384786e-01 4.8475510295e-02
1.2422418727e-01 -1.4553326391e-01 4.8473881278e-02
1.2422395823e-01 -1.4553378761e-01 4.8475372198e-02
1.2422393440e-01 -1.4553323817e-01 4.8474730370e-02
1.2422370568e-01 -1.4553380863e-01 4.8476186408e-02
1.2422335262e-01 -1.4553323100e-01 4.8474564517e-02
1.2422312403e-01 -1.4553375313e-01 4.8476048900e-02
-7.5401078737e-01 6.7277821884e-01 -4.1758433998e-01
-7.5401016012e-01 6.7277719581e-01 -4.1758274194e-01
-7.5401285594e-01 6.7277569425e-01 -4.1758342959e-01
-7.5401223243e-01 6.7277463120e-01 -4.1758185098e-01
-7.5401515419e-01 6.7277668782e-01 -4.1758436529e-01
-7.5401461975e-01 6.7277577152e-01 -4.1758267406e-01
-7.5401729712e-01 6.7277406105e-01 -4.1758345711e-01
-7.5401650850e-01 6.7277318177e-01 -4.1758189533e-01
3.6045733351e-01 -8.3335007954e-01 1.4144724883e-01
3.6045738063e-01 -8.3334977631e-01 1.4144555912e-01
3.6045560146e-01 -8.3334976490e-01 1.4144601816e-01
3.6045565069e-01 -8.3334946400e-01 1.4144433016e-01
3.6046142414e-01 -8.3334985587e-01 1.4144809250e-01
3.6046147282e-01 -8.3334955834e-01 1.4144640472e-01
3.6045969160e-01 -8.3334954068e-01 1.4144689452e-01
3.6045973821e-01 -8.3334924084e-01 1.4144520485e-01
3.4718489351e-01 2.8446872866e-01 -3.2927982859e-01
3.4718448574e-01 2.8446934958e-01 -3.2927789823e-01
3.4718494545e-01 2.8446811233e-01 -3.2927870653e-01
3.4718453609e-01 2.8446873632e-01 -3.2927677286e-01
3.4718482523e-01 2.8446970500e-01 -3.2927950208e-01
3.4718441809e-01 2.8447032797e-01 -3.2927757253e-01
3.4718487471e-01 2.8446909422e-01 -3.2927837408e-01
3.4718446938e-01 2.8446971477e-01 -3.2927644387e-01
2.0096454536e-01 -1.3234763926e-01 1.0925379949e-01
2.0096449406e-01 -1.3234783729e-01 1.0925392882e-01
2.0096639874e-01 -1.3234807856e-01 1.0925318776e-01
2.0096633152e-01 -1.3234828616e-01 1.0925334956e-01
2.0096431027e-01 -1.3234882326e-01 1.0925381732e-01
2.0096424355e-01 -1.3234903080e-01 1.0925397815e-01
2.0096614809e-01 -1.3234927203e-01 1.0925323722e-01
2.0096608093e-01 -1.3234947962e-01 1.0925339870e-01
2.5753705230e-01 -4.6905454400e-02 9.1090367620e-02
2.5753706527e-01 -4.6904508972e-02 9.1093651634e-02
2.5753817528e-01 -4.6906957628e-02 9.1090650184e-02
2.5753821214e-01 -4.6906008948e-02 9.1093921665e-02
2.5753680246e-01 -4.6905563686e-02 9.1090765372e-02
2.5753683180e-01 -4.6904624878e-02 9.1094073027e-02
2.5753791588e-01 -4.6907057070e-02 9.1091049403e-02
2.5753797440e-01 -4.6906118083e-02 9.1094354340e-02
2.1854602013e-01 -4.9051703926e-01 -3.8413417488e-01
2.1854624380e-01 -4.9051559495e-01 -3.8413334370e-01
2.1854741321e-01 -4.9051882477e-01 -3.8413425861e-01
2.1854763709e-01 -4.9051738048e-01 -3.8413342733e-01
2.1854607728e-01 -4.9051725121e-01 -3.8413350654e-01
2.1854630228e-01 -4.9051580470e-01 -3.8413267864e-01
2.1854742737e-01 -4.9051913068e-01 -3.8413360285e-01
2.1854764746e-01 -4.9051768546e-01 -3.8413277207e-01
-6.2517248235e-01 2.3410222265e-01 -2.0418255386e-01
-6.2517253778e-01 2.3410163039e-01 -2.0418223627e-01
-6.2517238169e-01 2.3410240779e-01 -2.0418192618e-01
-6.2517244393e-01 2.3410178718e-01 -2.0418163018e-01
-6.2517173173e-01 2.3410345547e-01 -2.0418121388e-01
-6.2517178781e-01 2.3410286292e-01 -2.0418089582e-01
-6.2517157749e-01 2.3410373123e-01 -2.0418056303e-01
-6.2517169307e-01 2.3410302233e-01 -2.0418027247e-01
1.2625802033e+00 -6.4743263692e-01 -7.5936180913e-01
1.2625804399e+00 -6.4743147667e-01 -7.5936103316e-01
1.2625825997e+00 -6.4743702708e-01 -7.5936572565e-01
1.2625828392e+00 -6.4743578372e-01 -7.5936500843e-01
1.2625807709e+00 -6.4743394238e-01 -7.5936093364e-01
1.2625810677e+00 -6.4743287200e-01 -7.5936015381e-01
1.2625831937e+00 -6.4743822928e-01 -7.5936492085e-01
1.2625834908e+00 -6.4743715892e-01 -7.5936414109e-01
-1.3130605513e-01 8.6666077582e-02 -6.6755261221e-01
-1.3130641781e-01 8.6665817825e-02 -6.6755301546e-01
-1.3130747467e-01 8.6666528395e-02 -6.6755278986e-01
-1.3130782455e-01 8.6666287720e-02 -6.6755318548e-01
-1.3130668046e-01 8.6664419218e-02 -6.6755276472e-01
-1.3130703100e-01 8.6664184708e-02 -6.6755316986e-01
-1.3130811335e-01 8.6664873927e-02 -6.6755292504e-01
-1.3130846534e-01 8.6664634738e-02 -6.6755333241e-01
-7.2627549126e-01 4.1277522626e-02 1.6881355244e-01
-7.2627432375e-01 4.1276791350e-02 1.6881331569e-01
-7.2627698390e-01 4.1277101135e-02 1.6881341035e-01
-7.2627581656e-01 4.1276369847e-02 1.6881317362e-01
-7.2627531472e-01 4.1278834763e-02 1.6881409851e-01
-7.2627414708e-01 4.1278102929e-02 1.6881386127e-01
-7.2627681489e-01 4.1278427212e-02 1.6881394229e-01
-7.2627564740e-01 4.1277695326e-02 1.6881370503e-01
-7.9492405166e-02 1.8826225311e-01 -1.8143748977e-02
-7.9492347782e-02 1.8826245195e-01 -1.8144777951e-02
-7.9492849388e-02 1.8826218229e-01 -1.8142878247e-02
-7.9492792564e-02 1.8826237978e-01 -1.8143908393e-02
-7.9492655038e-02 1.8826461526e-01 -1.8141697825e-02
-7.9492603403e-02 1.8826481321e-01 -1.8142725710e-02
-7.9493104565e-02 1.8826451922e-01 -1.8140807392e-02
-7.9493051120e-02 1.8826472098e-01 -1.8141832161e-02
7.2622079479e-01 3.9685298785e-01 -2.5584828701e-01
7.2621956238e-01 3.9685290405e-01 -2.5585012975e-01
7.2622092241e-01 3.9685340145e-01 -2.5584839284e-01
7.2621967761e-01 3.9685332518e-01 -2.5585025640e-01
7.2621983713e-01 3.9685192731e-01 -2.5584689705e-01
7.2621859253e-01 3.9685185218e-01 -2.5584876118e-01
7.2622003754e-01 3.9685230556e-01 -2.5584708438e-01
7.2621880529e-01 3.9685222182e-01 -2.5584892685e-01
4.4199733778e-01 9.3384812156e-02 1.4833054610e-01
4.4199769191e-01 9.3384789034e-02 1.4832858142e-01
4.4199632069e-01 9.3384488979e-02 1.4833068463e-01
4.4199666585e-01 9.3384467833e-02 1.4832870769e-01
4.4200028197e-01 9.3388248398e-02 1.4833234844e-01
4.4200061338e-01 9.3388221347e-02 1.4833037290e-01
4.4199920217e-01 9.3387805831e-02 1.4833249027e-01
4.4199952252e-01 9.3387787688e-02 1.4833050599e-01
-2.4538926692e-01 3.9988285504e-01 -3.4685731477e-01
-2.4538875546e-01 3.9988272449e-01 -3.4685740889e-01
-2.4538761268e-01 3.9988543402e-01 -3.4685752649e-01
-2.4538709872e-01 3.9988526045e-01 -3.4685758629e-01
-2.4538955073e-01 3.9988127756e-01 -3.4685841676e-01
-2.4538900139e-01 3.9988101967e-01 -3.4685855565e-01
-2.4538791725e-01 3.9988384608e-01 -3.4685865971e-01
-2.4538735463e-01 3.9988361244e-01 -3.4685873422e-01
3.8436938277e-01 -3.9808387681e-01 -7.0398564718e-02
3.8436947912e-01 -3.9808380081e-01 -7.0400503584e-02
3.8436981131e-01 -3.9808408799e-01 -7.0398574313e-02
3.8436990840e-01 -3.9808399168e-01 -7.0400482549e-02
3.8436822636e-01 -3.9808250430e-01 -7.0397939692e-02
3.8436830476e-01 -3.9808242017e-01 -7.0399903291e-02
3.8436862233e-01 -3.9808264929e-01 -7.0397944124e-02
3.8436870239e-01 -3.9808254888e-01 -7.0399887355e-02
7.1179565982e-01 -6.1590814451e-01 2.0353605255e-01
7.1179692268e-01 -6.1591109108e-01 2.0354037776e-01
7.1179451029e-01 -6.1590961191e-01 2.0353633528e-01
7.1179572382e-01 -6.1591268308e-01 2.0354070596e-01
7.1179604477e-01 -6.1590896219e-01 2.0353589376e-01
7.1179724601e-01 -6.1591199297e-01 2.0354017902e-01
7.1179489441e-01 -6.1591042955e-01 2.0353617662e-01
7.1179609314e-01 -6.1591348548e-01 2.0354052743e-01
-6.8045691442e-01 -4.7338128859e-01 6.6371257311e-02
-6.8045730060e-01 -4.7338183335e-01 6.6370121404e-02
-6.8045593624e-01 -4.7338085746e-01 6.6371420552e-02
-6.8045633028e-01 -4.7338139974e-01 6.6370292487e-02
-6.8045599730e-01 -4.7338101802e-01 6.6371328245e-02
-6.8045639757e-01 -4.7338168841e-01 6.6370270570e-02
-6.8045502011e-01 -4.7338058824e-01 6.6371484906e-02
-6.8045543163e-01 -4.7338124870e-01 6.6370438746e-02
-1.1257388968e+00 4.4741184573e-01 -3.1018404455e-01
-1.1257402539e+00 4.4741276330e-01 -3.1018466609e-01
-1.1257391941e+00 4.4741096762e-01 -3.1018324319e-01
-1.1257405552e+00 4.4741188848e-01 -3.1018386728e-01
-1.1257476466e+00 4.4740960709e-01 -3.1018809812e-01
-1.1257490078e+00 4.4741054647e-01 -3.1018871614e-01
-1.1257480005e+00 4.4740874024e-01 -3.1018733539e-01
-1.1257493618e+00 4.4740967959e-01 -3.1018795343e-01
2.1131068497e-01 -3.3307162445e-01 -5.9581121686e-02
2.1131160251e-01 -3.3307176863e-01 -5.9581882536e-02
2.1131031500e-01 -3.3307278559e-01 -5.9582718011e-02
2.1131123246e-01 -3.3307292986e-01 -5.9583478834e-02
2.1131160230e-01 -3.3307128072e-01 -5.9580389928e-02
2.1131251210e-01 -3.3307142237e-01 -5.9581154444e-02
2.1131129611e-01 -3.3307244013e-01 -5.9581992063e-02
2.1131221087e-01 -3.3307257150e-01 -5.9582735579e-02
1.5100004000e-01 -4.2946075395e-01 5.5159470354e-03
1.5099989805e-01 -4.2946060183e-01 5.5157363062e-03
1.5100081847e-01 -4.2946168437e-01 5.5163262848e-03
1.5100063275e-01 -4.2946144294e-01 5.5161239633e-03
1.5100100856e-01 -4.2946052416e-01 5.5155217502e-03
1.5100087602e-01 -4.2946037783e-01 5.5153249881e-03
1.5100179572e-01 -4.2946147764e-01 5.5159142900e-03
1.5100160310e-01 -4.2946123073e-01 5.5156987617e-03
2.2305945603e-01 -1.4090748689e-01 4.2989522271e-03
2.2305929891e-01 -1.4090679540e-01 4.2990193035e-03
2.2305907886e-01 -1.4090358267e-01 4.2981265502e-03
2.2305894698e-01 -1.4090281777e-01 4.2981498018e-03
2.2305671938e-01 -1.4090660908e-01 4.2987954142e-03
2.2305653046e-01 -1.4090579336e-01 4.2988594698e-03
2.2305646276e-01 -1.4090279979e-01 4.2978909955e-03
2.2305632707e-01 -1.4090197150e-01 4.2980090654e-03
3.7541049476e-02 4.8545189774e-01 -4.4550982416e-01
3.7540905357e-02 4.8545099881e-01 -4.4550955526e-01
3.7539811163e-02 4.8545152305e-01 -4.4550998543e-01
3.7539666971e-02 4.8545062373e-01 -4.4550971653e-01
3.7540157869e-02 4.8545155742e-01 -4.4550983948e-01
3.7540001175e-02 4.8545064951e-01 -4.4550958164e-01
3.7538917970e-02 4.8545118484e-01 -4.4550999971e-01
3.7538761188e-02 4.8545027654e-01 -4.4550974186e-01
-3.7235316792e-01 1.5185855398e-01 6.2491688202e-01
-3.7235470217e-01 1.5185820608e-01 6.2491705716e-01
-3.7235326142e-01 1.5185900268e-01 6.2491721616e-01
-3.7235483592e-01 1.5185865669e-01 6.2491742667e-01
-3.7235656115e-01 1.5186037308e-01 6.2491883425e-01
-3.7235807665e-01 1.5186001397e-01 6.2491900410e-01
-3.7235665258e-01 1.5186080845e-01 6.2491916554e-01
-3.7235818106e-01 1.5186045756e-01 6.2491940543e-01
9.7493928774e-02 1.2690185328e-01 -1.2619835614e-01
9.7493920004e-02 1.2690224039e-01 -1.2620103588e-01
9.7493774101e-02 1.2690841363e-01 -1.2619790203e-01
9.7493747712e-02 1.2690882417e-01 -1.2620059767e-01
9.7495551508e-02 1.2690162260e-01 -1.2619834963e-01
9.7495549579e-02 1.2690201698e-01 -1.2620101339e-01
9.7495486670e-02 1.2690832699e-01 -1.2619784802e-01
9.7495382536e-02 1.2690867993e-01 -1.2620059728e-01
4.8746017961e-01 -4.7858778469e-01 3.7363024120e-01
4.8745980310e-01 -4.7858883314e-01 3.7362995414e-01
4.8746092007e-01 -4.7858881302e-01 3.7363061064e-01
4.8746055700e-01 -4.7858985379e-01 3.7363033371e-01
4.8745633606e-01 -4.7858881914e-01 3.7362932862e-01
4.8745595099e-01 -4.7858991760e-01 3.7362911699e-01
4.8745698391e-01 -4.7858986360e-01 3.7362960854e-01
4.8745659885e-01 -4.7859096145e-01 3.7362939679e-01
-1.8999108421e-01 -1.7529244318e-01 -1.6006887436e-01
-1.8999200340e-01 -1.7529191507e-01 -1.6007001704e-01
-1.8999127841e-01 -1.7529303575e-01 -1.6006942921e-01
-1.8999214678e-01 -1.7529248219e-01 -1.6007059213e-01
-1.8999218677e-01 -1.7529044411e-01 -1.6006917286e-01
-1.8999322031e-01 -1.7528985036e-01 -1.6007024315e-01
-1.8999238135e-01 -1.7529103688e-01 -1.6006972777e-01
-1.8999336404e-01 -1.7529041759e-01 -1.6007081828e-01
2.6214193743e-01 1.8057332154e-01 7.6396038320e-02
2.6214268167e-01 1.8057372688e-01 7.6395914562e-02
2.6214005924e-01 1.8057408268e-01 7.6396115181e-02
2.6214080106e-01 1.8057448548e-01 7.6395993126e-02
2.6214302285e-01 1.8057336837e-01 7.6395114288e-02
2.6214376282e-01 1.8057377490e-01 7.6394980006e-02
2.6214111188e-01 1.8057412721e-01 7.6395236030e-02
2.6214184937e-01 1.8057453136e-01 7.6395103510e-02
-3.6526553866e-02 2.8409557390e-01 -1.7277522286e-01
-3.6526704452e-02 2.8409567994e-01 -1.7277573352e-01
-3.6527046668e-02 2.8409396745e-01 -1.7277545599e-01
-3.6527204010e-02 2.8409407758e-01 -1.7277596049e-01
-3.6526236873e-02 2.8409551982e-01 -1.7277556831e-01
-3.6526399136e-02 2.8409563292e-01 -1.7277606609e-01
-3.6526762634e-02 2.8409384758e-01 -1.7277579360e-01
-3.6526924910e-02 2.8409396066e-01 -1.7277629138e-01
-6.4031654664e-01 -3.5129509151e-01 -5.6636196001e-02
-6.4031698977e-01 -3.5129511436e-01 -5.6637924421e-02
-6.4031643937e-01 -3.5129025630e-01 -5.6636443626e-02
-6.4031690510e-01 -3.5129028430e-01 -5.6638206286e-02
-6.4031701290e-01 -3.5129338479e-01 -5.6637518306e-02
-6.4031745467e-01 -3.5129340930e-01 -5.6639247349e-02
-6.4031690089e-01 -3.5128854633e-01 -5.6637767091e-02
-6.4031736170e-01 -3.5128857982e-01 -5.6639533021e-02
-1.6283249328e-01 -2.1588380295e-02 2.5600352519e-01
-1.6283219158e-01 -2.1588607366e-02 2.5600246410e-01
-1.6283163055e-01 -2.1590422131e-02 2.5600317513e-01
-1.6283132847e-01 -2.1590634086e-02 2.5600213520e-01
-1.6283776069e-01 -2.1591887518e-02 2.5600198757e-01
-1.6283745372e-01 -2.1592138387e-02 2.5600091197e-01
-1.6283695091e-01 -2.1593980652e-02 2.5600159769e-01
-1.6283664387e-01 -2.1594216505e-02 2.5600054344e-01
3.0555224198e-01 3.2079672426e-01 2.2908939591e-01
3.0555143717e-01 3.2079610678e-01 2.2908650045e-01
3.0555303866e-01 3.2079827575e-01 2.2908889659e-01
3.0555224441e-01 3.2079766706e-01 2.2908598058e-01
3.0555163015e-01 3.2079787736e-01 2.2908929040e-01
3.0555086832e-01 3.2079736363e-01 2.2908637105e-01
3.0555244254e-01 3.2079942007e-01 2.2908880446e-01
3.0555169672e-01 3.2079890435e-01 2.2908588013e-01
5.5398663993e-01 -3.1623351385e-02 1.0894918887e-01
5.5398683561e-01 -3.1623345896e-02 1.0894828190e-01
5.5398538130e-01 -3.1620617676e-02 1.0894979337e-01
5.5398558284e-01 -3.1620620812e-02 1.0894889522e-01
5.5398646428e-01 -3.1623763387e-02 1.0894902116e-01
5.5398666522e-01 -3.1623761684e-02 1.0894813631e-01
5.5398501666e-01 -3.1620981807e-02 1.0894959738e-01
5.5398520941e-01 -3.1620999909e-02 1.0894868530e-01
-5.0778345400e-02 1.7528820572e-01 -4.1035092470e-01
-5.0777495691e-02 1.7528739957e-01 -4.1035255967e-01
-5.0778274526e-02 1.7528767851e-01 -4.1035094049e-01
-5.0777425064e-02 1.7528687260e-01 -4.1035257555e-01
-5.0778184253e-02 1.7528785137e-01 -4.1035146721e-01
-5.0777328978e-02 1.7528706803e-01 -4.1035309255e-01
-5.0778123241e-02 1.7528721278e-01 -4.1035142056e-01
-5.0777272305e-02 1.7528642153e-01 -4.1035303471e-01
-3.2060497421e-01 1.3974370696e-01 1.7658174639e-01
-3.2060532528e-01 1.3974368355e-01 1.7658204494e-01
-3.2060551893e-01 1.3974392368e-01 1.7658193515e-01
-3.2060587384e-01 1.3974389622e-01 1.7658219938e-01
-3.2060986963e-01 1.3974500163e-01 1.7658184643e-01
-3.2061022338e-01 1.3974497283e-01 1.7658210270e-01
-3.2061040971e-01 1.3974520802e-01 1.7658198882e-01
-3.2061076265e-01 1.3974518243e-01 1.7658227618e-01
3.6913128525e-01 9.9869116815e-02 3.2196439682e-01
3.6913145629e-01 9.9868097627e-02 3.2196370687e-01
3.6913241162e-01 9.9869309505e-02 3.2196395519e-01
3.6913257166e-01 9.9868280941e-02 3.2196328683e-01
3.6913461499e-01 9.9871603460e-02 3.2196488676e-01
3.6913478303e-01 9.9870610279e-02 3.2196423369e-01
3.6913576017e-01 9.9871807882e-02 3.2196441199e-01
3.6913591710e-01 9.9870805484e-02 3.2196378022e-01
2.7403323511e-01 3.6087817744e-01 5.1731791226e-01
2.7403334072e-01 3.6087851538e-01 5.1731734158e-01
2.7403316584e-01 3.6088594256e-01 5.1732010110e-01
2.7403329521e-01 3.6088631171e-01 5.1731949270e-01
2.7402302837e-01 3.6087774018e-01 5.1731827304e-01
2.7402312969e-01 3.6087805108e-01 5.1731768777e-01
2.7402326368e-01 3.6088542560e-01 5.1732043596e-01
2.7402337278e-01 3.6088577997e-01 5.1731986356e-01
6.7053174464e-01 6.4734261762e-01 -1.6442108929e-01
6.7053186357e-01 6.4734285193e-01 -1.6442114955e-01
6.7053022257e-01 6.4734049691e-01 -1.6442041407e-01
6.7053034176e-01 6.4734073838e-01 -1.6442049399e-01
6.7052754006e-01 6.4734166219e-01 -1.6442299427e-01
6.7052763356e-01 6.4734187528e-01 -1.6442309871e-01
6.7052594579e-01 6.4733956407e-01 -1.6442227514e-01
6.7052604975e-01 6.4733977846e-01 -1.6442240713e-01
1.8476011378e-01 -2.5942880691e-01 1.2210821944e-01
1.8475959328e-01 -2.5942915416e-01 1.2210740622e-01
1.8476006955e-01 -2.5942908046e-01 1.2210871318e-01
1.8475954738e-01 -2.5942941639e-01 1.2210791238e-01
1.8476046311e-01 -2.5942805855e-01 1.2210851827e-01
1.8475994278e-01 -2.5942840528e-01 1.2210770512e-01
1.8476039916e-01 -2.5942833326e-01 1.2210901244e-01
1.8475987584e-01 -2.5942867291e-01 1.2210820897e-01
-6.1858483473e-01 6.0123595696e-02 3.4471721026e-02
-6.1858346939e-01 6.0124007305e-02 3.4474369766e-02
-6.1858551834e-01 6.0121665298e-02 3.4470744056e-02
-6.1858421955e-01 6.0122012031e-02 3.4473307454e-02
-6.1859108502e-01 6.0122568739e-02 3.4469920635e-02
-6.1858977468e-01 6.0122802410e-02 3.4472531089e-02
-6.1859181768e-01 6.0120563374e-02 3.4468890065e-02
-6.1859043851e-01 6.0120840710e-02 3.4471558522e-02
1.4351368589e-01 -4.1749877602e-01 4.8391959304e-02
1.4351380806e-01 -4.1749873277e-01 4.8390959649e-02
1.4351299504e-01 -4.1750028798e-01 4.8392447054e-02
1.4351311860e-01 -4.1750024287e-01 4.8391449867e-02
1.4351491799e-01 -4.1749871300e-01 4.8391357536e-02
1.4351496522e-01 -4.1749870834e-01 4.8390300461e-02
1.4351422704e-01 -4.1750022261e-01 4.8391844002e-02
1.4351427570e-01 -4.1750021616e-01 4.8390789425e-02
2.5555296259e-01 -3.1010096096e-01 4.3456887606e-01
2.5555279269e-01 -3.1010125450e-01 4.3456909463e-01
2.5555330307e-01 -3.1010092052e-01 4.3456833894e-01
2.5555313400e-01 -3.1010121427e-01 4.3456855818e-01
2.5555390472e-01 -3.1010287861e-01 4.3456808875e-01
2.5555374069e-01 -3.1010316811e-01 4.3456830595e-01
2.5555426436e-01 -3.1010286566e-01 4.3456755058e-01
2.5555410122e-01 -3.1010315527e-01 4.3456776814e-01
-2.9218656013e-01 -4.4517306000e-01 2.9124445642e-01
-2.9218689973e-01 -4.4517284679e-01 2.9124445811e-01
-2.9218619089e-01 -4.4517367692e-01 2.9124468512e-01
-2.9218652709e-01 -4.4517346754e-01 2.9124468923e-01
-2.9218688157e-01 -4.4517225385e-01 2.9124442905e-01
-2.9218724358e-01 -4.4517202572e-01 2.9124442584e-01
-2.9218642946e-01 -4.4517287154e-01 2.9124465311e-01
-2.9218678810e-01 -4.4517264738e-01 2.9124465246e-01
4.1117133147e-01 -7.6625918418e-01 7.8860950642e-01
4.1117125916e-01 -7.6625834197e-01 7.8860852749e-01
4.1117051048e-01 -7.6625376172e-01 7.8861113613e-01
4.1117043275e-01 -7.6625292210e-01 7.8861015963e-01
4.1116695240e-01 -7.6625905391e-01 7.8860925952e-01
4.1116689169e-01 -7.6625820846e-01 7.8860829677e-01
4.1116606985e-01 -7.6625352819e-01 7.8861091773e-01
4.1116601298e-01 -7.6625267759e-01 7.8860995635e-01
-3.9892497252e+00 2.2674007557e+00 -1.3379571319e+00
-3.9892492791e+00 2.2674000304e+00 -1.3379570264e+00
-3.9892504258e+00 2.2674007903e+00 -1.3379566046e+00
-3.9892499786e+00 2.2674000398e+00 -1.3379564963e+00
-3.9892633779e+00 2.2673986339e+00 -1.3379654515e+00
-3.9892629061e+00 2.2673978786e+00 -1.3379653237e+00
-3.9892640905e+00 2.2673986253e+00 -1.3379648782e+00
-3.9892636199e+00 2.2673978713e+00 -1.3379647520e+00
-1.6406225713e+00 -5.8745371604e-01 6.1961881523e-01
-1.6406256466e+00 -5.8745273121e-01 6.1961370957e-01
-1.6406226291e+00 -5.8745368402e-01 6.1961820233e-01
-1.6406256918e+00 -5.8745269391e-01 6.1961311121e-01
-1.6406211758e+00 -5.8745327211e-01 6.1961894368e-01
-1.6406242381e+00 -5.8745228866e-01 6.1961382213e-01
-1.6406212415e+00 -5.8745324028e-01 6.1961831831e-01
-1.6406242912e+00 -5.8745225156e-01 6.1961321130e-01
8.2248732617e-01 4.2857454600e-01 -3.7696167902e-01
8.2248737564e-01 4.2857498446e-01 -3.7695317688e-01
8.2248727560e-01 4.2857426262e-01 -3.7696206453e-01
8.2248734213e-01 4.2857471807e-01 -3.7695358332e-01
8.2249548043e-01 4.2857490439e-01 -3.7696270221e-01
8.2249553090e-01 4.2857534353e-01 -3.7695420258e-01
8.2249543267e-01 4.2857462184e-01 -3.7696308750e-01
8.2249549974e-01 4.2857507713e-01 -3.7695460955e-01
7.6120365589e-01 -5.2458904545e-01 -8.7798705188e-01
7.6120749852e-01 -5.2458864194e-01 -8.7799380569e-01
7.6120421212e-01 -5.2459036669e-01 -8.7798951153e-01
7.6120804107e-01 -5.2459000543e-01 -8.7799628372e-01
7.6120565434e-01 -5.2458877930e-01 -8.7798685704e-01
7.6120949842e-01 -5.2458836543e-01 -8.7799362770e-01
7.6120616493e-01 -5.2459012837e-01 -8.7798930121e-01
7.6121000686e-01 -5.2458975012e-01 -8.7799609665e-01
5.1979322090e-02 1.4239646524e+00 -1.8821625820e+00
5.1975155982e-02 1.4239659312e+00 -1.8821699478e+00
5.1979757033e-02 1.4239632698e+00 -1.8821627509e+00
5.1975590579e-02 1.4239645515e+00 -1.8821701133e+00
5.1972326094e-02 1.4239615627e+00 -1.8821579383e+00
5.1968137324e-02 1.4239628137e+00 -1.8821653188e+00
5.1972771160e-02 1.4239600821e+00 -1.8821580762e+00
5.1968575115e-02 1.4239613397e+00 -1.8821654443e+00
-3.9272842315e-01 -1.0764920493e+00 1.0131751875e+00
-3.9272702062e-01 -1.0764902104e+00 1.0131812806e+00
-3.9272816087e-01 -1.0764932513e+00 1.0131764701e+00
-3.9272676777e-01 -1.0764914370e+00 1.0131825218e+00
-3.9272668894e-01 -1.0764919621e+00 1.0131738836e+00
-3.9272529406e-01 -1.0764901977e+00 1.0131800163e+00
-3.9272641967e-01 -1.0764931945e+00 1.0131751884e+00
-3.9272504467e-01 -1.0764914547e+00 1.0131812802e+00
3.2132839013e-01 4.0052539765e-01 1.1018433235e+00
3.2132905951e-01 4.0052539227e-01 1.1018410311e+00
3.2132879174e-01 4.0052515740e-01 1.1018438857e+00
3.2132945244e-01 4.0052514802e-01 1.1018415961e+00
3.2132599863e-01 4.0052479378e-01 1.1018438652e+00
3.2132670141e-01 4.0052480642e-01 1.1018415286e+00
3.2132640423e-01 4.0052455164e-01 1.1018444309e+00
3.2132709738e-01 4.0052456099e-01 1.1018420963e+00
1.1590595474e-01 8.3677074508e-02 2.0094562093e-01
1.1590469396e-01 8.3677716470e-02 2.0094400838e-01
1.1590594248e-01 8.3675468774e-02 2.0094364942e-01
1.1590469285e-01 8.3676125192e-02 2.0094204234e-01
1.1590786453e-01 8.3677081209e-02 2.0094288029e-01
1.1590661143e-01 8.3677732498e-02 2.0094126909e-01
1.1590783344e-01 8.3675470941e-02 2.0094090234e-01
1.1590658927e-01 8.3676134174e-02 2.0093929177e-01
-1.0481656396e+00 8.5007587420e-04 -5.6108588855e-01
-1.0481653703e+00 8.4972976993e-04 -5.6108611594e-01
-1.0481652929e+00 8.4730901265e-04 -5.6108894963e-01
-1.0481650237e+00 8.4696284822e-04 -5.6108917680e-01
-1.0481652972e+00 8.5120442167e-04 -5.6108611043e-01
-1.0481650143e+00 8.5084704058e-04 -5.6108633780e-01
-1.0481649433e+00 8.4842386490e-04 -5.6108917494e-01
-1.0481646302e+00 8.4809492293e-04 -5.6108938502e-01
1.0483066151e-01 3.1702020870e-01 6.2767677597e-02
1.0483295265e-01 3.1702178730e-01 6.2762555766e-02
1.0483204460e-01 3.1701852237e-01 6.2768399177e-02
1.0483434116e-01 3.1702013535e-01 6.2763287645e-02
1.0482382594e-01 3.1701904294e-01 6.2768362560e-02
1.0482609302e-01 3.1702064724e-01 6.2763352205e-02
1.0482521529e-01 3.1701739463e-01 6.2769099756e-02
1.0482747993e-01 3.1701895478e-01 6.2764066443e-02
6.2990656514e-01 -4.5723149948e-01 5.7676166552e-01
6.2990667313e-01 -4.5723266086e-01 5.7676142886e-01
6.2990557943e-01 -4.5723198123e-01 5.7676088706e-01
6.2990567691e-01 -4.5723314128e-01 5.7676064550e-01
6.2990740724e-01 -4.5723186683e-01 5.7676148413e-01
6.2990751030e-01 -4.5723302822e-01 5.7676124157e-01
6.2990641471e-01 -4.5723232742e-01 5.7676072203e-01
6.2990650785e-01 -4.5723348755e-01 5.7676047447e-01
7.3122810794e-01 1.1789329089e-01 7.0749483116e-01
7.3122796966e-01 1.1789377401e-01 7.0749339134e-01
7.3122799729e-01 1.1789207719e-01 7.0749533084e-01
7.3122787696e-01 1.1789253447e-01 7.0749386789e-01
7.3123121478e-01 1.1789206343e-01 7.0749360196e-01
7.3123107730e-01 1.1789254048e-01 7.0749216183e-01
7.3123103928e-01 1.1789089349e-01 7.0749417530e-01
7.3123092080e-01 1.1789134861e-01 7.0749271557e-01
-9.9919620316e-01 4.9684227381e-01 -1.7202220097e+00
-9.9920096800e-01 4.9684754545e-01 -1.7202298480e+00
-9.9919458070e-01 4.9684177629e-01 -1.7202204221e+00
-9.9919934537e-01 4.9684704705e-01 -1.7202282610e+00
-9.9919588846e-01 4.9684334392e-01 -1.7202220021e+00
-9.9920066348e-01 4.9684864650e-01 -1.7202298450e+00
-9.9919427509e-01 4.9684284415e-01 -1.7202204177e+00
-9.9919904297e-01 4.9684814437e-01 -1.7202282636e+00
3.6534451256e-01 1.5418424802e-01 6.0737968247e-01
3.6534652256e-01 1.5418566677e-01 6.0737641479e-01
3.6534444256e-01 1.5418418416e-01 6.0737952404e-01
3.6534645335e-01 1.5418561794e-01 6.0737625923e-01
3.6534595264e-01 1.5418487572e-01 6.0737891442e-01
3.6534796377e-01 1.5418627895e-01 6.0737565647e-01
3.6534588875e-01 1.5418481637e-01 6.0737875466e-01
3.6534789849e-01 1.5418622861e-01 6.0737550141e-01
1.2361825559e+00 8.4579091392e-01 3.4292005220e-01
1.2361855730e+00 8.4579058228e-01 3.4291457896e-01
1.2361817880e+00 8.4579040483e-01 3.4292103235e-01
1.2361848006e+00 8.4579007433e-01 3.4291555798e-01
1.2361840039e+00 8.4579007488e-01 3.4291984431e-01
1.2361870178e+00 8.4578974703e-01 3.4291436864e-01
1.2361832247e+00 8.4578957182e-01 3.4292082604e-01
1.2361862537e+00 8.4578923381e-01 3.4291533269e-01
3.3441383011e-01 4.9862001000e-01 -7.3946401623e-01
3.3441373364e-01 4.9861980734e-01 -7.3946403523e-01
3.3441204253e-01 4.9861868700e-01 -7.3946335228e-01
3.3441195187e-01 4.9861848578e-01 -7.3946337519e-01
3.3441356085e-01 4.9862061166e-01 -7.3946453760e-01
3.3441347139e-01 4.9862040834e-01 -7.3946456985e-01
3.3441176084e-01 4.9861927649e-01 -7.3946386893e-01
3.3441167799e-01 4.9861907371e-01 -7.3946390568e-01
-5.8797605379e-01 8.2114297115e-01 -5.8685120329e-01
-5.8797600602e-01 8.2114284972e-01 -5.8685080345e-01
-5.8797660203e-01 8.2114280864e-01 -5.8685133040e-01
-5.8797654824e-01 8.2114268920e-01 -5.8685093199e-01
-5.8797692655e-01 8.2114303476e-01 -5.8685062850e-01
-5.8797687266e-01 8.2114290800e-01 -5.8685023037e-01
-5.8797758695e-01 8.2114292125e-01 -5.8685069089e-01
-5.8797753210e-01 8.2114279482e-01 -5.8685029152e-01
-5.0866398912e-01 -8.5949980918e-02 -3.9760962109e-01
-5.0866427986e-01 -8.5949881163e-02 -3.9760901481e-01
-5.0866421268e-01 -8.5950421513e-02 -3.9760933999e-01
-5.0866450446e-01 -8.5950320201e-02 -3.9760874495e-01
-5.0866251649e-01 -8.5950510762e-02 -3.9760823747e-01
-5.0866278334e-01 -8.5950423857e-02 -3.9760765249e-01
-5.0866269586e-01 -8.5950904028e-02 -3.9760798156e-01
-5.0866296291e-01 -8.5950814598e-02 -3.9760740702e-01
1.2494404637e+00 8.4415027171e-02 -1.8264194195e-01
1.2494411334e+00 8.4415380442e-02 -1.8264263984e-01
1.2494414255e+00 8.4413127679e-02 -1.8264129547e-01
1.2494420953e+00 8.4413481074e-02 -1.8264199361e-01
1.2494410695e+00 8.4414774983e-02 -1.8264218628e-01
1.2494417453e+00 8.4415126871e-02 -1.8264287891e-01
1.2494420348e+00 8.4412878293e-02 -1.8264154195e-01
1.2494427104e+00 8.4413230239e-02 -1.8264223469e-01
-4.0830107615e-01 9.7045204913e-01 2.0670775580e-01
-4.0830164086e-01 9.7045209686e-01 2.0670747419e-01
-4.0830082847e-01 9.7045075462e-01 2.0670450087e-01
-4.0830139558e-01 9.7045079711e-01 2.0670419826e-01
-4.0829911750e-01 9.7045358264e-01 2.0670772251e-01
-4.0829967822e-01 9.7045361567e-01 2.0670744753e-01
-4.0829887267e-01 9.7045228429e-01 2.0670446623e-01
-4.0829943551e-01 9.7045231113e-01 2.0670417072e-01
-6.3956476469e-01 4.5805365516e-01 -6.3164054401e-01
-6.3956581021e-01 4.5805336855e-01 -6.3164409746e-01
-6.3956465703e-01 4.5805410188e-01 -6.3164044933e-01
-6.3956570178e-01 4.5805381443e-01 -6.3164400436e-01
-6.3956243420e-01 4.5805316778e-01 -6.3163992941e-01
-6.3956349468e-01 4.5805289669e-01 -6.3164353586e-01
-6.3956234502e-01 4.5805361004e-01 -6.3163983885e-01
-6.3956340471e-01 4.5805333813e-01 -6.3164344688e-01
1.0933794906e+00 -7.9734347343e-01 -9.9902869340e-01
1.0933798739e+00 -7.9734332337e-01 -9.9902929031e-01
1.0933806509e+00 -7.9734375770e-01 -9.9902817776e-01
1.0933810323e+00 -7.9734360059e-01 -9.9902877080e-01
1.0933813068e+00 -7.9734347828e-01 -9.9902907818e-01
1.0933816206e+00 -7.9734336506e-01 -9.9902973933e-01
1.0933824584e+00 -7.9734375209e-01 -9.9902856154e-01
1.0933827744e+00 -7.9734364522e-01 -9.9902922649e-01
-3.1601191802e-01 1.4811425456e+00 -8.3719383542e-02
-3.1601158942e-01 1.4811426435e+00 -8.3719318791e-02
-3.1601371146e-01 1.4811516747e+00 -8.3716724634e-02
-3.1601338293e-01 1.4811517681e+00 -8.3716665595e-02
-3.1601957040e-01 1.4811444597e+00 -8.3719507303e-02
-3.1601926330e-01 1.4811445971e+00 -8.3719439867e-02
-3.1602136676e-01 1.4811534538e+00 -8.3716777023e-02
-3.1602103638e-01 1.4811535521e+00 -8.3716713053e-02
-3.9221202919e-01 5.8400495543e-01 -1.1549506436e+00
-3.9221261161e-01 5.8400593546e-01 -1.1549445660e+00
-3.9221228372e-01 5.8400327614e-01 -1.1549508048e+00
-3.9221294439e-01 5.8400423286e-01 -1.1549446578e+00
-3.9220970880e-01 5.8400421607e-01 -1.1549495284e+00
-3.9221022129e-01 5.8400519429e-01 -1.1549434245e+00
-3.9220992180e-01 5.8400251816e-01 -1.1549497184e+00
-3.9221056483e-01 5.8400351081e-01 -1.1549435177e+00
-2.0013575690e+00 -1.2937438275e+00 1.5991063602e-01
-2.0013583808e+00 -1.2937443805e+00 1.5990987820e-01
-2.0013574131e+00 -1.2937447288e+00 1.5991004306e-01
-2.0013582220e+00 -1.2937452853e+00 1.5990928159e-01
-2.0013561219e+00 -1.2937427900e+00 1.5991191156e-01
-2.0013569542e+00 -1.2937433662e+00 1.5991117127e-01
-2.0013559775e+00 -1.2937436025e+00 1.5991125409e-01
-2.0013568066e+00 -1.2937441780e+00 1.5991051692e-01
-7.3803299091e-01 -1.1592568445e+00 -1.9400513180e+00
-7.3803307337e-01 -1.1592576460e+00 -1.9400510263e+00
-7.3803237738e-01 -1.1592577716e+00 -1.9400512947e+00
-7.3803245975e-01 -1.1592585730e+00 -1.9400510029e+00
-7.3804142357e-01 -1.1592591618e+00 -1.9400518697e+00
-7.3804150554e-01 -1.1592599826e+00 -1.9400515732e+00
-7.3804078978e-01 -1.1592600679e+00 -1.9400518774e+00
-7.3804087165e-01 -1.1592608885e+00 -1.9400515809e+00
1.6523638318e+00 -4.8023485289e-01 -5.4203187097e-01
1.6523661735e+00 -4.8023401729e-01 -5.4203430613e-01
1.6523631242e+00 -4.8023081340e-01 -5.4203301276e-01
1.6523654972e+00 -4.8022999115e-01 -5.4203548785e-01
1.6523665818e+00 -4.8023222730e-01 -5.4203329068e-01
1.6523689249e+00 -4.8023139074e-01 -5.4203572694e-01
1.6523659420e+00 -4.8022813307e-01 -5.4203435653e-01
1.6523683137e+00 -4.8022731175e-01 -5.4203683052e-01
-4.6638302630e-02 5.2518626678e-01 7.1018495751e-01
-4.6639857067e-02 5.2518937911e-01 7.1019488325e-01
-4.6638972901e-02 5.2518705541e-01 7.1018676639e-01
-4.6640490316e-02 5.2519019982e-01 7.1019667752e-01
-4.6634857539e-02 5.2518566317e-01 7.1018501870e-01
-4.6636419192e-02 5.2518878038e-01 7.1019493915e-01
-4.6635545079e-02 5.2518648066e-01 7.1018683509e-01
-4.6637044831e-02 5.2518958180e-01 7.1019674302e-01
-1.7209429307e-01 3.6651494496e-01 9.2736139433e-02
-1.7209669570e-01 3.6651649449e-01 9.2732539176e-02
-1.7209383614e-01 3.6651257335e-01 9.2734095276e-02
-1.7209623885e-01 3.6651412293e-01 9.2730494895e-02
-1.7209182928e-01 3.6651382860e-01 9.2737912235e-02
-1.7209425833e-01 3.6651536837e-01 9.2734242908e-02
-1.7209131042e-01 3.6651149456e-01 9.2735919825e-02
-1.7209373968e-01 3.6651305702e-01 9.2732285213e-02
1.2394053678e-01 -5.9220432227e-01 -8.5918023993e-01
1.2394079672e-01 -5.9220439885e-01 -8.5917957378e-01
1.2394286943e-01 -5.9220022099e-01 -8.5917927307e-01
1.2394314781e-01 -5.9220026826e-01 -8.5917861726e-01
1.2394010998e-01 -5.9220361301e-01 -8.5917959491e-01
1.2394033124e-01 -5.9220366171e-01 -8.5917894831e-01
1.2394235762e-01 -5.9219953843e-01 -8.5917861978e-01
1.2394262999e-01 -5.9219958129e-01 -8.5917794992e-01
1.9536883560e-01 -1.3333627314e+00 -1.0312276921e+00
1.9536911116e-01 -1.3333627611e+00 -1.0312276794e+00
1.9537086353e-01 -1.3333670819e+00 -1.0312285345e+00
1.9537113968e-01 -1.3333671126e+00 -1.0312285208e+00
1.9537013522e-01 -1.3333661559e+00 -1.0312288141e+00
1.9537041084e-01 -1.3333661757e+00 -1.0312288048e+00
1.9537215198e-01 -1.3333705032e+00 -1.0312296480e+00
1.9537243717e-01 -1.3333705282e+00 -1.0312296471e+00
-1.1518317478e+00 4.0069664894e-01 1.6750704665e-02
-1.1518293754e+00 4.0069492375e-01 1.6747086443e-02
-1.1518310718e+00 4.0069607720e-01 1.6752026628e-02
-1.1518286973e+00 4.0069435367e-01 1.6748407198e-02
-1.1518303008e+00 4.0069526076e-01 1.6751422732e-02
-1.1518279377e+00 4.0069354180e-01 1.6747803881e-02
-1.1518296230e+00 4.0069468098e-01 1.6752741117e-02
-1.1518272567e+00 4.0069296792e-01 1.6749119486e-02
4.4626992240e-01 -3.9701227624e-01 1.4086926030e+00
4.4626966092e-01 -3.9701225205e-01 1.4086928311e+00
4.4626911963e-01 -3.9700751739e-01 1.4086928931e+00
4.4626886957e-01 -3.9700749375e-01 1.4086931137e+00
4.4627126674e-01 -3.9701122826e-01 1.4086927395e+00
4.4627099616e-01 -3.9701121040e-01 1.4086929530e+00
4.4627046579e-01 -3.9700653447e-01 1.4086930110e+00
4.4627021538e-01 -3.9700651185e-01 1.4086932432e+00
-1.2472951798e+00 -2.9134231084e-01 7.9236612381e-01
-1.2472933217e+00 -2.9134163230e-01 7.9237001194e-01
-1.2472961734e+00 -2.9134356604e-01 7.9236647467e-01
-1.2472943015e+00 -2.9134286741e-01 7.9237035701e-01
-1.2472951298e+00 -2.9134319363e-01 7.9236667483e-01
-1.2472932586e+00 -2.9134251216e-01 7.9237056736e-01
-1.2472961244e+00 -2.9134443888e-01 7.9236702288e-01
-1.2472942409e+00 -2.9134373641e-01 7.9237091071e-01
-9.4096377347e-03 1.5127085261e+00 9.2992418108e-01
-9.4105279935e-03 1.5127068995e+00 9.2992248501e-01
-9.4072614687e-03 1.5127063029e+00 9.2992362838e-01
-9.4081466710e-03 1.5127046778e+00 9.2992192946e-01
-9.4075067216e-03 1.5127093312e+00 9.2992479394e-01
-9.4083893987e-03 1.5127076570e+00 9.2992310984e-01
-9.4051395514e-03 1.5127071206e+00 9.2992425070e-01
-9.4059950478e-03 1.5127054553e+00 9.2992258758e-01
9.3018779371e-01 -1.2275464577e+00 -3.4313142268e-01
9.3018764668e-01 -1.2275497964e+00 -3.4313644995e-01
9.3018632086e-01 -1.2275500898e+00 -3.4313140893e-01
9.3018617680e-01 -1.2275534588e+00 -3.4313641966e-01
9.3018893413e-01 -1.2275470835e+00 -3.4313045311e-01
9.3018877521e-01 -1.2275504017e+00 -3.4313547642e-01
9.3018746766e-01 -1.2275507259e+00 -3.4313042417e-01
9.3018731079e-01 -1.2275540735e+00 -3.4313543130e-01
1.5951264008e-01 1.9365199075e-02 1.8971801723e-01
1.5951312740e-01 1.9364062126e-02 1.8971771250e-01
1.5951229313e-01 1.9368598283e-02 1.8971891878e-01
1.5951281632e-01 1.9367450410e-02 1.8971864423e-01
1.5951548958e-01 1.9364316088e-02 1.8971866307e-01
1.5951596650e-01 1.9363176338e-02 1.8971836493e-01
1.5951514231e-01 1.9367713856e-02 1.8971956907e-01
1.5951565476e-01 1.9366578387e-02 1.8971931021e-01
7.8560736240e-01 -4.4929250102e-01 1.1737086516e+00
7.8560691617e-01 -4.4929300162e-01 1.1737075066e+00
7.8560919296e-01 -4.4929501069e-01 1.1737070066e+00
7.8560874577e-01 -4.4929551201e-01 1.1737058617e+00
7.8560842858e-01 -4.4929263729e-01 1.1737088992e+00
7.8560796347e-01 -4.4929311931e-01 1.1737077650e+00
7.8561025618e-01 -4.4929515098e-01 1.1737072498e+00
7.8560979095e-01 -4.4929563270e-01 1.1737061153e+00
-5.1946272283e-01 -9.4084995256e-01 7.7602434208e-01
-5.1946290280e-01 -9.4084979838e-01 7.7602404785e-01
-5.1946280595e-01 -9.4084967586e-01 7.7602460721e-01
-5.1946298399e-01 -9.4084951729e-01 7.7602431551e-01
-5.1946216733e-01 -9.4084968757e-01 7.7602520791e-01
-5.1946234491e-01 -9.4084952853e-01 7.7602490099e-01
-5.1946222688e-01 -9.4084941245e-01 7.7602546879e-01
-5.1946240186e-01 -9.4084924996e-01 7.7602516292e-01
-9.6808103893e-01 -3.9236068410e-02 3.9794003946e-01
-9.6808152814e-01 -3.9235646451e-02 3.9793947422e-01
-9.6808206162e-01 -3.9236569677e-02 3.9794071840e-01
-9.6808255043e-01 -3.9236147842e-02 3.9794015317e-01
-9.6808956410e-01 -3.9238489625e-02 3.9793899795e-01
-9.6809005488e-01 -3.9238058591e-02 3.9793837498e-01
-9.6809058764e-01 -3.9238948748e-02 3.9793970354e-01
-9.6809107363e-01 -3.9238516733e-02 3.9793908195e-01
-2.0625508729e+00 2.3658387546e-01 -1.1378611330e-01
-2.0625511465e+00 2.3658386850e-01 -1.1378620774e-01
-2.0625512812e+00 2.3658022342e-01 -1.1378714471e-01
-2.0625515642e+00 2.3658022485e-01 -1.1378723301e-01
-2.0625484816e+00 2.3658608583e-01 -1.1378511336e-01
-2.0625487698e+00 2.3658608781e-01 -1.1378523067e-01
-2.0625488943e+00 2.3658243887e-01 -1.1378614212e-01
-2.0625491830e+00 2.3658243849e-01 -1.1378625851e-01
2.0229392322e-01 -1.2342373738e-01 9.6211980290e-01
2.0229494491e-01 -1.2342336719e-01 9.6211828396e-01
2.0229389107e-01 -1.2342402079e-01 9.6211916607e-01
2.0229491157e-01 -1.2342363148e-01 9.6211763233e-01
2.0230012612e-01 -1.2342390249e-01 9.6212170124e-01
2.0230114837e-01 -1.2342351264e-01 9.6212016807e-01
2.0230009291e-01 -1.2342418535e-01 9.6212107031e-01
2.0230111482e-01 -1.2342379534e-01 9.6211953697e-01
2.6093189159e+00 -2.5507627438e-01 -2.9377436316e-01
2.6093186019e+00 -2.5507637424e-01 -2.9377391143e-01
2.6093192571e+00 -2.5507960945e-01 -2.9377462070e-01
2.6093189331e+00 -2.5507970080e-01 -2.9377415718e-01
2.6093229456e+00 -2.5507666657e-01 -2.9377577127e-01
2.6093226726e+00 -2.5507677105e-01 -2.9377531511e-01
2.6093232861e+00 -2.5508000247e-01 -2.9377602678e-01
2.6093230029e+00 -2.5508009874e-01 -2.9377555869e-01
-1.2541367941e+00 -9.2903977415e-01 1.6573465737e-01
-1.2541376862e+00 -9.2904021720e-01 1.6572957979e-01
-1.2541386114e+00 -9.2903403977e-01 1.6573680922e-01
-1.2541393948e+00 -9.2903443090e-01 1.6573181517e-01
-1.2541346819e+00 -9.2903888079e-01 1.6573661556e-01
-1.2541354855e+00 -9.2903927400e-01 1.6573161745e-01
-1.2541363636e+00 -9.2903310680e-01 1.6573884449e-01
-1.2541372161e+00 -9.2903354366e-01 1.6573374747e-01
-1.0599118933e+00 5.3702286418e-01 -6.6512790632e-01
-1.0599115963e+00 5.3702183068e-01 -6.6511939553e-01
-1.0599116921e+00 5.3702095934e-01 -6.6512730960e-01
-1.0599114120e+00 5.3701994282e-01 -6.6511880182e-01
-1.0599195381e+00 5.3702293105e-01 -6.6512791398e-01
-1.0599191214e+00 5.3702198077e-01 -6.6511931867e-01
-1.0599193285e+00 5.3702100057e-01 -6.6512731935e-01
-1.0599189298e+00 5.3702008262e-01 -6.6511872919e-01
1.5280650966e+00 1.1801401595e+00 1.4134429763e+00
1.5280644849e+00 1.1801407299e+00 1.4134389114e+00
1.5280658023e+00 1.1801445675e+00 1.4134421314e+00
1.5280651629e+00 1.1801451743e+00 1.4134380990e+00
1.5280654828e+00 1.1801409045e+00 1.4134440515e+00
1.5280648709e+00 1.1801414737e+00 1.4134399870e+00
1.5280662206e+00 1.1801452891e+00 1.4134431745e+00
1.5280655841e+00 1.1801458876e+00 1.4134391385e+00
5.7274247884e-01 -1.1492380892e-01 -4.6569637842e-01
5.7274324977e-01 -1.1492388114e-01 -4.6569668882e-01
5.7274201874e-01 -1.1492699691e-01 -4.6570024282e-01
5.7274279113e-01 -1.1492708896e-01 -4.6570058777e-01
5.7274696089e-01 -1.1492356214e-01 -4.6569605745e-01
5.7274773329e-01 -1.1492366872e-01 -4.6569634172e-01
5.7274650563e-01 -1.1492672233e-01 -4.6569988879e-01
5.7274727948e-01 -1.1492684875e-01 -4.6570020762e-01
-1.1808895692e+00 1.6306095680e-01 -7.1529934073e-01
-1.1808906158e+00 1.6306259837e-01 -7.1529264829e-01
-1.1808894308e+00 1.6306036492e-01 -7.1530003856e-01
-1.1808904904e+00 1.6306201543e-01 -7.1529334716e-01
-1.1808897545e+00 1.6306075762e-01 -7.1529940958e-01
-1.1808908272e+00 1.6306242581e-01 -7.1529275403e-01
-1.1808896269e+00 1.6306015415e-01 -7.1530010834e-01
-1.1808907076e+00 1.6306181653e-01 -7.1529344590e-01
-1.9133269488e-01 1.2340854646e+00 -2.6721640192e-01
-1.9133179494e-01 1.2340862558e+00 -2.6721544242e-01
-1.9133360189e-01 1.2340890468e+00 -2.6721256459e-01
-1.9133272305e-01 1.2340898386e+00 -2.6721160438e-01
-1.9133008550e-01 1.2340855828e+00 -2.6721625728e-01
-1.9132918525e-01 1.2340863744e+00 -2.6721529721e-01
-1.9133099193e-01 1.2340891717e+00 -2.6721241349e-01
-1.9133009356e-01 1.2340899661e+00 -2.6721143236e-01
9.1865024454e-01 -8.4727619288e-01 -3.9622231819e-01
9.1864992366e-01 -8.4727404942e-01 -3.9622208295e-01
9.1864914782e-01 -8.4727709226e-01 -3.9622263939e-01
9.1864882685e-01 -8.4727494888e-01 -3.9622240439e-01
9.1865205051e-01 -8.4727646395e-01 -3.9622291154e-01
9.1865172968e-01 -8.4727432113e-01 -3.9622267575e-01
9.1865095023e-01 -8.4727732976e-01 -3.9622322518e-01
9.1865062926e-01 -8.4727518700e-01 -3.9622298969e-01
-2.2343570102e-01 1.1205086885e-01 -1.1672824138e-01
-2.2343664167e-01 1.1204985884e-01 -1.1672888318e-01
-2.2343536676e-01 1.1204730473e-01 -1.1672758935e-01
-2.2343630138e-01 1.1204629394e-01 -1.1672826202e-01
-2.2344176693e-01 1.1205045385e-01 -1.1673091974e-01
-2.2344273491e-01 1.1204943477e-01 -1.1673156210e-01
-2.2344151011e-01 1.1204694045e-01 -1.1673021699e-01
-2.2344247727e-01 1.1204592229e-01 -1.1673088697e-01
-4.7357127908e-01 7.7461724352e-01 -1.4001307284e+00
-4.7357013758e-01 7.7461906992e-01 -1.4001306704e+00
-4.7357055070e-01 7.7461833969e-01 -1.4001304090e+00
-4.7356940918e-01 7.7462016613e-01 -1.4001303510e+00
-4.7357879853e-01 7.7461893713e-01 -1.4001309453e+00
-4.7357761487e-01 7.7462074152e-01 -1.4001308721e+00
-4.7357814397e-01 7.7462004622e-01 -1.4001305824e+00
-4.7357696027e-01 7.7462185064e-01 -1.4001305092e+00
1.9065598520e-01 -1.5603878900e+00 -3.8533258079e-01
1.9065578522e-01 -1.5603879714e+00 -3.8533273184e-01
1.9065929027e-01 -1.5603933927e+00 -3.8533178484e-01
1.9065910989e-01 -1.5603934715e+00 -3.8533194845e-01
1.9065770018e-01 -1.5603866973e+00 -3.8533235614e-01
1.9065750276e-01 -1.5603867694e+00 -3.8533251914e-01
1.9066100622e-01 -1.5603922003e+00 -3.8533155322e-01
1.9066081220e-01 -1.5603922717e+00 -3.8533173423e-01
1.0726968983e+00 1.2603664463e+00 -1.3824582664e+00
1.0726968493e+00 1.2603678252e+00 -1.3824591363e+00
1.0726961529e+00 1.2603728122e+00 -1.3824593539e+00
1.0726961063e+00 1.2603741877e+00 -1.3824602077e+00
1.0727004937e+00 1.2603663613e+00 -1.3824576892e+00
1.0727004295e+00 1.2603677483e+00 -1.3824585532e+00
1.0726997363e+00 1.2603726997e+00 -1.3824588167e+00
1.0726997034e+00 1.2603740825e+00 -1.3824596585e+00
-1.0883689405e-01 -9.0246618038e-01 -1.4078191283e+00
-1.0883708080e-01 -9.0246696124e-01 -1.4078212005e+00
-1.0883668875e-01 -9.0246770096e-01 -1.4078197501e+00
-1.0883690056e-01 -9.0246848298e-01 -1.4078218469e+00
-1.0883475720e-01 -9.0246600946e-01 -1.4078189279e+00
-1.0883494390e-01 -9.0246679037e-01 -1.4078210000e+00
-1.0883454800e-01 -9.0246753181e-01 -1.4078195550e+00
-1.0883475977e-01 -9.0246831388e-01 -1.4078216517e+00
-1.6789257638e+00 -7.2940545469e-01 -1.5739782228e+00
-1.6789255227e+00 -7.2940424521e-01 -1.5739787106e+00
-1.6789249758e+00 -7.2940139770e-01 -1.5739779925e+00
-1.6789246976e+00 -7.2940016097e-01 -1.5739785224e+00
-1.6789259629e+00 -7.2940626841e-01 -1.5739780260e+00
-1.6789257209e+00 -7.2940505805e-01 -1.5739785143e+00
-1.6789252218e+00 -7.2940218446e-01 -1.5739778287e+00
-1.6789249444e+00 -7.2940095102e-01 -1.5739783518e+00
9.1554505269e-01 -1.2233213957e-01 -1.5116324077e+00
9.1554684679e-01 -1.2233421588e-01 -1.5116342882e+00
9.1554458486e-01 -1.2233114014e-01 -1.5116335836e+00
9.1554637750e-01 -1.2233321740e-01 -1.5116354611e+00
9.1554603021e-01 -1.2233317221e-01 -1.5116312729e+00
9.1554782412e-01 -1.2233524866e-01 -1.5116331531e+00
9.1554557399e-01 -1.2233221217e-01 -1.5116324335e+00
9.1554736667e-01 -1.2233428944e-01 -1.5116343109e+00
-4.7925388550e-02 6.3706903239e-01 2.0370690010e+00
-4.7926714141e-02 6.3707010467e-01 2.0370709665e+00
-4.7924668015e-02 6.3706841513e-01 2.0370680065e+00
-4.7925996257e-02 6.3706948318e-01 2.0370699651e+00
-4.7924432856e-02 6.3706893969e-01 2.0370688748e+00
-4.7925754360e-02 6.3707001067e-01 2.0370708406e+00
-4.7923710605e-02 6.3706832094e-01 2.0370678795e+00
-4.7925034804e-02 6.3706938734e-01 2.0370698378e+00
-8.0718199574e-02 -3.2579145619e-01 -1.1348356997e+00
-8.0719740261e-02 -3.2579269212e-01 -1.1348341609e+00
-8.0719044871e-02 -3.2579144381e-01 -1.1348356947e+00
-8.0720581777e-02 -3.2579268730e-01 -1.1348341459e+00
-8.0717648938e-02 -3.2579127765e-01 -1.1348355995e+00
-8.0719189559e-02 -3.2579251491e-01 -1.1348340637e+00
-8.0718492713e-02 -3.2579130815e-01 -1.1348355864e+00
-8.0720029547e-02 -3.2579255299e-01 -1.1348340405e+00
8.5571866550e-01 -8.8832514091e-01 2.4748335492e-01
8.5571801939e-01 -8.8832505112e-01 2.4748361994e-01
8.5571719789e-01 -8.8832021100e-01 2.4748085221e-01
8.5571658439e-01 -8.8832005580e-01 2.4748110651e-01
8.5571871423e-01 -8.8832687552e-01 2.4748230088e-01
8.5571810136e-01 -8.8832676729e-01 2.4748255773e-01
8.5571729359e-01 -8.8832195143e-01 2.4747978837e-01
8.5571664785e-01 -8.8832181412e-01 2.4748005106e-01
-4.2347422222e+00 1.3301691233e+00 4.9054077937e-01
-4.2347446936e+00 1.3301659102e+00 4.9054514803e-01
-4.2347472031e+00 1.3301784921e+00 4.9054597406e-01
-4.2347496289e+00 1.3301753007e+00 4.9055034785e-01
-4.2347412417e+00 1.3301715242e+00 4.9053794624e-01
-4.2347437281e+00 1.3301683297e+00 4.9054232027e-01
-4.2347462425e+00 1.3301809046e+00 4.9054314999e-01
-4.2347486685e+00 1.3301777139e+00 4.9054752408e-01
5.0032329290e-01 -7.8309016311e-01 -8.4173949156e-01
5.0032354906e-01 -7.8308913886e-01 -8.4174071097e-01
5.0032439620e-01 -7.8308429417e-01 -8.4174181337e-01
5.0032462972e-01 -7.8308327462e-01 -8.4174303385e-01
5.0032446682e-01 -7.8308968829e-01 -8.4174003375e-01
5.0032472274e-01 -7.8308866317e-01 -8.4174125424e-01
5.0032557181e-01 -7.8308380843e-01 -8.4174234585e-01
5.0032580556e-01 -7.8308279013e-01 -8.4174356563e-01
2.5655736504e+00 -1.1107518177e-01 -5.7933773341e-01
2.5655753381e+00 -1.1107507197e-01 -5.7932782800e-01
2.5655751939e+00 -1.1107271652e-01 -5.7933674741e-01
2.5655768594e+00 -1.1107258110e-01 -5.7932682506e-01
2.5655748786e+00 -1.1107603578e-01 -5.7933760202e-01
2.5655765899e+00 -1.1107587849e-01 -5.7932769513e-01
2.5655764224e+00 -1.1107356970e-01 -5.7933661630e-01
2.5655781117e+00 -1.1107338926e-01 -5.7932669282e-01
2.2926816975e-01 3.5789460385e-01 1.8684592111e+00
2.2926955396e-01 3.5789455746e-01 1.8684593279e+00
2.2926734914e-01 3.5789853781e-01 1.8684596310e+00
2.2926875922e-01 3.5789851317e-01 1.8684596897e+00
2.2927133567e-01 3.5789553683e-01 1.8684589625e+00
2.2927273239e-01 3.5789547444e-01 1.8684590728e+00
2.2927048397e-01 3.5789946182e-01 1.8684593745e+00
2.2927189723e-01 3.5789943530e-01 1.8684594368e+00
5.2832682154e-01 3.2952841126e-01 2.1533560355e+00
5.2832821629e-01 3.2952678480e-01 2.1533550636e+00
5.2832616264e-01 3.2952593461e-01 2.1533576343e+00
5.2832755756e-01 3.2952430832e-01 2.1533566623e+00
5.2832538529e-01 3.2952852796e-01 2.1533567795e+00
5.2832678078e-01 3.2952690160e-01 2.1533558079e+00
5.2832471910e-01 3.2952605000e-01 2.1533583972e+00
5.2832612275e-01 3.2952441882e-01 2.1533574245e+00
-6.2823916797e-01 -9.4664573282e-01 -5.2284037622e-01
-6.2824165528e-01 -9.4664604295e-01 -5.2284155524e-01
-6.2823918387e-01 -9.4664638232e-01 -5.2284024338e-01
-6.2824167096e-01 -9.4664669236e-01 -5.2284142241e-01
-6.2823875828e-01 -9.4664578918e-01 -5.2284081235e-01
-6.2824124328e-01 -9.4664609946e-01 -5.2284199207e-01
-6.2823879760e-01 -9.4664643369e-01 -5.2284069855e-01
-6.2824128293e-01 -9.4664674424e-01 -5.2284187811e-01
-2.7698798551e+00 2.9821387087e-01 4.7408398062e-01
-2.7698798169e+00 2.9821385587e-01 4.7408408280e-01
-2.7698812051e+00 2.9821462275e-01 4.7408383898e-01
-2.7698811703e+00 2.9821460763e-01 4.7408394502e-01
-2.7698786375e+00 2.9821336339e-01 4.7408529170e-01
-2.7698786043e+00 2.9821334724e-01 4.7408540066e-01
-2.7698799935e+00 2.9821399188e-01 4.7408522505e-01
-2.7698799603e+00 2.9821397574e-01 4.7408533403e-01
5.0454780357e-02 6.5971859202e-02 1.4274999382e+00
5.0454209140e-02 6.5973365388e-02 1.4274997259e+00
5.0454594823e-02 6.5971407745e-02 1.4274993657e+00
5.0454045369e-02 6.5972867150e-02 1.4274991568e+00
5.0457871025e-02 6.5970507184e-02 1.4275014630e+00
5.0457327754e-02 6.5971977076e-02 1.4275012410e+00
5.0457688090e-02 6.5970024880e-02 1.4275008941e+00
5.0457123074e-02 6.5971541519e-02 1.4275006687e+00
8.7067897243e-01 2.4243647606e-01 5.8009631359e-01
8.7067892400e-01 2.4243659799e-01 5.8009686965e-01
8.7067820520e-01 2.4243434329e-01 5.8009384948e-01
8.7067815634e-01 2.4243446527e-01 5.8009440548e-01
8.7067935955e-01 2.4243806182e-01 5.8009503187e-01
8.7067931029e-01 2.4243818386e-01 5.8009558783e-01
8.7067855091e-01 2.4243590357e-01 5.8009257970e-01
8.7067850207e-01 2.4243602552e-01 5.8009313579e-01
-7.0274190182e-01 4.9156173737e-01 1.8773148893e+00
-7.0274209460e-01 4.9156169087e-01 1.8773148624e+00
-7.0274084557e-01 4.9156032598e-01 1.8773150231e+00
-7.0274103862e-01 4.9156027918e-01 1.8773149961e+00
-7.0275008168e-01 4.9156306032e-01 1.8773156775e+00
-7.0275025710e-01 4.9156302458e-01 1.8773156499e+00
-7.0274909673e-01 4.9156170027e-01 1.8773158097e+00
-7.0274927234e-01 4.9156166418e-01 1.8773157820e+00
1.3101746531e+00 -1.3994487612e-01 9.5807815072e-01
1.3101745586e+00 -1.3994285034e-01 9.5807973150e-01
1.3101771040e+00 -1.3994927998e-01 9.5807985723e-01
1.3101770055e+00 -1.3994725397e-01 9.5808143304e-01
1.3101761359e+00 -1.3994521541e-01 9.5807750823e-01
1.3101760449e+00 -1.3994318111e-01 9.5807910111e-01
1.3101785894e+00 -1.3994962252e-01 9.5807921362e-01
1.3101784943e+00 -1.3994758798e-01 9.5808080159e-01
-7.8217449011e-01 -5.4389343738e-03 -3.7644000798e-01
-7.8217366405e-01 -5.4399740300e-03 -3.7644226930e-01
-7.8217532460e-01 -5.4418739542e-03 -3.7644229476e-01
-7.8217449894e-01 -5.4429141219e-03 -3.7644455634e-01
-7.8217324769e-01 -5.4394291028e-03 -3.7644007886e-01
-7.8217242094e-01 -5.4404694558e-03 -3.7644233904e-01
-7.8217408187e-01 -5.4423687527e-03 -3.7644236565e-01
-7.8217325711e-01 -5.4434064256e-03 -3.7644462270e-01
8.3362636635e-01 -8.1069937533e-01 1.2029233417e+00
8.3362659786e-01 -8.1069737850e-01 1.2029253918e+00
8.3362426462e-01 -8.1069783338e-01 1.2029237816e+00
8.3362449729e-01 -8.1069583364e-01 1.2029258279e+00
8.3362357785e-01 -8.1069929928e-01 1.2029237885e+00
8.3362381015e-01 -8.1069730265e-01 1.2029258379e+00
8.3362149834e-01 -8.1069776724e-01 1.2029242061e+00
8.3362173069e-01 -8.1069577065e-01 1.2029262553e+00
6.9311744916e-01 -5.9089608918e-02 -1.3235167683e+00
6.9311718428e-01 -5.9089626545e-02 -1.3235178442e+00
6.9312137205e-01 -5.9092141158e-02 -1.3235160320e+00
6.9312110726e-01 -5.9092158870e-02 -1.3235171075e+00
6.9312153421e-01 -5.9092006800e-02 -1.3235198538e+00
6.9312128889e-01 -5.9092021021e-02 -1.3235209244e+00
6.9312545636e-01 -5.9094535926e-02 -1.3235191159e+00
6.9312521092e-01 -5.9094550036e-02 -1.3235201873e+00
2.3649982923e-01 2.7926580291e-01 1.1166065509e+00
2.3649810683e-01 2.7926549248e-01 1.1166119398e+00
2.3649990868e-01 2.7926672311e-01 1.1166064181e+00
2.3649818938e-01 2.7926644285e-01 1.1166118021e+00
2.3650141466e-01 2.7926591357e-01 1.1166065123e+00
2.3649968768e-01 2.7926562197e-01 1.1166118955e+00
2.3650149282e-01 2.7926682378e-01 1.1166063722e+00
2.3649977684e-01 2.7926657464e-01 1.1166117525e+00
8.9044230342e-01 -1.4589045195e+00 -8.9331242811e-02
8.9044159892e-01 -1.4589050138e+00 -8.9330706273e-02
8.9044452989e-01 -1.4589057071e+00 -8.9331342639e-02
8.9044382555e-01 -1.4589062013e+00 -8.9330805714e-02
8.9044250294e-01 -1.4589051157e+00 -8.9332352447e-02
8.9044179986e-01 -1.4589056098e+00 -8.9331816282e-02
8.9044469492e-01 -1.4589063173e+00 -8.9332427504e-02
8.9044399177e-01 -1.4589067998e+00 -8.9331891440e-02
-5.7367011589e-01 1.2325678085e+00 -1.5679341762e-01
-5.7366693456e-01 1.2325641661e+00 -1.5677979685e-01
-5.7366965065e-01 1.2325746191e+00 -1.5679387938e-01
-5.7366640266e-01 1.2325710366e+00 -1.5678032097e-01
-5.7367496277e-01 1.2325675589e+00 -1.5679444366e-01
-5.7367175754e-01 1.2325638608e+00 -1.5678079397e-01
-5.7367451314e-01 1.2325743214e+00 -1.5679490369e-01
-5.7367132634e-01 1.2325706669e+00 -1.5678125058e-01
-1.0168861189e-01 1.3196920157e-01 1.6689003562e+00
-1.0168787227e-01 1.3196831739e-01 1.6688991979e+00
-1.0168708284e-01 1.3197139175e-01 1.6689013143e+00
-1.0168634098e-01 1.3197051026e-01 1.6689001451e+00
-1.0168832861e-01 1.3197058149e-01 1.6689006594e+00
-1.0168767808e-01 1.3196975795e-01 1.6688995954e+00
-1.0168689191e-01 1.3197282800e-01 1.6689017091e+00
-1.0168615003e-01 1.3197194652e-01 1.6689005399e+00
5.8476612435e-01 1.8613344244e-01 6.4039543228e-01
5.8476443000e-01 1.8613273217e-01 6.4039785790e-01
5.8476707843e-01 1.8613414141e-01 6.4039753050e-01
5.8476534098e-01 1.8613342916e-01 6.4039995467e-01
5.8476036474e-01 1.8613206345e-01 6.4039580168e-01
5.8475870210e-01 1.8613136589e-01 6.4039819421e-01
5.8476125493e-01 1.8613263926e-01 6.4039783583e-01
5.8475954921e-01 1.8613193972e-01 6.4040022709e-01
-1.2296615466e+00 -9.9573868408e-01 -8.6362763402e-02
-1.2296634524e+00 -9.9574023173e-01 -8.6354969165e-02
-1.2296599329e+00 -9.9573974417e-01 -8.6362879667e-02
-1.2296618617e+00 -9.9574134832e-01 -8.6355080415e-02
-1.2296595807e+00 -9.9573861984e-01 -8.6365295703e-02
-1.2296614531e+00 -9.9574017670e-01 -8.6357548837e-02
-1.2296580091e+00 -9.9573970155e-01 -8.6365408199e-02
-1.2296598581e+00 -9.9574128683e-01 -8.6357671649e-02
1.8717878562e+00 -3.5834205249e-01 6.9558894213e-01
1.8717869340e+00 -3.5834124970e-01 6.9558810270e-01
1.8717879924e+00 -3.5834774882e-01 6.9558782350e-01
1.8717870702e+00 -3.5834694607e-01 6.9558698415e-01
1.8717879366e+00 -3.5834162663e-01 6.9558874548e-01
1.8717870049e+00 -3.5834082530e-01 6.9558789596e-01
1.8717880755e+00 -3.5834735123e-01 6.9558759228e-01
1.8717871474e+00 -3.5834657419e-01 6.9558676237e-01
6.0022510270e-01 8.0572415199e-02 -1.1074054526e-01
6.0022559660e-01 8.0570337380e-02 -1.1074160627e-01
6.0022514261e-01 8.0570451407e-02 -1.1074038665e-01
6.0022564971e-01 8.0568386442e-02 -1.1074142341e-01
6.0022682538e-01 8.0571282915e-02 -1.1073891264e-01
6.0022728890e-01 8.0569182705e-02 -1.1073995580e-01
6.0022687238e-01 8.0569419579e-02 -1.1073880134e-01
6.0022735610e-01 8.0567322845e-02 -1.1073982370e-01
-1.0238927191e+00 8.4972940444e-01 -1.9452936255e+00
-1.0238934762e+00 8.4972819860e-01 -1.9452946417e+00
-1.0238918739e+00 8.4972933378e-01 -1.9452925512e+00
-1.0238926151e+00 8.4972813570e-01 -1.9452935719e+00
-1.0238926363e+00 8.4972987660e-01 -1.9452931578e+00
-1.0238933836e+00 8.4972867160e-01 -1.9452942000e+00
-1.0238917799e+00 8.4972978236e-01 -1.9452920992e+00
-1.0238925271e+00 8.4972857737e-01 -1.9452931410e+00
8.0695892059e-03 -3.4010140404e-01 -6.9256973657e-01
8.0685380022e-03 -3.4010195526e-01 -6.9256350398e-01
8.0691655278e-03 -3.4010195391e-01 -6.9257053001e-01
8.0681158901e-03 -3.4010253939e-01 -6.9256432768e-01
8.0691854347e-03 -3.4010218185e-01 -6.9256986435e-01
8.0681378721e-03 -3.4010274504e-01 -6.9256361748e-01
8.0687178345e-03 -3.4010270641e-01 -6.9257066949e-01
8.0676693709e-03 -3.4010330229e-01 -6.9256445486e-01
4.2088981028e-01 -1.4497858353e+00 1.6974499768e+00
4.2089250341e-01 -1.4497875479e+00 1.6974636005e+00
4.2089011980e-01 -1.4497788343e+00 1.6974487230e+00
4.2089279739e-01 -1.4497805405e+00 1.6974624501e+00
4.2089109149e-01 -1.4497833839e+00 1.6974509303e+00
4.2089378277e-01 -1.4497850627e+00 1.6974645608e+00
4.2089141143e-01 -1.4497762829e+00 1.6974496772e+00
4.2089408992e-01 -1.4497779871e+00 1.6974633740e+00
3.7800472493e-02 -9.6570987612e-01 -1.5023442279e+00
3.7800652931e-02 -9.6570987338e-01 -1.5023435051e+00
3.7798968224e-02 -9.6571121988e-01 -1.5023441346e+00
3.7799150202e-02 -9.6571121769e-01 -1.5023434113e+00
3.7790196483e-02 -9.6570872773e-01 -1.5023383873e+00
3.7790338091e-02 -9.6570873876e-01 -1.5023376830e+00
3.7788682524e-02 -9.6571010717e-01 -1.5023382900e+00
3.7788824118e-02 -9.6571012068e-01 -1.5023375851e+00
-1.0101705250e+00 4.4727105220e-01 -6.4225330723e-01
-1.0101705315e+00 4.4726912232e-01 -6.4225520146e-01
-1.0101704358e+00 4.4726784435e-01 -6.4225263165e-01
-1.0101704746e+00 4.4726591888e-01 -6.4225451032e-01
-1.0101747271e+00 4.4727042844e-01 -6.4225597178e-01
-1.0101747124e+00 4.4726846569e-01 -6.4225784825e-01
-1.0101746368e+00 4.4726721900e-01 -6.4225528086e-01
-1.0101746554e+00 4.4726526168e-01 -6.4225717458e-01
-3.2351016814e-01 1.4138975503e+00 -1.6481396382e+00
-3.2351106348e-01 1.4138979404e+00 -1.6481401599e+00
-3.2351122683e-01 1.4139090656e+00 -1.6481428625e+00
-3.2351213681e-01 1.4139094832e+00 -1.6481433774e+00
-3.2350908030e-01 1.4138991891e+00 -1.6481402748e+00
-3.2350997291e-01 1.4138995738e+00 -1.6481407914e+00
-3.2351026637e-01 1.4139107235e+00 -1.6481436045e+00
-3.2351115141e-01 1.4139111404e+00 -1.6481441072e+00
-1.4362806843e-01 1.4505825859e+00 -2.7342130692e-01
-1.4362795661e-01 1.4505827010e+00 -2.7342064723e-01
-1.4362878761e-01 1.4505887433e+00 -2.7341888624e-01
-1.4362867401e-01 1.4505888606e+00 -2.7341823299e-01
-1.4362884081e-01 1.4505831493e+00 -2.7342265424e-01
-1.4362869600e-01 1.4505832598e+00 -2.7342199470e-01
-1.4362955698e-01 1.4505892948e+00 -2.7342027913e-01
-1.4362940708e-01 1.4505894084e+00 -2.7341962865e-01
5.5985344604e-01 2.7128819362e-01 -2.0314134591e+00
5.5985392033e-01 2.7128710473e-01 -2.0314081515e+00
5.5985378928e-01 2.7128679177e-01 -2.0314128750e+00
5.5985426139e-01 2.7128569273e-01 -2.0314076039e+00
5.5985458784e-01 2.7128784468e-01 -2.0314123271e+00
5.5985502489e-01 2.7128675207e-01 -2.0314070320e+00
5.5985490123e-01 2.7128645005e-01 -2.0314117422e+00
5.5985534885e-01 2.7128537120e-01 -2.0314064503e+00
1.2958324898e+00 -9.9095743545e-01 2.6396179601e+00
1.2958337969e+00 -9.9095616656e-01 2.6396158070e+00
1.2958322232e+00 -9.9095705215e-01 2.6396180621e+00
1.2958335404e+00 -9.9095581641e-01 2.6396159030e+00
1.2958353540e+00 -9.9095981583e-01 2.6396259814e+00
1.2958366557e+00 -9.9095854803e-01 2.6396238261e+00
1.2958350898e+00 -9.9095942538e-01 2.6396260865e+00
1.2958364017e+00 -9.9095819155e-01 2.6396239250e+00
-8.9101091354e-01 -5.4360819075e-01 -4.2369170357e-02
-8.9101346921e-01 -5.4361170354e-01 -4.2359155263e-02
-8.9101073327e-01 -5.4360892462e-01 -4.2368775382e-02
-8.9101323410e-01 -5.4361241072e-01 -4.2358732304e-02
-8.9100923123e-01 -5.4360913605e-01 -4.2369681272e-02
-8.9101174154e-01 -5.4361260117e-01 -4.2359601130e-02
-8.9100899542e-01 -5.4360982356e-01 -4.2369229285e-02
-8.9101156361e-01 -5.4361335413e-01 -4.2359235850e-02
-1.9331977401e+00 6.8285074297e-01 2.1939352849e+00
-1.9332002477e+00 6.8285262395e-01 2.1939336239e+00
-1.9331953981e+00 6.8284764107e-01 2.1939351292e+00
-1.9331979181e+00 6.8284950587e-01 2.1939334654e+00
-1.9331900135e+00 6.8285268858e-01 2.1939309710e+00
-1.9331925282e+00 6.8285458369e-01 2.1939293330e+00
-1.9331876684e+00 6.8284958896e-01 2.1939308208e+00
-1.9331901957e+00 6.8285146787e-01 2.1939291798e+00
6.1887921334e-01 2.5634007830e-02 -1.1928969259e+00
6.1888030561e-01 2.5634720462e-02 -1.1928968193e+00
6.1887925663e-01 2.5633765899e-02 -1.1928966504e+00
6.1888034518e-01 2.5634474421e-02 -1.1928965408e+00
6.1888138817e-01 2.5634424780e-02 -1.1928972277e+00
6.1888248324e-01 2.5635135127e-02 -1.1928971267e+00
6.1888144330e-01 2.5634188793e-02 -1.1928969562e+00
6.1888252356e-01 2.5634888963e-02 -1.1928968479e+00
2.2811208177e+00 2.1124105815e-01 5.9850475692e-01
2.2811254827e+00 2.1123992877e-01 5.9851481803e-01
2.2811188797e+00 2.1123683101e-01 5.9850458533e-01
2.2811235426e+00 2.1123571166e-01 5.9851465065e-01
2.2811135472e+00 2.1123832270e-01 5.9850463020e-01
2.2811184023e+00 2.1123720213e-01 5.9851441847e-01
2.2811115107e+00 2.1123399964e-01 5.9850439866e-01
2.2811164354e+00 2.1123293490e-01 5.9851425862e-01
