-5.2354594673e-02 8.7599763387e-01 -4.6390320987e-01
-5.2354715375e-02 8.7599757338e-01 -4.6390322174e-01
-5.2354577537e-02 8.7599801532e-01 -4.6390271646e-01
-5.2354699726e-02 8.7599795563e-01 -4.6390272717e-01
-5.2354647390e-02 8.7599760930e-01 -4.6390321249e-01
-5.2354767976e-02 8.7599754875e-01 -4.6390322430e-01
-5.2354628073e-02 8.7599798820e-01 -4.6390271769e-01
-5.2354750217e-02 8.7599792852e-01 -4.6390272855e-01
-1.2333048948e-01 3.7178142321e-01 2.8465113697e-01
-1.2333170738e-01 3.7178161857e-01 2.8465015875e-01
-1.2333047120e-01 3.7178118844e-01 2.8465147545e-01
-1.2333168607e-01 3.7178138298e-01 2.8465049313e-01
-1.2333326642e-01 3.7178198197e-01 2.8465168165e-01
-1.2333448514e-01 3.7178218960e-01 2.8465067693e-01
-1.2333325484e-01 3.7178174973e-01 2.8465203719e-01
-1.2333447010e-01 3.7178195627e-01 2.8465102859e-01
-1.2704389210e-01 -6.4200982452e-02 1.5953497384e-01
-1.2704396925e-01 -6.4201143232e-02 1.5953472309e-01
-1.2704382679e-01 -6.4200838024e-02 1.5953495408e-01
-1.2704389755e-01 -6.4200995404e-02 1.5953471071e-01
-1.2704332776e-01 -6.4201153521e-02 1.5953535534e-01
-1.2704339017e-01 -6.4201304830e-02 1.5953509788e-01
-1.2704329202e-01 -6.4200978085e-02 1.5953535673e-01
-1.2704334803e-01 -6.4201125995e-02 1.5953510665e-01
-1.3833881420e-01 5.8118095947e-01 -5.9683584772e-01
-1.3833845039e-01 5.8118072149e-01 -5.9683641475e-01
-1.3833903681e-01 5.8118075760e-01 -5.9683568880e-01
-1.3833867781e-01 5.8118054200e-01 -5.9683622619e-01
-1.3833821574e-01 5.8118098437e-01 -5.9683571206e-01
-1.3833783984e-01 5.8118074667e-01 -5.9683627930e-01
-1.3833842817e-01 5.8118077544e-01 -5.9683554322e-01
-1.3833806494e-01 5.8118055512e-01 -5.9683608298e-01
2.1283287877e-01 9.3975167905e-01 -7.8616818774e-01
2.1283314931e-01 9.3975135078e-01 -7.8616843322e-01
2.1283310522e-01 9.3975620520e-01 -7.8617347830e-01
2.1283337687e-01 9.3975587450e-01 -7.8617372815e-01
2.1283300269e-01 9.3975213315e-01 -7.8616759684e-01
2.1283327427e-01 9.3975180432e-01 -7.8616784152e-01
2.1283323716e-01 9.3975665495e-01 -7.8617290440e-01
2.1283350887e-01 9.3975632758e-01 -7.8617315426e-01
2.0523648717e-01 -2.0576321642e-02 -3.7366447119e-01
2.0523617866e-01 -2.0575729462e-02 -3.7366226996e-01
2.0523688985e-01 -2.0577107388e-02 -3.7366506581e-01
2.0523661458e-01 -2.0576535806e-02 -3.7366288469e-01
2.0523502650e-01 -2.0576183646e-02 -3.7366384480e-01
2.0523480146e-01 -2.0575603023e-02 -3.7366177279e-01
2.0523541891e-01 -2.0576971463e-02 -3.7366443425e-01
2.0523521421e-01 -2.0576398964e-02 -3.7366237068e-01
2.4763525040e-01 -2.5190807615e-01 -2.8707296150e-01
2.4763533539e-01 -2.5190863620e-01 -2.8707142928e-01
2.4763536729e-01 -2.5190778421e-01 -2.8707269121e-01
2.4763544426e-01 -2.5190833969e-01 -2.8707116528e-01
2.4763563858e-01 -2.5190835401e-01 -2.8707273759e-01
2.4763571839e-01 -2.5190887437e-01 -2.8707123741e-01
2.4763575513e-01 -2.5190806190e-01 -2.8707246757e-01
2.4763582825e-01 -2.5190858762e-01 -2.8707096674e-01
1.4848928431e-01 3.1677759406e-02 -1.1227196298e-02
1.4848847435e-01 3.1678287305e-02 -1.1225458678e-02
1.4848940730e-01 3.1677323093e-02 -1.1227312442e-02
1.4848860565e-01 3.1677864442e-02 -1.1225573656e-02
1.4848871418e-01 3.1677657550e-02 -1.1227183234e-02
1.4848790005e-01 3.1678144649e-02 -1.1225411407e-02
1.4848883676e-01 3.1677220769e-02 -1.1227298950e-02
1.4848803079e-01 3.1677721142e-02 -1.1225526006e-02
-3.3802271651e-01 3.5130799874e-01 8.9096324702e-01
-3.3802306182e-01 3.5130749165e-01 8.9096344547e-01
-3.3802244969e-01 3.5130821552e-01 8.9096371131e-01
-3.3802279495e-01 3.5130770837e-01 8.9096390977e-01
-3.3802215743e-01 3.5130833475e-01 8.9096309725e-01
-3.3802249991e-01 3.5130782721e-01 8.9096329530e-01
-3.3802188674e-01 3.5130854585e-01 8.9096355650e-01
-3.3802222918e-01 3.5130803825e-01 8.9096375457e-01
-3.7780372290e-01 -2.0644731695e-01 -4.5254800631e-01
-3.7780389589e-01 -2.0644711267e-01 -4.5254795801e-01
-3.7780221142e-01 -2.0644607460e-01 -4.5254680273e-01
-3.7780238682e-01 -2.0644588523e-01 -4.5254676203e-01
-3.7780378791e-01 -2.0644726333e-01 -4.5254817104e-01
-3.7780396080e-01 -2.0644705892e-01 -4.5254812274e-01
-3.7780225547e-01 -2.0644605365e-01 -4.5254696148e-01
-3.7780243232e-01 -2.0644586292e-01 -4.5254692093e-01
-1.1272760372e-01 -1.0204499509e-02 1.1686319790e-01
-1.1272748298e-01 -1.0204987021e-02 1.1686304006e-01
-1.1272755882e-01 -1.0204607557e-02 1.1686344711e-01
-1.1272743740e-01 -1.0205095125e-02 1.1686328869e-01
-1.1272689057e-01 -1.0204915058e-02 1.1686283709e-01
-1.1272678852e-01 -1.0205408659e-02 1.1686268683e-01
-1.1272684105e-01 -1.0205024054e-02 1.1686308877e-01
-1.1272673830e-01 -1.0205517667e-02 1.1686293799e-01
7.5221109157e-02 4.0691041258e-01 -5.8415173025e-01
7.5220690335e-02 4.0691085233e-01 -5.8415212821e-01
7.5220937179e-02 4.0690693423e-01 -5.8414868017e-01
7.5220513312e-02 4.0690737322e-01 -5.8414907202e-01
7.5221499271e-02 4.0691032668e-01 -5.8415150629e-01
7.5221080448e-02 4.0691076641e-01 -5.8415190439e-01
7.5221326633e-02 4.0690685715e-01 -5.8414844177e-01
7.5220902765e-02 4.0690729613e-01 -5.8414883376e-01
1.2570297148e-01 -2.5134323900e-01 4.1293283392e-01
1.2570292310e-01 -2.5134200323e-01 4.1293152430e-01
1.2570288918e-01 -2.5134329165e-01 4.1293325420e-01
1.2570285213e-01 -2.5134206623e-01 4.1293196433e-01
1.2570358853e-01 -2.5134283004e-01 4.1293325272e-01
1.2570354580e-01 -2.5134158503e-01 4.1293194439e-01
1.2570351764e-01 -2.5134288900e-01 4.1293366561e-01
1.2570348627e-01 -2.5134165434e-01 4.1293237693e-01
-3.3957944287e-01 3.9474130952e-02 2.3153228096e-01
-3.3957900944e-01 3.9474456445e-02 2.3153178212e-01
-3.3957929219e-01 3.9473842246e-02 2.3153239317e-01
-3.3957885747e-01 3.9474172262e-02 2.3153187562e-01
-3.3958084251e-01 3.9475074451e-02 2.3153330868e-01
-3.3958045448e-01 3.9475373892e-02 2.3153281387e-01
-3.3958066564e-01 3.9474785798e-02 2.3153345492e-01
-3.3958027831e-01 3.9475087538e-02 2.3153293840e-01
-2.8322744822e-02 4.7509887069e-01 -5.0367889425e-02
-2.8323793759e-02 4.7510062372e-01 -5.0371173138e-02
-2.8322959021e-02 4.7509912661e-01 -5.0367373223e-02
-2.8324007939e-02 4.7510087964e-01 -5.0370656964e-02
-2.8322163277e-02 4.7509932436e-01 -5.0367015288e-02
-2.8323192417e-02 4.7510108438e-01 -5.0370271594e-02
-2.8322364451e-02 4.7509959156e-01 -5.0366521621e-02
-2.8323393574e-02 4.7510135158e-01 -5.0369777955e-02
-2.8078307618e-01 -1.0652068495e-01 -4.1189249851e-01
-2.8078302465e-01 -1.0652057988e-01 -4.1189233270e-01
-2.8078318536e-01 -1.0652080849e-01 -4.1189244318e-01
-2.8078312743e-01 -1.0652070629e-01 -4.1189227396e-01
-2.8078185149e-01 -1.0651928170e-01 -4.1189083299e-01
-2.8078179679e-01 -1.0651916799e-01 -4.1189066626e-01
-2.8078196037e-01 -1.0651940538e-01 -4.1189077653e-01
-2.8078189936e-01 -1.0651929454e-01 -4.1189060626e-01
-2.7350991939e-02 5.4402811367e-01 -4.2026126219e-01
-2.7351099721e-02 5.4402816860e-01 -4.2026119561e-01
-2.7351413844e-02 5.4402808287e-01 -4.2026178727e-01
-2.7351523760e-02 5.4402813825e-01 -4.2026172114e-01
-2.7351400577e-02 5.4402808915e-01 -4.2026092016e-01
-2.7351513715e-02 5.4402814927e-01 -4.2026084730e-01
-2.7351825278e-02 5.4402804318e-01 -4.2026143577e-01
-2.7351938475e-02 5.4402810326e-01 -4.2026136299e-01
-2.3574728556e-01 -4.3818846563e-02 9.6758711744e-02
-2.3574743617e-01 -4.3818899537e-02 9.6758339795e-02
-2.3574718317e-01 -4.3818524910e-02 9.6759074571e-02
-2.3574733357e-01 -4.3818578015e-02 9.6758703658e-02
-2.3574642256e-01 -4.3818449728e-02 9.6759031933e-02
-2.3574657447e-01 -4.3818503708e-02 9.6758661250e-02
-2.3574632127e-01 -4.3818124006e-02 9.6759393677e-02
-2.3574647297e-01 -4.3818178117e-02 9.6759024031e-02
1.1331481269e-01 7.8372458388e-02 -8.8881204938e-02
1.1331468212e-01 7.8372407063e-02 -8.8881125171e-02
1.1331497470e-01 7.8373525638e-02 -8.8882656896e-02
1.1331484406e-01 7.8373474283e-02 -8.8882577106e-02
1.1331566144e-01 7.8372273643e-02 -8.8882142018e-02
1.1331552959e-01 7.8372222017e-02 -8.8882056618e-02
1.1331582351e-01 7.8373340950e-02 -8.8883594058e-02
1.1331569157e-01 7.8373289295e-02 -8.8883508635e-02
1.4209151086e-01 2.1563614609e-02 -3.9425500058e-02
1.4209196181e-01 2.1563672451e-02 -3.9426146374e-02
1.4209184762e-01 2.1564251315e-02 -3.9425312125e-02
1.4209231342e-01 2.1564328563e-02 -3.9426000189e-02
1.4209146287e-01 2.1563759867e-02 -3.9425579568e-02
1.4209193420e-01 2.1563817391e-02 -3.9426275194e-02
1.4209177563e-01 2.1564461828e-02 -3.9425393642e-02
1.4209224129e-01 2.1564525619e-02 -3.9426103333e-02
6.8907639197e-02 -7.8203067857e-02 -2.0608299301e-01
6.8907566269e-02 -7.8203245680e-02 -2.0608358711e-01
6.8907816791e-02 -7.8202890214e-02 -2.0608326870e-01
6.8907743838e-02 -7.8203068034e-02 -2.0608386252e-01
6.8907627987e-02 -7.8202937295e-02 -2.0608222597e-01
6.8907550982e-02 -7.8203120498e-02 -2.0608283052e-01
6.8907797473e-02 -7.8202758574e-02 -2.0608249797e-01
6.8907720442e-02 -7.8202941763e-02 -2.0608310225e-01
-2.0987473684e-02 -5.4074054032e-02 -2.7951521096e-01
-2.0987653136e-02 -5.4073893165e-02 -2.7951552555e-01
-2.0987566958e-02 -5.4073859180e-02 -2.7951512440e-01
-2.0987746618e-02 -5.4073706892e-02 -2.7951544249e-01
-2.0987563459e-02 -5.4074271846e-02 -2.7951482357e-01
-2.0987747096e-02 -5.4074103195e-02 -2.7951514792e-01
-2.0987656682e-02 -5.4074077022e-02 -2.7951473694e-01
-2.0987840514e-02 -5.4073916886e-02 -2.7951506476e-01
6.5765453377e-01 -6.9483164089e-01 -5.5775393867e-01
6.5765449703e-01 -6.9483188413e-01 -5.5775398724e-01
6.5765582139e-01 -6.9483366637e-01 -5.5775406334e-01
6.5765578356e-01 -6.9483391024e-01 -5.5775411290e-01
6.5765433077e-01 -6.9483155350e-01 -5.5775396120e-01
6.5765429213e-01 -6.9483179388e-01 -5.5775400499e-01
6.5765559400e-01 -6.9483360269e-01 -5.5775410645e-01
6.5765555535e-01 -6.9483384302e-01 -5.5775415029e-01
1.3150051939e-01 1.9831074835e-01 -2.1633888140e-01
1.3150040765e-01 1.9831085634e-01 -2.1633888632e-01
1.3150039377e-01 1.9831115450e-01 -2.1633851825e-01
1.3150028203e-01 1.9831126248e-01 -2.1633852317e-01
1.3150060744e-01 1.9831058486e-01 -2.1633857096e-01
1.3150049584e-01 1.9831069286e-01 -2.1633857593e-01
1.3150048140e-01 1.9831099025e-01 -2.1633820743e-01
1.3150036983e-01 1.9831109827e-01 -2.1633821241e-01
1.4290096671e-01 -8.6249453871e-02 2.0160574652e-01
1.4290090162e-01 -8.6249543123e-02 2.0160577848e-01
1.4290038031e-01 -8.6250058130e-02 2.0160524183e-01
1.4290031524e-01 -8.6250147402e-02 2.0160527377e-01
1.4290065426e-01 -8.6249359527e-02 2.0160597508e-01
1.4290058440e-01 -8.6249450329e-02 2.0160600974e-01
1.4290006014e-01 -8.6249958320e-02 2.0160546680e-01
1.4289999025e-01 -8.6250049143e-02 2.0160550144e-01
-1.3287233369e-01 -6.5128881329e-02 2.0819879487e-01
-1.3287143213e-01 -6.5129406420e-02 2.0819734409e-01
-1.3287207579e-01 -6.5129649352e-02 2.0819821702e-01
-1.3287117502e-01 -6.5130174424e-02 2.0819676577e-01
-1.3287508589e-01 -6.5127996739e-02 2.0820101614e-01
-1.3287418849e-01 -6.5128524574e-02 2.0819954817e-01
-1.3287483053e-01 -6.5128762351e-02 2.0820044051e-01
-1.3287393376e-01 -6.5129290137e-02 2.0819897210e-01
4.0092568238e-02 -1.2222463500e-01 -3.3775982368e-01
4.0092513866e-02 -1.2222478348e-01 -3.3776001916e-01
4.0092106117e-02 -1.2222515290e-01 -3.3776069056e-01
4.0092050523e-02 -1.2222530003e-01 -3.3776088604e-01
4.0094677443e-02 -1.2222383346e-01 -3.3775898501e-01
4.0094622756e-02 -1.2222398060e-01 -3.3775917846e-01
4.0094214889e-02 -1.2222435109e-01 -3.3775985148e-01
4.0094159374e-02 -1.2222449723e-01 -3.3776004541e-01
2.1293558217e-02 2.4835323009e-01 4.1483832420e-01
2.1292918474e-02 2.4835310502e-01 4.1483764570e-01
2.1293802833e-02 2.4835282309e-01 4.1483847494e-01
2.1293163383e-02 2.4835269797e-01 4.1483779638e-01
2.1291785151e-02 2.4835327709e-01 4.1483782757e-01
2.1291139320e-02 2.4835313334e-01 4.1483716123e-01
2.1292017059e-02 2.4835285686e-01 4.1483796215e-01
2.1291366382e-02 2.4835271191e-01 4.1483729424e-01
2.5622809942e-01 -7.3304717261e-02 -6.6977811596e-01
2.5622559785e-01 -7.3303812121e-02 -6.6977489789e-01
2.5622810931e-01 -7.3304766731e-02 -6.6977798294e-01
2.5622561301e-01 -7.3303863043e-02 -6.6977477161e-01
2.5623091015e-01 -7.3305775186e-02 -6.6977993862e-01
2.5622841287e-01 -7.3304885489e-02 -6.6977672675e-01
2.5623092503e-01 -7.3305828931e-02 -6.6977979853e-01
2.5622842809e-01 -7.3304936242e-02 -6.6977660052e-01
1.1661930161e-01 2.9975270195e-02 -3.8410294867e-01
1.1661949785e-01 2.9974956293e-02 -3.8410327524e-01
1.1661992960e-01 2.9974037336e-02 -3.8410339798e-01
1.1662015440e-01 2.9973741687e-02 -3.8410369944e-01
1.1661923813e-01 2.9975139044e-02 -3.8410283830e-01
1.1661943364e-01 2.9974819902e-02 -3.8410315632e-01
1.1661986613e-01 2.9973905064e-02 -3.8410327782e-01
1.1662009003e-01 2.9973605424e-02 -3.8410358134e-01
3.1833613348e-03 1.5993330143e-01 2.1485555338e-02
3.1833270716e-03 1.5993329939e-01 2.1485506345e-02
3.1832205519e-03 1.5993248227e-01 2.1485737382e-02
3.1831881202e-03 1.5993248770e-01 2.1485686952e-02
3.1834004714e-03 1.5993341013e-01 2.1485915220e-02
3.1833780633e-03 1.5993339844e-01 2.1485868191e-02
3.1832623780e-03 1.5993259668e-01 2.1486092554e-02
3.1832412875e-03 1.5993259200e-01 2.1486043436e-02
-1.8867900874e-01 6.4734055443e-02 4.0351698661e-01
-1.8867899604e-01 6.4734321924e-02 4.0351678391e-01
-1.8867915353e-01 6.4731517177e-02 4.0351847418e-01
-1.8867914499e-01 6.4731784481e-02 4.0351826750e-01
-1.8867919706e-01 6.4733952455e-02 4.0351716159e-01
-1.8867918771e-01 6.4734228920e-02 4.0351694694e-01
-1.8867934731e-01 6.4731376201e-02 4.0351858929e-01
-1.8867936141e-01 6.4731667134e-02 4.0351838935e-01
9.1196048495e-02 -2.7924892609e-01 -1.5603021412e-01
9.1196109423e-02 -2.7924801261e-01 -1.5603122140e-01
9.1196122133e-02 -2.7925036981e-01 -1.5603017865e-01
9.1196181062e-02 -2.7924947891e-01 -1.5603116082e-01
9.1195182612e-02 -2.7924912783e-01 -1.5603064102e-01
9.1195249191e-02 -2.7924821531e-01 -1.5603164613e-01
9.1195256823e-02 -2.7925057243e-01 -1.5603060653e-01
9.1195321370e-02 -2.7924968249e-01 -1.5603158654e-01
-3.0712181846e-01 -7.2404581909e-02 -4.4652155264e-01
-3.0712134819e-01 -7.2404588796e-02 -4.4652151675e-01
-3.0712168184e-01 -7.2405017178e-02 -4.4652162972e-01
-3.0712120638e-01 -7.2405027261e-02 -4.4652159128e-01
-3.0712155769e-01 -7.2404431710e-02 -4.4652146660e-01
-3.0712108753e-01 -7.2404438706e-02 -4.4652143085e-01
-3.0712140755e-01 -7.2404867401e-02 -4.4652155394e-01
-3.0712093222e-01 -7.2404877593e-02 -4.4652151565e-01
1.5411890774e-01 3.6733827864e-03 3.1477657098e-01
1.5411904791e-01 3.6735974134e-03 3.1477633600e-01
1.5411897174e-01 3.6731944155e-03 3.1477612714e-01
1.5411911192e-01 3.6734090439e-03 3.1477589216e-01
1.5412044107e-01 3.6739708410e-03 3.1477757355e-01
1.5412057220e-01 3.6741812259e-03 3.1477733147e-01
1.5412050284e-01 3.6737847742e-03 3.1477713047e-01
1.5412063199e-01 3.6739930580e-03 3.1477688750e-01
1.2726269196e-02 1.0774350633e-01 2.2247684016e-01
1.2726546270e-02 1.0774334677e-01 2.2247679416e-01
1.2726367251e-02 1.0774242459e-01 2.2247639663e-01
1.2726644382e-02 1.0774226485e-01 2.2247635066e-01
1.2726639830e-02 1.0774324395e-01 2.2247669475e-01
1.2726901660e-02 1.0774309064e-01 2.2247664146e-01
1.2726738030e-02 1.0774216228e-01 2.2247625056e-01
1.2727015410e-02 1.0774200104e-01 2.2247620504e-01
1.1221040011e-01 -3.2396175070e-02 8.6158636761e-02
1.1221038816e-01 -3.2396003922e-02 8.6158016775e-02
1.1221048957e-01 -3.2396839959e-02 8.6158429414e-02
1.1221047905e-01 -3.2396668440e-02 8.6157809108e-02
1.1220975956e-01 -3.2396097786e-02 8.6158548681e-02
1.1220975761e-01 -3.2395941023e-02 8.6157960026e-02
1.1220984652e-01 -3.2396766249e-02 8.6158344182e-02
1.1220984602e-01 -3.2396609100e-02 8.6157755291e-02
3.5139125290e-02 -5.3144986304e-01 4.0247576392e-01
3.5138766199e-02 -5.3145331463e-01 4.0248083957e-01
3.5139070027e-02 -5.3145129400e-01 4.0247857827e-01
3.5138699238e-02 -5.3145472117e-01 4.0248360774e-01
3.5139006925e-02 -5.3144986126e-01 4.0247507339e-01
3.5138642516e-02 -5.3145329981e-01 4.0248015692e-01
3.5138951908e-02 -5.3145126728e-01 4.0247787198e-01
3.5138575987e-02 -5.3145468139e-01 4.0248290862e-01
-3.2844381599e-02 2.7763363582e-01 2.1074808491e-01
-3.2844454823e-02 2.7763329039e-01 2.1074793886e-01
-3.2844405053e-02 2.7763320669e-01 2.1074762173e-01
-3.2844478309e-02 2.7763286127e-01 2.1074747567e-01
-3.2844189157e-02 2.7763360725e-01 2.1074786403e-01
-3.2844258588e-02 2.7763325673e-01 2.1074771024e-01
-3.2844214409e-02 2.7763318116e-01 2.1074740136e-01
-3.2844282164e-02 2.7763282777e-01 2.1074724671e-01
1.0845188371e-02 -2.8407438326e-01 3.1269730012e-01
1.0844623528e-02 -2.8407425709e-01 3.1269719711e-01
1.0845366980e-02 -2.8407451173e-01 3.1269699329e-01
1.0844802884e-02 -2.8407437389e-01 3.1269688277e-01
1.0844896073e-02 -2.8407433051e-01 3.1269674948e-01
1.0844333687e-02 -2.8407420112e-01 3.1269664403e-01
1.0845070373e-02 -2.8407446414e-01 3.1269645393e-01
1.0844508714e-02 -2.8407432310e-01 3.1269634097e-01
3.1281486273e-02 1.5194083827e-01 4.0473745995e-01
3.1281837981e-02 1.5194049854e-01 4.0473671029e-01
3.1281571281e-02 1.5194089749e-01 4.0473699960e-01
3.1281923021e-02 1.5194055781e-01 4.0473624994e-01
3.1281933243e-02 1.5194100202e-01 4.0473794372e-01
3.1282284896e-02 1.5194066245e-01 4.0473719402e-01
3.1282017874e-02 1.5194106108e-01 4.0473748319e-01
3.1282369489e-02 1.5194072145e-01 4.0473673347e-01
1.1635607648e-01 -4.4136561475e-01 -2.6934149927e-01
1.1635647139e-01 -4.4136556516e-01 -2.6934123874e-01
1.1635638107e-01 -4.4136463727e-01 -2.6934195412e-01
1.1635679237e-01 -4.4136459147e-01 -2.6934172244e-01
1.1635634729e-01 -4.4136562442e-01 -2.6934130000e-01
1.1635673647e-01 -4.4136557303e-01 -2.6934104224e-01
1.1635663523e-01 -4.4136465249e-01 -2.6934176353e-01
1.1635704640e-01 -4.4136460660e-01 -2.6934153161e-01
-1.2798790598e-01 2.6190463334e-01 -2.8481408801e-01
-1.2798757506e-01 2.6190246692e-01 -2.8481153399e-01
-1.2798810246e-01 2.6190465098e-01 -2.8481423403e-01
-1.2798775048e-01 2.6190248759e-01 -2.8481172283e-01
-1.2798805467e-01 2.6190509653e-01 -2.8481404311e-01
-1.2798773618e-01 2.6190289574e-01 -2.8481146401e-01
-1.2798825039e-01 2.6190510504e-01 -2.8481419212e-01
-1.2798791182e-01 2.6190291622e-01 -2.8481165183e-01
-1.9522562749e-01 -1.6354695796e-01 -2.4844655511e-01
-1.9522636049e-01 -1.6354735210e-01 -2.4844781341e-01
-1.9522604050e-01 -1.6354706054e-01 -2.4844653640e-01
-1.9522677047e-01 -1.6354746014e-01 -2.4844780683e-01
-1.9522453586e-01 -1.6354665131e-01 -2.4844562567e-01
-1.9522526878e-01 -1.6354704553e-01 -2.4844688426e-01
-1.9522494067e-01 -1.6354671967e-01 -2.4844563392e-01
-1.9522567054e-01 -1.6354711934e-01 -2.4844690459e-01
-1.5196530627e-01 1.1120424721e-01 8.2608174758e-01
-1.5196488721e-01 1.1120440924e-01 8.2608164323e-01
-1.5196614490e-01 1.1120410622e-01 8.2608168373e-01
-1.5196572351e-01 1.1120427466e-01 8.2608157642e-01
-1.5196683817e-01 1.1120514880e-01 8.2608220319e-01
-1.5196642019e-01 1.1120530429e-01 8.2608210021e-01
-1.5196764735e-01 1.1120501917e-01 8.2608210891e-01
-1.5196725418e-01 1.1120516839e-01 8.2608203772e-01
9.6451847834e-02 -7.1038036800e-01 7.2803395192e-01
9.6451246008e-02 -7.1038007942e-01 7.2803360446e-01
9.6451541659e-02 -7.1038069091e-01 7.2803435702e-01
9.6450939832e-02 -7.1038040234e-01 7.2803400962e-01
9.6451693241e-02 -7.1038014039e-01 7.2803365847e-01
9.6451078532e-02 -7.1037986435e-01 7.2803333497e-01
9.6451400830e-02 -7.1038046996e-01 7.2803406968e-01
9.6450786118e-02 -7.1038019393e-01 7.2803374623e-01
-7.8616045149e-02 1.6367532909e-01 -3.2134084225e-01
-7.8616219897e-02 1.6367544882e-01 -3.2134123045e-01
-7.8615982778e-02 1.6367559984e-01 -3.2134082384e-01
-7.8616157523e-02 1.6367571957e-01 -3.2134121204e-01
-7.8617021598e-02 1.6367488423e-01 -3.2134175615e-01
-7.8617196437e-02 1.6367500404e-01 -3.2134214441e-01
-7.8616958938e-02 1.6367515499e-01 -3.2134173779e-01
-7.8617133740e-02 1.6367527473e-01 -3.2134212607e-01
-2.1901358047e-01 -1.4427471993e-01 -1.3567078371e-01
-2.1901352486e-01 -1.4427480335e-01 -1.3566904303e-01
-2.1901349668e-01 -1.4427527429e-01 -1.3567055604e-01
-2.1901340481e-01 -1.4427534168e-01 -1.3566878768e-01
-2.1901366321e-01 -1.4427482806e-01 -1.3567084674e-01
-2.1901358784e-01 -1.4427492777e-01 -1.3566910917e-01
-2.1901357134e-01 -1.4427538866e-01 -1.3567062744e-01
-2.1901346220e-01 -1.4427546791e-01 -1.3566885545e-01
1.5554248611e-01 3.3575782578e-01 -2.8011220684e-01
1.5554259496e-01 3.3575769858e-01 -2.8011394350e-01
1.5554090440e-01 3.3576342121e-01 -2.8011215608e-01
1.5554110776e-01 3.3576326444e-01 -2.8011389520e-01
1.5553781123e-01 3.3575877483e-01 -2.8011162901e-01
1.5553791679e-01 3.3575864399e-01 -2.8011335473e-01
1.5553631177e-01 3.3576421061e-01 -2.8011136694e-01
1.5553639126e-01 3.3576404207e-01 -2.8011307909e-01
2.0925151710e-01 3.2210899913e-01 1.6866669320e-01
2.0925144695e-01 3.2210909076e-01 1.6866718821e-01
2.0925154018e-01 3.2210723157e-01 1.6866716820e-01
2.0925147013e-01 3.2210732317e-01 1.6866766343e-01
2.0925182876e-01 3.2210879561e-01 1.6866608583e-01
2.0925175836e-01 3.2210888668e-01 1.6866658117e-01
2.0925189284e-01 3.2210706658e-01 1.6866654554e-01
2.0925182226e-01 3.2210715758e-01 1.6866704082e-01
-2.4702757844e-01 3.2030181148e-01 1.4277976564e-01
-2.4702589863e-01 3.2030225561e-01 1.4278296668e-01
-2.4702688039e-01 3.2030210567e-01 1.4278051745e-01
-2.4702520962e-01 3.2030254321e-01 1.4278369668e-01
-2.4702797633e-01 3.2030347491e-01 1.4278040771e-01
-2.4702639134e-01 3.2030382392e-01 1.4278361192e-01
-2.4702739381e-01 3.2030373971e-01 1.4278116310e-01
-2.4702570119e-01 3.2030408354e-01 1.4278433402e-01
-1.1897017398e-01 4.1774491517e-01 -4.7223645773e-01
-1.1897001827e-01 4.1774481290e-01 -4.7223736014e-01
-1.1896987969e-01 4.1774419175e-01 -4.7223558825e-01
-1.1896972376e-01 4.1774408972e-01 -4.7223649112e-01
-1.1897544748e-01 4.1774386168e-01 -4.7223712280e-01
-1.1897534136e-01 4.1774378939e-01 -4.7223801465e-01
-1.1897517026e-01 4.1774304076e-01 -4.7223626340e-01
-1.1897506401e-01 4.1774296858e-01 -4.7223715513e-01
2.2560499886e-02 3.9777574934e-02 1.8797027114e-01
2.2559823596e-02 3.9776907600e-02 1.8797155134e-01
2.2559943746e-02 3.9777231088e-02 1.8797069688e-01
2.2559267573e-02 3.9776563800e-02 1.8797197702e-01
2.2560798625e-02 3.9775988096e-02 1.8796895977e-01
2.2560128314e-02 3.9775317846e-02 1.8797026523e-01
2.2560248900e-02 3.9775660425e-02 1.8796938162e-01
2.2559578706e-02 3.9774990222e-02 1.8797068702e-01
1.4274109635e-01 -1.9026099098e-01 -4.3112215571e-01
1.4274164471e-01 -1.9026050375e-01 -4.3112202538e-01
1.4274033116e-01 -1.9026245284e-01 -4.3112258431e-01
1.4274087952e-01 -1.9026196562e-01 -4.3112245397e-01
1.4274373674e-01 -1.9026057660e-01 -4.3112177263e-01
1.4274427916e-01 -1.9026007529e-01 -4.3112164767e-01
1.4274297160e-01 -1.9026203810e-01 -4.3112219750e-01
1.4274351402e-01 -1.9026153680e-01 -4.3112207254e-01
3.9383968614e-01 5.2061927229e-01 -1.1104610767e-01
3.9383951059e-01 5.2061970580e-01 -1.1104356914e-01
3.9383961345e-01 5.2062048969e-01 -1.1104561606e-01
3.9383943787e-01 5.2062092316e-01 -1.1104307752e-01
3.9384227995e-01 5.2061868288e-01 -1.1104504830e-01
3.9384217689e-01 5.2061904497e-01 -1.1104260122e-01
3.9384220175e-01 5.2061987888e-01 -1.1104454778e-01
3.9384209867e-01 5.2062024096e-01 -1.1104210066e-01
1.2865150252e-01 -5.3664413469e-01 -3.1565849456e-01
1.2865172414e-01 -5.3664378638e-01 -3.1565787416e-01
1.2865053435e-01 -5.3664592187e-01 -3.1565647950e-01
1.2865075597e-01 -5.3664557371e-01 -3.1565585897e-01
1.2864587554e-01 -5.3664477586e-01 -3.1565953294e-01
1.2864601653e-01 -5.3664446649e-01 -3.1565894625e-01
1.2864480777e-01 -5.3664668234e-01 -3.1565753544e-01
1.2864503519e-01 -5.3664632931e-01 -3.1565688665e-01
4.3970890008e-01 -6.0883571937e-01 -1.6066172004e-01
4.3970887403e-01 -6.0883576660e-01 -1.6066284299e-01
4.3970892403e-01 -6.0883614309e-01 -1.6066108559e-01
4.3970890381e-01 -6.0883618936e-01 -1.6066221130e-01
4.3970884280e-01 -6.0883538067e-01 -1.6066121050e-01
4.3970881466e-01 -6.0883542814e-01 -1.6066232788e-01
4.3970886639e-01 -6.0883580437e-01 -1.6066057645e-01
4.3970884397e-01 -6.0883585079e-01 -1.6066169645e-01
3.9894401175e-01 9.0830422184e-01 3.6602828755e-02
3.9894374429e-01 9.0830062535e-01 3.6607579020e-02
3.9894360164e-01 9.0830305323e-01 3.6602839148e-02
3.9894333415e-01 9.0829945678e-01 3.6607589380e-02
3.9894754323e-01 9.0830371300e-01 3.6601131077e-02
3.9894727742e-01 9.0830011923e-01 3.6605882593e-02
3.9894708370e-01 9.0830247632e-01 3.6601149534e-02
3.9894681785e-01 9.0829888260e-01 3.6605901017e-02
-1.4997727244e-01 -2.6653107298e-01 -5.8500147815e-01
-1.4997706519e-01 -2.6653069601e-01 -5.8500045392e-01
-1.4997691227e-01 -2.6652684497e-01 -5.8500257295e-01
-1.4997669375e-01 -2.6652647771e-01 -5.8500157513e-01
-1.4997620107e-01 -2.6653132460e-01 -5.8500258074e-01
-1.4997597155e-01 -2.6653093998e-01 -5.8500155425e-01
-1.4997589216e-01 -2.6652728759e-01 -5.8500359532e-01
-1.4997565369e-01 -2.6652691541e-01 -5.8500259205e-01
-5.9188491737e-01 -4.6657534447e-02 2.6105172667e-01
-5.9188350997e-01 -4.6656925080e-02 2.6105485824e-01
-5.9188469229e-01 -4.6657554749e-02 2.6105088710e-01
-5.9188325121e-01 -4.6656922280e-02 2.6105400896e-01
-5.9189195858e-01 -4.6658418747e-02 2.6105092093e-01
-5.9189046448e-01 -4.6657691148e-02 2.6105404505e-01
-5.9189168880e-01 -4.6658400058e-02 2.6105003668e-01
-5.9189022803e-01 -4.6657695827e-02 2.6105317115e-01
-6.0001525763e-04 -9.9005597972e-02 -4.5735845666e-01
-6.0079144484e-04 -9.9005528213e-02 -4.5735748160e-01
-6.0026688134e-04 -9.9005619472e-02 -4.5735941280e-01
-6.0104024824e-04 -9.9005547141e-02 -4.5735842692e-01
-5.9959366401e-04 -9.9005332733e-02 -4.5735760705e-01
-6.0037578901e-04 -9.9005227049e-02 -4.5735662780e-01
-5.9984365195e-04 -9.9005353949e-02 -4.5735856622e-01
-6.0062296981e-04 -9.9005245637e-02 -4.5735757620e-01
2.9639768836e-01 -3.8128681576e-02 2.4422476628e-01
2.9639753757e-01 -3.8128819664e-02 2.4422652912e-01
2.9639765993e-01 -3.8129081322e-02 2.4422394157e-01
2.9639750760e-01 -3.8129217032e-02 2.4422569853e-01
2.9639981329e-01 -3.8128523003e-02 2.4422540787e-01
2.9639965084e-01 -3.8128578579e-02 2.4422708598e-01
2.9639979350e-01 -3.8128909701e-02 2.4422456463e-01
2.9639963060e-01 -3.8128963913e-02 2.4422624109e-01
7.2931132156e-02 -3.4468795189e-01 -1.8058971608e-01
7.2930964925e-02 -3.4468780340e-01 -1.8058821548e-01
7.2930666266e-02 -3.4468996788e-01 -1.8058970792e-01
7.2930498846e-02 -3.4468981893e-01 -1.8058820743e-01
7.2931286506e-02 -3.4468646554e-01 -1.8058921498e-01
7.2931119791e-02 -3.4468631650e-01 -1.8058771475e-01
7.2930844845e-02 -3.4468848775e-01 -1.8058921230e-01
7.2930677936e-02 -3.4468833825e-01 -1.8058771217e-01
-3.0256198329e-02 1.6450803900e-01 -2.4676888167e-01
-3.0256156675e-02 1.6450823233e-01 -2.4676992633e-01
-3.0255833234e-02 1.6450599643e-01 -2.4676907527e-01
-3.0255791575e-02 1.6450618970e-01 -2.4677011995e-01
-3.0257041178e-02 1.6450632292e-01 -2.4676862134e-01
-3.0256996161e-02 1.6450651370e-01 -2.4676966367e-01
-3.0256682385e-02 1.6450429154e-01 -2.4676883321e-01
-3.0256637649e-02 1.6450448235e-01 -2.4676987591e-01
2.8033431781e-03 8.6564048429e-01 -4.2439317126e-01
2.8026697515e-03 8.6564097376e-01 -4.2439455356e-01
2.8039219586e-03 8.6564359303e-01 -4.2439282940e-01
2.8032854333e-03 8.6564415349e-01 -4.2439418064e-01
2.8030950256e-03 8.6564127770e-01 -4.2439224353e-01
2.8024193755e-03 8.6564176475e-01 -4.2439362852e-01
2.8037148686e-03 8.6564426337e-01 -4.2439185316e-01
2.8030772585e-03 8.6564482150e-01 -4.2439320615e-01
-1.9914350612e-01 -5.8371775173e-01 -8.9301622952e-02
-1.9914220458e-01 -5.8371821678e-01 -8.9303127682e-02
-1.9914224998e-01 -5.8371868485e-01 -8.9303494425e-02
-1.9914093413e-01 -5.8371914003e-01 -8.9304999640e-02
-1.9914174359e-01 -5.8371838850e-01 -8.9302196750e-02
-1.9914043696e-01 -5.8371885429e-01 -8.9303698468e-02
-1.9914048126e-01 -5.8371931310e-01 -8.9304050248e-02
-1.9913916032e-01 -5.8371976901e-01 -8.9305552449e-02
2.5576288897e-01 5.9458539912e-01 -4.5609734429e-02
2.5576186263e-01 5.9458559751e-01 -4.5609582796e-02
2.5576347698e-01 5.9459315182e-01 -4.5612130658e-02
2.5576245245e-01 5.9459335358e-01 -4.5611984512e-02
2.5576525158e-01 5.9458552536e-01 -4.5610299043e-02
2.5576422444e-01 5.9458572579e-01 -4.5610150184e-02
2.5576587450e-01 5.9459336891e-01 -4.5612765927e-02
2.5576484998e-01 5.9459357067e-01 -4.5612619780e-02
3.8816694410e-01 1.5421945655e-01 1.2752334252e-01
3.8816846034e-01 1.5422067542e-01 1.2752643173e-01
3.8816744316e-01 1.5421778483e-01 1.2752260504e-01
3.8816892659e-01 1.5421914401e-01 1.2752566252e-01
3.8816694766e-01 1.5421889284e-01 1.2752404025e-01
3.8816845912e-01 1.5422013191e-01 1.2752714392e-01
3.8816745152e-01 1.5421723837e-01 1.2752331637e-01
3.8816892837e-01 1.5421855662e-01 1.2752636867e-01
-2.5384592210e-01 -4.2440800832e-01 1.4591794632e-01
-2.5384565764e-01 -4.2440820650e-01 1.4591855376e-01
-2.5384760507e-01 -4.2440840718e-01 1.4591840230e-01
-2.5384734052e-01 -4.2440860640e-01 1.4591900598e-01
-2.5384559307e-01 -4.2440719750e-01 1.4591878891e-01
-2.5384533243e-01 -4.2440740548e-01 1.4591940654e-01
-2.5384730889e-01 -4.2440761550e-01 1.4591925991e-01
-2.5384704817e-01 -4.2440782452e-01 1.4591987379e-01
-1.6825873988e-01 -8.9384050902e-02 2.7564630174e-01
-1.6825819335e-01 -8.9383729967e-02 2.7564766131e-01
-1.6825968034e-01 -8.9389473242e-02 2.7564617485e-01
-1.6825907904e-01 -8.9389250838e-02 2.7564754643e-01
-1.6825867811e-01 -8.9384146736e-02 2.7564568991e-01
-1.6825812597e-01 -8.9383834859e-02 2.7564703605e-01
-1.6825961459e-01 -8.9389555285e-02 2.7564555862e-01
-1.6825900768e-01 -8.9389341941e-02 2.7564691678e-01
7.8766384522e-02 1.2224752893e-01 -3.1588241586e-01
7.8766491591e-02 1.2224559729e-01 -3.1588402778e-01
7.8767764633e-02 1.2224837149e-01 -3.1588217040e-01
7.8767837711e-02 1.2224650350e-01 -3.1588377876e-01
7.8760809847e-02 1.2224779880e-01 -3.1588350747e-01
7.8760886014e-02 1.2224579623e-01 -3.1588503067e-01
7.8762179685e-02 1.2224858301e-01 -3.1588325127e-01
7.8762289801e-02 1.2224651649e-01 -3.1588477806e-01
2.7461442208e-01 -7.1818877626e-01 2.7061946972e-01
2.7461542614e-01 -7.1818788544e-01 2.7061912615e-01
2.7461482575e-01 -7.1819230549e-01 2.7061985041e-01
2.7461571920e-01 -7.1819154397e-01 2.7061946527e-01
2.7461422545e-01 -7.1819010066e-01 2.7061885552e-01
2.7461521629e-01 -7.1818920435e-01 2.7061848959e-01
2.7461462814e-01 -7.1819363527e-01 2.7061923598e-01
2.7461550663e-01 -7.1819286690e-01 2.7061883022e-01
-6.5130939625e-01 -3.5053042489e-01 1.5531008265e-01
-6.5130993675e-01 -3.5053126118e-01 1.5530974167e-01
-6.5130920088e-01 -3.5053091069e-01 1.5530994596e-01
-6.5130974124e-01 -3.5053174661e-01 1.5530960491e-01
-6.5130861471e-01 -3.5052860284e-01 1.5531156451e-01
-6.5130915652e-01 -3.5052944040e-01 1.5531122066e-01
-6.5130842490e-01 -3.5052906911e-01 1.5531142012e-01
-6.5130896682e-01 -3.5052990681e-01 1.5531107588e-01
1.3884177863e-01 -6.7337826972e-01 1.2979292886e-01
1.3884140838e-01 -6.7337794411e-01 1.2979391000e-01
1.3884136737e-01 -6.7337951060e-01 1.2979345770e-01
1.3884103954e-01 -6.7337916179e-01 1.2979444256e-01
1.3884272284e-01 -6.7337904455e-01 1.2979267869e-01
1.3884235634e-01 -6.7337871921e-01 1.2979366423e-01
1.3884231389e-01 -6.7338028415e-01 1.2979320543e-01
1.3884198980e-01 -6.7337993560e-01 1.2979419467e-01
-4.9596423269e-01 1.2284382210e-01 -1.7623068995e-01
-4.9596423208e-01 1.2284363869e-01 -1.7622991836e-01
-4.9596266921e-01 1.2284975065e-01 -1.7623025926e-01
-4.9596269211e-01 1.2284954878e-01 -1.7622943996e-01
-4.9596184764e-01 1.2284434205e-01 -1.7622978401e-01
-4.9596185099e-01 1.2284415348e-01 -1.7622900881e-01
-4.9596028153e-01 1.2285023638e-01 -1.7622934774e-01
-4.9596029717e-01 1.2285004392e-01 -1.7622852664e-01
-1.0855403578e-01 -4.6623801330e-01 -4.6309549426e-01
-1.0855240570e-01 -4.6623842831e-01 -4.6309061268e-01
-1.0855564366e-01 -4.6623889744e-01 -4.6309529954e-01
-1.0855401632e-01 -4.6623929802e-01 -4.6309048258e-01
-1.0855317943e-01 -4.6623762349e-01 -4.6309534960e-01
-1.0855153431e-01 -4.6623803008e-01 -4.6309049046e-01
-1.0855471973e-01 -4.6623855976e-01 -4.6309519470e-01
-1.0855307401e-01 -4.6623898786e-01 -4.6309042501e-01
7.9620357054e-02 5.6210543648e-01 -6.1938200889e-01
7.9619785377e-02 5.6210560945e-01 -6.1938069213e-01
7.9620541127e-02 5.6210963907e-01 -6.1938198536e-01
7.9620195748e-02 5.6210990540e-01 -6.1938074549e-01
7.9620161396e-02 5.6210492993e-01 -6.1938296920e-01
7.9619630983e-02 5.6210501907e-01 -6.1938164260e-01
7.9620339411e-02 5.6210904820e-01 -6.1938291500e-01
7.9619982969e-02 5.6210937499e-01 -6.1938169382e-01
-2.2274527193e-01 -9.0677971279e-02 2.9301895511e-01
-2.2274410024e-01 -9.0677577422e-02 2.9301898280e-01
-2.2274500116e-01 -9.0676702804e-02 2.9301838742e-01
-2.2274384513e-01 -9.0676302192e-02 2.9301839932e-01
-2.2274627104e-01 -9.0677604163e-02 2.9301919025e-01
-2.2274510360e-01 -9.0677212720e-02 2.9301922595e-01
-2.2274605720e-01 -9.0676422596e-02 2.9301863508e-01
-2.2274490541e-01 -9.0676024396e-02 2.9301865500e-01
1.0852962159e+00 5.6130970116e-02 -4.8376731288e-01
1.0852970289e+00 5.6130739878e-02 -4.8376824103e-01
1.0852968715e+00 5.6131826638e-02 -4.8376699517e-01
1.0852975960e+00 5.6131594632e-02 -4.8376791873e-01
1.0852933591e+00 5.6132023726e-02 -4.8376739427e-01
1.0852941719e+00 5.6131793587e-02 -4.8376832255e-01
1.0852940146e+00 5.6132879867e-02 -4.8376707671e-01
1.0852947389e+00 5.6132647802e-02 -4.8376800019e-01
2.5338244722e-02 -1.9443911973e-01 -1.4465439378e-02
2.5338610331e-02 -1.9443991731e-01 -1.4467288538e-02
2.5339880085e-02 -1.9443884014e-01 -1.4466920627e-02
2.5340242418e-02 -1.9443952412e-01 -1.4468829673e-02
2.5338414029e-02 -1.9443969568e-01 -1.4465370879e-02
2.5338779535e-02 -1.9444049384e-01 -1.4467219137e-02
2.5340050625e-02 -1.9443941044e-01 -1.4466843422e-02
2.5340412853e-02 -1.9444009501e-01 -1.4468751566e-02
-4.5858384687e-01 2.2855218550e-01 7.3156317310e-01
-4.5858385929e-01 2.2855209059e-01 7.3156417179e-01
-4.5858443083e-01 2.2855118790e-01 7.3156374934e-01
-4.5858444434e-01 2.2855109554e-01 7.3156474911e-01
-4.5858082262e-01 2.2855237008e-01 7.3156305871e-01
-4.5858083505e-01 2.2855227517e-01 7.3156405738e-01
-4.5858142422e-01 2.2855135406e-01 7.3156367160e-01
-4.5858143774e-01 2.2855126170e-01 7.3156467135e-01
-4.8070755300e-02 9.4793516808e-02 1.4214567662e-01
-4.8070516996e-02 9.4794157779e-02 1.4214600739e-01
-4.8070990200e-02 9.4796880768e-02 1.4214627541e-01
-4.8070754222e-02 9.4797567205e-02 1.4214663636e-01
-4.8070920836e-02 9.4793006152e-02 1.4214487096e-01
-4.8070663955e-02 9.4793636738e-02 1.4214520049e-01
-4.8071143057e-02 9.4796325124e-02 1.4214547521e-01
-4.8070925907e-02 9.4797021846e-02 1.4214583729e-01
-9.8090352224e-02 7.9127615550e-01 1.6348025890e-01
-9.8089287001e-02 7.9127656993e-01 1.6348024380e-01
-9.8089423963e-02 7.9127500794e-01 1.6347927463e-01
-9.8088358179e-02 7.9127542224e-01 1.6347925996e-01
-9.8096025584e-02 7.9127881660e-01 1.6348291994e-01
-9.8094849774e-02 7.9127931855e-01 1.6348291464e-01
-9.8095016202e-02 7.9127758715e-01 1.6348187064e-01
-9.8093840811e-02 7.9127808838e-01 1.6348186484e-01
-3.7655717930e-02 -4.3404021208e-01 -3.2730866206e-01
-3.7656144491e-02 -4.3403989874e-01 -3.2730800684e-01
-3.7655248958e-02 -4.3404001954e-01 -3.2730838108e-01
-3.7655675444e-02 -4.3403970622e-01 -3.2730772586e-01
-3.7653990759e-02 -4.3404157212e-01 -3.2730957327e-01
-3.7654445233e-02 -4.3404128039e-01 -3.2730890500e-01
-3.7653515748e-02 -4.3404137202e-01 -3.2730930784e-01
-3.7653970210e-02 -4.3404108028e-01 -3.2730863957e-01
-1.4528792682e-01 1.7254077142e-01 2.2650979978e-01
-1.4528842424e-01 1.7254009255e-01 2.2650863165e-01
-1.4528765510e-01 1.7254044342e-01 2.2650957535e-01
-1.4528815225e-01 1.7253981703e-01 2.2650842728e-01
-1.4529204990e-01 1.7253922152e-01 2.2650718130e-01
-1.4529255019e-01 1.7253854670e-01 2.2650601419e-01
-1.4529177579e-01 1.7253889856e-01 2.2650692805e-01
-1.4529227579e-01 1.7253827623e-01 2.2650578101e-01
5.4804323572e-01 3.0451760289e-01 3.9186147574e-01
5.4804489626e-01 3.0451570191e-01 3.9186542226e-01
5.4804322155e-01 3.0451812502e-01 3.9186106020e-01
5.4804487620e-01 3.0451621552e-01 3.9186502547e-01
5.4803879301e-01 3.0451725134e-01 3.9185998760e-01
5.4804061165e-01 3.0451535747e-01 3.9186385844e-01
5.4803878531e-01 3.0451777904e-01 3.9185958843e-01
5.4804064001e-01 3.0451589484e-01 3.9186345426e-01
3.3682607900e-01 7.3706363478e-02 -1.3982222245e-01
3.3682552953e-01 7.3706178343e-02 -1.3982170895e-01
3.3682662186e-01 7.3705290377e-02 -1.3982115956e-01
3.3682607214e-01 7.3705105639e-02 -1.3982064559e-01
3.3682778144e-01 7.3706779072e-02 -1.3982266192e-01
3.3682725077e-01 7.3706614334e-02 -1.3982214069e-01
3.3682832594e-01 7.3705705763e-02 -1.3982160008e-01
3.3682777614e-01 7.3705521250e-02 -1.3982108614e-01
-3.8269874696e-01 -2.3174251384e-01 -2.6700520504e-01
-3.8269872838e-01 -2.3174225623e-01 -2.6700418921e-01
-3.8269922876e-01 -2.3174282287e-01 -2.6700493999e-01
-3.8269918866e-01 -2.3174258174e-01 -2.6700391477e-01
-3.8269641859e-01 -2.3174246906e-01 -2.6700532427e-01
-3.8269649774e-01 -2.3174222260e-01 -2.6700431803e-01
-3.8269690304e-01 -2.3174282846e-01 -2.6700507535e-01
-3.8269696068e-01 -2.3174259849e-01 -2.6700405973e-01
6.7945136019e-01 -1.8517436844e-01 -5.8441398337e-02
6.7945177898e-01 -1.8517430419e-01 -5.8440850989e-02
6.7945178205e-01 -1.8517450286e-01 -5.8443010807e-02
6.7945220605e-01 -1.8517443577e-01 -5.8442460200e-02
6.7945652960e-01 -1.8517446407e-01 -5.8440459205e-02
6.7945694821e-01 -1.8517439986e-01 -5.8439912204e-02
6.7945695209e-01 -1.8517459757e-01 -5.8442072167e-02
6.7945737553e-01 -1.8517452985e-01 -5.8441521740e-02
4.3416970288e-02 2.0918883320e-01 5.2866877383e-01
4.3417135217e-02 2.0918944490e-01 5.2866835847e-01
4.3416528635e-02 2.0918679946e-01 5.2866828321e-01
4.3416716331e-02 2.0918740982e-01 5.2866786190e-01
4.3418888615e-02 2.0918968484e-01 5.2866930634e-01
4.3419073667e-02 2.0919028923e-01 5.2866888548e-01
4.3418465815e-02 2.0918764752e-01 5.2866881228e-01
4.3418650550e-02 2.0918825242e-01 5.2866839106e-01
-6.7226784222e-03 -9.2646290351e-01 4.3799811741e-01
-6.7256121940e-03 -9.2646417350e-01 4.3800158011e-01
-6.7220945138e-03 -9.2646279669e-01 4.3799739368e-01
-6.7250064914e-03 -9.2646408384e-01 4.3800085762e-01
-6.7280259289e-03 -9.2646006614e-01 4.3800022982e-01
-6.7307618326e-03 -9.2646136292e-01 4.3800372197e-01
-6.7274321997e-03 -9.2645996355e-01 4.3799949667e-01
-6.7301693756e-03 -9.2646126542e-01 4.3800298386e-01
7.3079631900e-01 9.3253075143e-02 2.5206649827e-01
7.3079673548e-01 9.3253554540e-02 2.5206555835e-01
7.3079608366e-01 9.3251010622e-02 2.5206647247e-01
7.3079650237e-01 9.3251491500e-02 2.5206553462e-01
7.3079190124e-01 9.3251968624e-02 2.5206624026e-01
7.3079224349e-01 9.3252428312e-02 2.5206525727e-01
7.3079168801e-01 9.3249870611e-02 2.5206617699e-01
7.3079202015e-01 9.3250330170e-02 2.5206518131e-01
4.0214144820e-01 -1.1562675609e-01 -1.9686568023e-01
4.0214125308e-01 -1.1562685554e-01 -1.9686495121e-01
4.0214141601e-01 -1.1562670491e-01 -1.9686627417e-01
4.0214121744e-01 -1.1562680621e-01 -1.9686554221e-01
4.0214221792e-01 -1.1562688867e-01 -1.9686582956e-01
4.0214194202e-01 -1.1562699587e-01 -1.9686510548e-01
4.0214218348e-01 -1.1562685889e-01 -1.9686643442e-01
4.0214189931e-01 -1.1562696184e-01 -1.9686571122e-01
-4.3267988094e-01 5.1242656896e-02 2.0199405604e-01
-4.3268058962e-01 5.1243271283e-02 2.0199409258e-01
-4.3267970392e-01 5.1240035389e-02 2.0199444811e-01
-4.3268041561e-01 5.1240651816e-02 2.0199448736e-01
-4.3267882495e-01 5.1242052711e-02 2.0199239293e-01
-4.3267953359e-01 5.1242667002e-02 2.0199242941e-01
-4.3267865517e-01 5.1239442647e-02 2.0199276792e-01
-4.3267936684e-01 5.1240058974e-02 2.0199280711e-01
-9.1931808117e-02 -6.2705870032e-03 2.4261616970e-01
-9.1932034660e-02 -6.2705118788e-03 2.4261649393e-01
-9.1932995499e-02 -6.2707606930e-03 2.4261406477e-01
-9.1933218242e-02 -6.2706742225e-03 2.4261437386e-01
-9.1932486495e-02 -6.2702550751e-03 2.4261581436e-01
-9.1932707257e-02 -6.2701776716e-03 2.4261613771e-01
-9.1933677590e-02 -6.2704208499e-03 2.4261371078e-01
-9.1933891044e-02 -6.2703362355e-03 2.4261402004e-01
-3.1327460738e-01 6.7592228672e-02 4.7394026989e-01
-3.1327622218e-01 6.7594599121e-02 4.7394522497e-01
-3.1327312523e-01 6.7589339106e-02 4.7393955272e-01
-3.1327472833e-01 6.7591636098e-02 4.7394451373e-01
-3.1327228459e-01 6.7591296837e-02 4.7393846358e-01
-3.1327388728e-01 6.7593646187e-02 4.7394346569e-01
-3.1327086205e-01 6.7588450665e-02 4.7393784253e-01
-3.1327245527e-01 6.7590729356e-02 4.7394284840e-01
1.4561227212e+00 -1.1984047416e-02 2.1811649530e-01
1.4561223245e+00 -1.1984145052e-02 2.1811429731e-01
1.4561223678e+00 -1.1985253042e-02 2.1811626968e-01
1.4561219525e+00 -1.1985341338e-02 2.1811408651e-01
1.4561289014e+00 -1.1982409734e-02 2.1811584022e-01
1.4561285007e+00 -1.1982509352e-02 2.1811364090e-01
1.4561285476e+00 -1.1983615003e-02 2.1811561489e-01
1.4561281282e+00 -1.1983705179e-02 2.1811343032e-01
-7.2244492569e-02 -1.2481151683e+00 2.6278155747e+00
-7.2243959244e-02 -1.2481160489e+00 2.6278146516e+00
-7.2245934076e-02 -1.2481156412e+00 2.6278146164e+00
-7.2245398452e-02 -1.2481165183e+00 2.6278136911e+00
-7.2244861093e-02 -1.2481148397e+00 2.6278162719e+00
-7.2244326804e-02 -1.2481157203e+00 2.6278153524e+00
-7.2246294646e-02 -1.2481153139e+00 2.6278153112e+00
-7.2245759742e-02 -1.2481161899e+00 2.6278143866e+00
-6.2907552620e-01 -1.5722865124e+00 -3.1137884218e-01
-6.2907572989e-01 -1.5722859601e+00 -3.1138012725e-01
-6.2907546747e-01 -1.5722837311e+00 -3.1138078070e-01
-6.2907566406e-01 -1.5722831700e+00 -3.1138204373e-01
-6.2907580030e-01 -1.5722860938e+00 -3.1137939047e-01
-6.2907601953e-01 -1.5722855500e+00 -3.1138066857e-01
-6.2907578002e-01 -1.5722833169e+00 -3.1138130740e-01
-6.2907597081e-01 -1.5722827528e+00 -3.1138260410e-01
1.7539614993e-01 1.5777322783e+00 -3.7801981608e-01
1.7539618295e-01 1.5777328939e+00 -3.7802167944e-01
1.7539473120e-01 1.5777292498e+00 -3.7801858891e-01
1.7539475376e-01 1.5777298530e+00 -3.7802045651e-01
1.7539654083e-01 1.5777322961e+00 -3.7802223317e-01
1.7539656687e-01 1.5777329236e+00 -3.7802409012e-01
1.7539513290e-01 1.5777292680e+00 -3.7802101813e-01
1.7539514848e-01 1.5777298831e+00 -3.7802287930e-01
-4.5516709963e-01 5.4106787773e-01 2.3659434369e-01
-4.5516773673e-01 5.4106687428e-01 2.3659330855e-01
-4.5516622887e-01 5.4106785709e-01 2.3659211524e-01
-4.5516686627e-01 5.4106685475e-01 2.3659107899e-01
-4.5516821940e-01 5.4106807397e-01 2.3659484767e-01
-4.5516885304e-01 5.4106704822e-01 2.3659382756e-01
-4.5516734508e-01 5.4106805286e-01 2.3659261275e-01
-4.5516797910e-01 5.4106702808e-01 2.3659159165e-01
-3.6100528750e-01 -1.2644360794e+00 1.4933259776e+00
-3.6100642671e-01 -1.2644354195e+00 1.4933253510e+00
-3.6100562461e-01 -1.2644313955e+00 1.4933198759e+00
-3.6100676382e-01 -1.2644307349e+00 1.4933192491e+00
-3.6100114555e-01 -1.2644369101e+00 1.4933257045e+00
-3.6100228311e-01 -1.2644362405e+00 1.4933250664e+00
-3.6100146044e-01 -1.2644322349e+00 1.4933196452e+00
-3.6100259799e-01 -1.2644315645e+00 1.4933190069e+00
-6.5740148152e-01 7.2811155138e-01 -4.6234987548e-01
-6.5740118645e-01 7.2811047971e-01 -4.6235165500e-01
-6.5740164695e-01 7.2811066982e-01 -4.6235128989e-01
-6.5740135195e-01 7.2810959826e-01 -4.6235306940e-01
-6.5741207772e-01 7.2810925010e-01 -4.6234704447e-01
-6.5741177079e-01 7.2810817796e-01 -4.6234882706e-01
-6.5741222128e-01 7.2810840616e-01 -4.6234844228e-01
-6.5741191428e-01 7.2810733409e-01 -4.6235022485e-01
5.4941761847e-01 3.6912641727e-01 2.0655510003e+00
5.4941833381e-01 3.6912625870e-01 2.0655492901e+00
5.4941912227e-01 3.6912493780e-01 2.0655509997e+00
5.4941984930e-01 3.6912474529e-01 2.0655492914e+00
5.4941095075e-01 3.6912684913e-01 2.0655502464e+00
5.4941165675e-01 3.6912674254e-01 2.0655485823e+00
5.4941248763e-01 3.6912532495e-01 2.0655502398e+00
5.4941320462e-01 3.6912520158e-01 2.0655485662e+00
5.5241797824e-01 -2.6187134475e-01 1.8561105095e-01
5.5241748294e-01 -2.6186919121e-01 1.8560763236e-01
5.5241751792e-01 -2.6187112282e-01 1.8560985136e-01
5.5241705033e-01 -2.6186897360e-01 1.8560642567e-01
5.5240970004e-01 -2.6187203642e-01 1.8561032483e-01
5.5240928063e-01 -2.6186990374e-01 1.8560690476e-01
5.5240923114e-01 -2.6187172236e-01 1.8560908109e-01
5.5240880808e-01 -2.6186958064e-01 1.8560566561e-01
5.6193123695e-01 -8.3427243350e-01 4.6998022534e-01
5.6193270390e-01 -8.3427201673e-01 4.6997882001e-01
5.6192913080e-01 -8.3426633376e-01 4.6998314061e-01
5.6193060000e-01 -8.3426589957e-01 4.6998176125e-01
5.6193027882e-01 -8.3427027488e-01 4.6998018357e-01
5.6193174185e-01 -8.3426986018e-01 4.6997877601e-01
5.6192817837e-01 -8.3426415919e-01 4.6998306697e-01
5.6192964346e-01 -8.3426372703e-01 4.6998168540e-01
1.6541056019e-02 7.0477667037e-01 -7.8811562848e-01
1.6543287023e-02 7.0477766677e-01 -7.8811746452e-01
1.6541493427e-02 7.0477233273e-01 -7.8811400064e-01
1.6543723034e-02 7.0477333179e-01 -7.8811583986e-01
1.6535477652e-02 7.0477342368e-01 -7.8811485611e-01
1.6537716107e-02 7.0477445127e-01 -7.8811668519e-01
1.6535899762e-02 7.0476899372e-01 -7.8811317534e-01
1.6538135928e-02 7.0477002485e-01 -7.8811500622e-01
-1.1926781979e+00 -7.0053549039e-01 1.3629700794e+00
-1.1926773757e+00 -7.0053624777e-01 1.3629687666e+00
-1.1926752984e+00 -7.0052780131e-01 1.3629666064e+00
-1.1926745044e+00 -7.0052866548e-01 1.3629653803e+00
-1.1926786795e+00 -7.0053560999e-01 1.3629701926e+00
-1.1926778567e+00 -7.0053636520e-01 1.3629688863e+00
-1.1926758017e+00 -7.0052791306e-01 1.3629667581e+00
-1.1926749911e+00 -7.0052878582e-01 1.3629655232e+00
-4.0328047933e-01 -5.6318797807e-01 1.0915254182e+00
-4.0327961287e-01 -5.6318714386e-01 1.0915250172e+00
-4.0328006699e-01 -5.6319054766e-01 1.0915259481e+00
-4.0327920043e-01 -5.6318971549e-01 1.0915255448e+00
-4.0327862274e-01 -5.6318736012e-01 1.0915245258e+00
-4.0327775892e-01 -5.6318653680e-01 1.0915241283e+00
-4.0327821463e-01 -5.6318993207e-01 1.0915250594e+00
-4.0327735071e-01 -5.6318911079e-01 1.0915246595e+00
1.3465681386e+00 2.0540916749e-01 4.8145297977e-01
1.3465672209e+00 2.0540873245e-01 4.8145115068e-01
1.3465671377e+00 2.0541432365e-01 4.8145502588e-01
1.3465662643e+00 2.0541389655e-01 4.8145320838e-01
1.3465689163e+00 2.0540870441e-01 4.8145238100e-01
1.3465679763e+00 2.0540828863e-01 4.8145057386e-01
1.3465679173e+00 2.0541383816e-01 4.8145436612e-01
1.3465670455e+00 2.0541343158e-01 4.8145258464e-01
-1.1164069331e+00 6.3449166210e-02 1.3237271135e+00
-1.1164080551e+00 6.3448485521e-02 1.3237304291e+00
-1.1164076629e+00 6.3448126374e-02 1.3237272437e+00
-1.1164087404e+00 6.3447446484e-02 1.3237305572e+00
-1.1164090161e+00 6.3446987432e-02 1.3237270770e+00
-1.1164101460e+00 6.3446288015e-02 1.3237303676e+00
-1.1164097455e+00 6.3445947653e-02 1.3237272073e+00
-1.1164108163e+00 6.3445258700e-02 1.3237305099e+00
-2.3805274346e-01 7.6648903886e-01 9.6010552860e-01
-2.3805338904e-01 7.6648841920e-01 9.6010301722e-01
-2.3805370294e-01 7.6648970356e-01 9.6010724060e-01
-2.3805433191e-01 7.6648907405e-01 9.6010475796e-01
-2.3805224579e-01 7.6649046745e-01 9.6010546451e-01
-2.3805289155e-01 7.6648984858e-01 9.6010295265e-01
-2.3805320539e-01 7.6649113197e-01 9.6010717642e-01
-2.3805383354e-01 7.6649050293e-01 9.6010469224e-01
8.1003353542e-01 7.0374975094e-01 -1.6699782076e+00
8.1003367311e-01 7.0374968323e-01 -1.6699781670e+00
8.1003270249e-01 7.0374681970e-01 -1.6699789715e+00
8.1003283908e-01 7.0374675323e-01 -1.6699789302e+00
8.1003435034e-01 7.0374870568e-01 -1.6699777948e+00
8.1003447972e-01 7.0374863935e-01 -1.6699777507e+00
8.1003351566e-01 7.0374577063e-01 -1.6699785587e+00
8.1003364406e-01 7.0374570557e-01 -1.6699785140e+00
2.8539863265e+00 2.9581486252e-01 -9.2030227791e-02
2.8539854976e+00 2.9581429862e-01 -9.2031915663e-02
2.8539838587e+00 2.9581853618e-01 -9.2029603224e-02
2.8539830282e+00 2.9581797237e-01 -9.2031289691e-02
2.8540010714e+00 2.9581737838e-01 -9.2030755470e-02
2.8540002428e+00 2.9581681826e-01 -9.2032442161e-02
2.8539986035e+00 2.9582105204e-01 -9.2030130932e-02
2.8539977698e+00 2.9582049119e-01 -9.2031817694e-02
-1.5891359487e+00 2.5157427476e+00 1.6746521599e-02
-1.5891347734e+00 2.5157417587e+00 1.6746177357e-02
-1.5891374713e+00 2.5157409919e+00 1.6746316447e-02
-1.5891362953e+00 2.5157400037e+00 1.6745972470e-02
-1.5891327287e+00 2.5157422506e+00 1.6746104047e-02
-1.5891315535e+00 2.5157412617e+00 1.6745759742e-02
-1.5891342506e+00 2.5157404953e+00 1.6745897709e-02
-1.5891330746e+00 2.5157395070e+00 1.6745553670e-02
2.6072675212e-01 -7.0494070566e-01 -1.7260015668e+00
2.6072686697e-01 -7.0494068321e-01 -1.7260011829e+00
2.6072568819e-01 -7.0493770430e-01 -1.7260006154e+00
2.6072579648e-01 -7.0493768063e-01 -1.7260002351e+00
2.6072868306e-01 -7.0494082700e-01 -1.7260016275e+00
2.6072879885e-01 -7.0494080788e-01 -1.7260012446e+00
2.6072761749e-01 -7.0493780925e-01 -1.7260006464e+00
2.6072772665e-01 -7.0493778891e-01 -1.7260002672e+00
-2.5354026600e+00 4.4769005405e-02 9.1115043888e-01
-2.5354021014e+00 4.4770832087e-02 9.1114875667e-01
-2.5354027376e+00 4.4768736337e-02 9.1115054983e-01
-2.5354021784e+00 4.4770562272e-02 9.1114886770e-01
-2.5354006720e+00 4.4767330155e-02 9.1115150121e-01
-2.5354001145e+00 4.4769173567e-02 9.1114980884e-01
-2.5354007518e+00 4.4767079923e-02 9.1115160212e-01
-2.5354001926e+00 4.4768905855e-02 9.1114991994e-01
-9.6425340149e-01 2.0869822720e-01 2.7699129066e-02
-9.6425600862e-01 2.0869759962e-01 2.7704120803e-02
-9.6425331241e-01 2.0869826956e-01 2.7696759671e-02
-9.6425600262e-01 2.0869764514e-01 2.7701762523e-02
-9.6425204861e-01 2.0869802391e-01 2.7698798503e-02
-9.6425456958e-01 2.0869743874e-01 2.7703837920e-02
-9.6425195959e-01 2.0869806612e-01 2.7696429173e-02
-9.6425456610e-01 2.0869748556e-01 2.7701463545e-02
2.2415783199e+00 -5.3924987101e-01 -1.5512927851e-01
2.2415785976e+00 -5.3925014395e-01 -1.5512941165e-01
2.2415786313e+00 -5.3925056672e-01 -1.5512836019e-01
2.2415789104e+00 -5.3925083441e-01 -1.5512849466e-01
2.2415782233e+00 -5.3924890822e-01 -1.5512955195e-01
2.2415784550e+00 -5.3924915182e-01 -1.5512970342e-01
2.2415785345e+00 -5.3924959049e-01 -1.5512863322e-01
2.2415787675e+00 -5.3924982923e-01 -1.5512878616e-01
-2.6942648994e+00 7.4344255466e-01 -9.6862448703e-01
-2.6942632048e+00 7.4344207545e-01 -9.6862731811e-01
-2.6942638951e+00 7.4345047388e-01 -9.6862431036e-01
-2.6942621629e+00 7.4344997512e-01 -9.6862714831e-01
-2.6942833344e+00 7.4344035166e-01 -9.6862286342e-01
-2.6942816425e+00 7.4343987708e-01 -9.6862568740e-01
-2.6942822183e+00 7.4344822547e-01 -9.6862283534e-01
-2.6942804867e+00 7.4344772704e-01 -9.6862567294e-01
-1.7620253451e+00 -1.9551947033e-01 -2.3561209855e-01
-1.7620250554e+00 -1.9551937027e-01 -2.3561181318e-01
-1.7620242608e+00 -1.9551259513e-01 -2.3561044033e-01
-1.7620239652e+00 -1.9551249012e-01 -2.3561013796e-01
-1.7620235115e+00 -1.9552066180e-01 -2.3561198732e-01
-1.7620232216e+00 -1.9552056166e-01 -2.3561170183e-01
-1.7620224663e+00 -1.9551378151e-01 -2.3561021295e-01
-1.7620221694e+00 -1.9551367673e-01 -2.3560991199e-01
1.7146096246e+00 -9.0559686020e-01 -7.9754737813e-01
1.7146115783e+00 -9.0559865058e-01 -7.9753759674e-01
1.7146100132e+00 -9.0559689993e-01 -7.9754718829e-01
1.7146119910e+00 -9.0559868723e-01 -7.9753739194e-01
1.7146045980e+00 -9.0559714127e-01 -7.9754526886e-01
1.7146065689e+00 -9.0559888062e-01 -7.9753544678e-01
1.7146049872e+00 -9.0559718117e-01 -7.9754507901e-01
1.7146069819e+00 -9.0559891737e-01 -7.9753524189e-01
1.0030775870e+00 -2.6904795680e+00 -1.0772212168e-01
1.0030761133e+00 -2.6904802308e+00 -1.0771449477e-01
1.0030763472e+00 -2.6904790924e+00 -1.0772174441e-01
1.0030748767e+00 -2.6904797577e+00 -1.0771408918e-01
1.0030784310e+00 -2.6904798064e+00 -1.0772193376e-01
1.0030768575e+00 -2.6904805638e+00 -1.0771437131e-01
1.0030771937e+00 -2.6904793375e+00 -1.0772155195e-01
1.0030756286e+00 -2.6904801024e+00 -1.0771397655e-01
-7.0437617251e-01 4.2606993679e-01 -8.7357087552e-01
-7.0437651807e-01 4.2607083160e-01 -8.7357139637e-01
-7.0437650294e-01 4.2607014564e-01 -8.7357116644e-01
-7.0437684757e-01 4.2607104069e-01 -8.7357168621e-01
-7.0437449897e-01 4.2607105354e-01 -8.7357120236e-01
-7.0437492920e-01 4.2607196194e-01 -8.7357163269e-01
-7.0437483050e-01 4.2607126191e-01 -8.7357149013e-01
-7.0437525980e-01 4.2607217053e-01 -8.7357191937e-01
1.4238749914e+00 1.5685619623e-01 -9.9301205217e-01
1.4238749787e+00 1.5685590677e-01 -9.9301197212e-01
1.4238749056e+00 1.5685674373e-01 -9.9301175737e-01
1.4238748929e+00 1.5685645464e-01 -9.9301167739e-01
1.4238772439e+00 1.5685684543e-01 -9.9301102075e-01
1.4238772277e+00 1.5685654490e-01 -9.9301094758e-01
1.4238771545e+00 1.5685738244e-01 -9.9301073294e-01
1.4238771418e+00 1.5685709338e-01 -9.9301065304e-01
-1.8867175210e-01 -9.0355579017e-01 3.5402461696e-01
-1.8867294252e-01 -9.0355507606e-01 3.5402230762e-01
-1.8867253110e-01 -9.0355730093e-01 3.5402491617e-01
-1.8867372306e-01 -9.0355658637e-01 3.5402260848e-01
-1.8866812465e-01 -9.0355487799e-01 3.5402608944e-01
-1.8866931529e-01 -9.0355416328e-01 3.5402377884e-01
-1.8866888230e-01 -9.0355640596e-01 3.5402641806e-01
-1.8867007448e-01 -9.0355569078e-01 3.5402410911e-01
-7.2750102180e-01 -6.2121684633e-02 -9.7915851527e-01
-7.2750090262e-01 -6.2121517372e-02 -9.7915872488e-01
-7.2749913314e-01 -6.2112701266e-02 -9.7915780817e-01
-7.2749902793e-01 -6.2112536988e-02 -9.7915802026e-01
-7.2750092447e-01 -6.2122227952e-02 -9.7915772198e-01
-7.2750081238e-01 -6.2122062140e-02 -9.7915792891e-01
-7.2749900313e-01 -6.2113206452e-02 -9.7915706194e-01
-7.2749890693e-01 -6.2113042903e-02 -9.7915726368e-01
-2.5640026672e-01 -5.3460590997e-01 -1.1596289106e+00
-2.5640000582e-01 -5.3460696703e-01 -1.1596286368e+00
-2.5639873128e-01 -5.3460986531e-01 -1.1596312204e+00
-2.5639847205e-01 -5.3461092128e-01 -1.1596309409e+00
-2.5640896638e-01 -5.3460687377e-01 -1.1596284146e+00
-2.5640870927e-01 -5.3460792885e-01 -1.1596281350e+00
-2.5640742070e-01 -5.3461083858e-01 -1.1596307346e+00
-2.5640717663e-01 -5.3461188398e-01 -1.1596304419e+00
1.8240353636e+00 -1.0626756575e-01 -3.2328887696e-01
1.8240349520e+00 -1.0626731403e-01 -3.2328976901e-01
1.8240351119e+00 -1.0626942125e-01 -3.2329064065e-01
1.8240347005e+00 -1.0626916957e-01 -3.2329153255e-01
1.8240344921e+00 -1.0626852287e-01 -3.2328977862e-01
1.8240340803e+00 -1.0626827006e-01 -3.2329067071e-01
1.8240342363e+00 -1.0627037967e-01 -3.2329153943e-01
1.8240338247e+00 -1.0627012690e-01 -3.2329243136e-01
-3.6458559646e-02 6.2845577364e-01 1.0809981706e+00
-3.6458834763e-02 6.2845512310e-01 1.0809968176e+00
-3.6458919622e-02 6.2845572515e-01 1.0809987768e+00
-3.6459175479e-02 6.2845506485e-01 1.0809974630e+00
-3.6463643822e-02 6.2845825785e-01 1.0809974463e+00
-3.6463888945e-02 6.2845755621e-01 1.0809960982e+00
-3.6463973246e-02 6.2845822620e-01 1.0809980739e+00
-3.6464234875e-02 6.2845753631e-01 1.0809966892e+00
8.2078128963e-02 -7.4343381280e-01 1.5517301956e+00
8.2077245188e-02 -7.4343269474e-01 1.5517262580e+00
8.2077247096e-02 -7.4343289541e-01 1.5517306943e+00
8.2076358178e-02 -7.4343178046e-01 1.5517267602e+00
8.2080673734e-02 -7.4343518913e-01 1.5517286255e+00
8.2079789957e-02 -7.4343407105e-01 1.5517246879e+00
8.2079785896e-02 -7.4343426995e-01 1.5517291278e+00
8.2078896977e-02 -7.4343315498e-01 1.5517251937e+00
-4.4859762194e-02 3.1539829146e-01 -3.2052650529e-01
-4.4860431657e-02 3.1539901814e-01 -3.2052897414e-01
-4.4860273323e-02 3.1539816731e-01 -3.2052628777e-01
-4.4860943468e-02 3.1539889324e-01 -3.2052875775e-01
-4.4863077056e-02 3.1539984390e-01 -3.2052658547e-01
-4.4863766917e-02 3.1540058295e-01 -3.2052904286e-01
-4.4863591870e-02 3.1539969392e-01 -3.2052634876e-01
-4.4864275488e-02 3.1540043294e-01 -3.2052880110e-01
4.1019335321e-01 9.7193301908e-01 -3.0569712320e-01
4.1019627905e-01 9.7193395683e-01 -3.0570001314e-01
4.1019499210e-01 9.7193500337e-01 -3.0569761959e-01
4.1019794536e-01 9.7193597566e-01 -3.0570050506e-01
4.1019441217e-01 9.7193517320e-01 -3.0569425441e-01
4.1019736763e-01 9.7193611703e-01 -3.0569713771e-01
4.1019604010e-01 9.7193715162e-01 -3.0569476114e-01
4.1019899555e-01 9.7193809555e-01 -3.0569764445e-01
-7.6441117389e-01 6.1554932667e-01 -1.0516874801e+00
-7.6441167809e-01 6.1554953101e-01 -1.0516880818e+00
-7.6441102058e-01 6.1555001698e-01 -1.0516869689e+00
-7.6441152457e-01 6.1555022332e-01 -1.0516875677e+00
-7.6440987018e-01 6.1554935193e-01 -1.0516866384e+00
-7.6441030512e-01 6.1554951844e-01 -1.0516872891e+00
-7.6440971790e-01 6.1555003765e-01 -1.0516861291e+00
-7.6441015262e-01 6.1555020615e-01 -1.0516867769e+00
-1.5333624134e+00 -5.7218264892e-01 -1.4095260121e-01
-1.5333619565e+00 -5.7218335291e-01 -1.4095402056e-01
-1.5333620322e+00 -5.7218388865e-01 -1.4095523970e-01
-1.5333615749e+00 -5.7218459056e-01 -1.4095666007e-01
-1.5333620385e+00 -5.7218338714e-01 -1.4095259822e-01
-1.5333615768e+00 -5.7218408778e-01 -1.4095401804e-01
-1.5333616459e+00 -5.7218462429e-01 -1.4095523350e-01
-1.5333611843e+00 -5.7218532267e-01 -1.4095665433e-01
8.1902119474e-01 -2.2368698908e-01 8.4849851362e-01
8.1902152480e-01 -2.2368670180e-01 8.4849752611e-01
8.1902108285e-01 -2.2368214843e-01 8.4850020330e-01
8.1902140879e-01 -2.2368187856e-01 8.4849922975e-01
8.1901886262e-01 -2.2368596913e-01 8.4849886794e-01
8.1901919318e-01 -2.2368568192e-01 8.4849788125e-01
8.1901875307e-01 -2.2368110108e-01 8.4850059014e-01
8.1901904200e-01 -2.2368082751e-01 8.4849962445e-01
-1.4056944668e+00 8.2279118880e-02 8.5377495581e-01
-1.4056943896e+00 8.2278854323e-02 8.5377440890e-01
-1.4056936417e+00 8.2278162810e-02 8.5377679425e-01
-1.4056935523e+00 8.2277889533e-02 8.5377627273e-01
-1.4057089107e+00 8.2278670293e-02 8.5377325379e-01
-1.4057088240e+00 8.2278403367e-02 8.5377274005e-01
-1.4057080816e+00 8.2277707951e-02 8.5377502478e-01
-1.4057079953e+00 8.2277430779e-02 8.5377452020e-01
-2.3059222805e-01 5.2883030505e-01 -2.7381021565e-01
-2.3059555268e-01 5.2883125714e-01 -2.7381725319e-01
-2.3059289047e-01 5.2882890633e-01 -2.7381099858e-01
-2.3059621309e-01 5.2882985845e-01 -2.7381803443e-01
-2.3059146393e-01 5.2883178596e-01 -2.7381118694e-01
-2.3059477382e-01 5.2883273501e-01 -2.7381822460e-01
-2.3059212310e-01 5.2883038587e-01 -2.7381197129e-01
-2.3059543424e-01 5.2883133528e-01 -2.7381900736e-01
1.3915036811e+00 1.0585817033e-01 -5.5913650845e-01
1.3915019968e+00 1.0585860741e-01 -5.5913940915e-01
1.3915028426e+00 1.0585814791e-01 -5.5913403423e-01
1.3915011583e+00 1.0585858480e-01 -5.5913693490e-01
1.3915110807e+00 1.0585613556e-01 -5.5913711245e-01
1.3915093962e+00 1.0585657297e-01 -5.5914001312e-01
1.3915102400e+00 1.0585611775e-01 -5.5913463558e-01
1.3915085574e+00 1.0585655221e-01 -5.5913753622e-01
-4.9126300232e-01 -7.3100153453e-02 1.1463240952e+00
-4.9126235000e-01 -7.3099903690e-02 1.1463234751e+00
-4.9126358004e-01 -7.3099649100e-02 1.1463240342e+00
-4.9126296616e-01 -7.3099404098e-02 1.1463234175e+00
-4.9125876348e-01 -7.3099479062e-02 1.1463237568e+00
-4.9125811817e-01 -7.3099206313e-02 1.1463231322e+00
-4.9125934936e-01 -7.3098979667e-02 1.1463237019e+00
-4.9125874249e-01 -7.3098711680e-02 1.1463230807e+00
3.5835237062e-02 -1.1979123305e-01 -7.8850382792e-01
3.5838632245e-02 -1.1978947110e-01 -7.8850892583e-01
3.5835145664e-02 -1.1979152735e-01 -7.8850360425e-01
3.5838539884e-02 -1.1978976436e-01 -7.8850870323e-01
3.5837597034e-02 -1.1979237318e-01 -7.8850338810e-01
3.5840909873e-02 -1.1979056223e-01 -7.8850843171e-01
3.5837507064e-02 -1.1979266334e-01 -7.8850316223e-01
3.5840818940e-02 -1.1979085135e-01 -7.8850820690e-01
-3.1150791348e-01 -9.6057473153e-01 -2.3691992022e-02
-3.1150559358e-01 -9.6057580573e-01 -2.3688241238e-02
-3.1150625599e-01 -9.6056814788e-01 -2.3690783660e-02
-3.1150395000e-01 -9.6056911928e-01 -2.3686976620e-02
-3.1151457752e-01 -9.6057617126e-01 -2.3693037504e-02
-3.1151228025e-01 -9.6057721138e-01 -2.3689312538e-02
-3.1151300310e-01 -9.6056955589e-01 -2.3691860226e-02
-3.1151070096e-01 -9.6057052145e-01 -2.3688169322e-02
4.3906940761e-01 4.0222164817e-02 6.7746311652e-01
4.3906965689e-01 4.0222177817e-02 6.7746315849e-01
4.3906935803e-01 4.0221551453e-02 6.7746363848e-01
4.3906961118e-01 4.0221569380e-02 6.7746367605e-01
4.3906801273e-01 4.0221828746e-02 6.7746356524e-01
4.3906824747e-01 4.0221860526e-02 6.7746361390e-01
4.3906796506e-01 4.0221219865e-02 6.7746408585e-01
4.3906820368e-01 4.0221256571e-02 6.7746413012e-01
6.3947195128e-01 6.0450071051e-01 5.4908838741e-01
6.3947364448e-01 6.0450117483e-01 5.4908702331e-01
6.3947282557e-01 6.0449980451e-01 5.4908706437e-01
6.3947450377e-01 6.0450027588e-01 5.4908571173e-01
6.3947318276e-01 6.0450027141e-01 5.4908952032e-01
6.3947486917e-01 6.0450070502e-01 5.4908817123e-01
6.3947405677e-01 6.0449936521e-01 5.4908819748e-01
6.3947572818e-01 6.0449980586e-01 5.4908685986e-01
-8.5764196253e-01 4.1375624727e-01 2.3358183557e+00
-8.5764202146e-01 4.1375636543e-01 2.3358186629e+00
-8.5764387574e-01 4.1375603507e-01 2.3358217061e+00
-8.5764393304e-01 4.1375615225e-01 2.3358220117e+00
-8.5763832446e-01 4.1375777802e-01 2.3358128564e+00
-8.5763838952e-01 4.1375790018e-01 2.3358131636e+00
-8.5764023401e-01 4.1375754968e-01 2.3358162089e+00
-8.5764029745e-01 4.1375767088e-01 2.3358165145e+00
-6.1901225112e-01 -1.9579467401e+00 8.2423273323e-01
-6.1901026916e-01 -1.9579531832e+00 8.2424547710e-01
-6.1901157089e-01 -1.9579465611e+00 8.2423268718e-01
-6.1900955924e-01 -1.9579530308e+00 8.2424539333e-01
-6.1900959033e-01 -1.9579437763e+00 8.2423193035e-01
-6.1900764184e-01 -1.9579502812e+00 8.2424470367e-01
-6.1900882751e-01 -1.9579435376e+00 8.2423191868e-01
-6.1900684978e-01 -1.9579500642e+00 8.2424465719e-01
-4.5657694414e-01 2.0443853366e-01 8.6056793835e-01
-4.5657699913e-01 2.0443865131e-01 8.6056868396e-01
-4.5657633845e-01 2.0443926168e-01 8.6057098886e-01
-4.5657639613e-01 2.0443937767e-01 8.6057173170e-01
-4.5657263103e-01 2.0443798067e-01 8.6056948961e-01
-4.5657268498e-01 2.0443809714e-01 8.6057023617e-01
-4.5657199783e-01 2.0443869825e-01 8.6057256775e-01
-4.5657205447e-01 2.0443881306e-01 8.6057331155e-01
5.1545986263e-01 -3.7863646890e-01 -1.2575343343e+00
5.1545980198e-01 -3.7863659419e-01 -1.2575319130e+00
5.1545994834e-01 -3.7863623230e-01 -1.2575345142e+00
5.1545988878e-01 -3.7863635790e-01 -1.2575320941e+00
5.1546470515e-01 -3.7864055271e-01 -1.2575346136e+00
5.1546461148e-01 -3.7864067999e-01 -1.2575321930e+00
5.1546479422e-01 -3.7864031923e-01 -1.2575347943e+00
5.1546470163e-01 -3.7864044682e-01 -1.2575323749e+00
3.1601655583e-01 1.1088717406e+00 5.2621793614e-01
3.1601638279e-01 1.1088765871e+00 5.2622374139e-01
3.1601549354e-01 1.1088796779e+00 5.2622867811e-01
3.1601533547e-01 1.1088845929e+00 5.2623453575e-01
3.1601013064e-01 1.1088716885e+00 5.2621724266e-01
3.1600999526e-01 1.1088765831e+00 5.2622305714e-01
3.1600911294e-01 1.1088796504e+00 5.2622804357e-01
3.1600896196e-01 1.1088845718e+00 5.2623389152e-01
-5.6174702171e-01 -3.3743963173e-01 -5.0269568437e-01
-5.6174812809e-01 -3.3744067886e-01 -5.0268709200e-01
-5.6174696456e-01 -3.3743974069e-01 -5.0269599224e-01
-5.6174806447e-01 -3.3744077880e-01 -5.0268737142e-01
-5.6175659424e-01 -3.3743823608e-01 -5.0269508353e-01
-5.6175756450e-01 -3.3743926123e-01 -5.0268664197e-01
-5.6175651055e-01 -3.3743833755e-01 -5.0269542728e-01
-5.6175750830e-01 -3.3743937888e-01 -5.0268695847e-01
-1.1449687208e+00 5.4870535132e-01 -2.5465879052e-01
-1.1449685247e+00 5.4870523325e-01 -2.5465882952e-01
-1.1449682597e+00 5.4870641357e-01 -2.5465614795e-01
-1.1449680639e+00 5.4870629542e-01 -2.5465618698e-01
-1.1449652437e+00 5.4870466428e-01 -2.5465818377e-01
-1.1449650474e+00 5.4870454540e-01 -2.5465822289e-01
-1.1449647460e+00 5.4870574898e-01 -2.5465554448e-01
-1.1449645499e+00 5.4870563004e-01 -2.5465558355e-01
1.9481527609e+00 -1.8510451690e-01 -3.0371214613e-01
1.9481526383e+00 -1.8510473526e-01 -3.0371103659e-01
1.9481532148e+00 -1.8510574600e-01 -3.0371260075e-01
1.9481530922e+00 -1.8510596437e-01 -3.0371149122e-01
1.9481594945e+00 -1.8510334673e-01 -3.0371274067e-01
1.9481592771e+00 -1.8510358129e-01 -3.0371160064e-01
1.9481599472e+00 -1.8510457326e-01 -3.0371319539e-01
1.9481597298e+00 -1.8510480783e-01 -3.0371205536e-01
3.6535694778e-01 4.0224386379e-01 -1.0670253461e+00
3.6535728463e-01 4.0224463862e-01 -1.0670256512e+00
3.6535703860e-01 4.0224180637e-01 -1.0670253274e+00
3.6535737535e-01 4.0224257863e-01 -1.0670256361e+00
3.6536301254e-01 4.0224324256e-01 -1.0670253185e+00
3.6536334938e-01 4.0224401746e-01 -1.0670256235e+00
3.6536308970e-01 4.0224128907e-01 -1.0670253523e+00
3.6536342644e-01 4.0224206140e-01 -1.0670256610e+00
3.9353168360e-02 -8.3628786029e-01 -1.0186108766e-01
3.9353251619e-02 -8.3628824678e-01 -1.0186067255e-01
3.9353712375e-02 -8.3628685907e-01 -1.0186023399e-01
3.9353795635e-02 -8.3628724557e-01 -1.0185981888e-01
3.9353818099e-02 -8.3628825524e-01 -1.0186064802e-01
3.9353907167e-02 -8.3628863816e-01 -1.0186023244e-01
3.9354362194e-02 -8.3628729590e-01 -1.0185979125e-01
3.9354451262e-02 -8.3628767884e-01 -1.0185937568e-01
6.8258045781e-01 -2.7640561729e-01 -1.5109884574e+00
6.8258064023e-01 -2.7640440107e-01 -1.5109878915e+00
6.8257955839e-01 -2.7640643321e-01 -1.5109890366e+00
6.8257973976e-01 -2.7640521582e-01 -1.5109884689e+00
6.8258214214e-01 -2.7640578839e-01 -1.5109894513e+00
6.8258233462e-01 -2.7640456888e-01 -1.5109888829e+00
6.8258124720e-01 -2.7640660739e-01 -1.5109900310e+00
6.8258143863e-01 -2.7640538668e-01 -1.5109894606e+00
-1.5305620359e-01 9.2838979968e-01 -4.7810430169e-02
-1.5305578748e-01 9.2838945720e-01 -4.7808739361e-02
-1.5305663092e-01 9.2839052434e-01 -4.7809671835e-02
-1.5305621494e-01 9.2839018183e-01 -4.7807980677e-02
-1.5306416055e-01 9.2839056610e-01 -4.7811556406e-02
-1.5306377563e-01 9.2839025087e-01 -4.7809861154e-02
-1.5306461408e-01 9.2839127055e-01 -4.7810784654e-02
-1.5306422929e-01 9.2839095528e-01 -4.7809089054e-02
6.0454207029e-01 -7.5532262412e-01 -7.7114780301e-01
6.0454194137e-01 -7.5532230562e-01 -7.7114685152e-01
6.0454287361e-01 -7.5532366644e-01 -7.7114804843e-01
6.0454274463e-01 -7.5532334799e-01 -7.7114709696e-01
6.0453806443e-01 -7.5532170097e-01 -7.7114700935e-01
6.0453793456e-01 -7.5532137908e-01 -7.7114606689e-01
6.0453886943e-01 -7.5532275170e-01 -7.7114725742e-01
6.0453873959e-01 -7.5532242992e-01 -7.7114631505e-01
5.7208587844e-01 4.5698769516e-01 8.2200654748e-02
5.7208423856e-01 4.5698792763e-01 8.2211541366e-02
5.7208581240e-01 4.5698837138e-01 8.2203067538e-02
5.7208417839e-01 4.5698867561e-01 8.2213899706e-02
5.7209277716e-01 4.5698798938e-01 8.2201484388e-02
5.7209124114e-01 4.5698819199e-01 8.2212410768e-02
5.7209273418e-01 4.5698870711e-01 8.2203898235e-02
5.7209118380e-01 4.5698893790e-01 8.2214768736e-02
-1.4905569025e+00 -1.0345201353e+00 -2.4155021162e-01
-1.4905578885e+00 -1.0345209667e+00 -2.4153931528e-01
-1.4905567284e+00 -1.0345214633e+00 -2.4155197324e-01
-1.4905577276e+00 -1.0345222992e+00 -2.4154107793e-01
-1.4905650224e+00 -1.0345215760e+00 -2.4154972685e-01
-1.4905659920e+00 -1.0345223662e+00 -2.4153885291e-01
-1.4905648458e+00 -1.0345229233e+00 -2.4155150565e-01
-1.4905658456e+00 -1.0345236963e+00 -2.4154060377e-01
-2.1945152086e-01 4.8475463357e-01 -3.8120553441e-01
-2.1945052228e-01 4.8475320080e-01 -3.8120335206e-01
-2.1945199200e-01 4.8475575017e-01 -3.8120357401e-01
-2.1945101363e-01 4.8475433429e-01 -3.8120142121e-01
-2.1944879556e-01 4.8475450979e-01 -3.8120668305e-01
-2.1944779704e-01 4.8475307703e-01 -3.8120450101e-01
-2.1944924868e-01 4.8475559813e-01 -3.8120472062e-01
-2.1944827027e-01 4.8475418223e-01 -3.8120256745e-01
-3.3234111788e-01 4.6571489852e-01 -1.5571915531e-02
-3.3234111729e-01 4.6571507110e-01 -1.5572206024e-02
-3.3234031720e-01 4.6571642141e-01 -1.5571206802e-02
-3.3234031668e-01 4.6571659403e-01 -1.5571497083e-02
-3.3233968755e-01 4.6571544054e-01 -1.5571594306e-02
-3.3233968745e-01 4.6571561324e-01 -1.5571884396e-02
-3.3233887295e-01 4.6571697487e-01 -1.5570871478e-02
-3.3233887300e-01 4.6571714757e-01 -1.5571161422e-02
-2.1815864057e+00 -9.1835705712e-01 -2.6923914835e-01
-2.1815829785e+00 -9.1835884421e-01 -2.6923662188e-01
-2.1815840289e+00 -9.1835887487e-01 -2.6923992438e-01
-2.1815806017e+00 -9.1836066190e-01 -2.6923739874e-01
-2.1815817411e+00 -9.1835784981e-01 -2.6923978909e-01
-2.1815783162e+00 -9.1835963746e-01 -2.6923725952e-01
-2.1815793618e+00 -9.1835966328e-01 -2.6924056517e-01
-2.1815759370e+00 -9.1836145087e-01 -2.6923803643e-01
7.5972155055e-01 1.9880014840e+00 -5.0872588212e-01
7.5972168432e-01 1.9880015477e+00 -5.0872642627e-01
7.5972155330e-01 1.9880097656e+00 -5.0872757412e-01
7.5972166170e-01 1.9880098398e+00 -5.0872810380e-01
7.5971273432e-01 1.9880013939e+00 -5.0872119050e-01
7.5971285319e-01 1.9880014630e+00 -5.0872172433e-01
7.5971273454e-01 1.9880097535e+00 -5.0872291801e-01
7.5971284435e-01 1.9880098288e+00 -5.0872343646e-01
1.7624642068e+00 -6.7314642872e-01 -3.7284361276e-01
1.7624618052e+00 -6.7314806152e-01 -3.7284151594e-01
1.7624638085e+00 -6.7314660581e-01 -3.7284377137e-01
1.7624614120e+00 -6.7314823544e-01 -3.7284167431e-01
1.7624529031e+00 -6.7314555224e-01 -3.7284131692e-01
1.7624505061e+00 -6.7314718234e-01 -3.7283921971e-01
1.7624525427e+00 -6.7314570121e-01 -3.7284150365e-01
1.7624501456e+00 -6.7314733131e-01 -3.7283940644e-01
9.2566670118e-01 4.7646317189e-01 1.2999655200e+00
9.2566650787e-01 4.7646340040e-01 1.2999641466e+00
9.2566734538e-01 4.7646637343e-01 1.2999660600e+00
9.2566715166e-01 4.7646660171e-01 1.2999646856e+00
9.2566924580e-01 4.7646093678e-01 1.2999657432e+00
9.2566905098e-01 4.7646115797e-01 1.2999643672e+00
9.2566990536e-01 4.7646413119e-01 1.2999662745e+00
9.2566971014e-01 4.7646435215e-01 1.2999648975e+00
-3.7596715552e-01 -5.8083576670e-02 4.5975696124e-01
-3.7596598744e-01 -5.8081993734e-02 4.5976156327e-01
-3.7596700328e-01 -5.8084415890e-02 4.5975695926e-01
-3.7596581439e-01 -5.8082794893e-02 4.5976156442e-01
-3.7596377366e-01 -5.8084149651e-02 4.5975759290e-01
-3.7596260551e-01 -5.8082566607e-02 4.5976219499e-01
-3.7596362144e-01 -5.8084988852e-02 4.5975759075e-01
-3.7596243249e-01 -5.8083367747e-02 4.5976219596e-01
-5.3801377307e-01 3.0407176110e-01 1.7657251677e+00
-5.3801370789e-01 3.0407315956e-01 1.7657265102e+00
-5.3801512845e-01 3.0407864789e-01 1.7657281456e+00
-5.3801503582e-01 3.0408010107e-01 1.7657294866e+00
-5.3801321859e-01 3.0407191535e-01 1.7657236384e+00
-5.3801315377e-01 3.0407331999e-01 1.7657249872e+00
-5.3801456031e-01 3.0407868040e-01 1.7657266508e+00
-5.3801446764e-01 3.0408013587e-01 1.7657279902e+00
-5.0197436241e-01 1.8048525481e+00 3.1813444709e-01
-5.0197586444e-01 1.8048517143e+00 3.1813612347e-01
-5.0197473418e-01 1.8048514237e+00 3.1813416326e-01
-5.0197623774e-01 1.8048505912e+00 3.1813583707e-01
-5.0197366712e-01 1.8048536853e+00 3.1813193144e-01
-5.0197515813e-01 1.8048528521e+00 3.1813360886e-01
-5.0197404389e-01 1.8048525486e+00 3.1813166288e-01
-5.0197553336e-01 1.8048517141e+00 3.1813334296e-01
4.7970625360e-02 3.3025563307e-02 1.1502723564e+00
4.7970319668e-02 3.3026295326e-02 1.1502715628e+00
4.7970149381e-02 3.3024466725e-02 1.1502719805e+00
4.7969843722e-02 3.3025198867e-02 1.1502711869e+00
4.7972541544e-02 3.3025001131e-02 1.1502715837e+00
4.7972223509e-02 3.3025730713e-02 1.1502707961e+00
4.7972064755e-02 3.3023904026e-02 1.1502712081e+00
4.7971746689e-02 3.3024633667e-02 1.1502704205e+00
-3.6565304699e-01 -9.0751319148e-01 -6.7254686982e-01
-3.6565299344e-01 -9.0751368254e-01 -6.7254772195e-01
-3.6565201618e-01 -9.0750969712e-01 -6.7254716699e-01
-3.6565196249e-01 -9.0751018813e-01 -6.7254801951e-01
-3.6564969189e-01 -9.0751295104e-01 -6.7254345020e-01
-3.6564963943e-01 -9.0751344281e-01 -6.7254430163e-01
-3.6564866862e-01 -9.0750946712e-01 -6.7254374345e-01
-3.6564861600e-01 -9.0750995884e-01 -6.7254459528e-01
-3.3417858024e-01 1.3406849870e+00 1.9255933479e+00
-3.3417731655e-01 1.3406839305e+00 1.9255900518e+00
-3.3417959140e-01 1.3406825317e+00 1.9255933178e+00
-3.3417832951e-01 1.3406814785e+00 1.9255900220e+00
-3.3418714014e-01 1.3406868645e+00 1.9255946040e+00
-3.3418586330e-01 1.3406857990e+00 1.9255912977e+00
-3.3418814888e-01 1.3406844552e+00 1.9255945418e+00
-3.3418687212e-01 1.3406833901e+00 1.9255912359e+00
-1.5240728958e-01 -1.5990678266e+00 7.3206624195e-01
-1.5240612941e-01 -1.5990684831e+00 7.3206664795e-01
-1.5241005932e-01 -1.5990558886e+00 7.3206736474e-01
-1.5240890591e-01 -1.5990565285e+00 7.3206776452e-01
-1.5240517895e-01 -1.5990690248e+00 7.3206574409e-01
-1.5240401897e-01 -1.5990696774e+00 7.3206616631e-01
-1.5240793275e-01 -1.5990571085e+00 7.3206695348e-01
-1.5240677758e-01 -1.5990577466e+00 7.3206735418e-01
-1.3558092819e+00 -1.0318236076e+00 9.2497176741e-01
-1.3558081625e+00 -1.0318229534e+00 9.2497423655e-01
-1.3558084731e+00 -1.0318245591e+00 9.2497157788e-01
-1.3558073537e+00 -1.0318239051e+00 9.2497404686e-01
-1.3558077018e+00 -1.0318233906e+00 9.2497134543e-01
-1.3558065728e+00 -1.0318227675e+00 9.2497380711e-01
-1.3558068926e+00 -1.0318243428e+00 9.2497115641e-01
-1.3558057638e+00 -1.0318237190e+00 9.2497361734e-01
1.7748860991e-01 -1.0242232892e+00 -7.5830469583e-01
1.7748603665e-01 -1.0242212025e+00 -7.5829258637e-01
1.7748937684e-01 -1.0242109863e+00 -7.5829676291e-01
1.7748671701e-01 -1.0242089285e+00 -7.5828475943e-01
1.7748892744e-01 -1.0242230702e+00 -7.5830492344e-01
1.7748622076e-01 -1.0242210383e+00 -7.5829286304e-01
1.7748960452e-01 -1.0242107606e+00 -7.5829699385e-01
1.7748703156e-01 -1.0242087058e+00 -7.5828502591e-01
2.0024283207e+00 -1.1157484628e+00 7.4111422048e-01
2.0024258320e+00 -1.1157508097e+00 7.4111818847e-01
2.0024281867e+00 -1.1157507803e+00 7.4111390434e-01
2.0024256981e+00 -1.1157531322e+00 7.4111787220e-01
2.0024295220e+00 -1.1157475133e+00 7.4111046904e-01
2.0024270310e+00 -1.1157498563e+00 7.4111444319e-01
2.0024293298e+00 -1.1157498539e+00 7.4111008953e-01
2.0024268389e+00 -1.1157522020e+00 7.4111406355e-01
-4.9360218509e-01 5.8695437934e-01 5.2577283567e-01
-4.9360198766e-01 5.8695432022e-01 5.2577308389e-01
-4.9360321196e-01 5.8696236097e-01 5.2577374284e-01
-4.9360303752e-01 5.8696230326e-01 5.2577400331e-01
-4.9360059489e-01 5.8695469475e-01 5.2577293524e-01
-4.9360039975e-01 5.8695463232e-01 5.2577318807e-01
-4.9360156488e-01 5.8696266613e-01 5.2577385143e-01
-4.9360138235e-01 5.8696261794e-01 5.2577410334e-01
-2.7287652233e-01 -1.0797951361e+00 -5.1369958895e-01
-2.7287670584e-01 -1.0797959375e+00 -5.1369253388e-01
-2.7287734719e-01 -1.0797955733e+00 -5.1369875208e-01
-2.7287759359e-01 -1.0797964348e+00 -5.1369176146e-01
-2.7287316923e-01 -1.0797971226e+00 -5.1370031644e-01
-2.7287336906e-01 -1.0797978875e+00 -5.1369326249e-01
-2.7287399418e-01 -1.0797975598e+00 -5.1369947963e-01
-2.7287425709e-01 -1.0797983845e+00 -5.1369249067e-01
4.9785410228e-02 1.0757527106e-01 -1.0501235896e+00
4.9784548756e-02 1.0757543965e-01 -1.0501237404e+00
4.9784726722e-02 1.0757511946e-01 -1.0501221096e+00
4.9783865174e-02 1.0757528812e-01 -1.0501222605e+00
4.9785378130e-02 1.0757667112e-01 -1.0501237780e+00
4.9784524752e-02 1.0757683613e-01 -1.0501239119e+00
4.9784694639e-02 1.0757651953e-01 -1.0501222980e+00
4.9783841184e-02 1.0757668461e-01 -1.0501224320e+00
2.1723201877e-01 6.7751556001e-01 -1.1271585618e+00
2.1723168695e-01 6.7751925995e-01 -1.1271624811e+00
2.1723427480e-01 6.7752365253e-01 -1.1271631584e+00
2.1723395860e-01 6.7752731583e-01 -1.1271670406e+00
2.1722620809e-01 6.7751583035e-01 -1.1271574258e+00
2.1722590372e-01 6.7751958788e-01 -1.1271613488e+00
2.1722838788e-01 6.7752397853e-01 -1.1271620124e+00
2.1722808040e-01 6.7752766917e-01 -1.1271659056e+00
-4.3064472268e-01 9.8669520213e-01 1.0618872981e+00
-4.3064461478e-01 9.8669439253e-01 1.0618856739e+00
-4.3064540403e-01 9.8670073764e-01 1.0618875759e+00
-4.3064529037e-01 9.8669984813e-01 1.0618859831e+00
-4.3064443144e-01 9.8669510467e-01 1.0618871505e+00
-4.3064433066e-01 9.8669429407e-01 1.0618855347e+00
-4.3064512771e-01 9.8670064687e-01 1.0618874646e+00
-4.3064501642e-01 9.8669976802e-01 1.0618858659e+00
7.2667156717e-01 6.7173622716e-01 -1.1534502741e+00
7.2667212444e-01 6.7173622766e-01 -1.1534511888e+00
7.2667143496e-01 6.7173579066e-01 -1.1534509280e+00
7.2667199212e-01 6.7173579123e-01 -1.1534518430e+00
7.2667726904e-01 6.7173563927e-01 -1.1534504796e+00
7.2667782586e-01 6.7173564095e-01 -1.1534513934e+00
7.2667718102e-01 6.7173520366e-01 -1.1534511355e+00
7.2667773145e-01 6.7173519830e-01 -1.1534520435e+00
-5.1940543443e-01 2.6176006056e-01 -1.0789381482e+00
-5.1940520848e-01 2.6176013721e-01 -1.0789376700e+00
-5.1940519407e-01 2.6176622702e-01 -1.0789379252e+00
-5.1940500681e-01 2.6176625229e-01 -1.0789374845e+00
-5.1940527432e-01 2.6176017141e-01 -1.0789378224e+00
-5.1940505715e-01 2.6176024906e-01 -1.0789373389e+00
-5.1940501100e-01 2.6176631904e-01 -1.0789376087e+00
-5.1940483811e-01 2.6176634244e-01 -1.0789371510e+00
3.0534828964e-01 -8.2530309104e-01 -9.1246723667e-02
3.0534780233e-01 -8.2530293642e-01 -9.1241329228e-02
3.0534706924e-01 -8.2530393596e-01 -9.1246430647e-02
3.0534658592e-01 -8.2530378417e-01 -9.1241031650e-02
3.0534888424e-01 -8.2530437481e-01 -9.1244624742e-02
3.0534840695e-01 -8.2530423625e-01 -9.1239289702e-02
3.0534767018e-01 -8.2530522279e-01 -9.1244332345e-02
3.0534720177e-01 -8.2530508661e-01 -9.1238992446e-02
1.8917164840e-01 1.0566396079e+00 -7.3794244100e-01
1.8916911437e-01 1.0566399744e+00 -7.3793555146e-01
1.8917083687e-01 1.0566466749e+00 -7.3794090542e-01
1.8916833602e-01 1.0566469372e+00 -7.3793400059e-01
1.8917098172e-01 1.0566387291e+00 -7.3794227938e-01
1.8916844299e-01 1.0566390742e+00 -7.3793540983e-01
1.8917016077e-01 1.0566457622e+00 -7.3794078857e-01
1.8916767801e-01 1.0566460221e+00 -7.3793385204e-01
2.3784820338e-01 1.3565928656e-01 -6.1187729246e-01
2.3784816935e-01 1.3565911141e-01 -6.1187665764e-01
2.3784878759e-01 1.3565830688e-01 -6.1187672499e-01
2.3784875476e-01 1.3565813219e-01 -6.1187608998e-01
2.3783766952e-01 1.3565866400e-01 -6.1187895901e-01
2.3783761871e-01 1.3565846853e-01 -6.1187831617e-01
2.3783821839e-01 1.3565768811e-01 -6.1187839138e-01
2.3783820995e-01 1.3565747070e-01 -6.1187774058e-01
-1.8110468625e-01 1.0717524166e+00 -7.3569354092e-01
-1.8110501311e-01 1.0717524642e+00 -7.3569281790e-01
-1.8110547283e-01 1.0717502102e+00 -7.3569473562e-01
-1.8110579178e-01 1.0717502570e+00 -7.3569400787e-01
-1.8110270615e-01 1.0717525287e+00 -7.3569422124e-01
-1.8110302590e-01 1.0717525771e+00 -7.3569349458e-01
-1.8110348536e-01 1.0717503215e+00 -7.3569541216e-01
-1.8110381300e-01 1.0717503705e+00 -7.3569469026e-01
1.0303077964e+00 6.3614805863e-01 -2.3749392765e-01
1.0303078560e+00 6.3614732896e-01 -2.3749402223e-01
1.0303067458e+00 6.3614668989e-01 -2.3749252507e-01
1.0303067764e+00 6.3614596805e-01 -2.3749261453e-01
1.0303106345e+00 6.3614729426e-01 -2.3749472220e-01
1.0303106901e+00 6.3614656010e-01 -2.3749484703e-01
1.0303096057e+00 6.3614588341e-01 -2.3749331706e-01
1.0303096324e+00 6.3614515707e-01 -2.3749343678e-01
-6.8505356405e-01 -3.8261000828e-01 -7.8544386672e-01
-6.8505416535e-01 -3.8260942217e-01 -7.8544533347e-01
-6.8505068651e-01 -3.8260100708e-01 -7.8544564633e-01
-6.8505128872e-01 -3.8260046161e-01 -7.8544713000e-01
-6.8506091574e-01 -3.8260983557e-01 -7.8544075711e-01
-6.8506150893e-01 -3.8260927480e-01 -7.8544223983e-01
-6.8505830848e-01 -3.8260082539e-01 -7.8544246857e-01
-6.8505890547e-01 -3.8260024021e-01 -7.8544394372e-01
6.1411614021e-01 -1.0167080083e+00 -8.2636618715e-02
6.1411575026e-01 -1.0167078284e+00 -8.2637570155e-02
6.1411631720e-01 -1.0167137273e+00 -8.2635393550e-02
6.1411586043e-01 -1.0167135028e+00 -8.2636310732e-02
6.1411650693e-01 -1.0167074532e+00 -8.2636040487e-02
6.1411611259e-01 -1.0167072577e+00 -8.2636985221e-02
6.1411668524e-01 -1.0167131713e+00 -8.2634810792e-02
6.1411622485e-01 -1.0167129341e+00 -8.2635722921e-02
9.1629308604e-01 2.1339363592e-01 -4.3535646203e-01
9.1629204716e-01 2.1339308730e-01 -4.3535854177e-01
9.1629209739e-01 2.1339273031e-01 -4.3535730813e-01
9.1629107262e-01 2.1339219409e-01 -4.3535943040e-01
9.1629528870e-01 2.1339243274e-01 -4.3535652196e-01
9.1629427152e-01 2.1339188964e-01 -4.3535864526e-01
9.1629435655e-01 2.1339153013e-01 -4.3535741258e-01
9.1629331058e-01 2.1339098977e-01 -4.3535949284e-01
-2.0943954674e+00 -8.9414327732e-01 1.0814774447e+00
-2.0943954341e+00 -8.9414421565e-01 1.0814764780e+00
-2.0943956037e+00 -8.9414732890e-01 1.0814771780e+00
-2.0943956433e+00 -8.9414831894e-01 1.0814761792e+00
-2.0944008284e+00 -8.9414401681e-01 1.0814804758e+00
-2.0944007950e+00 -8.9414495513e-01 1.0814795091e+00
-2.0944009645e+00 -8.9414806869e-01 1.0814802096e+00
-2.0944010040e+00 -8.9414905857e-01 1.0814792108e+00
2.6056394694e-01 8.8235642659e-02 -1.2274681974e+00
2.6056271839e-01 8.8235280695e-02 -1.2274634642e+00
2.6056407257e-01 8.8233931943e-02 -1.2274675252e+00
2.6056286158e-01 8.8233597225e-02 -1.2274628155e+00
2.6056538624e-01 8.8235896882e-02 -1.2274688097e+00
2.6056417516e-01 8.8235678761e-02 -1.2274642000e+00
2.6056551012e-01 8.8234187949e-02 -1.2274681406e+00
2.6056431003e-01 8.8234000836e-02 -1.2274635506e+00
