2.2136937765e-01 -6.0050435600e-02 -3.4257430982e-01
2.2136868097e-01 -6.0050143948e-02 -3.4257438385e-01
2.2136921867e-01 -6.0051139335e-02 -3.4257452237e-01
2.2136852183e-01 -6.0050848566e-02 -3.4257459714e-01
2.2137006865e-01 -6.0050252849e-02 -3.4257407041e-01
2.2136939560e-01 -6.0049974761e-02 -3.4257417104e-01
2.2136991100e-01 -6.0050994247e-02 -3.4257425635e-01
2.2136923779e-01 -6.0050717041e-02 -3.4257435771e-01
-1.8493739770e-01 -2.5622107248e-01 5.4538118344e-02
-1.8493750043e-01 -2.5622087464e-01 5.4537344917e-02
-1.8493760929e-01 -2.5622173913e-01 5.4538026383e-02
-1.8493771675e-01 -2.5622154199e-01 5.4537259387e-02
-1.8493744917e-01 -2.5622112115e-01 5.4537953389e-02
-1.8493755020e-01 -2.5622091784e-01 5.4537178036e-02
-1.8493766210e-01 -2.5622179098e-01 5.4537864659e-02
-1.8493776786e-01 -2.5622158838e-01 5.4537095736e-02
-2.3834858236e-01 2.3333409623e-01 -2.9606833097e-01
-2.3834836442e-01 2.3333398806e-01 -2.9606838380e-01
-2.3834869563e-01 2.3333386991e-01 -2.9606865226e-01
-2.3834847780e-01 2.3333376197e-01 -2.9606870482e-01
-2.3834874712e-01 2.3333440841e-01 -2.9606874665e-01
-2.3834850218e-01 2.3333431281e-01 -2.9606877046e-01
-2.3834886374e-01 2.3333417868e-01 -2.9606906004e-01
-2.3834861891e-01 2.3333408330e-01 -2.9606908358e-01
1.7257043900e-01 1.2356777150e-01 5.9555663799e-01
1.7257111081e-01 1.2356908497e-01 5.9555924499e-01
1.7257037210e-01 1.2356747583e-01 5.9555650506e-01
1.7257103007e-01 1.2356879309e-01 5.9555912381e-01
1.7257066457e-01 1.2356776129e-01 5.9555639662e-01
1.7257134926e-01 1.2356907108e-01 5.9555899167e-01
1.7257059451e-01 1.2356747050e-01 5.9555627073e-01
1.7257127153e-01 1.2356877419e-01 5.9555886409e-01
-7.5040716643e-02 2.6671228618e-01 3.1352061091e-01
-7.5040441149e-02 2.6671244988e-01 3.1352091063e-01
-7.5040307968e-02 2.6671149810e-01 3.1352034129e-01
-7.5040034453e-02 2.6671166183e-01 3.1352065751e-01
-7.5039661131e-02 2.6671173498e-01 3.1351993418e-01
-7.5039376903e-02 2.6671190394e-01 3.1352024050e-01
-7.5039256356e-02 2.6671095102e-01 3.1351965855e-01
-7.5038974106e-02 2.6671112001e-01 3.1351998136e-01
-1.9451153531e-01 5.2134349698e-02 2.2637971091e-01
-1.9451133856e-01 5.2133630622e-02 2.2637931337e-01
-1.9451135229e-01 5.2133700785e-02 2.2637946652e-01
-1.9451116074e-01 5.2132981700e-02 2.2637906151e-01
-1.9451161101e-01 5.2134334345e-02 2.2637960439e-01
-1.9451141424e-01 5.2133615810e-02 2.2637920654e-01
-1.9451142470e-01 5.2133687311e-02 2.2637936618e-01
-1.9451123313e-01 5.2132968768e-02 2.2637896086e-01
-1.0468944812e-01 -2.6534544836e-01 4.7888858403e-01
-1.0468894013e-01 -2.6534636621e-01 4.7889085588e-01
-1.0468900126e-01 -2.6534626915e-01 4.7888870718e-01
-1.0468850944e-01 -2.6534719232e-01 4.7889094152e-01
-1.0468946898e-01 -2.6534527185e-01 4.7888842428e-01
-1.0468896318e-01 -2.6534620508e-01 4.7889067506e-01
-1.0468900737e-01 -2.6534608227e-01 4.7888854332e-01
-1.0468853392e-01 -2.6534703046e-01 4.7889076028e-01
-1.1258291099e-01 -2.8535817268e-01 7.8535705068e-01
-1.1258301092e-01 -2.8535855832e-01 7.8535684265e-01
-1.1258238961e-01 -2.8535942921e-01 7.8535633314e-01
-1.1258248967e-01 -2.8535981543e-01 7.8535612577e-01
-1.1258603380e-01 -2.8535783044e-01 7.8535830697e-01
-1.1258611618e-01 -2.8535821235e-01 7.8535810399e-01
-1.1258550683e-01 -2.8535908570e-01 7.8535760739e-01
-1.1258558551e-01 -2.8535947402e-01 7.8535739722e-01
-5.9639033731e-01 5.2849037187e-01 1.0074762571e+00
-5.9639052429e-01 5.2849002665e-01 1.0074760864e+00
-5.9638714034e-01 5.2848835222e-01 1.0074749577e+00
-5.9638732714e-01 5.2848800718e-01 1.0074747878e+00
-5.9639128602e-01 5.2849016779e-01 1.0074759654e+00
-5.9639146398e-01 5.2848981423e-01 1.0074758095e+00
-5.9638806967e-01 5.2848814224e-01 1.0074746881e+00
-5.9638825034e-01 5.2848779029e-01 1.0074745194e+00
1.1150747280e-01 6.7621908876e-02 4.3469321074e-01
1.1150759087e-01 6.7622511685e-02 4.3469430716e-01
1.1150760971e-01 6.7622078417e-02 4.3469325674e-01
1.1150773193e-01 6.7622662125e-02 4.3469435358e-01
1.1150760170e-01 6.7621592731e-02 4.3469319127e-01
1.1150771918e-01 6.7622183331e-02 4.3469428875e-01
1.1150774778e-01 6.7621752736e-02 4.3469324282e-01
1.1150786073e-01 6.7622333925e-02 4.3469433535e-01
-2.1173417745e-01 2.8069622990e-02 -2.1653231094e-01
-2.1173452428e-01 2.8069813000e-02 -2.1653238986e-01
-2.1173364536e-01 2.8071172631e-02 -2.1653186096e-01
-2.1173397561e-01 2.8071374403e-02 -2.1653191337e-01
-2.1173324608e-01 2.8069536545e-02 -2.1653217316e-01
-2.1173359244e-01 2.8069739516e-02 -2.1653224553e-01
-2.1173271743e-01 2.8071124902e-02 -2.1653173475e-01
-2.1173304622e-01 2.8071316669e-02 -2.1653179574e-01
-2.2564900212e-01 -4.5371827790e-02 1.5214968082e-01
-2.2564890670e-01 -4.5371554678e-02 1.5214941636e-01
-2.2564879724e-01 -4.5371633073e-02 1.5214994292e-01
-2.2564870010e-01 -4.5371359499e-02 1.5214967912e-01
-2.2564801246e-01 -4.5372251858e-02 1.5214909895e-01
-2.2564792512e-01 -4.5371935127e-02 1.5214880635e-01
-2.2564780601e-01 -4.5372056838e-02 1.5214936051e-01
-2.2564771707e-01 -4.5371739583e-02 1.5214906882e-01
4.2999101803e-02 -1.8435985706e-01 2.9463554167e-01
4.2999622351e-02 -1.8435954602e-01 2.9463529678e-01
4.2999125476e-02 -1.8436034228e-01 2.9463537699e-01
4.2999645344e-02 -1.8436003118e-01 2.9463513216e-01
4.2998874016e-02 -1.8435994522e-01 2.9463551228e-01
4.2999389386e-02 -1.8435963924e-01 2.9463526434e-01
4.2998897823e-02 -1.8436043042e-01 2.9463534809e-01
4.2999412530e-02 -1.8436012437e-01 2.9463510020e-01
1.5846025078e-02 -3.3141632936e-02 -2.9057609265e-02
1.5846019849e-02 -3.3141530726e-02 -2.9057398958e-02
1.5845357320e-02 -3.3140753484e-02 -2.9056986408e-02
1.5845360721e-02 -3.3140651801e-02 -2.9056778358e-02
1.5845833152e-02 -3.3141818680e-02 -2.9057946274e-02
1.5845828064e-02 -3.3141716622e-02 -2.9057736198e-02
1.5845129096e-02 -3.3140926249e-02 -2.9057307173e-02
1.5845132597e-02 -3.3140824746e-02 -2.9057099349e-02
1.6725137690e-01 1.5484176712e-01 6.1494323537e-01
1.6725141889e-01 1.5484183989e-01 6.1494314706e-01
1.6725176401e-01 1.5484290048e-01 6.1494488357e-01
1.6725180842e-01 1.5484297835e-01 6.1494479733e-01
1.6725088987e-01 1.5484180228e-01 6.1494340435e-01
1.6725093206e-01 1.5484187470e-01 6.1494331728e-01
1.6725130736e-01 1.5484295455e-01 6.1494508050e-01
1.6725135190e-01 1.5484303251e-01 6.1494499447e-01
-7.4513261793e-02 -2.4254723949e-02 3.5754014799e-01
-7.4513312581e-02 -2.4254550765e-02 3.5753958655e-01
-7.4513530240e-02 -2.4252835694e-02 3.5754012753e-01
-7.4513590367e-02 -2.4252668591e-02 3.5753960492e-01
-7.4513117953e-02 -2.4254755154e-02 3.5754026072e-01
-7.4513157905e-02 -2.4254577046e-02 3.5753970564e-01
-7.4513378773e-02 -2.4252853396e-02 3.5754024232e-01
-7.4513446994e-02 -2.4252690697e-02 3.5753971233e-01
1.4014114586e-01 -1.0515236973e-01 1.1416886320e-01
1.4014127353e-01 -1.0515176984e-01 1.1416871463e-01
1.4014096257e-01 -1.0515238181e-01 1.1416891338e-01
1.4014109046e-01 -1.0515178171e-01 1.1416876443e-01
1.4014021218e-01 -1.0515217370e-01 1.1416934988e-01
1.4014037091e-01 -1.0515157318e-01 1.1416922063e-01
1.4014003330e-01 -1.0515219041e-01 1.1416939504e-01
1.4014019194e-01 -1.0515157913e-01 1.1416926991e-01
-5.7228829477e-02 1.0510766953e-01 1.0585348651e-01
-5.7229229617e-02 1.0510680764e-01 1.0585232456e-01
-5.7228646447e-02 1.0510746101e-01 1.0585335085e-01
-5.7229048640e-02 1.0510660140e-01 1.0585218309e-01
-5.7228730292e-02 1.0510760732e-01 1.0585360265e-01
-5.7229130450e-02 1.0510674542e-01 1.0585244065e-01
-5.7228537211e-02 1.0510739339e-01 1.0585346753e-01
-5.7228939421e-02 1.0510653376e-01 1.0585229971e-01
-3.2388212878e-02 9.2499885590e-03 2.0782936720e-01
-3.2388272638e-02 9.2502770769e-03 2.0782883230e-01
-3.2388013976e-02 9.2498193120e-03 2.0782954720e-01
-3.2388071892e-02 9.2501037092e-03 2.0782901302e-01
-3.2387636650e-02 9.2500729343e-03 2.0782940613e-01
-3.2387692201e-02 9.2503618769e-03 2.0782888164e-01
-3.2387437695e-02 9.2499043787e-03 2.0782958620e-01
-3.2387491408e-02 9.2501892006e-03 2.0782906243e-01
5.0973625391e-02 5.8379388933e-01 -7.2526967477e-01
5.0973318684e-02 5.8379346313e-01 -7.2527050711e-01
5.0973510848e-02 5.8379344812e-01 -7.2527010049e-01
5.0973203516e-02 5.8379302168e-01 -7.2527093485e-01
5.0973125376e-02 5.8379362274e-01 -7.2526956043e-01
5.0972860750e-02 5.8379320776e-01 -7.2527039074e-01
5.0973009619e-02 5.8379319270e-01 -7.2526997995e-01
5.0972740919e-02 5.8379276959e-01 -7.2527080720e-01
9.3641740208e-03 1.7254188741e-01 -1.3166533360e-01
9.3644375259e-03 1.7254215328e-01 -1.3166592466e-01
9.3645212843e-03 1.7254442527e-01 -1.3166729722e-01
9.3647846512e-03 1.7254467439e-01 -1.3166783661e-01
9.3638974702e-03 1.7254174888e-01 -1.3166545762e-01
9.3641612909e-03 1.7254200483e-01 -1.3166604200e-01
9.3642610850e-03 1.7254426105e-01 -1.3166744266e-01
9.3645243621e-03 1.7254452054e-01 -1.3166798978e-01
9.7872333849e-02 1.6830401395e-01 -1.9076755227e-01
9.7872576751e-02 1.6830342483e-01 -1.9076800784e-01
9.7872369897e-02 1.6830288060e-01 -1.9076752986e-01
9.7872606255e-02 1.6830230486e-01 -1.9076798660e-01
9.7873151937e-02 1.6830434258e-01 -1.9076715831e-01
9.7873395391e-02 1.6830375428e-01 -1.9076761452e-01
9.7873211629e-02 1.6830319958e-01 -1.9076716352e-01
9.7873448539e-02 1.6830262466e-01 -1.9076762091e-01
-1.0286529829e-01 -2.6641935527e-02 -2.2106342511e-01
-1.0286502614e-01 -2.6641693143e-02 -2.2106261679e-01
-1.0286533278e-01 -2.6641981456e-02 -2.2106360884e-01
-1.0286506958e-01 -2.6641752810e-02 -2.2106280971e-01
-1.0286577835e-01 -2.6641961078e-02 -2.2106351974e-01
-1.0286551546e-01 -2.6641673652e-02 -2.2106269387e-01
-1.0286581590e-01 -2.6641996538e-02 -2.2106370324e-01
-1.0286556435e-01 -2.6641733535e-02 -2.2106286787e-01
1.2585339285e-01 -7.6726339815e-02 -2.3532663089e-01
1.2585339201e-01 -7.6726514194e-02 -2.3532703038e-01
1.2585389854e-01 -7.6727225484e-02 -2.3532688950e-01
1.2585389174e-01 -7.6727390179e-02 -2.3532729022e-01
1.2585204635e-01 -7.6726204225e-02 -2.3532591770e-01
1.2585205381e-01 -7.6726377406e-02 -2.3532634710e-01
1.2585256429e-01 -7.6727091890e-02 -2.3532615646e-01
1.2585258101e-01 -7.6727278204e-02 -2.3532658272e-01
2.2073261114e-02 -8.2658726539e-02 -2.7254423928e-01
2.2073435570e-02 -8.2658966704e-02 -2.7254653544e-01
2.2072827308e-02 -8.2659405059e-02 -2.7254497134e-01
2.2072997948e-02 -8.2659646745e-02 -2.7254726394e-01
2.2072997385e-02 -8.2658709757e-02 -2.7254426172e-01
2.2073169282e-02 -8.2658946173e-02 -2.7254655241e-01
2.2072567439e-02 -8.2659389590e-02 -2.7254498600e-01
2.2072740522e-02 -8.2659635212e-02 -2.7254728395e-01
-2.8228561857e-02 -2.9565602187e-01 -1.4027652759e-01
-2.8228535078e-02 -2.9565571230e-01 -1.4027851723e-01
-2.8228335136e-02 -2.9565544556e-01 -1.4027621259e-01
-2.8228302736e-02 -2.9565512391e-01 -1.4027820841e-01
-2.8228413584e-02 -2.9565595848e-01 -1.4027618779e-01
-2.8228384461e-02 -2.9565564500e-01 -1.4027818382e-01
-2.8228173408e-02 -2.9565536983e-01 -1.4027588985e-01
-2.8228137662e-02 -2.9565504148e-01 -1.4027789306e-01
6.5737909261e-02 1.7160876006e-01 -5.3280274596e-01
6.5737656869e-02 1.7161050497e-01 -5.3280496869e-01
6.5738294836e-02 1.7161143271e-01 -5.3280429152e-01
6.5738026853e-02 1.7161319181e-01 -5.3280654428e-01
6.5738097139e-02 1.7160892369e-01 -5.3280265368e-01
6.5737836191e-02 1.7161067314e-01 -5.3280490275e-01
6.5738469352e-02 1.7161157814e-01 -5.3280420805e-01
6.5738201430e-02 1.7161333726e-01 -5.3280646083e-01
-4.1233382740e-01 4.6905541327e-01 4.3040476350e-01
-4.1233368751e-01 4.6905525730e-01 4.3040438942e-01
-4.1233239428e-01 4.6905420535e-01 4.3040312923e-01
-4.1233226086e-01 4.6905405473e-01 4.3040275163e-01
-4.1233373332e-01 4.6905519921e-01 4.3040488839e-01
-4.1233359471e-01 4.6905504542e-01 4.3040450987e-01
-4.1233230124e-01 4.6905399181e-01 4.3040325488e-01
-4.1233216909e-01 4.6905384345e-01 4.3040287288e-01
-5.7684780700e-02 -2.7485016079e-01 -2.7834868433e-01
-5.7684730911e-02 -2.7485006039e-01 -2.7834918913e-01
-5.7685164490e-02 -2.7485083859e-01 -2.7834926908e-01
-5.7685109010e-02 -2.7485074239e-01 -2.7834977472e-01
-5.7685609389e-02 -2.7485004344e-01 -2.7834790943e-01
-5.7685563399e-02 -2.7484995300e-01 -2.7834841250e-01
-5.7685989111e-02 -2.7485070663e-01 -2.7834849221e-01
-5.7685947392e-02 -2.7485061141e-01 -2.7834899597e-01
-2.1396566661e-01 -1.7520870001e-02 7.4022970242e-02
-2.1396529149e-01 -1.7521073414e-02 7.4024105670e-02
-2.1396564168e-01 -1.7519735822e-02 7.4022743215e-02
-2.1396528798e-01 -1.7519910094e-02 7.4023913348e-02
-2.1396537827e-01 -1.7521017694e-02 7.4023287044e-02
-2.1396500438e-01 -1.7521226440e-02 7.4024438352e-02
-2.1396534681e-01 -1.7519877529e-02 7.4023092269e-02
-2.1396498336e-01 -1.7520050482e-02 7.4024261490e-02
-2.0169834668e-01 -2.2860601100e-02 -1.2343130074e-01
-2.0169944685e-01 -2.2861380182e-02 -1.2343262908e-01
-2.0169869022e-01 -2.2860817568e-02 -1.2343158339e-01
-2.0169979177e-01 -2.2861593633e-02 -1.2343291400e-01
-2.0169848713e-01 -2.2860304189e-02 -1.2343126251e-01
-2.0169959287e-01 -2.2861083409e-02 -1.2343258405e-01
-2.0169883067e-01 -2.2860520653e-02 -1.2343154516e-01
-2.0169993783e-01 -2.2861296868e-02 -1.2343286899e-01
-1.9194340966e-01 -1.3594296300e-01 -4.2740579848e-01
-1.9194290695e-01 -1.3594305447e-01 -4.2740512674e-01
-1.9194286043e-01 -1.3594251069e-01 -4.2740578925e-01
-1.9194233754e-01 -1.3594263494e-01 -4.2740520996e-01
-1.9194370728e-01 -1.3594296328e-01 -4.2740568882e-01
-1.9194322028e-01 -1.3594309112e-01 -4.2740505549e-01
-1.9194315762e-01 -1.3594255001e-01 -4.2740571337e-01
-1.9194264245e-01 -1.3594266128e-01 -4.2740513861e-01
9.6961629192e-02 -2.4348718813e-02 3.2925830113e-01
9.6961473068e-02 -2.4348774668e-02 3.2925792248e-01
9.6960831825e-02 -2.4350060316e-02 3.2925769301e-01
9.6960679913e-02 -2.4350111060e-02 3.2925731841e-01
9.6961720840e-02 -2.4348543803e-02 3.2925829434e-01
9.6961559907e-02 -2.4348592085e-02 3.2925791323e-01
9.6960894589e-02 -2.4349866082e-02 3.2925771043e-01
9.6960737868e-02 -2.4349909253e-02 3.2925733337e-01
-3.4308659161e-02 7.1192775965e-01 -3.9664658116e-01
-3.4308249714e-02 7.1192746053e-01 -3.9664674803e-01
-3.4308754186e-02 7.1192758202e-01 -3.9664654083e-01
-3.4308344564e-02 7.1192726712e-01 -3.9664669678e-01
-3.4308905909e-02 7.1192784652e-01 -3.9664648896e-01
-3.4308475639e-02 7.1192755679e-01 -3.9664664164e-01
-3.4308987055e-02 7.1192768002e-01 -3.9664644339e-01
-3.4308569695e-02 7.1192736306e-01 -3.9664659751e-01
-1.6377101931e-02 -2.2034935195e-01 -6.1020498081e-01
-1.6376600224e-02 -2.2034848208e-01 -6.1020357521e-01
-1.6376898210e-02 -2.2034903041e-01 -6.1020392669e-01
-1.6376382535e-02 -2.2034815534e-01 -6.1020247972e-01
-1.6376719132e-02 -2.2034955053e-01 -6.1020507251e-01
-1.6376190134e-02 -2.2034867052e-01 -6.1020361081e-01
-1.6376507431e-02 -2.2034922762e-01 -6.1020400897e-01
-1.6375982658e-02 -2.2034833871e-01 -6.1020254483e-01
-2.6210115091e-01 -2.9248937806e-01 -1.5322876645e-02
-2.6210373671e-01 -2.9249058579e-01 -1.5326266167e-02
-2.6209967160e-01 -2.9248626301e-01 -1.5322301002e-02
-2.6210224927e-01 -2.9248747808e-01 -1.5325698283e-02
-2.6210074846e-01 -2.9248922901e-01 -1.5322778441e-02
-2.6210336151e-01 -2.9249043285e-01 -1.5326144261e-02
-2.6209926907e-01 -2.9248610029e-01 -1.5322209128e-02
-2.6210184656e-01 -2.9248731525e-01 -1.5325606422e-02
7.7280754350e-02 -6.1470543428e-02 -3.8885746885e-03
7.7280401863e-02 -6.1471080806e-02 -3.8863434382e-03
7.7280754973e-02 -6.1470697153e-02 -3.8882789542e-03
7.7280409867e-02 -6.1471236963e-02 -3.8860412896e-03
7.7280777472e-02 -6.1470619148e-02 -3.8885024883e-03
7.7280444125e-02 -6.1471158893e-02 -3.8862673233e-03
7.7280778440e-02 -6.1470771972e-02 -3.8882053411e-03
7.7280443193e-02 -6.1471316794e-02 -3.8859680801e-03
-2.8802856231e-01 -2.1437961868e-01 -9.5320498630e-02
-2.8802888040e-01 -2.1437998665e-01 -9.5320839022e-02
-2.8802862562e-01 -2.1437908518e-01 -9.5320981771e-02
-2.8802893916e-01 -2.1437943108e-01 -9.5321337882e-02
-2.8803027107e-01 -2.1438033167e-01 -9.5322008669e-02
-2.8803060900e-01 -2.1438065199e-01 -9.5322337506e-02
-2.8803038205e-01 -2.1437977578e-01 -9.5322453759e-02
-2.8803068560e-01 -2.1438011237e-01 -9.5322812609e-02
-1.1278871349e-02 2.1411947503e-01 1.4037715130e-01
-1.1278805314e-02 2.1411969476e-01 1.4037676592e-01
-1.1278738462e-02 2.1411905548e-01 1.4037725804e-01
-1.1278680350e-02 2.1411926919e-01 1.4037687651e-01
-1.1279174847e-02 2.1411943739e-01 1.4037724335e-01
-1.1279113393e-02 2.1411966978e-01 1.4037685878e-01
-1.1279042321e-02 2.1411901658e-01 1.4037735094e-01
-1.1278987135e-02 2.1411924144e-01 1.4037697076e-01
7.4723084257e-02 -1.1634406766e-01 -9.6138600026e-02
7.4723108797e-02 -1.1634470644e-01 -9.6139008787e-02
7.4722872731e-02 -1.1634307989e-01 -9.6138611517e-02
7.4722887196e-02 -1.1634373617e-01 -9.6139024587e-02
7.4722002068e-02 -1.1634396920e-01 -9.6138665474e-02
7.4722038061e-02 -1.1634462746e-01 -9.6139076753e-02
7.4721799131e-02 -1.1634289734e-01 -9.6138574881e-02
7.4721815245e-02 -1.1634358546e-01 -9.6139013415e-02
1.6570319036e-01 1.4686647630e-01 1.1926795399e-01
1.6570320100e-01 1.4686626914e-01 1.1926678444e-01
1.6570283493e-01 1.4686520997e-01 1.1926853525e-01
1.6570283710e-01 1.4686501418e-01 1.1926735336e-01
1.6570280751e-01 1.4686652821e-01 1.1926816326e-01
1.6570280277e-01 1.4686636336e-01 1.1926703131e-01
1.6570245125e-01 1.4686526544e-01 1.1926873828e-01
1.6570245295e-01 1.4686509186e-01 1.1926760252e-01
-8.2980979045e-02 -1.3732294284e-01 3.0737297174e-02
-8.2981009950e-02 -1.3732250684e-01 3.0736293379e-02
-8.2981051477e-02 -1.3732269814e-01 3.0737723352e-02
-8.2981096107e-02 -1.3732226653e-01 3.0736713527e-02
-8.2980869440e-02 -1.3732288208e-01 3.0737324840e-02
-8.2980900671e-02 -1.3732244476e-01 3.0736321186e-02
-8.2980937219e-02 -1.3732263852e-01 3.0737749965e-02
-8.2980982893e-02 -1.3732220305e-01 3.0736739290e-02
-1.7175956026e-01 -1.2470752373e-02 -3.3078926495e-01
-1.7175902932e-01 -1.2470917533e-02 -3.3078784607e-01
-1.7175943329e-01 -1.2470713878e-02 -3.3078928284e-01
-1.7175892162e-01 -1.2470884925e-02 -3.3078783071e-01
-1.7176023625e-01 -1.2471070366e-02 -3.3078980425e-01
-1.7175968124e-01 -1.2471210569e-02 -3.3078836974e-01
-1.7176011269e-01 -1.2471029146e-02 -3.3078982235e-01
-1.7175957280e-01 -1.2471179495e-02 -3.3078835531e-01
-6.4627295494e-02 -5.7009396917e-02 8.8650281706e-02
-6.4627747485e-02 -5.7009117582e-02 8.8649794764e-02
-6.4627378204e-02 -5.7009907285e-02 8.8650443479e-02
-6.4627830073e-02 -5.7009628060e-02 8.8649956116e-02
-6.4627140100e-02 -5.7009306874e-02 8.8650363916e-02
-6.4627591446e-02 -5.7009018920e-02 8.8649876270e-02
-6.4627227988e-02 -5.7009816108e-02 8.8650526858e-02
-6.4627676714e-02 -5.7009531285e-02 8.8650037610e-02
2.0443558275e-01 1.3961553502e-01 -7.0138727477e-02
2.0443513184e-01 1.3961602303e-01 -7.0139219442e-02
2.0443559857e-01 1.3961522150e-01 -7.0138480447e-02
2.0443517400e-01 1.3961570229e-01 -7.0138995178e-02
2.0443468806e-01 1.3961530498e-01 -7.0139050419e-02
2.0443426246e-01 1.3961578249e-01 -7.0139564099e-02
2.0443472233e-01 1.3961498437e-01 -7.0138822595e-02
2.0443429861e-01 1.3961546060e-01 -7.0139336361e-02
1.7840347831e-01 -3.6364147908e-01 4.2902016878e-01
1.7840385451e-01 -3.6364163123e-01 4.2901952401e-01
1.7840359381e-01 -3.6364193249e-01 4.2902015096e-01
1.7840396053e-01 -3.6364207829e-01 4.2901951164e-01
1.7840341424e-01 -3.6364152700e-01 4.2902036931e-01
1.7840379111e-01 -3.6364168051e-01 4.2901972446e-01
1.7840352974e-01 -3.6364198063e-01 4.2902035180e-01
1.7840389622e-01 -3.6364212717e-01 4.2901971265e-01
4.2822712324e-02 8.3451541466e-01 -2.2410877350e-01
4.2821514556e-02 8.3451273622e-01 -2.2410429680e-01
4.2822638209e-02 8.3451488543e-01 -2.2410917709e-01
4.2821434520e-02 8.3451223492e-01 -2.2410472299e-01
4.2818790824e-02 8.3451548555e-01 -2.2410735375e-01
4.2817603224e-02 8.3451276404e-01 -2.2410278873e-01
4.2818708270e-02 8.3451495776e-01 -2.2410775845e-01
4.2817519419e-02 8.3451226952e-01 -2.2410321421e-01
-3.3103401604e-01 1.1956652554e-01 -5.6543791272e-02
-3.3103280520e-01 1.1956619339e-01 -5.6545224659e-02
-3.3103334657e-01 1.1956614818e-01 -5.6544302719e-02
-3.3103213219e-01 1.1956581658e-01 -5.6545728248e-02
-3.3103424336e-01 1.1956657112e-01 -5.6543903025e-02
-3.3103303479e-01 1.1956624605e-01 -5.6545338685e-02
-3.3103356749e-01 1.1956618444e-01 -5.6544427878e-02
-3.3103235529e-01 1.1956585971e-01 -5.6545855632e-02
8.8200089066e-01 -1.2312229207e-01 -6.5849645205e-01
8.8200006643e-01 -1.2312382664e-01 -6.5849255997e-01
8.8200006959e-01 -1.2311929873e-01 -6.5849696400e-01
8.8199928172e-01 -1.2312083859e-01 -6.5849304890e-01
8.8200012676e-01 -1.2312254884e-01 -6.5849625125e-01
8.8199930247e-01 -1.2312408354e-01 -6.5849235923e-01
8.8199934578e-01 -1.2311972859e-01 -6.5849673652e-01
8.8199855804e-01 -1.2312126831e-01 -6.5849282154e-01
4.7101097021e-01 3.2556705632e-01 -4.1594647285e-01
4.7101060014e-01 3.2556639742e-01 -4.1594511085e-01
4.7101096177e-01 3.2556909308e-01 -4.1594780426e-01
4.7101059315e-01 3.2556843160e-01 -4.1594644026e-01
4.7101088156e-01 3.2556803311e-01 -4.1594538497e-01
4.7101051224e-01 3.2556737407e-01 -4.1594402307e-01
4.7101093848e-01 3.2557002843e-01 -4.1594675124e-01
4.7101057062e-01 3.2556936681e-01 -4.1594538725e-01
-4.7852412595e-01 5.4472383819e-01 6.2915092687e-01
-4.7852318490e-01 5.4472405139e-01 6.2914899951e-01
-4.7852411932e-01 5.4472282267e-01 6.2915044142e-01
-4.7852317897e-01 5.4472303549e-01 6.2914851570e-01
-4.7852297473e-01 5.4472394619e-01 6.2915055742e-01
-4.7852203404e-01 5.4472415727e-01 6.2914862988e-01
-4.7852296890e-01 5.4472293048e-01 6.2915007185e-01
-4.7852202894e-01 5.4472314132e-01 6.2914814581e-01
3.6059043947e-01 -6.0618783210e-01 -3.2569746526e-01
3.6059008779e-01 -6.0618758009e-01 -3.2569826139e-01
3.6058894879e-01 -6.0618559955e-01 -3.2569655708e-01
3.6058859293e-01 -6.0618534690e-01 -3.2569735843e-01
3.6059238787e-01 -6.0618726902e-01 -3.2569723910e-01
3.6059203658e-01 -6.0618701784e-01 -3.2569803181e-01
3.6059087026e-01 -6.0618505829e-01 -3.2569633372e-01
3.6059051410e-01 -6.0618480597e-01 -3.2569713461e-01
4.3914296956e-01 7.1584369335e-01 4.3905375713e-01
4.3914294023e-01 7.1584411658e-01 4.3905481601e-01
4.3914277178e-01 7.1583948424e-01 4.3905497261e-01
4.3914275947e-01 7.1583991008e-01 4.3905603629e-01
4.3914290732e-01 7.1584320598e-01 4.3905494900e-01
4.3914290659e-01 7.1584370025e-01 4.3905600093e-01
4.3914270965e-01 7.1583899713e-01 4.3905616448e-01
4.3914272595e-01 7.1583949401e-01 4.3905722121e-01
-1.5532123309e-01 -7.2945579780e-02 -3.0343831747e-01
-1.5532017655e-01 -7.2946099210e-02 -3.0343858781e-01
-1.5532131824e-01 -7.2944999954e-02 -3.0343855850e-01
-1.5532027048e-01 -7.2945515877e-02 -3.0343881814e-01
-1.5532001917e-01 -7.2944675789e-02 -3.0343758112e-01
-1.5531896252e-01 -7.2945195244e-02 -3.0343785136e-01
-1.5532009483e-01 -7.2944106834e-02 -3.0343782886e-01
-1.5531904699e-01 -7.2944622783e-02 -3.0343808838e-01
-2.8740641063e-01 7.8438846623e-02 6.7473900660e-02
-2.8740433853e-01 7.8439318321e-02 6.7475613838e-02
-2.8740598073e-01 7.8437884321e-02 6.7473075565e-02
-2.8740397082e-01 7.8438330974e-02 6.7474739738e-02
-2.8740682088e-01 7.8438533966e-02 6.7473296402e-02
-2.8740475799e-01 7.8439009099e-02 6.7474975938e-02
-2.8740640380e-01 7.8437584966e-02 6.7472474626e-02
-2.8740440023e-01 7.8438026464e-02 6.7474110446e-02
-7.1014533599e-01 3.9209953458e-01 2.7635489436e-01
-7.1014454989e-01 3.9209906227e-01 2.7635599662e-01
-7.1014576237e-01 3.9210628088e-01 2.7635260809e-01
-7.1014498440e-01 3.9210583232e-01 2.7635367270e-01
-7.1014622723e-01 3.9209881906e-01 2.7635450110e-01
-7.1014536736e-01 3.9209845261e-01 2.7635561175e-01
-7.1014655087e-01 3.9210561007e-01 2.7635219831e-01
-7.1014569710e-01 3.9210526770e-01 2.7635327179e-01
-1.0826928837e-01 -2.4569411223e-01 -5.3298474734e-02
-1.0826890802e-01 -2.4569435859e-01 -5.3296328989e-02
-1.0826798903e-01 -2.4569537359e-01 -5.3299037024e-02
-1.0826767764e-01 -2.4569572966e-01 -5.3296910239e-02
-1.0827030511e-01 -2.4569404401e-01 -5.3299859717e-02
-1.0826994622e-01 -2.4569433079e-01 -5.3297816235e-02
-1.0826895937e-01 -2.4569528312e-01 -5.3300443892e-02
-1.0826864687e-01 -2.4569563650e-01 -5.3298320490e-02
2.0495191393e-01 -9.0235894121e-04 2.5498817237e-01
2.0494986952e-01 -9.0370650866e-04 2.5498612477e-01
2.0495175212e-01 -9.0430398851e-04 2.5498749319e-01
2.0494969960e-01 -9.0564409174e-04 2.5498543591e-01
2.0495113531e-01 -9.0278693546e-04 2.5498821289e-01
2.0494909973e-01 -9.0412382231e-04 2.5498616909e-01
2.0495096312e-01 -9.0471741134e-04 2.5498753876e-01
2.0494891944e-01 -9.0604677682e-04 2.5498548535e-01
5.6466446186e-01 -1.0170987696e+00 -1.0690302941e-01
5.6466387130e-01 -1.0170983531e+00 -1.0690197719e-01
5.6466466981e-01 -1.0171004291e+00 -1.0690269983e-01
5.6466407924e-01 -1.0171000108e+00 -1.0690164697e-01
5.6466683368e-01 -1.0170983890e+00 -1.0690219466e-01
5.6466624314e-01 -1.0170979724e+00 -1.0690114204e-01
5.6466696769e-01 -1.0170999896e+00 -1.0690178904e-01
5.6466637714e-01 -1.0170995712e+00 -1.0690073572e-01
1.8108514394e-01 4.7911793405e-01 1.1739467927e-01
1.8108459222e-01 4.7911812321e-01 1.1739473678e-01
1.8108528736e-01 4.7911743908e-01 1.1739424113e-01
1.8108472317e-01 4.7911761854e-01 1.1739432436e-01
1.8108645006e-01 4.7911722251e-01 1.1739401628e-01
1.8108589810e-01 4.7911741177e-01 1.1739407374e-01
1.8108659361e-01 4.7911672776e-01 1.1739357814e-01
1.8108602915e-01 4.7911690728e-01 1.1739366127e-01
4.9060193003e-02 2.7815605449e-01 4.8789089427e-03
4.9060213704e-02 2.7815615291e-01 4.8800171767e-03
4.9059104575e-02 2.7815568925e-01 4.8774879883e-03
4.9059129659e-02 2.7815578257e-01 4.8785973460e-03
4.9057820941e-02 2.7815682428e-01 4.8793191685e-03
4.9057885578e-02 2.7815694398e-01 4.8804402773e-03
4.9056713811e-02 2.7815646045e-01 4.8779373958e-03
4.9056775447e-02 2.7815657860e-01 4.8790528523e-03
-1.0150232004e-01 -2.0337211396e-01 -1.9230166394e-01
-1.0150264561e-01 -2.0337015089e-01 -1.9230080857e-01
-1.0150397868e-01 -2.0337455835e-01 -1.9230194922e-01
-1.0150408866e-01 -2.0337259548e-01 -1.9230107153e-01
-1.0150655037e-01 -2.0337274919e-01 -1.9230181511e-01
-1.0150667605e-01 -2.0337047864e-01 -1.9230091848e-01
-1.0150803966e-01 -2.0337523458e-01 -1.9230209981e-01
-1.0150827346e-01 -2.0337295825e-01 -1.9230132730e-01
-9.6433549582e-02 -3.6737677890e-01 2.6600863046e-01
-9.6433720101e-02 -3.6737773189e-01 2.6600612446e-01
-9.6433940345e-02 -3.6737675729e-01 2.6600685160e-01
-9.6434112285e-02 -3.6737771487e-01 2.6600434314e-01
-9.6437102547e-02 -3.6737758116e-01 2.6600743821e-01
-9.6437279583e-02 -3.6737861723e-01 2.6600500449e-01
-9.6437465945e-02 -3.6737742708e-01 2.6600565318e-01
-9.6437639544e-02 -3.6737846402e-01 2.6600321295e-01
2.4353412590e-01 -1.1678359021e+00 1.2269374401e-01
2.4353358547e-01 -1.1678324018e+00 1.2268923552e-01
2.4353551086e-01 -1.1678398105e+00 1.2269317387e-01
2.4353498686e-01 -1.1678363143e+00 1.2268867841e-01
2.4353116156e-01 -1.1678368991e+00 1.2269522673e-01
2.4353060602e-01 -1.1678333680e+00 1.2269071837e-01
2.4353255228e-01 -1.1678406712e+00 1.2269455599e-01
2.4353200947e-01 -1.1678371483e+00 1.2269007105e-01
-4.3931675192e-01 -3.1533615110e-01 2.4907160377e-01
-4.3931650758e-01 -3.1533596064e-01 2.4907243638e-01
-4.3931746147e-01 -3.1533711775e-01 2.4907151567e-01
-4.3931721929e-01 -3.1533692837e-01 2.4907231477e-01
-4.3931547116e-01 -3.1533617282e-01 2.4907242240e-01
-4.3931523313e-01 -3.1533600055e-01 2.4907322915e-01
-4.3931618113e-01 -3.1533714019e-01 2.4907230055e-01
-4.3931594421e-01 -3.1533696807e-01 2.4907310720e-01
4.3720215757e-01 -2.1793581583e-01 -2.2834910623e-01
4.3720119946e-01 -2.1793546726e-01 -2.2834858774e-01
4.3720150767e-01 -2.1793538272e-01 -2.2835050287e-01
4.3720053610e-01 -2.1793502585e-01 -2.2835001884e-01
4.3719917797e-01 -2.1793664200e-01 -2.2835046268e-01
4.3719813916e-01 -2.1793625125e-01 -2.2834991921e-01
4.3719850770e-01 -2.1793629768e-01 -2.2835175047e-01
4.3719753078e-01 -2.1793594571e-01 -2.2835125230e-01
-1.5330104543e-01 1.0332314719e-01 7.3027965154e-02
-1.5330137363e-01 1.0332298661e-01 7.3030104631e-02
-1.5330177417e-01 1.0332279458e-01 7.3027687083e-02
-1.5330209848e-01 1.0332263946e-01 7.3029796678e-02
-1.5330000668e-01 1.0332344186e-01 7.3028425102e-02
-1.5330033242e-01 1.0332328186e-01 7.3030527356e-02
-1.5330072814e-01 1.0332308727e-01 7.3028151485e-02
-1.5330104998e-01 1.0332293273e-01 7.3030223856e-02
-4.4345598105e-01 2.3399666793e-01 4.1213881651e-01
-4.4345628393e-01 2.3399691609e-01 4.1213947514e-01
-4.4345657094e-01 2.3399523659e-01 4.1213869577e-01
-4.4345687423e-01 2.3399548766e-01 4.1213935758e-01
-4.4345461306e-01 2.3399612994e-01 4.1213884999e-01
-4.4345491969e-01 2.3399637332e-01 4.1213951371e-01
-4.4345516954e-01 2.3399472125e-01 4.1213871708e-01
-4.4345547658e-01 2.3399496753e-01 4.1213938398e-01
3.4789144606e-01 3.4193837206e-01 -5.0003952994e-01
3.4789063027e-01 3.4193774912e-01 -5.0003994192e-01
3.4789160532e-01 3.4193665111e-01 -5.0003998508e-01
3.4789086762e-01 3.4193608217e-01 -5.0004031782e-01
3.4789073269e-01 3.4193930867e-01 -5.0003890901e-01
3.4788992803e-01 3.4193868476e-01 -5.0003930737e-01
3.4789088569e-01 3.4193758797e-01 -5.0003936699e-01
3.4789016032e-01 3.4193701809e-01 -5.0003968529e-01
6.8223622694e-02 -3.2713616543e-01 -7.2775382393e-02
6.8223973078e-02 -3.2713628315e-01 -7.2775233567e-02
6.8224296796e-02 -3.2713752063e-01 -7.2775127124e-02
6.8224648267e-02 -3.2713763932e-01 -7.2774979501e-02
6.8223447703e-02 -3.2713646907e-01 -7.2775572487e-02
6.8223795750e-02 -3.2713658312e-01 -7.2775425763e-02
6.8224123066e-02 -3.2713782623e-01 -7.2775311282e-02
6.8224472199e-02 -3.2713794126e-01 -7.2775165762e-02
-8.0579029280e-01 8.6371969609e-01 1.5496140149e-01
-8.0578612288e-01 8.6371814392e-01 1.5495783644e-01
-8.0579059094e-01 8.6371813225e-01 1.5496273204e-01
-8.0578642103e-01 8.6371658008e-01 1.5495916700e-01
-8.0579110982e-01 8.6371979883e-01 1.5496078947e-01
-8.0578694820e-01 8.6371822985e-01 1.5495718497e-01
-8.0579140822e-01 8.6371823515e-01 1.5496211969e-01
-8.0578723591e-01 8.6371666732e-01 1.5495852926e-01
-2.7821651611e-01 3.0081667247e-01 1.2162424442e-01
-2.7821608188e-01 3.0081660720e-01 1.2162441214e-01
-2.7821631393e-01 3.0081624266e-01 1.2162319987e-01
-2.7821588058e-01 3.0081617975e-01 1.2162336710e-01
-2.7822065126e-01 3.0081730962e-01 1.2162510124e-01
-2.7822021899e-01 3.0081725148e-01 1.2162525877e-01
-2.7822044988e-01 3.0081688099e-01 1.2162405579e-01
-2.7822001818e-01 3.0081682582e-01 1.2162421325e-01
7.6350515861e-02 1.0526657350e+00 -3.6441467268e-02
7.6349776383e-02 1.0526655375e+00 -3.6440724949e-02
7.6350947736e-02 1.0526636304e+00 -3.6442249925e-02
7.6350220434e-02 1.0526634320e+00 -3.6441510223e-02
7.6355026566e-02 1.0526640029e+00 -3.6442803916e-02
7.6354283639e-02 1.0526638057e+00 -3.6442029922e-02
7.6355458391e-02 1.0526618984e+00 -3.6443586638e-02
7.6354720476e-02 1.0526616880e+00 -3.6442795625e-02
-2.9970038873e-01 -5.2743768323e-01 -3.6270013741e-01
-2.9969979128e-01 -5.2743605034e-01 -3.6269547127e-01
-2.9969946868e-01 -5.2743780527e-01 -3.6269969449e-01
-2.9969893215e-01 -5.2743616202e-01 -3.6269501040e-01
-2.9969999880e-01 -5.2743717040e-01 -3.6269985813e-01
-2.9969940393e-01 -5.2743553709e-01 -3.6269519410e-01
-2.9969907382e-01 -5.2743729599e-01 -3.6269942426e-01
-2.9969853712e-01 -5.2743565928e-01 -3.6269474333e-01
-2.5282436439e-01 8.8364276097e-01 2.8363585903e-02
-2.5282201394e-01 8.8364451985e-01 2.8368743865e-02
-2.5282449203e-01 8.8364179551e-01 2.8363653423e-02
-2.5282217042e-01 8.8364355258e-01 2.8368803676e-02
-2.5282199480e-01 8.8364338549e-01 2.8364725703e-02
-2.5281962386e-01 8.8364513421e-01 2.8369903378e-02
-2.5282209237e-01 8.8364242009e-01 2.8364806834e-02
-2.5281975885e-01 8.8364416704e-01 2.8369958460e-02
5.5478205205e-02 -4.8796789738e-01 1.9175270235e-01
5.5477334767e-02 -4.8796751275e-01 1.9175447876e-01
5.5478374256e-02 -4.8796635328e-01 1.9175340550e-01
5.5477587740e-02 -4.8796598085e-01 1.9175516771e-01
5.5478212856e-02 -4.8796788251e-01 1.9175278117e-01
5.5477342034e-02 -4.8796749434e-01 1.9175455828e-01
5.5478359679e-02 -4.8796632745e-01 1.9175347646e-01
5.5477577339e-02 -4.8796596199e-01 1.9175524745e-01
1.4277079033e-02 -4.7574423142e-01 3.8765651478e-02
1.4277421448e-02 -4.7574463325e-01 3.8765772152e-02
1.4277734826e-02 -4.7574536202e-01 3.8765549877e-02
1.4278079018e-02 -4.7574576307e-01 3.8765669003e-02
1.4276964744e-02 -4.7574432158e-01 3.8765554964e-02
1.4277276860e-02 -4.7574470203e-01 3.8765625784e-02
1.4277627790e-02 -4.7574545230e-01 3.8765430014e-02
1.4277938826e-02 -4.7574583031e-01 3.8765496790e-02
-8.2006196544e-03 -4.2522559664e-01 1.9590276927e-01
-8.2002298164e-03 -4.2522379228e-01 1.9590582623e-01
-8.2012728158e-03 -4.2522661724e-01 1.9590280694e-01
-8.2008143441e-03 -4.2522481843e-01 1.9590580746e-01
-8.2005260323e-03 -4.2522561690e-01 1.9590252375e-01
-8.2001602604e-03 -4.2522392196e-01 1.9590564771e-01
-8.2011697866e-03 -4.2522665803e-01 1.9590254054e-01
-8.2007475361e-03 -4.2522492878e-01 1.9590565868e-01
2.3794585651e-01 -1.7730744830e-01 -8.2236579943e-02
2.3794596026e-01 -1.7730738119e-01 -8.2236678716e-02
2.3794676445e-01 -1.7731049416e-01 -8.2237405151e-02
2.3794691317e-01 -1.7731040846e-01 -8.2237512068e-02
2.3794930869e-01 -1.7730676022e-01 -8.2235633045e-02
2.3794939959e-01 -1.7730669256e-01 -8.2235728260e-02
2.3795030145e-01 -1.7730975053e-01 -8.2236416407e-02
2.3795044447e-01 -1.7730967495e-01 -8.2236502783e-02
-5.2116608997e-01 -7.9018286180e-02 9.1173746270e-02
-5.2117002126e-01 -7.9017226278e-02 9.1178274980e-02
-5.2116358567e-01 -7.9020749572e-02 9.1171826470e-02
-5.2116737269e-01 -7.9019755642e-02 9.1176305885e-02
-5.2116510789e-01 -7.9019188396e-02 9.1174031038e-02
-5.2116899050e-01 -7.9018188212e-02 9.1178549495e-02
-5.2116258868e-01 -7.9021664827e-02 9.1172116584e-02
-5.2116634192e-01 -7.9020717567e-02 9.1176580400e-02
-3.4442853320e-01 4.1812300605e-01 -2.2147876331e-01
-3.4442774094e-01 4.1812159022e-01 -2.2148322880e-01
-3.4442849601e-01 4.1812113749e-01 -2.2147844312e-01
-3.4442770704e-01 4.1811985968e-01 -2.2148297859e-01
-3.4442720180e-01 4.1812273910e-01 -2.2147941528e-01
-3.4442640270e-01 4.1812140621e-01 -2.2148390651e-01
-3.4442718740e-01 4.1812088469e-01 -2.2147908840e-01
-3.4442639159e-01 4.1811968984e-01 -2.2148364961e-01
1.7579393895e-01 -2.3787511004e-01 -1.3604977892e-01
1.7579386193e-01 -2.3787597876e-01 -1.3605170007e-01
1.7579399113e-01 -2.3787284571e-01 -1.3604849038e-01
1.7579394099e-01 -2.3787387760e-01 -1.3605038214e-01
1.7579618191e-01 -2.3787525437e-01 -1.3605064018e-01
1.7579610753e-01 -2.3787615407e-01 -1.3605256926e-01
1.7579623919e-01 -2.3787298622e-01 -1.3604935454e-01
1.7579618654e-01 -2.3787401723e-01 -1.3605124393e-01
-1.6843803308e-01 2.7562439952e-01 -2.0426660883e-02
-1.6844146631e-01 2.7562345394e-01 -2.0431822174e-02
-1.6843710709e-01 2.7562632604e-01 -2.0424923793e-02
-1.6844047635e-01 2.7562541311e-01 -2.0430086398e-02
-1.6843329215e-01 2.7562617438e-01 -2.0424659840e-02
-1.6843663065e-01 2.7562528446e-01 -2.0429727166e-02
-1.6843243435e-01 2.7562814628e-01 -2.0422934367e-02
-1.6843570361e-01 2.7562728848e-01 -2.0427999739e-02
8.9604904502e-02 3.3185451119e-01 -7.0414339664e-03
8.9603777137e-02 3.3185318229e-01 -7.0436481750e-03
8.9605466972e-02 3.3185334162e-01 -7.0412121782e-03
8.9604386768e-02 3.3185199310e-01 -7.0434383598e-03
8.9605223126e-02 3.3185450480e-01 -7.0414014661e-03
8.9604074581e-02 3.3185312127e-01 -7.0436329202e-03
8.9605781894e-02 3.3185333620e-01 -7.0411800938e-03
8.9604680511e-02 3.3185193305e-01 -7.0434235208e-03
-9.2434862235e-02 -7.7755985404e-02 -2.2611036870e-01
-9.2434277984e-02 -7.7754888953e-02 -2.2611200358e-01
-9.2433766853e-02 -7.7757070633e-02 -2.2610965769e-01
-9.2433167204e-02 -7.7755972133e-02 -2.2611128791e-01
-9.2434372429e-02 -7.7755887009e-02 -2.2611071210e-01
-9.2433777892e-02 -7.7754791966e-02 -2.2611234854e-01
-9.2433268363e-02 -7.7756973049e-02 -2.2610999913e-01
-9.2432678241e-02 -7.7755878378e-02 -2.2611163658e-01
-1.4131983997e-01 4.5956834488e-01 -1.1160837867e-01
-1.4131940164e-01 4.5956689841e-01 -1.1161097797e-01
-1.4132029330e-01 4.5956680803e-01 -1.1160890761e-01
-1.4131978905e-01 4.5956540561e-01 -1.1161146394e-01
-1.4131784935e-01 4.5956847999e-01 -1.1160862823e-01
-1.4131740574e-01 4.5956703923e-01 -1.1161120773e-01
-1.4131829355e-01 4.5956693704e-01 -1.1160914554e-01
-1.4131778400e-01 4.5956554031e-01 -1.1161168208e-01
5.3647895229e-01 1.1148976163e-01 1.2232087392e-01
5.3647808965e-01 1.1149062944e-01 1.2232157081e-01
5.3647893344e-01 1.1148931860e-01 1.2232139463e-01
5.3647808184e-01 1.1149013762e-01 1.2232205438e-01
5.3647808157e-01 1.1149022698e-01 1.2232113164e-01
5.3647724246e-01 1.1149106957e-01 1.2232183724e-01
5.3647807008e-01 1.1148979871e-01 1.2232167077e-01
5.3647723302e-01 1.1149062307e-01 1.2232234979e-01
-7.8796580233e-01 3.1126900609e-01 -5.8818623734e-02
-7.8796500683e-01 3.1126827660e-01 -5.8821205527e-02
-7.8796523228e-01 3.1126608550e-01 -5.8818683003e-02
-7.8796450474e-01 3.1126540537e-01 -5.8821211630e-02
-7.8797593901e-01 3.1126958355e-01 -5.8814119658e-02
-7.8797526641e-01 3.1126892849e-01 -5.8816644654e-02
-7.8797542673e-01 3.1126669585e-01 -5.8814102702e-02
-7.8797465297e-01 3.1126597181e-01 -5.8816724830e-02
-6.7950624866e-01 4.9671822429e-01 -3.2770526701e-01
-6.7950614113e-01 4.9671744692e-01 -3.2770370476e-01
-6.7950523120e-01 4.9671640399e-01 -3.2770452939e-01
-6.7950509638e-01 4.9671561650e-01 -3.2770294159e-01
-6.7950501495e-01 4.9671755016e-01 -3.2770605813e-01
-6.7950499724e-01 4.9671676723e-01 -3.2770451779e-01
-6.7950401300e-01 4.9671579089e-01 -3.2770529658e-01
-6.7950396828e-01 4.9671499843e-01 -3.2770373123e-01
-5.9841742201e-01 -1.1616684745e-01 2.2992675399e-01
-5.9841679707e-01 -1.1616947843e-01 2.2992193637e-01
-5.9841734338e-01 -1.1616884319e-01 2.2992739610e-01
-5.9841680098e-01 -1.1617131379e-01 2.2992257629e-01
-5.9841630118e-01 -1.1616692958e-01 2.2992649534e-01
-5.9841567384e-01 -1.1616943820e-01 2.2992162973e-01
-5.9841621633e-01 -1.1616880460e-01 2.2992708789e-01
-5.9841567463e-01 -1.1617127084e-01 2.2992226864e-01
2.1228591658e-01 5.8077534817e-01 8.4565198833e-02
2.1228655338e-01 5.8077599845e-01 8.4563605052e-02
2.1228565526e-01 5.8077454083e-01 8.4566083006e-02
2.1228630602e-01 5.8077516429e-01 8.4564468947e-02
2.1228581469e-01 5.8077419657e-01 8.4563706817e-02
2.1228635642e-01 5.8077481504e-01 8.4562040296e-02
2.1228556466e-01 5.8077338847e-01 8.4564606648e-02
2.1228612025e-01 5.8077398038e-01 8.4562919805e-02
6.5850698012e-01 -8.5847164069e-01 -5.9378217401e-01
6.5850561699e-01 -8.5847254992e-01 -5.9378603800e-01
6.5850545934e-01 -8.5847002681e-01 -5.9378160755e-01
6.5850408915e-01 -8.5847094062e-01 -5.9378547690e-01
6.5850978793e-01 -8.5847055652e-01 -5.9378150030e-01
6.5850842570e-01 -8.5847146461e-01 -5.9378535951e-01
6.5850827144e-01 -8.5846894441e-01 -5.9378093398e-01
6.5850690214e-01 -8.5846985707e-01 -5.9378479855e-01
5.5728287561e-01 9.3120576087e-01 1.3971181861e-01
5.5728210655e-01 9.3120635978e-01 1.3971057982e-01
5.5728286073e-01 9.3120434716e-01 1.3971245591e-01
5.5728209520e-01 9.3120495181e-01 1.3971121968e-01
5.5728450886e-01 9.3120675244e-01 1.3971242197e-01
5.5728376578e-01 9.3120734959e-01 1.3971117753e-01
5.5728449480e-01 9.3120534383e-01 1.3971303022e-01
5.5728374854e-01 9.3120594295e-01 1.3971178689e-01
2.8030973816e-01 -1.4706001622e+00 -8.8154190910e-02
2.8031064787e-01 -1.4706005228e+00 -8.8156724400e-02
2.8030994197e-01 -1.4705994200e+00 -8.8154367723e-02
2.8031078127e-01 -1.4705999580e+00 -8.8156879640e-02
2.8030954143e-01 -1.4706001878e+00 -8.8153844611e-02
2.8031045078e-01 -1.4706005505e+00 -8.8156377909e-02
2.8030975201e-01 -1.4705994247e+00 -8.8154046057e-02
2.8031058772e-01 -1.4705999657e+00 -8.8156557191e-02
-3.4566919288e-02 -2.5740760333e-01 -4.2971483575e-01
-3.4567576568e-02 -2.5740773556e-01 -4.2971703998e-01
-3.4567699675e-02 -2.5741001832e-01 -4.2971439405e-01
-3.4568354618e-02 -2.5741017860e-01 -4.2971662243e-01
-3.4572458191e-02 -2.5740874514e-01 -4.2971486125e-01
-3.4573247747e-02 -2.5740902038e-01 -4.2971709996e-01
-3.4573254987e-02 -2.5741118075e-01 -4.2971445703e-01
-3.4574049549e-02 -2.5741142317e-01 -4.2971666482e-01
-3.1097145346e-01 -2.7325212979e-01 -9.1835238857e-02
-3.1097046010e-01 -2.7325226695e-01 -9.1837217347e-02
-3.1096988893e-01 -2.7325294307e-01 -9.1835537743e-02
-3.1096895197e-01 -2.7325308811e-01 -9.1837466936e-02
-3.1097132720e-01 -2.7325135692e-01 -9.1835214518e-02
-3.1097032250e-01 -2.7325147249e-01 -9.1837204809e-02
-3.1096975807e-01 -2.7325215447e-01 -9.1835516612e-02
-3.1096880972e-01 -2.7325227802e-01 -9.1837457616e-02
-1.7215875785e+00 1.5267786620e-01 -7.2178893757e-01
-1.7215870956e+00 1.5267795894e-01 -7.2178923113e-01
-1.7215877490e+00 1.5267741694e-01 -7.2178882862e-01
-1.7215872531e+00 1.5267750157e-01 -7.2178913928e-01
-1.7215852654e+00 1.5267759557e-01 -7.2179040961e-01
-1.7215847824e+00 1.5267768881e-01 -7.2179070341e-01
-1.7215854601e+00 1.5267712894e-01 -7.2179026773e-01
-1.7215849642e+00 1.5267721396e-01 -7.2179057869e-01
3.9895364268e-01 2.8688076172e-01 1.3274508145e+00
3.9895434840e-01 2.8687931401e-01 1.3274486256e+00
3.9895223905e-01 2.8687960524e-01 1.3274501441e+00
3.9895293784e-01 2.8687815348e-01 1.3274479560e+00
3.9895329114e-01 2.8688108885e-01 1.3274502435e+00
3.9895399754e-01 2.8687964107e-01 1.3274480543e+00
3.9895187876e-01 2.8687994225e-01 1.3274495732e+00
3.9895257823e-01 2.8687849041e-01 1.3274473848e+00
1.7391415097e+00 3.5385245098e-01 -2.8300769824e-01
1.7391415363e+00 3.5385160022e-01 -2.8300795644e-01
1.7391406655e+00 3.5385250185e-01 -2.8300896872e-01
1.7391406903e+00 3.5385165150e-01 -2.8300922832e-01
1.7391417417e+00 3.5385425365e-01 -2.8300757933e-01
1.7391417659e+00 3.5385339844e-01 -2.8300783121e-01
1.7391409066e+00 3.5385430783e-01 -2.8300885421e-01
1.7391409291e+00 3.5385345304e-01 -2.8300910749e-01
-2.0550555007e-01 -1.7029751511e-01 1.4984728659e+00
-2.0550591484e-01 -1.7029750733e-01 1.4984719031e+00
-2.0550506204e-01 -1.7029744598e-01 1.4984715600e+00
-2.0550542517e-01 -1.7029743879e-01 1.4984705960e+00
-2.0550375211e-01 -1.7029802144e-01 1.4984732312e+00
-2.0550412107e-01 -1.7029800218e-01 1.4984722852e+00
-2.0550327130e-01 -1.7029795434e-01 1.4984719290e+00
-2.0550364055e-01 -1.7029793521e-01 1.4984709841e+00
-1.6269711368e-01 -1.0494826420e+00 -5.2165551319e-01
-1.6269769813e-01 -1.0494822331e+00 -5.2165538156e-01
-1.6269707310e-01 -1.0494824303e+00 -5.2165491011e-01
-1.6269764533e-01 -1.0494820132e+00 -5.2165476649e-01
-1.6269976505e-01 -1.0494824030e+00 -5.2165544545e-01
-1.6270035072e-01 -1.0494819952e+00 -5.2165531463e-01
-1.6269971305e-01 -1.0494821896e+00 -5.2165483620e-01
-1.6270028651e-01 -1.0494817735e+00 -5.2165469339e-01
-1.1025210917e+00 -8.8071538545e-01 8.1241575632e-01
-1.1025216428e+00 -8.8071792443e-01 8.1241415827e-01
-1.1025199407e+00 -8.8071606708e-01 8.1241754180e-01
-1.1025204920e+00 -8.8071862327e-01 8.1241591201e-01
-1.1025283491e+00 -8.8071570222e-01 8.1241377103e-01
-1.1025288680e+00 -8.8071817717e-01 8.1241209923e-01
-1.1025272132e+00 -8.8071640081e-01 8.1241550610e-01
-1.1025277335e+00 -8.8071887632e-01 8.1241383321e-01
5.6767821414e-01 3.7807879734e-01 -4.4722987148e-02
5.6767830341e-01 3.7807771433e-01 -4.4724451964e-02
5.6767794094e-01 3.7807748465e-01 -4.4721945932e-02
5.6767803024e-01 3.7807642641e-01 -4.4723382153e-02
5.6766992911e-01 3.7807903795e-01 -4.4720373426e-02
5.6767000966e-01 3.7807798306e-01 -4.4721833428e-02
5.6766964896e-01 3.7807770898e-01 -4.4719328419e-02
5.6766973080e-01 3.7807667793e-01 -4.4720766329e-02
1.3350663186e+00 -1.2442153361e+00 -6.6768199535e-01
1.3350621031e+00 -1.2442133089e+00 -6.6767234407e-01
1.3350656259e+00 -1.2442174769e+00 -6.6768100471e-01
1.3350614345e+00 -1.2442155302e+00 -6.6767124766e-01
1.3350611411e+00 -1.2442151484e+00 -6.6768289896e-01
1.3350569164e+00 -1.2442131228e+00 -6.6767324776e-01
1.3350604439e+00 -1.2442172899e+00 -6.6768190325e-01
1.3350562514e+00 -1.2442153389e+00 -6.6767215474e-01
2.7456369830e-01 1.8313817632e-01 -8.1479339741e-01
2.7456389534e-01 1.8313787651e-01 -8.1479341977e-01
2.7456352430e-01 1.8313654754e-01 -8.1479737268e-01
2.7456372123e-01 1.8313624747e-01 -8.1479739442e-01
2.7456480038e-01 1.8313876546e-01 -8.1479565126e-01
2.7456499745e-01 1.8313846566e-01 -8.1479567361e-01
2.7456461058e-01 1.8313712807e-01 -8.1479964238e-01
2.7456480754e-01 1.8313682801e-01 -8.1479966411e-01
9.1174298409e-01 -9.2327982278e-02 -3.2987511826e-02
9.1174836570e-01 -9.2328104217e-02 -3.2993529390e-02
9.1174002344e-01 -9.2323103638e-02 -3.2984943964e-02
9.1174522163e-01 -9.2323127306e-02 -3.2990855166e-02
9.1174342021e-01 -9.2327406605e-02 -3.2987359954e-02
9.1174880238e-01 -9.2327528730e-02 -3.2993378732e-02
9.1174047544e-01 -9.2322345897e-02 -3.2984853948e-02
9.1174567166e-01 -9.2322369036e-02 -3.2990759023e-02
-4.9970477518e-01 -2.4198604838e+00 -8.2558604664e-01
-4.9970566291e-01 -2.4198612444e+00 -8.2558831165e-01
-4.9970452605e-01 -2.4198606654e+00 -8.2558482082e-01
-4.9970541521e-01 -2.4198614269e+00 -8.2558708340e-01
-4.9971525850e-01 -2.4198608205e+00 -8.2558693731e-01
-4.9971614434e-01 -2.4198615777e+00 -8.2558921314e-01
-4.9971498259e-01 -2.4198609971e+00 -8.2558575053e-01
-4.9971586985e-01 -2.4198617551e+00 -8.2558802396e-01
1.4526474901e+00 1.8868176777e+00 -9.4443596255e-01
1.4526470678e+00 1.8868183295e+00 -9.4443727982e-01
1.4526482324e+00 1.8868177379e+00 -9.4443579280e-01
1.4526478095e+00 1.8868183873e+00 -9.4443711269e-01
1.4526469553e+00 1.8868175543e+00 -9.4443582892e-01
1.4526465327e+00 1.8868182072e+00 -9.4443714547e-01
1.4526476926e+00 1.8868176069e+00 -9.4443565630e-01
1.4526472693e+00 1.8868182573e+00 -9.4443697540e-01
3.4884912491e-02 -5.0822648988e-01 1.1305479223e+00
3.4883252770e-02 -5.0822579162e-01 1.1305449198e+00
3.4885678139e-02 -5.0822583644e-01 1.1305491306e+00
3.4884039082e-02 -5.0822515129e-01 1.1305461595e+00
3.4887985378e-02 -5.0822717409e-01 1.1305477032e+00
3.4886321004e-02 -5.0822647444e-01 1.1305446961e+00
3.4888754885e-02 -5.0822652497e-01 1.1305489143e+00
3.4887111103e-02 -5.0822583854e-01 1.1305459389e+00
-3.8635102729e-01 8.3232311719e-01 5.9154283054e-01
-3.8635022056e-01 8.3232463737e-01 5.9154799817e-01
-3.8635176292e-01 8.3232342187e-01 5.9154311961e-01
-3.8635096371e-01 8.3232494092e-01 5.9154833981e-01
-3.8635083506e-01 8.3232333214e-01 5.9154323504e-01
-3.8635001937e-01 8.3232483926e-01 5.9154843187e-01
-3.8635157073e-01 8.3232363433e-01 5.9154352219e-01
-3.8635076063e-01 8.3232514477e-01 5.9154877471e-01
3.3500785742e-01 6.9257685608e-01 -1.1264544000e+00
3.3501143426e-01 6.9257877211e-01 -1.1264581189e+00
3.3500565797e-01 6.9257600983e-01 -1.1264558061e+00
3.3500923627e-01 6.9257792531e-01 -1.1264595231e+00
3.3500756281e-01 6.9257813825e-01 -1.1264560519e+00
3.3501114181e-01 6.9258005342e-01 -1.1264597716e+00
3.3500536362e-01 6.9257729195e-01 -1.1264574578e+00
3.3500894408e-01 6.9257920656e-01 -1.1264611756e+00
-5.0086715834e-01 1.8226957655e-01 1.2490018978e-01
-5.0086812305e-01 1.8227086249e-01 1.2489735506e-01
-5.0086680604e-01 1.8226949108e-01 1.2489823476e-01
-5.0086777199e-01 1.8227077664e-01 1.2489540033e-01
-5.0086629661e-01 1.8226963456e-01 1.2490033980e-01
-5.0086726992e-01 1.8227092226e-01 1.2489749304e-01
-5.0086594144e-01 1.8226953214e-01 1.2489839077e-01
-5.0086691512e-01 1.8227082076e-01 1.2489554581e-01
-8.4209449325e-01 -9.8262195730e-02 2.1602129533e-01
-8.4209636233e-01 -9.8263688249e-02 2.1602747038e-01
-8.4209401842e-01 -9.8261385817e-02 2.1602062347e-01
-8.4209587791e-01 -9.8262804430e-02 2.1602675239e-01
-8.4209147575e-01 -9.8261907400e-02 2.1602199254e-01
-8.4209328935e-01 -9.8263327054e-02 2.1602821246e-01
-8.4209100574e-01 -9.8261099774e-02 2.1602131982e-01
-8.4209279678e-01 -9.8262396370e-02 2.1602748676e-01
-1.1150066475e+00 1.0503838292e+00 -1.7126062393e-01
-1.1150063713e+00 1.0503854957e+00 -1.7125355340e-01
-1.1150076394e+00 1.0503913352e+00 -1.7126174791e-01
-1.1150072330e+00 1.0503931039e+00 -1.7125489658e-01
-1.1150061946e+00 1.0503844054e+00 -1.7126260926e-01
-1.1150059463e+00 1.0503860581e+00 -1.7125553207e-01
-1.1150072024e+00 1.0503919272e+00 -1.7126376383e-01
-1.1150068073e+00 1.0503936583e+00 -1.7125688926e-01
5.3060044261e-01 1.5765647305e-01 -5.4220626598e-02
5.3060050321e-01 1.5765530404e-01 -5.4221881964e-02
5.3059903527e-01 1.5765590572e-01 -5.4220798825e-02
5.3059911056e-01 1.5765474923e-01 -5.4222084418e-02
5.3060161264e-01 1.5765646614e-01 -5.4220622077e-02
5.3060169481e-01 1.5765531163e-01 -5.4221867390e-02
5.3060020574e-01 1.5765589891e-01 -5.4220794447e-02
5.3060029983e-01 1.5765474691e-01 -5.4222075339e-02
-6.2017048862e-01 2.2302184105e-01 -1.0784555528e+00
-6.2017046949e-01 2.2302148100e-01 -1.0784579246e+00
-6.2017003625e-01 2.2302054917e-01 -1.0784557220e+00
-6.2017004080e-01 2.2302018661e-01 -1.0784581014e+00
-6.2016568795e-01 2.2302116520e-01 -1.0784550179e+00
-6.2016566736e-01 2.2302079316e-01 -1.0784573711e+00
-6.2016523622e-01 2.2301987320e-01 -1.0784551865e+00
-6.2016523932e-01 2.2301949866e-01 -1.0784575473e+00
-4.9596319083e-02 -2.3841984117e-02 -6.8093680580e-01
-4.9596255627e-02 -2.3842065177e-02 -6.8093606058e-01
-4.9595813298e-02 -2.3842446716e-02 -6.8093651207e-01
-4.9595765805e-02 -2.3842568954e-02 -6.8093576068e-01
-4.9600094985e-02 -2.3842278595e-02 -6.8093611670e-01
-4.9600038355e-02 -2.3842350736e-02 -6.8093536089e-01
-4.9599592790e-02 -2.3842754988e-02 -6.8093583035e-01
-4.9599548038e-02 -2.3842857780e-02 -6.8093506143e-01
6.9069223295e-01 1.0460877529e+00 -1.1409957508e+00
6.9069137937e-01 1.0460863012e+00 -1.1409978771e+00
6.9069263565e-01 1.0460841676e+00 -1.1409976528e+00
6.9069179580e-01 1.0460826557e+00 -1.1409997976e+00
6.9068164470e-01 1.0460878444e+00 -1.1409973465e+00
6.9068081076e-01 1.0460863559e+00 -1.1409994719e+00
6.9068210050e-01 1.0460842609e+00 -1.1409992574e+00
6.9068124364e-01 1.0460827861e+00 -1.1410013658e+00
1.1439512225e+00 -7.0486876622e-01 1.2781052734e+00
1.1439509654e+00 -7.0487035681e-01 1.2781043014e+00
1.1439504887e+00 -7.0486226557e-01 1.2781024265e+00
1.1439502525e+00 -7.0486386329e-01 1.2781014981e+00
1.1439471336e+00 -7.0486697837e-01 1.2781018576e+00
1.1439468782e+00 -7.0486856581e-01 1.2781008844e+00
1.1439464124e+00 -7.0486052684e-01 1.2780990256e+00
1.1439461145e+00 -7.0486205120e-01 1.2780981117e+00
4.3467582624e-01 2.5835325878e-01 3.5259559317e-01
4.3467559982e-01 2.5835287109e-01 3.5259626726e-01
4.3467552305e-01 2.5835149457e-01 3.5259553227e-01
4.3467528292e-01 2.5835109920e-01 3.5259619840e-01
4.3467780882e-01 2.5835277408e-01 3.5259543328e-01
4.3467757916e-01 2.5835238174e-01 3.5259611503e-01
4.3467750628e-01 2.5835101020e-01 3.5259538921e-01
4.3467726292e-01 2.5835061017e-01 3.5259606301e-01
-8.2617969697e-01 -1.4057454857e+00 5.0884930810e-01
-8.2617833740e-01 -1.4057429530e+00 5.0883872329e-01
-8.2617999117e-01 -1.4057459958e+00 5.0884790689e-01
-8.2617862354e-01 -1.4057434695e+00 5.0883731394e-01
-8.2617955415e-01 -1.4057445989e+00 5.0884483944e-01
-8.2617819458e-01 -1.4057420661e+00 5.0883425465e-01
-8.2617985114e-01 -1.4057451080e+00 5.0884343117e-01
-8.2617848351e-01 -1.4057425817e+00 5.0883283825e-01
1.1625279481e+00 -4.7184657606e-01 -3.3617407466e-01
1.1625296336e+00 -4.7184323604e-01 -3.3616844692e-01
1.1625297147e+00 -4.7185031449e-01 -3.3617368233e-01
1.1625313386e+00 -4.7184698892e-01 -3.3616806007e-01
1.1625235188e+00 -4.7184637196e-01 -3.3617414219e-01
1.1625251749e+00 -4.7184301117e-01 -3.3616850431e-01
1.1625252852e+00 -4.7185011023e-01 -3.3617374980e-01
1.1625268806e+00 -4.7184676249e-01 -3.3616811623e-01
1.0720375230e+00 -5.8706121062e-01 -1.0795596469e+00
1.0720367577e+00 -5.8706151997e-01 -1.0795616260e+00
1.0720365187e+00 -5.8706249698e-01 -1.0795609120e+00
1.0720357590e+00 -5.8706279437e-01 -1.0795628910e+00
1.0720382297e+00 -5.8706132902e-01 -1.0795581210e+00
1.0720374527e+00 -5.8706162838e-01 -1.0795601243e+00
1.0720372236e+00 -5.8706261403e-01 -1.0795593890e+00
1.0720364522e+00 -5.8706290145e-01 -1.0795613922e+00
8.2894919352e-02 -2.6691487131e-01 -1.0673211364e+00
8.2894174057e-02 -2.6691242909e-01 -1.0673237154e+00
8.2893479447e-02 -2.6690925948e-01 -1.0673194825e+00
8.2892787019e-02 -2.6690684693e-01 -1.0673220436e+00
8.2894957199e-02 -2.6691510512e-01 -1.0673212140e+00
8.2894212191e-02 -2.6691266335e-01 -1.0673237925e+00
8.2893486772e-02 -2.6690955240e-01 -1.0673195638e+00
8.2892812623e-02 -2.6690713111e-01 -1.0673221001e+00
-1.2146349820e+00 -2.2769099175e-01 -9.9636054467e-01
-1.2146337194e+00 -2.2769023338e-01 -9.9636199618e-01
-1.2146356724e+00 -2.2769283164e-01 -9.9636064233e-01
-1.2146344124e+00 -2.2769206476e-01 -9.9636209694e-01
-1.2146348396e+00 -2.2769080834e-01 -9.9636044583e-01
-1.2146335678e+00 -2.2769004612e-01 -9.9636189575e-01
-1.2146355355e+00 -2.2769261549e-01 -9.9636049296e-01
-1.2146342683e+00 -2.2769184528e-01 -9.9636194679e-01
-3.3507285872e-01 -2.8737841290e-01 4.7705894705e-01
-3.3507538507e-01 -2.8737658526e-01 4.7706682991e-01
-3.3507227008e-01 -2.8737377402e-01 4.7706101365e-01
-3.3507476621e-01 -2.8737185343e-01 4.7706867388e-01
-3.3506883145e-01 -2.8737956910e-01 4.7705851172e-01
-3.3507126603e-01 -2.8737779725e-01 4.7706633880e-01
-3.3506821138e-01 -2.8737493008e-01 4.7706047413e-01
-3.3507073654e-01 -2.8737300770e-01 4.7706820762e-01
6.5147707551e-02 -1.3996151307e-01 5.3612051647e-01
6.5147585764e-02 -1.3996006410e-01 5.3612419316e-01
6.5147559299e-02 -1.3996037777e-01 5.3612056601e-01
6.5147422050e-02 -1.3995891411e-01 5.3612425941e-01
6.5149805254e-02 -1.3996065405e-01 5.3611873406e-01
6.5149677504e-02 -1.3995914841e-01 5.3612232837e-01
6.5149637837e-02 -1.3995948538e-01 5.3611877797e-01
6.5149512301e-02 -1.3995799476e-01 5.3612239707e-01
-3.4688762365e-01 1.8113968263e-01 -2.1032882294e-01
-3.4688778410e-01 1.8113984652e-01 -2.1032769075e-01
-3.4688919514e-01 1.8114178419e-01 -2.1032579144e-01
-3.4688939079e-01 1.8114196496e-01 -2.1032462328e-01
-3.4689626619e-01 1.8114034240e-01 -2.1032854424e-01
-3.4689644515e-01 1.8114045850e-01 -2.1032739659e-01
-3.4689785991e-01 1.8114241358e-01 -2.1032549642e-01
-3.4689805944e-01 1.8114252688e-01 -2.1032432839e-01
-2.2446344799e+00 -1.5214698090e+00 3.5631646124e-01
-2.2446317542e+00 -1.5214670419e+00 3.5632580208e-01
-2.2446301510e+00 -1.5214588711e+00 3.5631440990e-01
-2.2446275440e+00 -1.5214560429e+00 3.5632375663e-01
-2.2446512448e+00 -1.5214685662e+00 3.5631698416e-01
-2.2446486905e+00 -1.5214659135e+00 3.5632623062e-01
-2.2446469644e+00 -1.5214576229e+00 3.5631488249e-01
-2.2446444257e+00 -1.5214549353e+00 3.5632408664e-01
5.2559349176e-01 6.1859206914e-01 -7.9534539160e-01
5.2559746030e-01 6.1859076551e-01 -7.9535175828e-01
5.2559394133e-01 6.1859145154e-01 -7.9534624736e-01
5.2559791726e-01 6.1859012889e-01 -7.9535261163e-01
5.2559337222e-01 6.1859087380e-01 -7.9534556003e-01
5.2559734819e-01 6.1858957245e-01 -7.9535192766e-01
5.2559382137e-01 6.1859025625e-01 -7.9534641586e-01
5.2559780446e-01 6.1858893189e-01 -7.9535278094e-01
2.2347516014e+00 7.9791937019e-01 1.8118757046e+00
2.2347542111e+00 7.9791953104e-01 1.8118846153e+00
2.2347514307e+00 7.9792567478e-01 1.8118768241e+00
2.2347539792e+00 7.9792587091e-01 1.8118857332e+00
2.2347605483e+00 7.9791694185e-01 1.8118761803e+00
2.2347631697e+00 7.9791710282e-01 1.8118851060e+00
2.2347603764e+00 7.9792322407e-01 1.8118773277e+00
2.2347629485e+00 7.9792340387e-01 1.8118862127e+00
-6.2954201899e-01 8.7654498145e-02 1.1896292103e+00
-6.2954266876e-01 8.7653880353e-02 1.1896292116e+00
-6.2954314860e-01 8.7653739886e-02 1.1896276627e+00
-6.2954381741e-01 8.7653078141e-02 1.1896276664e+00
-6.2954197697e-01 8.7654767913e-02 1.1896299187e+00
-6.2954259833e-01 8.7654191232e-02 1.1896299182e+00
-6.2954310688e-01 8.7654009628e-02 1.1896283712e+00
-6.2954374726e-01 8.7653388994e-02 1.1896283731e+00
-4.6082397442e-01 1.8887722883e+00 7.7705401444e-01
-4.6082311890e-01 1.8887730109e+00 7.7705512901e-01
-4.6082316062e-01 1.8887752777e+00 7.7705379931e-01
-4.6082225454e-01 1.8887760096e+00 7.7705488893e-01
-4.6082178524e-01 1.8887729176e+00 7.7705419494e-01
-4.6082092983e-01 1.8887736401e+00 7.7705530992e-01
-4.6082098623e-01 1.8887759118e+00 7.7705399492e-01
-4.6082008370e-01 1.8887766434e+00 7.7705508490e-01
-7.7616467772e-01 -6.3479402869e-04 -8.8576601700e-01
-7.7616483771e-01 -6.3684837956e-04 -8.8576708064e-01
-7.7616188627e-01 -6.3701804116e-04 -8.8576569510e-01
-7.7616204746e-01 -6.3904840435e-04 -8.8576673638e-01
-7.7616097937e-01 -6.3619929402e-04 -8.8576256191e-01
-7.7616112918e-01 -6.3824956154e-04 -8.8576361839e-01
-7.7615818973e-01 -6.3842923677e-04 -8.8576223786e-01
-7.7615834129e-01 -6.4045564613e-04 -8.8576327200e-01
6.5269099478e-01 -1.3120914117e+00 1.0566579320e+00
6.5269083860e-01 -1.3120897963e+00 1.0566513877e+00
6.5269098721e-01 -1.3120906216e+00 1.0566583661e+00
6.5269083683e-01 -1.3120890087e+00 1.0566518188e+00
6.5269118988e-01 -1.3120905064e+00 1.0566579050e+00
6.5269096841e-01 -1.3120889351e+00 1.0566513540e+00
6.5269122460e-01 -1.3120896914e+00 1.0566583611e+00
6.5269100892e-01 -1.3120881226e+00 1.0566518072e+00
1.5878631753e+00 -8.4141284893e-01 5.5976682838e-02
1.5878629905e+00 -8.4141255380e-01 5.5976545962e-02
1.5878623278e+00 -8.4141468115e-01 5.5975353856e-02
1.5878621388e+00 -8.4141440096e-01 5.5975205809e-02
1.5878686039e+00 -8.4141321440e-01 5.5971883332e-02
1.5878684189e+00 -8.4141291292e-01 5.5971749323e-02
1.5878677563e+00 -8.4141505612e-01 5.5970557642e-02
1.5878675672e+00 -8.4141476958e-01 5.5970412464e-02
-6.5376656277e-01 5.4700961645e-02 4.3100636770e-01
-6.5376454006e-01 5.4700588342e-02 4.3101057076e-01
-6.5376553618e-01 5.4701048073e-02 4.3100660367e-01
-6.5376350614e-01 5.4700682711e-02 4.3101083344e-01
-6.5378517872e-01 5.4701737082e-02 4.3100738919e-01
-6.5378314445e-01 5.4701501578e-02 4.3101161079e-01
-6.5378419513e-01 5.4701843700e-02 4.3100760152e-01
-6.5378214820e-01 5.4701582650e-02 4.3101184526e-01
2.2234901426e-01 -2.7886938420e-01 1.2971896745e+00
2.2234773151e-01 -2.7887159267e-01 1.2971866677e+00
2.2234904116e-01 -2.7886968725e-01 1.2971860902e+00
2.2234774641e-01 -2.7887190964e-01 1.2971831060e+00
2.2234879625e-01 -2.7886910186e-01 1.2971901403e+00
2.2234749154e-01 -2.7887134938e-01 1.2971871285e+00
2.2234880336e-01 -2.7886944631e-01 1.2971865506e+00
2.2234750702e-01 -2.7887167192e-01 1.2971835660e+00
2.7960027607e+00 1.3754250651e+00 -1.7371925083e-01
2.7960005098e+00 1.3754241606e+00 -1.7370839499e-01
2.7960000102e+00 1.3754179020e+00 -1.7372007710e-01
2.7959977900e+00 1.3754169789e+00 -1.7370915757e-01
2.7959851161e+00 1.3754271189e+00 -1.7371553554e-01
2.7959829779e+00 1.3754262261e+00 -1.7370458896e-01
2.7959823528e+00 1.3754200096e+00 -1.7371634300e-01
2.7959802244e+00 1.3754191068e+00 -1.7370535965e-01
-1.8225238832e+00 -1.2705275031e-01 5.3956725569e-01
-1.8225221892e+00 -1.2705076670e-01 5.3957430214e-01
-1.8225223969e+00 -1.2704928663e-01 5.3956725103e-01
-1.8225207054e+00 -1.2704729810e-01 5.3957431250e-01
-1.8225241820e+00 -1.2705304586e-01 5.3956750905e-01
-1.8225224899e+00 -1.2705105667e-01 5.3957455746e-01
-1.8225227022e+00 -1.2704958115e-01 5.3956751042e-01
-1.8225210140e+00 -1.2704758744e-01 5.3957457434e-01
-2.9751243350e-01 -1.0097446424e+00 7.0889039613e-01
-2.9751254688e-01 -1.0097452388e+00 7.0889115016e-01
-2.9751275303e-01 -1.0097445342e+00 7.0888980795e-01
-2.9751288609e-01 -1.0097451659e+00 7.0889055927e-01
-2.9751129819e-01 -1.0097444827e+00 7.0889067340e-01
-2.9751143485e-01 -1.0097450862e+00 7.0889141099e-01
-2.9751162850e-01 -1.0097443882e+00 7.0889007241e-01
-2.9751178511e-01 -1.0097450270e+00 7.0889080731e-01
2.8822192892e-01 1.2083109198e-02 2.1538016660e-01
2.8822096460e-01 1.2084950985e-02 2.1538584816e-01
2.8822212829e-01 1.2088901964e-02 2.1538200382e-01
2.8822123465e-01 1.2090817979e-02 2.1538782513e-01
2.8822141034e-01 1.2083051074e-02 2.1538003730e-01
2.8822044465e-01 1.2084875801e-02 2.1538573769e-01
2.8822157507e-01 1.2088864551e-02 2.1538186184e-01
2.8822068223e-01 1.2090755757e-02 2.1538764950e-01
-9.4190545253e-01 2.2296495010e-01 2.6448561040e-01
-9.4190708223e-01 2.2296494232e-01 2.6449059896e-01
-9.4190526309e-01 2.2296427158e-01 2.6448337541e-01
-9.4190688734e-01 2.2296426520e-01 2.6448836056e-01
-9.4190215946e-01 2.2296458072e-01 2.6448489848e-01
-9.4190379554e-01 2.2296459431e-01 2.6448990763e-01
-9.4190196150e-01 2.2296389803e-01 2.6448266341e-01
-9.4190359824e-01 2.2296390332e-01 2.6448766898e-01
1.2083684815e+00 -8.6220072223e-02 -1.8621328275e-01
1.2083702167e+00 -8.6218192449e-02 -1.8621480822e-01
1.2083674953e+00 -8.6220269514e-02 -1.8621084184e-01
1.2083692313e+00 -8.6218389140e-02 -1.8621236698e-01
1.2083701378e+00 -8.6220306860e-02 -1.8621270729e-01
1.2083718763e+00 -8.6218419222e-02 -1.8621423592e-01
1.2083691512e+00 -8.6220504419e-02 -1.8621026560e-01
1.2083708946e+00 -8.6218613841e-02 -1.8621179391e-01
-1.2911907043e+00 1.8262920200e-01 -1.2357631047e+00
-1.2911901216e+00 1.8262746789e-01 -1.2357627227e+00
-1.2911935160e+00 1.8263287210e-01 -1.2357618188e+00
-1.2911929715e+00 1.8263119318e-01 -1.2357614388e+00
-1.2911869111e+00 1.8262991111e-01 -1.2357632429e+00
-1.2911863764e+00 1.8262817310e-01 -1.2357628562e+00
-1.2911897856e+00 1.8263360798e-01 -1.2357619516e+00
-1.2911892384e+00 1.8263192740e-01 -1.2357615719e+00
4.0186597667e-01 -1.3565806680e+00 -5.3264315965e-01
4.0186887069e-01 -1.3565805978e+00 -5.3263988341e-01
4.0186420793e-01 -1.3565735917e+00 -5.3264528586e-01
4.0186708517e-01 -1.3565735595e+00 -5.3264202854e-01
4.0186421902e-01 -1.3565808964e+00 -5.3264192757e-01
4.0186710919e-01 -1.3565808275e+00 -5.3263865052e-01
4.0186244911e-01 -1.3565738239e+00 -5.3264406030e-01
4.0186533022e-01 -1.3565737904e+00 -5.3264080355e-01
-2.2102506662e-01 -6.6620004051e-01 7.6752450182e-01
-2.2102593325e-01 -6.6620275988e-01 7.6753746994e-01
-2.2102667641e-01 -6.6620166864e-01 7.6752442223e-01
-2.2102752246e-01 -6.6620436072e-01 7.6753737326e-01
-2.2103713110e-01 -6.6620460000e-01 7.6752706134e-01
-2.2103795411e-01 -6.6620734998e-01 7.6754008037e-01
-2.2103866369e-01 -6.6620619936e-01 7.6752695107e-01
-2.2103955457e-01 -6.6620898440e-01 7.6753998520e-01
-1.3970933221e-01 4.4613052639e-01 -1.8876673797e+00
-1.3971131537e-01 4.4612910373e-01 -1.8876670264e+00
-1.3970987590e-01 4.4612753677e-01 -1.8876668719e+00
-1.3971184119e-01 4.4612612531e-01 -1.8876665057e+00
-1.3970869239e-01 4.4613271628e-01 -1.8876675026e+00
-1.3971067555e-01 4.4613129354e-01 -1.8876671492e+00
-1.3970926248e-01 4.4612969231e-01 -1.8876669895e+00
-1.3971122777e-01 4.4612828078e-01 -1.8876666233e+00
-1.0344293228e-01 -6.3042205377e-01 -3.1690555720e-01
-1.0344314078e-01 -6.3042229008e-01 -3.1690574906e-01
-1.0344219950e-01 -6.3042065761e-01 -3.1690560597e-01
-1.0344241280e-01 -6.3042088989e-01 -3.1690579889e-01
-1.0343873328e-01 -6.3042208678e-01 -3.1690476137e-01
-1.0343897187e-01 -6.3042228410e-01 -3.1690493972e-01
-1.0343800051e-01 -6.3042067792e-01 -3.1690481702e-01
-1.0343824393e-01 -6.3042087122e-01 -3.1690499648e-01
5.3964603771e-01 -1.3498453974e-01 -1.6839568605e+00
5.3964648482e-01 -1.3498507396e-01 -1.6839587363e+00
5.3964446092e-01 -1.3498601994e-01 -1.6839570293e+00
5.3964490926e-01 -1.3498655178e-01 -1.6839589106e+00
5.3964631428e-01 -1.3498480369e-01 -1.6839568418e+00
5.3964676554e-01 -1.3498540954e-01 -1.6839586704e+00
5.3964473704e-01 -1.3498628365e-01 -1.6839570105e+00
5.3964518954e-01 -1.3498688711e-01 -1.6839588446e+00
5.6653054561e-01 -1.2103930018e+00 -8.5389496241e-01
5.6652983365e-01 -1.2103928889e+00 -8.5389606558e-01
5.6652967016e-01 -1.2103869386e+00 -8.5389690509e-01
5.6652905388e-01 -1.2103868222e+00 -8.5389795149e-01
5.6652441482e-01 -1.2103920341e+00 -8.5389574708e-01
5.6652374720e-01 -1.2103919148e+00 -8.5389692671e-01
5.6652367626e-01 -1.2103860067e+00 -8.5389787031e-01
5.6652306763e-01 -1.2103858973e+00 -8.5389891059e-01
-3.6771087597e+00 -1.0693304605e+00 2.6059260843e+00
-3.6771190830e+00 -1.0693342687e+00 2.6059349161e+00
-3.6771027229e+00 -1.0693244863e+00 2.6059228414e+00
-3.6771129291e+00 -1.0693282619e+00 2.6059317294e+00
-3.6771067462e+00 -1.0693299087e+00 2.6059262304e+00
-3.6771170427e+00 -1.0693337333e+00 2.6059350703e+00
-3.6771007064e+00 -1.0693239622e+00 2.6059229268e+00
-3.6771109392e+00 -1.0693277216e+00 2.6059318065e+00
4.5230223937e-01 3.6060927112e-02 -2.0891606217e+00
4.5230066944e-01 3.6061600456e-02 -2.0891602080e+00
4.5230233430e-01 3.6058696955e-02 -2.0891613875e+00
4.5230077943e-01 3.6059378725e-02 -2.0891610019e+00
4.5230004665e-01 3.6060653344e-02 -2.0891621310e+00
4.5229848518e-01 3.6061321977e-02 -2.0891617178e+00
4.5230015165e-01 3.6058421673e-02 -2.0891628911e+00
4.5229860532e-01 3.6059098619e-02 -2.0891625059e+00
-7.0120013961e-01 2.6991404409e+00 -1.1925356757e+00
-7.0119986182e-01 2.6991423575e+00 -1.1925323420e+00
-7.0119854197e-01 2.6991365678e+00 -1.1925358300e+00
-7.0119826350e-01 2.6991384846e+00 -1.1925324928e+00
-7.0120015570e-01 2.6991410412e+00 -1.1925344825e+00
-7.0119986296e-01 2.6991429558e+00 -1.1925311433e+00
-7.0119855241e-01 2.6991371676e+00 -1.1925346302e+00
-7.0119825897e-01 2.6991390825e+00 -1.1925312875e+00
7.0234747095e-01 -1.5734897837e+00 -2.7690490210e+00
7.0234917352e-01 -1.5734890918e+00 -2.7690481717e+00
7.0234583146e-01 -1.5734847775e+00 -2.7690468550e+00
7.0234756729e-01 -1.5734840201e+00 -2.7690459066e+00
7.0234205532e-01 -1.5734915504e+00 -2.7690490859e+00
7.0234379784e-01 -1.5734908190e+00 -2.7690481801e+00
7.0234045435e-01 -1.5734865767e+00 -2.7690470446e+00
7.0234220693e-01 -1.5734858404e+00 -2.7690461331e+00
6.6639659177e-02 -8.6023060470e-02 -8.3937835268e-01
6.6638836670e-02 -8.6024285685e-02 -8.3937196701e-01
6.6637619499e-02 -8.6023992566e-02 -8.3937794870e-01
6.6636806188e-02 -8.6025223462e-02 -8.3937160555e-01
6.6641906218e-02 -8.6022455734e-02 -8.3937839535e-01
6.6641083177e-02 -8.6023676546e-02 -8.3937202475e-01
6.6639865847e-02 -8.6023391314e-02 -8.3937799383e-01
6.6639053358e-02 -8.6024623402e-02 -8.3937166216e-01
8.6591951906e-02 7.6454948103e-02 -1.5430893659e+00
8.6591841065e-02 7.6454646095e-02 -1.5430891367e+00
8.6592691891e-02 7.6465839373e-02 -1.5430894974e+00
8.6592530116e-02 7.6465476031e-02 -1.5430892466e+00
8.6594400821e-02 7.6457133701e-02 -1.5430902854e+00
8.6594268133e-02 7.6456796931e-02 -1.5430900594e+00
8.6595092474e-02 7.6467979535e-02 -1.5430903687e+00
8.6594952401e-02 7.6467650946e-02 -1.5430901149e+00
-2.5770000588e-01 -3.5560430767e-01 -3.6970816674e-01
-2.5770035168e-01 -3.5560275107e-01 -3.6970588363e-01
-2.5769940947e-01 -3.5560420004e-01 -3.6970826468e-01
-2.5769975714e-01 -3.5560264348e-01 -3.6970597018e-01
-2.5770789476e-01 -3.5560371784e-01 -3.6970665235e-01
-2.5770826295e-01 -3.5560214377e-01 -3.6970443659e-01
-2.5770729453e-01 -3.5560358227e-01 -3.6970669893e-01
-2.5770765650e-01 -3.5560200731e-01 -3.6970448870e-01
-2.9100957147e-01 -8.7670450699e-02 -2.3050548403e+00
-2.9101021931e-01 -8.7671744614e-02 -2.3050548498e+00
-2.9101036224e-01 -8.7671636898e-02 -2.3050552477e+00
-2.9101101022e-01 -8.7672925834e-02 -2.3050552685e+00
-2.9100928780e-01 -8.7671423640e-02 -2.3050542250e+00
-2.9100993170e-01 -8.7672705694e-02 -2.3050542364e+00
-2.9101009270e-01 -8.7672603762e-02 -2.3050546553e+00
-2.9101073673e-01 -8.7673880837e-02 -2.3050546781e+00
8.5558094228e-01 5.4957729205e-01 -3.6527606261e-01
8.5557976288e-01 5.4957735456e-01 -3.6527403496e-01
8.5558184257e-01 5.4958042554e-01 -3.6527683975e-01
8.5558079094e-01 5.4958056194e-01 -3.6527485795e-01
8.5558712327e-01 5.4957783997e-01 -3.6527569756e-01
8.5558603793e-01 5.4957794077e-01 -3.6527360567e-01
8.5558802618e-01 5.4958107583e-01 -3.6527631432e-01
8.5558689308e-01 5.4958116505e-01 -3.6527439739e-01
-7.6766590116e-02 4.8773523422e-01 7.1315643806e-01
-7.6767649963e-02 4.8773441476e-01 7.1315704550e-01
-7.6767548289e-02 4.8773532304e-01 7.1315776094e-01
-7.6768614031e-02 4.8773448419e-01 7.1315834384e-01
-7.6765772851e-02 4.8773634473e-01 7.1315487784e-01
-7.6766843447e-02 4.8773552605e-01 7.1315548053e-01
-7.6766769944e-02 4.8773640824e-01 7.1315622834e-01
-7.6767846435e-02 4.8773557017e-01 7.1315680647e-01
7.9879053721e-01 8.9729744810e-01 -3.2306280669e+00
7.9878463298e-01 8.9729378364e-01 -3.2306091058e+00
7.9878695744e-01 8.9729447552e-01 -3.2306209769e+00
7.9878110044e-01 8.9729080197e-01 -3.2306020124e+00
7.9879055324e-01 8.9729681014e-01 -3.2306285178e+00
7.9878465024e-01 8.9729316963e-01 -3.2306095610e+00
7.9878696864e-01 8.9729382819e-01 -3.2306214313e+00
7.9878111282e-01 8.9729017868e-01 -3.2306024713e+00
-9.4724807131e-01 -4.1224042931e-01 1.6058314226e+00
-9.4724490399e-01 -4.1224450449e-01 1.6058400882e+00
-9.4724686875e-01 -4.1224410464e-01 1.6058334099e+00
-9.4724367954e-01 -4.1224816232e-01 1.6058420768e+00
-9.4724800709e-01 -4.1224117833e-01 1.6058325603e+00
-9.4724488422e-01 -4.1224526587e-01 1.6058412276e+00
-9.4724681219e-01 -4.1224485708e-01 1.6058345475e+00
-9.4724366853e-01 -4.1224895382e-01 1.6058431800e+00
1.1340579462e+00 -4.5689230033e-01 8.3458559069e-01
1.1340583103e+00 -4.5689102259e-01 8.3458781639e-01
1.1340572255e+00 -4.5689191034e-01 8.3458692061e-01
1.1340575805e+00 -4.5689063766e-01 8.3458915239e-01
1.1340578281e+00 -4.5689212792e-01 8.3458556853e-01
1.1340581937e+00 -4.5689085283e-01 8.3458779298e-01
1.1340571021e+00 -4.5689173478e-01 8.3458689871e-01
1.1340574588e+00 -4.5689046474e-01 8.3458912925e-01
1.4652681969e+00 5.1219176720e-01 -5.8560290344e-01
1.4652633403e+00 5.1218946315e-01 -5.8559602309e-01
1.4652671553e+00 5.1219039800e-01 -5.8560406703e-01
1.4652622931e+00 5.1218810240e-01 -5.8559718335e-01
1.4652703711e+00 5.1219371556e-01 -5.8560824774e-01
1.4652654928e+00 5.1219137366e-01 -5.8560131272e-01
1.4652693288e+00 5.1219234630e-01 -5.8560941114e-01
1.4652644451e+00 5.1219001286e-01 -5.8560247277e-01
7.5298637457e-02 1.4022929008e-01 9.8736414332e-01
7.5299198531e-02 1.4023039586e-01 9.8736976180e-01
7.5299037144e-02 1.4022997107e-01 9.8736478755e-01
7.5299638970e-02 1.4023106322e-01 9.8737041671e-01
7.5298654819e-02 1.4022877400e-01 9.8736390294e-01
7.5299189788e-02 1.4022989291e-01 9.8736945635e-01
7.5299070323e-02 1.4022943262e-01 9.8736455550e-01
7.5299650435e-02 1.4023052284e-01 9.8737011121e-01
1.5987325548e-01 4.7679246548e-01 -5.5470807988e-01
1.5987332426e-01 4.7679261993e-01 -5.5470687872e-01
1.5987518333e-01 4.7679410204e-01 -5.5470702358e-01
1.5987524641e-01 4.7679424428e-01 -5.5470582410e-01
1.5987685961e-01 4.7679174554e-01 -5.5470416090e-01
1.5987694153e-01 4.7679192347e-01 -5.5470296856e-01
1.5987877524e-01 4.7679339614e-01 -5.5470310241e-01
1.5987885064e-01 4.7679356196e-01 -5.5470191092e-01
5.1239984513e-02 -4.3166453125e-01 6.8788110183e-01
5.1239311405e-02 -4.3166307189e-01 6.8788087491e-01
5.1240553238e-02 -4.3166084043e-01 6.8788164604e-01
5.1239737083e-02 -4.3165933641e-01 6.8788145903e-01
5.1242001759e-02 -4.3166468303e-01 6.8787988907e-01
5.1241329233e-02 -4.3166322430e-01 6.8787966219e-01
5.1242501893e-02 -4.3166093616e-01 6.8788049954e-01
5.1241756109e-02 -4.3165947872e-01 6.8788025925e-01
7.3096320192e-01 3.1973158321e-01 1.5770638601e+00
7.3096219492e-01 3.1973297576e-01 1.5770716943e+00
7.3096168628e-01 3.1973666144e-01 1.5770645920e+00
7.3096070569e-01 3.1973804303e-01 1.5770724197e+00
7.3096338328e-01 3.1973148562e-01 1.5770643435e+00
7.3096235432e-01 3.1973290444e-01 1.5770721833e+00
7.3096184604e-01 3.1973657845e-01 1.5770650617e+00
7.3096088885e-01 3.1973796816e-01 1.5770729143e+00
-1.2509946202e+00 -5.0829103869e-02 1.4465492225e+00
-1.2509936691e+00 -5.0829871558e-02 1.4465508808e+00
-1.2509950039e+00 -5.0829271501e-02 1.4465499806e+00
-1.2509940431e+00 -5.0830045609e-02 1.4465516391e+00
-1.2509944526e+00 -5.0828751206e-02 1.4465492085e+00
-1.2509934921e+00 -5.0829514653e-02 1.4465508770e+00
-1.2509948495e+00 -5.0828921546e-02 1.4465499551e+00
-1.2509938793e+00 -5.0829691412e-02 1.4465516239e+00
-2.5124356708e-01 9.6460675031e-01 2.1348576603e+00
-2.5124338067e-01 9.6460674633e-01 2.1348596081e+00
-2.5124363764e-01 9.6460768725e-01 2.1348583446e+00
-2.5124345738e-01 9.6460767225e-01 2.1348602950e+00
-2.5124152306e-01 9.6460684061e-01 2.1348558149e+00
-2.5124134013e-01 9.6460683408e-01 2.1348577538e+00
-2.5124159408e-01 9.6460777682e-01 2.1348564966e+00
-2.5124141518e-01 9.6460776183e-01 2.1348584421e+00
8.7742527180e-01 -4.5800125741e-01 4.0180754020e-01
8.7742405707e-01 -4.5800070351e-01 4.0181223960e-01
8.7742519541e-01 -4.5800157294e-01 4.0180782917e-01
8.7742400179e-01 -4.5800103476e-01 4.0181251061e-01
8.7742488176e-01 -4.5800149740e-01 4.0180826626e-01
8.7742366423e-01 -4.5800097000e-01 4.0181293322e-01
8.7742479847e-01 -4.5800180720e-01 4.0180856085e-01
8.7742360206e-01 -4.5800129551e-01 4.0181320985e-01
-1.8455946233e-01 4.9866908363e-01 1.4733952027e+00
-1.8455953285e-01 4.9866883394e-01 1.4733970295e+00
-1.8455920089e-01 4.9867338419e-01 1.4733966700e+00
-1.8455926535e-01 4.9867314796e-01 1.4733984877e+00
-1.8456466355e-01 4.9866886249e-01 1.4733952823e+00
-1.8456473318e-01 4.9866863659e-01 1.4733971014e+00
-1.8456438857e-01 4.9867314918e-01 1.4733967547e+00
-1.8456441255e-01 4.9867291737e-01 1.4733985581e+00
8.8734522367e-01 -7.2610404325e-01 1.0141933163e+00
8.8734466831e-01 -7.2610534733e-01 1.0141932282e+00
8.8734659081e-01 -7.2610417916e-01 1.0141924148e+00
8.8734600980e-01 -7.2610546825e-01 1.0141923438e+00
8.8734669080e-01 -7.2610344045e-01 1.0141928070e+00
8.8734615402e-01 -7.2610487612e-01 1.0141927849e+00
8.8734804153e-01 -7.2610359125e-01 1.0141918931e+00
8.8734747941e-01 -7.2610501211e-01 1.0141918886e+00
-6.0435922258e-02 -2.7143985106e-01 1.5865555462e+00
-6.0434699588e-02 -2.7143883369e-01 1.5865597353e+00
-6.0434970425e-02 -2.7144007639e-01 1.5865552490e+00
-6.0433781064e-02 -2.7143907774e-01 1.5865594213e+00
-6.0431181201e-02 -2.7143989070e-01 1.5865555885e+00
-6.0429954464e-02 -2.7143883907e-01 1.5865597288e+00
-6.0430222113e-02 -2.7144011763e-01 1.5865552943e+00
-6.0429069149e-02 -2.7143908604e-01 1.5865594221e+00
1.8148295418e-01 1.4253209675e+00 1.0407431888e+00
1.8148167446e-01 1.4253168123e+00 1.0407500674e+00
1.8147987169e-01 1.4253189661e+00 1.0407444879e+00
1.8147860398e-01 1.4253148213e+00 1.0407513432e+00
1.8148387165e-01 1.4253213563e+00 1.0407427907e+00
1.8148259290e-01 1.4253172118e+00 1.0407496742e+00
1.8148079004e-01 1.4253193781e+00 1.0407441248e+00
1.8147952738e-01 1.4253152245e+00 1.0407509532e+00
4.5454121496e-01 -1.2026302914e+00 -7.5354544499e-01
4.5454149631e-01 -1.2026296722e+00 -7.5354771206e-01
4.5454400647e-01 -1.2026309236e+00 -7.5354589472e-01
4.5454431097e-01 -1.2026302929e+00 -7.5354820658e-01
4.5454373817e-01 -1.2026318745e+00 -7.5354739484e-01
4.5454401398e-01 -1.2026312323e+00 -7.5354962135e-01
4.5454652863e-01 -1.2026325062e+00 -7.5354784477e-01
4.5454680490e-01 -1.2026318660e+00 -7.5355007097e-01
-1.5452583201e+00 3.8630192022e-01 1.9914837262e+00
-1.5452580608e+00 3.8630044768e-01 1.9914831628e+00
-1.5452577508e+00 3.8630174830e-01 1.9914842005e+00
-1.5452574911e+00 3.8630028140e-01 1.9914836400e+00
-1.5452572520e+00 3.8630253261e-01 1.9914839284e+00
-1.5452569948e+00 3.8630108039e-01 1.9914833513e+00
-1.5452566827e+00 3.8630236327e-01 1.9914844033e+00
-1.5452564241e+00 3.8630091395e-01 1.9914838275e+00
5.2251991402e-01 -1.1485426383e+00 -6.1343722894e-01
5.2252028957e-01 -1.1485422742e+00 -6.1343834831e-01
5.2251970323e-01 -1.1485419264e+00 -6.1343724291e-01
5.2252008625e-01 -1.1485415605e+00 -6.1343836737e-01
5.2252147404e-01 -1.1485433133e+00 -6.1343483443e-01
5.2252186785e-01 -1.1485429463e+00 -6.1343594913e-01
5.2252125303e-01 -1.1485425947e+00 -6.1343484646e-01
5.2252164707e-01 -1.1485422272e+00 -6.1343596101e-01
3.0370359985e-01 9.2900647934e-01 -1.9912102766e-01
3.0370435259e-01 9.2900720830e-01 -1.9912314121e-01
3.0370361528e-01 9.2900768335e-01 -1.9912232635e-01
3.0370436488e-01 9.2900840638e-01 -1.9912444900e-01
3.0370347457e-01 9.2900658899e-01 -1.9912113548e-01
3.0370422812e-01 9.2900731185e-01 -1.9912324736e-01
3.0370348457e-01 9.2900778712e-01 -1.9912243128e-01
3.0370423473e-01 9.2900850372e-01 -1.9912455214e-01
-9.4410526070e-01 -1.0762136349e+00 5.3083036062e-01
-9.4410589899e-01 -1.0762146135e+00 5.3083982799e-01
-9.4410464114e-01 -1.0762088962e+00 5.3082993278e-01
-9.4410547975e-01 -1.0762099116e+00 5.3083931396e-01
-9.4410590906e-01 -1.0762135336e+00 5.3083114419e-01
-9.4410657080e-01 -1.0762145037e+00 5.3084062152e-01
-9.4410534520e-01 -1.0762087816e+00 5.3083073867e-01
-9.4410618607e-01 -1.0762097833e+00 5.3084013638e-01
-1.5797424535e-01 6.8568241738e-01 4.6146748076e-01
-1.5797549204e-01 6.8568214576e-01 4.6146641001e-01
-1.5797447588e-01 6.8568168893e-01 4.6146740829e-01
-1.5797576445e-01 6.8568141205e-01 4.6146633437e-01
-1.5797380340e-01 6.8568261442e-01 4.6146767629e-01
-1.5797504473e-01 6.8568233691e-01 4.6146661072e-01
-1.5797404436e-01 6.8568189601e-01 4.6146760169e-01
-1.5797532770e-01 6.8568161345e-01 4.6146653280e-01
1.6777134085e-01 -5.9611740878e-01 1.6462282809e-01
1.6777148513e-01 -5.9612025601e-01 1.6461813541e-01
1.6777238263e-01 -5.9611875830e-01 1.6462320113e-01
1.6777252462e-01 -5.9612160664e-01 1.6461851743e-01
1.6776151567e-01 -5.9611496334e-01 1.6462473643e-01
1.6776164033e-01 -5.9611775775e-01 1.6462008587e-01
1.6776252793e-01 -5.9611630512e-01 1.6462509302e-01
1.6776265514e-01 -5.9611908917e-01 1.6462044459e-01
8.1747058792e-01 -3.7616805399e-01 -5.9344420155e-01
8.1746923472e-01 -3.7616836959e-01 -5.9343679612e-01
8.1747043549e-01 -3.7616549221e-01 -5.9344226081e-01
8.1746913188e-01 -3.7616579104e-01 -5.9343489541e-01
8.1746974117e-01 -3.7616774477e-01 -5.9344362563e-01
8.1746847061e-01 -3.7616813452e-01 -5.9343625751e-01
8.1746965468e-01 -3.7616522908e-01 -5.9344171343e-01
8.1746837405e-01 -3.7616556502e-01 -5.9343434443e-01
-4.7711436546e-01 1.4874513675e+00 7.1861595443e-01
-4.7711408380e-01 1.4874519272e+00 7.1861514707e-01
-4.7711522288e-01 1.4874605877e+00 7.1861824325e-01
-4.7711496408e-01 1.4874611610e+00 7.1861738347e-01
-4.7712409827e-01 1.4874529401e+00 7.1861892744e-01
-4.7712384053e-01 1.4874535169e+00 7.1861811325e-01
-4.7712503928e-01 1.4874621393e+00 7.1862109709e-01
-4.7712480891e-01 1.4874627260e+00 7.1862023274e-01
-3.8903143447e-01 -4.2698541883e-01 -2.4150208730e-01
-3.8903253223e-01 -4.2698426748e-01 -2.4150540063e-01
-3.8903239425e-01 -4.2698759591e-01 -2.4150413496e-01
-3.8903349551e-01 -4.2698642219e-01 -2.4150740478e-01
-3.8903143962e-01 -4.2698652630e-01 -2.4150234197e-01
-3.8903253187e-01 -4.2698537403e-01 -2.4150565669e-01
-3.8903240399e-01 -4.2698870140e-01 -2.4150438997e-01
-3.8903349973e-01 -4.2698752676e-01 -2.4150766118e-01
-3.4816627003e-01 -9.8262958783e-02 1.7428778367e+00
-3.4816619500e-01 -9.8262629704e-02 1.7428761843e+00
-3.4816639871e-01 -9.8262282960e-02 1.7428777713e+00
-3.4816631920e-01 -9.8261947811e-02 1.7428761154e+00
-3.4816598787e-01 -9.8262224797e-02 1.7428776518e+00
-3.4816589905e-01 -9.8261887702e-02 1.7428759762e+00
-3.4816611111e-01 -9.8261549292e-02 1.7428775979e+00
-3.4816601778e-01 -9.8261206210e-02 1.7428759187e+00
8.6569373596e-01 1.0277614249e-01 -9.6930263495e-01
8.6569299465e-01 1.0277534367e-01 -9.6930608621e-01
8.6569315214e-01 1.0277545884e-01 -9.6930170449e-01
8.6569239952e-01 1.0277464454e-01 -9.6930523359e-01
8.6569379001e-01 1.0277594517e-01 -9.6930277415e-01
8.6569306024e-01 1.0277514046e-01 -9.6930623627e-01
8.6569320622e-01 1.0277525434e-01 -9.6930184305e-01
8.6569246512e-01 1.0277443416e-01 -9.6930538302e-01
9.5716083391e-01 4.8969059825e-02 -2.3102866104e-01
9.5715950997e-01 4.8968525321e-02 -2.3103044959e-01
9.5716182128e-01 4.8968237744e-02 -2.3102898832e-01
9.5716049658e-01 4.8967702568e-02 -2.3103077609e-01
9.5716117467e-01 4.8969220195e-02 -2.3102849742e-01
9.5715986217e-01 4.8968677904e-02 -2.3103027320e-01
9.5716216354e-01 4.8968405103e-02 -2.3102882498e-01
9.5716085114e-01 4.8967862606e-02 -2.3103060041e-01
-3.8775077444e-01 1.2783067866e+00 -1.0391984398e+00
-3.8775026913e-01 1.2783048229e+00 -1.0392025252e+00
-3.8775090175e-01 1.2783063200e+00 -1.0391983769e+00
-3.8775038579e-01 1.2783043502e+00 -1.0392024633e+00
-3.8775043977e-01 1.2783070032e+00 -1.0391987145e+00
-3.8774993540e-01 1.2783050409e+00 -1.0392028026e+00
-3.8775056626e-01 1.2783065392e+00 -1.0391986577e+00
-3.8775005233e-01 1.2783045712e+00 -1.0392027461e+00
-9.6111328117e-01 7.6142863275e-01 -1.0482408386e-01
-9.6111379206e-01 7.6142877925e-01 -1.0482519943e-01
-9.6111537346e-01 7.6143526835e-01 -1.0482117580e-01
-9.6111587266e-01 7.6143537087e-01 -1.0482230940e-01
-9.6111574889e-01 7.6142913389e-01 -1.0482169186e-01
-9.6111625005e-01 7.6142927871e-01 -1.0482279987e-01
-9.6111782659e-01 7.6143577051e-01 -1.0481875375e-01
-9.6111833556e-01 7.6143587490e-01 -1.0481989480e-01
1.9908222416e-01 3.5248929069e-01 -8.8288410818e-02
1.9908322409e-01 3.5249051407e-01 -8.8292171733e-02
1.9908342816e-01 3.5249462855e-01 -8.8287670466e-02
1.9908435900e-01 3.5249588446e-01 -8.8291446647e-02
1.9908270747e-01 3.5248818758e-01 -8.8287053601e-02
1.9908370797e-01 3.5248940966e-01 -8.8290814079e-02
1.9908393305e-01 3.5249351434e-01 -8.8286291428e-02
1.9908486423e-01 3.5249476894e-01 -8.8290067019e-02
