-3.5045974472e-02 -2.5696824809e-02 1.0600645336e-01
-3.5045674740e-02 -2.5696926989e-02 1.0600819723e-01
-3.5046224205e-02 -2.5697998757e-02 1.0600637835e-01
-3.5045929513e-02 -2.5698092183e-02 1.0600813280e-01
-3.5045721846e-02 -2.5697072662e-02 1.0600668765e-01
-3.5045442214e-02 -2.5697178579e-02 1.0600842832e-01
-3.5045977417e-02 -2.5698242512e-02 1.0600661929e-01
-3.5045689212e-02 -2.5698348894e-02 1.0600835771e-01
-2.2859055623e-01 1.3470826065e-01 2.8640869480e-01
-2.2858909823e-01 1.3470790311e-01 2.8640666205e-01
-2.2858947043e-01 1.3470756073e-01 2.8640820492e-01
-2.2858802078e-01 1.3470720233e-01 2.8640617725e-01
-2.2859000226e-01 1.3470826418e-01 2.8640829366e-01
-2.2858854513e-01 1.3470790655e-01 2.8640626142e-01
-2.2858891515e-01 1.3470757902e-01 2.8640781077e-01
-2.2858746637e-01 1.3470722054e-01 2.8640578362e-01
-3.6965078845e-01 -1.8344304895e-02 -2.1986477811e-01
-3.6965080628e-01 -1.8342214279e-02 -2.1986001720e-01
-3.6965139982e-01 -1.8344932126e-02 -2.1986561200e-01
-3.6965142456e-01 -1.8342860523e-02 -2.1986082057e-01
-3.6965152992e-01 -1.8344157507e-02 -2.1986473138e-01
-3.6965156148e-01 -1.8342061299e-02 -2.1985997242e-01
-3.6965215396e-01 -1.8344793258e-02 -2.1986559630e-01
-3.6965217799e-01 -1.8342702229e-02 -2.1986077409e-01
-2.8873958174e-01 -1.3847441500e-01 5.1138298643e-01
-2.8873848385e-01 -1.3847302524e-01 5.1137998865e-01
-2.8873928371e-01 -1.3847803623e-01 5.1138546406e-01
-2.8873819960e-01 -1.3847665307e-01 5.1138245413e-01
-2.8874013515e-01 -1.3847467642e-01 5.1138365085e-01
-2.8873903726e-01 -1.3847328667e-01 5.1138065307e-01
-2.8873984080e-01 -1.3847829638e-01 5.1138612233e-01
-2.8873875669e-01 -1.3847691322e-01 5.1138311240e-01
3.1475955844e-03 3.7068749919e-02 -9.0049627989e-02
3.1475033310e-03 3.7068799142e-02 -9.0049477092e-02
3.1475647593e-03 3.7068854977e-02 -9.0049640268e-02
3.1474753826e-03 3.7068910728e-02 -9.0049487500e-02
3.1476934966e-03 3.7068888734e-02 -9.0049594132e-02
3.1476011994e-03 3.7068937109e-02 -9.0049442687e-02
3.1476560791e-03 3.7068985722e-02 -9.0049616269e-02
3.1475666587e-03 3.7069040626e-02 -9.0049462953e-02
2.5619004894e-01 1.8937618949e-01 -5.0077734300e-01
2.5619015922e-01 1.8937615063e-01 -5.0077821610e-01
2.5619042765e-01 1.8937560251e-01 -5.0077762411e-01
2.5619051594e-01 1.8937555206e-01 -5.0077851379e-01
2.5618996807e-01 1.8937625878e-01 -5.0077771432e-01
2.5619007850e-01 1.8937621994e-01 -5.0077858747e-01
2.5619035008e-01 1.8937566774e-01 -5.0077799185e-01
2.5619043852e-01 1.8937561731e-01 -5.0077888159e-01
7.5205251594e-02 2.8582913389e-01 -9.4284616318e-02
7.5205033091e-02 2.8582895636e-01 -9.4284568685e-02
7.5205151417e-02 2.8582874841e-01 -9.4284699647e-02
7.5204939497e-02 2.8582854588e-01 -9.4284684809e-02
7.5205276519e-02 2.8582906061e-01 -9.4284068556e-02
7.5205058149e-02 2.8582888427e-01 -9.4284020828e-02
7.5205171233e-02 2.8582867101e-01 -9.4284146570e-02
7.5204959446e-02 2.8582846967e-01 -9.4284131636e-02
1.0661057505e-01 -4.7423919673e-01 3.0908114707e-01
1.0661058654e-01 -4.7424111530e-01 3.0908491444e-01
1.0661108186e-01 -4.7423646048e-01 3.0907883135e-01
1.0661110321e-01 -4.7423837299e-01 3.0908262212e-01
1.0661069214e-01 -4.7423923384e-01 3.0908168799e-01
1.0661071953e-01 -4.7424117224e-01 3.0908547378e-01
1.0661124063e-01 -4.7423650622e-01 3.0907940830e-01
1.0661126219e-01 -4.7423841421e-01 3.0908320359e-01
1.8308379570e-01 2.4355771215e-01 -2.0222503218e-01
1.8308385653e-01 2.4355775445e-01 -2.0222519038e-01
1.8308404301e-01 2.4355533562e-01 -2.0222309919e-01
1.8308410739e-01 2.4355539811e-01 -2.0222325457e-01
1.8308362201e-01 2.4355758493e-01 -2.0222527647e-01
1.8308368540e-01 2.4355762994e-01 -2.0222543639e-01
1.8308383780e-01 2.4355522179e-01 -2.0222331647e-01
1.8308390474e-01 2.4355528699e-01 -2.0222347356e-01
1.7586802985e-01 -2.3552251920e-01 2.8702035382e-01
1.7586739082e-01 -2.3552240839e-01 2.8702218751e-01
1.7586770366e-01 -2.3551924991e-01 2.8701897683e-01
1.7586704782e-01 -2.3551914614e-01 2.8702077534e-01
1.7586855096e-01 -2.3552253093e-01 2.8701986752e-01
1.7586793639e-01 -2.3552240081e-01 2.8702166469e-01
1.7586823369e-01 -2.3551922864e-01 2.8701845056e-01
1.7586758557e-01 -2.3551913446e-01 2.8702025201e-01
-1.1269758371e-02 1.9330096210e-02 -5.8236548292e-02
-1.1269757791e-02 1.9329886247e-02 -5.8234526310e-02
-1.1269649590e-02 1.9331234404e-02 -5.8236835886e-02
-1.1269679826e-02 1.9331011229e-02 -5.8234766534e-02
-1.1269836366e-02 1.9330128574e-02 -5.8236247028e-02
-1.1269834966e-02 1.9329913847e-02 -5.8234226729e-02
-1.1269692347e-02 1.9331246268e-02 -5.8236577307e-02
-1.1269750906e-02 1.9331050514e-02 -5.8234476448e-02
-1.4028976739e-01 -2.9250364638e-01 1.6067335128e-01
-1.4028971610e-01 -2.9250382211e-01 1.6067294146e-01
-1.4028956872e-01 -2.9250311351e-01 1.6067358598e-01
-1.4028951797e-01 -2.9250329684e-01 1.6067317404e-01
-1.4029126615e-01 -2.9250390038e-01 1.6067287309e-01
-1.4029122124e-01 -2.9250406197e-01 1.6067249288e-01
-1.4029104695e-01 -2.9250337732e-01 1.6067313012e-01
-1.4029101432e-01 -2.9250353066e-01 1.6067274876e-01
-6.5481232383e-01 -3.6816292919e-01 -5.9922264761e-01
-6.5481462842e-01 -3.6816434787e-01 -5.9922403753e-01
-6.5481241958e-01 -3.6816311976e-01 -5.9922320730e-01
-6.5481472569e-01 -3.6816452832e-01 -5.9922459665e-01
-6.5481277736e-01 -3.6816285009e-01 -5.9922279458e-01
-6.5481507969e-01 -3.6816426368e-01 -5.9922419091e-01
-6.5481287260e-01 -3.6816304063e-01 -5.9922335500e-01
-6.5481517646e-01 -3.6816444410e-01 -5.9922475075e-01
1.4290745274e-01 -8.0625918728e-02 1.9120702283e-01
1.4290685532e-01 -8.0626304296e-02 1.9120633458e-01
1.4290769794e-01 -8.0624990313e-02 1.9120750752e-01
1.4290710153e-01 -8.0625372959e-02 1.9120682529e-01
1.4290607882e-01 -8.0626576597e-02 1.9120681477e-01
1.4290547048e-01 -8.0626944648e-02 1.9120610409e-01
1.4290634971e-01 -8.0625615425e-02 1.9120722718e-01
1.4290574615e-01 -8.0625988013e-02 1.9120653098e-01
5.4937831991e-02 1.3929929966e-01 2.5075914924e-01
5.4937513112e-02 1.3929951086e-01 2.5075898949e-01
5.4937346926e-02 1.3929871147e-01 2.5075888486e-01
5.4937027257e-02 1.3929892259e-01 2.5075872517e-01
5.4937757222e-02 1.3929938942e-01 2.5075927652e-01
5.4937438304e-02 1.3929960057e-01 2.5075911676e-01
5.4937284088e-02 1.3929880037e-01 2.5075900921e-01
5.4936964381e-02 1.3929901144e-01 2.5075884950e-01
-1.2441376795e-01 1.0253166613e-01 -2.6556064296e-01
-1.2441348540e-01 1.0253273496e-01 -2.6556164406e-01
-1.2441388366e-01 1.0253049437e-01 -2.6555897945e-01
-1.2441360637e-01 1.0253154485e-01 -2.6555995776e-01
-1.2441373200e-01 1.0253172329e-01 -2.6556018064e-01
-1.2441344776e-01 1.0253279634e-01 -2.6556117599e-01
-1.2441384685e-01 1.0253055291e-01 -2.6555851749e-01
-1.2441356786e-01 1.0253160761e-01 -2.6555949005e-01
-8.6831197118e-02 -2.0273831216e-01 7.1827314049e-01
-8.6831145162e-02 -2.0273861365e-01 7.1827292459e-01
-8.6830702823e-02 -2.0274143403e-01 7.1827581147e-01
-8.6830650866e-02 -2.0274173552e-01 7.1827559557e-01
-8.6831839907e-02 -2.0273793520e-01 7.1827258006e-01
-8.6831782721e-02 -2.0273825910e-01 7.1827237820e-01
-8.6831312209e-02 -2.0274104389e-01 7.1827533596e-01
-8.6831255190e-02 -2.0274136798e-01 7.1827513376e-01
3.2006016999e-01 -1.8723306732e-01 3.4967173151e-01
3.2006010367e-01 -1.8723267741e-01 3.4967175250e-01
3.2006107261e-01 -1.8723125506e-01 3.4967143320e-01
3.2006102388e-01 -1.8723085140e-01 3.4967145053e-01
3.2006022533e-01 -1.8723287221e-01 3.4967187373e-01
3.2006015901e-01 -1.8723248230e-01 3.4967189472e-01
3.2006112771e-01 -1.8723106547e-01 3.4967159225e-01
3.2006106837e-01 -1.8723066664e-01 3.4967160056e-01
-2.8984630302e-01 3.6335173246e-01 2.8721394292e-01
-2.8984778797e-01 3.6335229121e-01 2.8721627377e-01
-2.8984680231e-01 3.6335135268e-01 2.8721425431e-01
-2.8984829681e-01 3.6335185779e-01 2.8721662714e-01
-2.8984588309e-01 3.6335148479e-01 2.8721442657e-01
-2.8984733945e-01 3.6335207079e-01 2.8721675265e-01
-2.8984636131e-01 3.6335108189e-01 2.8721472944e-01
-2.8984782797e-01 3.6335161342e-01 2.8721709768e-01
-1.1090560134e-01 -2.2800494680e-01 -2.2956313842e-01
-1.1090557398e-01 -2.2800437605e-01 -2.2956319388e-01
-1.1090557865e-01 -2.2800587561e-01 -2.2956332936e-01
-1.1090555605e-01 -2.2800531130e-01 -2.2956337188e-01
-1.1090630749e-01 -2.2800474136e-01 -2.2956328516e-01
-1.1090628036e-01 -2.2800417059e-01 -2.2956334058e-01
-1.1090628227e-01 -2.2800566218e-01 -2.2956347250e-01
-1.1090625989e-01 -2.2800509785e-01 -2.2956351498e-01
-1.1705315971e-01 -4.0248208046e-02 -2.3212641149e-01
-1.1705326641e-01 -4.0247992578e-02 -2.3212706687e-01
-1.1705311063e-01 -4.0246828556e-02 -2.3212580516e-01
-1.1705321363e-01 -4.0246616928e-02 -2.3212645667e-01
-1.1705508870e-01 -4.0248116941e-02 -2.3212681245e-01
-1.1705519426e-01 -4.0247902550e-02 -2.3212746653e-01
-1.1705504144e-01 -4.0246688145e-02 -2.3212622102e-01
-1.1705514517e-01 -4.0246478591e-02 -2.3212687412e-01
1.7488462941e-01 -1.9425691043e-01 4.9240396190e-01
1.7488475505e-01 -1.9425673039e-01 4.9240367702e-01
1.7488444938e-01 -1.9426033364e-01 4.9240456446e-01
1.7488457540e-01 -1.9426015353e-01 4.9240427986e-01
1.7488492576e-01 -1.9425754301e-01 4.9240378337e-01
1.7488505143e-01 -1.9425736296e-01 4.9240349850e-01
1.7488476096e-01 -1.9426096637e-01 4.9240441289e-01
1.7488488700e-01 -1.9426078626e-01 4.9240412830e-01
-3.9306216447e-01 -2.1748462873e-01 -6.7096301631e-01
-3.9306201055e-01 -2.1748464287e-01 -6.7096326522e-01
-3.9306194622e-01 -2.1748472744e-01 -6.7096273952e-01
-3.9306179080e-01 -2.1748474106e-01 -6.7096298859e-01
-3.9306231405e-01 -2.1748482882e-01 -6.7096330704e-01
-3.9306216169e-01 -2.1748484914e-01 -6.7096355431e-01
-3.9306209663e-01 -2.1748493406e-01 -6.7096302853e-01
-3.9306194277e-01 -2.1748495386e-01 -6.7096327595e-01
-1.8571486200e-01 3.5941756167e-02 1.0678653777e-01
-1.8571492416e-01 3.5941749789e-02 1.0678785661e-01
-1.8571501326e-01 3.5941206453e-02 1.0678657783e-01
-1.8571507745e-01 3.5941174076e-02 1.0678792107e-01
-1.8571450546e-01 3.5941923869e-02 1.0678670224e-01
-1.8571456144e-01 3.5941931051e-02 1.0678801501e-01
-1.8571465021e-01 3.5941372480e-02 1.0678674449e-01
-1.8571467573e-01 3.5941370069e-02 1.0678811072e-01
1.2652628357e-01 -5.4954167559e-01 4.5158790615e-01
1.2652553304e-01 -5.4954368734e-01 4.5159074919e-01
1.2652592031e-01 -5.4954217001e-01 4.5158797853e-01
1.2652517205e-01 -5.4954418295e-01 4.5159080869e-01
1.2652692806e-01 -5.4954137544e-01 4.5158711915e-01
1.2652616101e-01 -5.4954340957e-01 4.5158997672e-01
1.2652656391e-01 -5.4954187052e-01 4.5158719187e-01
1.2652579910e-01 -5.4954390572e-01 4.5159003656e-01
-4.3086932067e-02 -1.2910184129e-01 -1.1829145502e-01
-4.3086627938e-02 -1.2910194636e-01 -1.1829181012e-01
-4.3087010270e-02 -1.2910169937e-01 -1.1829128345e-01
-4.3086704788e-02 -1.2910180623e-01 -1.1829163506e-01
-4.3086867413e-02 -1.2910175144e-01 -1.1829105931e-01
-4.3086558112e-02 -1.2910185778e-01 -1.1829141134e-01
-4.3086936631e-02 -1.2910161035e-01 -1.1829088513e-01
-4.3086625976e-02 -1.2910171848e-01 -1.1829123367e-01
-1.9390148058e-01 -1.4759898395e-01 1.0999067363e-02
-1.9390157522e-01 -1.4759902485e-01 1.0998677309e-02
-1.9390103437e-01 -1.4759941072e-01 1.0999133043e-02
-1.9390112858e-01 -1.4759945120e-01 1.0998743373e-02
-1.9390171211e-01 -1.4759880050e-01 1.0998994947e-02
-1.9390180973e-01 -1.4759884844e-01 1.0998600419e-02
-1.9390126640e-01 -1.4759922680e-01 1.0999060970e-02
-1.9390136358e-01 -1.4759927431e-01 1.0998666826e-02
-1.8044485130e-01 -1.0918855048e-01 1.1457153430e-01
-1.8044431871e-01 -1.0918899149e-01 1.1457091763e-01
-1.8044489152e-01 -1.0918841660e-01 1.1457119210e-01
-1.8044435901e-01 -1.0918885733e-01 1.1457057520e-01
-1.8044493692e-01 -1.0918856257e-01 1.1457173339e-01
-1.8044440628e-01 -1.0918900306e-01 1.1457111617e-01
-1.8044497253e-01 -1.0918842474e-01 1.1457139736e-01
-1.8044444197e-01 -1.0918886495e-01 1.1457077990e-01
1.1845332713e-01 2.3314381962e-01 5.1733937883e-01
1.1845390848e-01 2.3314342655e-01 5.1733853542e-01
1.1845288234e-01 2.3314290889e-01 5.1733859052e-01
1.1845346218e-01 2.3314251490e-01 5.1733774862e-01
1.1845303796e-01 2.3314367413e-01 5.1733951849e-01
1.1845361948e-01 2.3314328192e-01 5.1733867465e-01
1.1845258611e-01 2.3314275579e-01 5.1733873712e-01
1.1845316611e-01 2.3314236267e-01 5.1733789479e-01
-1.3957159413e+00 -1.0741684027e+00 -1.6586844546e+00
-1.3957156919e+00 -1.0741687286e+00 -1.6586853162e+00
-1.3957110097e+00 -1.0741658489e+00 -1.6586794957e+00
-1.3957107281e+00 -1.0741661816e+00 -1.6586803569e+00
-1.3957256285e+00 -1.0741730098e+00 -1.6586922341e+00
-1.3957253751e+00 -1.0741733325e+00 -1.6586931093e+00
-1.3957206456e+00 -1.0741704657e+00 -1.6586872672e+00
-1.3957203743e+00 -1.0741708037e+00 -1.6586881263e+00
-9.2461675915e-02 1.7397676352e-01 7.1861069700e-02
-9.2461532760e-02 1.7397679973e-01 7.1860750165e-02
-9.2462036235e-02 1.7397608470e-01 7.1861314782e-02
-9.2461892902e-02 1.7397612096e-01 7.1860995040e-02
-9.2462702182e-02 1.7397693712e-01 7.1861718205e-02
-9.2462563003e-02 1.7397696586e-01 7.1861402678e-02
-9.2463055348e-02 1.7397628847e-01 7.1861922757e-02
-9.2462915067e-02 1.7397631688e-01 7.1861606371e-02
-7.5207770559e-02 -2.9894447565e-01 5.6175083103e-01
-7.5207514199e-02 -2.9894489664e-01 5.6175044328e-01
-7.5207983614e-02 -2.9894207307e-01 5.6175099718e-01
-7.5207733236e-02 -2.9894245516e-01 5.6175063192e-01
-7.5207223276e-02 -2.9894474596e-01 5.6175127234e-01
-7.5206966916e-02 -2.9894516696e-01 5.6175088458e-01
-7.5207423695e-02 -2.9894232765e-01 5.6175145076e-01
-7.5207173173e-02 -2.9894270976e-01 5.6175108555e-01
-5.9595499564e-03 4.2425702621e-02 1.0115644793e-01
-5.9592388054e-03 4.2425771885e-02 1.0115576556e-01
-5.9593723843e-03 4.2424938674e-02 1.0115607289e-01
-5.9590586791e-03 4.2424971291e-02 1.0115536760e-01
-5.9595445138e-03 4.2425527898e-02 1.0115627688e-01
-5.9592332771e-03 4.2425597111e-02 1.0115559432e-01
-5.9593722632e-03 4.2424763246e-02 1.0115590469e-01
-5.9590584724e-03 4.2424795813e-02 1.0115519920e-01
-5.8097143676e-02 -5.6418585496e-01 6.1549859474e-01
-5.8097325769e-02 -5.6418573418e-01 6.1549844857e-01
-5.8097196781e-02 -5.6417789966e-01 6.1549208165e-01
-5.8097367978e-02 -5.6417779343e-01 6.1549193414e-01
-5.8097126239e-02 -5.6418593200e-01 6.1549843175e-01
-5.8097308330e-02 -5.6418581122e-01 6.1549828558e-01
-5.8097180204e-02 -5.6417798084e-01 6.1549191961e-01
-5.8097351367e-02 -5.6417787459e-01 6.1549177207e-01
-8.1440362082e-01 5.2680640839e-01 8.5751533076e-01
-8.1440374448e-01 5.2680663731e-01 8.5751511201e-01
-8.1440369826e-01 5.2680587873e-01 8.5751539136e-01
-8.1440383151e-01 5.2680610348e-01 8.5751516578e-01
-8.1440358848e-01 5.2680641662e-01 8.5751520763e-01
-8.1440371212e-01 5.2680664555e-01 8.5751498889e-01
-8.1440366619e-01 5.2680588701e-01 8.5751526814e-01
-8.1440379942e-01 5.2680611177e-01 8.5751504258e-01
5.3303853027e-02 5.2888751526e-02 -1.3761723459e-01
5.3303788665e-02 5.2888429541e-02 -1.3761785820e-01
5.3304035415e-02 5.2889209407e-02 -1.3761700876e-01
5.3303971611e-02 5.2888883794e-02 -1.3761763024e-01
5.3303682767e-02 5.2888684332e-02 -1.3761725916e-01
5.3303618393e-02 5.2888362341e-02 -1.3761788276e-01
5.3303862426e-02 5.2889145676e-02 -1.3761703531e-01
5.3303798610e-02 5.2888820056e-02 -1.3761765679e-01
-7.4217617854e-02 -1.1204334548e-01 5.3919819190e-02
-7.4217917981e-02 -1.1204314325e-01 5.3919540859e-02
-7.4217600510e-02 -1.1204373321e-01 5.3919924414e-02
-7.4217904224e-02 -1.1204353504e-01 5.3919648894e-02
-7.4218250322e-02 -1.1204326229e-01 5.3919424027e-02
-7.4218550306e-02 -1.1204306006e-01 5.3919146132e-02
-7.4218233040e-02 -1.1204364912e-01 5.3919529717e-02
-7.4218536612e-02 -1.1204345094e-01 5.3919254632e-02
1.7130621958e-01 2.4829828916e-01 -1.5368283683e-01
1.7130628085e-01 2.4829816307e-01 -1.5368302561e-01
1.7130670344e-01 2.4829743988e-01 -1.5368203036e-01
1.7130675297e-01 2.4829731843e-01 -1.5368220993e-01
1.7130580330e-01 2.4829814655e-01 -1.5368275976e-01
1.7130586456e-01 2.4829802046e-01 -1.5368294855e-01
1.7130628715e-01 2.4829729610e-01 -1.5368195584e-01
1.7130633668e-01 2.4829717464e-01 -1.5368213541e-01
-1.5790452809e-02 -6.6967758168e-02 4.7846588716e-01
-1.5790716296e-02 -6.6967955217e-02 4.7846555690e-01
-1.5790482788e-02 -6.6968105653e-02 4.7846613420e-01
-1.5790745504e-02 -6.6968302335e-02 4.7846580373e-01
-1.5790470195e-02 -6.6967943164e-02 4.7846583996e-01
-1.5790733682e-02 -6.6968140213e-02 4.7846550970e-01
-1.5790500223e-02 -6.6968290370e-02 4.7846608669e-01
-1.5790762939e-02 -6.6968487052e-02 4.7846575622e-01
4.3001899600e-01 -1.9639377653e-01 -2.2146941848e-01
4.3001903296e-01 -1.9639403053e-01 -2.2146982867e-01
4.3001894265e-01 -1.9639349896e-01 -2.2146978731e-01
4.3001898419e-01 -1.9639375235e-01 -2.2147020307e-01
4.3001889347e-01 -1.9639369226e-01 -2.2146970229e-01
4.3001893049e-01 -1.9639394620e-01 -2.2147011246e-01
4.3001883992e-01 -1.9639341370e-01 -2.2147007142e-01
4.3001888152e-01 -1.9639366704e-01 -2.2147048715e-01
2.4549167085e-02 8.4745292776e-01 -4.4530737891e-01
2.4549036098e-02 8.4745317596e-01 -4.4530763615e-01
2.4549649766e-02 8.4745262317e-01 -4.4530766921e-01
2.4549518660e-02 8.4745287166e-01 -4.4530792596e-01
2.4549056216e-02 8.4745286643e-01 -4.4530712518e-01
2.4548925221e-02 8.4745311464e-01 -4.4530738241e-01
2.4549538292e-02 8.4745256157e-01 -4.4530741351e-01
2.4549407177e-02 8.4745281007e-01 -4.4530767025e-01
6.0867712392e-02 1.0698835266e-01 1.6752141938e-01
6.0867669637e-02 1.0698753360e-01 1.6752296798e-01
6.0867729127e-02 1.0698769881e-01 1.6752203074e-01
6.0867685606e-02 1.0698684415e-01 1.6752365957e-01
6.0867821818e-02 1.0698839951e-01 1.6752141166e-01
6.0867778700e-02 1.0698756979e-01 1.6752295139e-01
6.0867838397e-02 1.0698774563e-01 1.6752202309e-01
6.0867793805e-02 1.0698687976e-01 1.6752364402e-01
4.3566364501e-01 2.9050139807e-02 -1.9953369478e-01
4.3566357644e-01 2.9050217811e-02 -1.9953382270e-01
4.3566241586e-01 2.9051568021e-02 -1.9953247821e-01
4.3566233908e-01 2.9051648978e-02 -1.9953260768e-01
4.3566340316e-01 2.9050299974e-02 -1.9953424594e-01
4.3566333459e-01 2.9050377993e-02 -1.9953437387e-01
4.3566219831e-01 2.9051745689e-02 -1.9953306682e-01
4.3566212152e-01 2.9051826633e-02 -1.9953319631e-01
8.2047237214e-02 -1.5921541504e-01 3.2401308202e-01
8.2046959289e-02 -1.5921554859e-01 3.2401282159e-01
8.2047482372e-02 -1.5921544451e-01 3.2401325375e-01
8.2047204329e-02 -1.5921557803e-01 3.2401299395e-01
8.2047009059e-02 -1.5921548350e-01 3.2401304868e-01
8.2046731115e-02 -1.5921561705e-01 3.2401278889e-01
8.2047243512e-02 -1.5921551962e-01 3.2401320896e-01
8.2046965450e-02 -1.5921565314e-01 3.2401294981e-01
-5.9114741504e-02 3.9347071534e-01 -1.2891333607e-01
-5.9114737677e-02 3.9347081728e-01 -1.2891363838e-01
-5.9114834075e-02 3.9347068803e-01 -1.2891342040e-01
-5.9114835998e-02 3.9347078860e-01 -1.2891371931e-01
-5.9115029558e-02 3.9347063315e-01 -1.2891325571e-01
-5.9115025726e-02 3.9347073507e-01 -1.2891355800e-01
-5.9115124045e-02 3.9347060325e-01 -1.2891334676e-01
-5.9115125963e-02 3.9347070380e-01 -1.2891364565e-01
-4.1469669845e-02 -5.4069280333e-01 -9.5393253457e-01
-4.1471890367e-02 -5.4069440838e-01 -9.5393489294e-01
-4.1468378602e-02 -5.4069304572e-01 -9.5393404436e-01
-4.1470583615e-02 -5.4069464239e-01 -9.5393642812e-01
-4.1470277781e-02 -5.4069265193e-01 -9.5393294463e-01
-4.1472498261e-02 -5.4069425698e-01 -9.5393530293e-01
-4.1468984255e-02 -5.4069292135e-01 -9.5393449606e-01
-4.1471189225e-02 -5.4069451802e-01 -9.5393687975e-01
-9.1929012411e-02 2.2868545895e-01 -4.3345723765e-01
-9.1928714108e-02 2.2868548240e-01 -4.3345760635e-01
-9.1929276635e-02 2.2868534899e-01 -4.3345723627e-01
-9.1928979540e-02 2.2868536874e-01 -4.3345760697e-01
-9.1928967624e-02 2.2868545425e-01 -4.3345730144e-01
-9.1928669346e-02 2.2868547775e-01 -4.3345767004e-01
-9.1929231972e-02 2.2868534550e-01 -4.3345729131e-01
-9.1928934903e-02 2.2868536530e-01 -4.3345766192e-01
1.0730833325e-01 -1.2288852643e+00 1.0827934937e+00
1.0730789818e-01 -1.2288851605e+00 1.0827932052e+00
1.0730809774e-01 -1.2288850068e+00 1.0827934573e+00
1.0730766097e-01 -1.2288848987e+00 1.0827931726e+00
1.0730863220e-01 -1.2288852494e+00 1.0827934254e+00
1.0730819713e-01 -1.2288851457e+00 1.0827931369e+00
1.0730838894e-01 -1.2288849888e+00 1.0827933961e+00
1.0730795217e-01 -1.2288848807e+00 1.0827931113e+00
-6.5815826626e-02 -4.6609963315e-01 8.4656691946e-02
-6.5815574876e-02 -4.6609961206e-01 8.4655517111e-02
-6.5815999352e-02 -4.6610019950e-01 8.4656521496e-02
-6.5815777671e-02 -4.6610018293e-01 8.4655337731e-02
-6.5815650236e-02 -4.6609929091e-01 8.4657264358e-02
-6.5815418093e-02 -4.6609923694e-01 8.4656081487e-02
-6.5815824222e-02 -4.6609985721e-01 8.4657093590e-02
-6.5815622147e-02 -4.6609980776e-01 8.4655901790e-02
-2.7201158215e-02 2.8215978994e-01 -2.4571468231e-01
-2.7202289051e-02 2.8215990194e-01 -2.4571541053e-01
-2.7202414252e-02 2.8216123061e-01 -2.4571488342e-01
-2.7203534704e-02 2.8216132479e-01 -2.4571558276e-01
-2.7200037313e-02 2.8216041294e-01 -2.4571476157e-01
-2.7201168149e-02 2.8216052494e-01 -2.4571548980e-01
-2.7201303388e-02 2.8216183288e-01 -2.4571497406e-01
-2.7202423840e-02 2.8216192706e-01 -2.4571567340e-01
-2.2690543952e-01 -8.0917683334e-01 -3.5037066861e-01
-2.2690683879e-01 -8.0917761119e-01 -3.5037214784e-01
-2.2690576331e-01 -8.0918156305e-01 -3.5037056993e-01
-2.2690717272e-01 -8.0918233413e-01 -3.5037205624e-01
-2.2690507933e-01 -8.0917511438e-01 -3.5037035531e-01
-2.2690647860e-01 -8.0917589224e-01 -3.5037183455e-01
-2.2690541342e-01 -8.0917984381e-01 -3.5037025581e-01
-2.2690682283e-01 -8.0918061490e-01 -3.5037174212e-01
1.2759476638e-01 6.9399497573e-02 2.1767348821e-01
1.2759353452e-01 6.9400149562e-02 2.1767179130e-01
1.2759425438e-01 6.9401534500e-02 2.1767449101e-01
1.2759300982e-01 6.9402187186e-02 2.1767276066e-01
1.2758952702e-01 6.9398279972e-02 2.1767440455e-01
1.2758823318e-01 6.9398874369e-02 2.1767263224e-01
1.2758901088e-01 6.9400304134e-02 2.1767537271e-01
1.2758767615e-01 6.9400927515e-02 2.1767358207e-01
-8.2436759880e-01 9.0017805331e-02 3.6557756121e-01
-8.2436739615e-01 9.0019032130e-02 3.6557764825e-01
-8.2436773525e-01 9.0012896039e-02 3.6557937809e-01
-8.2436742154e-01 9.0014068903e-02 3.6557939333e-01
-8.2436910399e-01 9.0016830142e-02 3.6557833899e-01
-8.2436893859e-01 9.0018030464e-02 3.6557843792e-01
-8.2436924045e-01 9.0011934280e-02 3.6558013355e-01
-8.2436896397e-01 9.0013080667e-02 3.6558016069e-01
1.5987531807e-01 -1.7403582663e-01 -2.9420823511e-02
1.5987550037e-01 -1.7403731005e-01 -2.9419198343e-02
1.5987555349e-01 -1.7402876759e-01 -2.9420725616e-02
1.5987580209e-01 -1.7403015730e-01 -2.9419107693e-02
1.5986823834e-01 -1.7403386695e-01 -2.9418832412e-02
1.5986848189e-01 -1.7403532186e-01 -2.9417159259e-02
1.5986831103e-01 -1.7402654655e-01 -2.9418629964e-02
1.5986866678e-01 -1.7402788416e-01 -2.9416934135e-02
1.0469103526e-02 -6.9581388826e-02 -1.5619568121e-01
1.0470359520e-02 -6.9581958676e-02 -1.5619749776e-01
1.0467875965e-02 -6.9582174983e-02 -1.5619640819e-01
1.0469136584e-02 -6.9582753985e-02 -1.5619823472e-01
1.0469448958e-02 -6.9580619220e-02 -1.5619475064e-01
1.0470727352e-02 -6.9581202142e-02 -1.5619656808e-01
1.0468222739e-02 -6.9581409321e-02 -1.5619547982e-01
1.0469505759e-02 -6.9582001395e-02 -1.5619730724e-01
4.1651343522e-01 -6.9046479930e-01 8.3265834094e-02
4.1651359746e-01 -6.9046438913e-01 8.3265343002e-02
4.1651267653e-01 -6.9046262982e-01 8.3265397715e-02
4.1651284195e-01 -6.9046221225e-01 8.3264904904e-02
4.1651465430e-01 -6.9046439467e-01 8.3266113225e-02
4.1651481616e-01 -6.9046398435e-01 8.3265622122e-02
4.1651380246e-01 -6.9046223033e-01 8.3265680045e-02
4.1651396749e-01 -6.9046181261e-01 8.3265187223e-02
1.9723812980e-01 3.5865437541e-01 -2.0247049012e-01
1.9723809898e-01 3.5865524175e-01 -2.0247053705e-01
1.9723866049e-01 3.5865089570e-01 -2.0247354481e-01
1.9723862663e-01 3.5865177859e-01 -2.0247359734e-01
1.9722691117e-01 3.5865637863e-01 -2.0246548711e-01
1.9722689126e-01 3.5865718973e-01 -2.0246556072e-01
1.9722743753e-01 3.5865290707e-01 -2.0246854387e-01
1.9722741214e-01 3.5865372163e-01 -2.0246860549e-01
-3.5302914175e-01 -9.7903924103e-02 2.6509250322e-01
-3.5302935685e-01 -9.7902318836e-02 2.6509445567e-01
-3.5302991757e-01 -9.7905233394e-02 2.6509225409e-01
-3.5303014337e-01 -9.7903585762e-02 2.6509421275e-01
-3.5302858300e-01 -9.7902717073e-02 2.6509227940e-01
-3.5302888809e-01 -9.7901112935e-02 2.6509421117e-01
-3.5302935881e-01 -9.7904024944e-02 2.6509202994e-01
-3.5302967779e-01 -9.7902380540e-02 2.6509396580e-01
-4.2832703792e-01 5.0546422662e-01 5.8753673360e-02
-4.2832676748e-01 5.0546440198e-01 5.8753497861e-02
-4.2832748500e-01 5.0546389213e-01 5.8753947631e-02
-4.2832716822e-01 5.0546409948e-01 5.8753754766e-02
-4.2832752248e-01 5.0546460953e-01 5.8754814490e-02
-4.2832725190e-01 5.0546478480e-01 5.8754639007e-02
-4.2832800268e-01 5.0546434313e-01 5.8755100039e-02
-4.2832768577e-01 5.0546455040e-01 5.8754907188e-02
-8.1187516551e-02 -1.8136608690e-01 2.4260856076e-01
-8.1187453420e-02 -1.8136565108e-01 2.4261065527e-01
-8.1186896105e-02 -1.8136850401e-01 2.4260931679e-01
-8.1186973054e-02 -1.8136811998e-01 2.4261144784e-01
-8.1193567507e-02 -1.8136542712e-01 2.4260941031e-01
-8.1193272128e-02 -1.8136491633e-01 2.4261156710e-01
-8.1192954782e-02 -1.8136782146e-01 2.4261023032e-01
-8.1192725982e-02 -1.8136743538e-01 2.4261231833e-01
1.4940865692e-02 7.2310636901e-01 3.1954690977e-01
1.4940661954e-02 7.2310604111e-01 3.1954686603e-01
1.4942781939e-02 7.2311093808e-01 3.1954762616e-01
1.4942588586e-02 7.2311064663e-01 3.1954760291e-01
1.4941166021e-02 7.2310721277e-01 3.1954697281e-01
1.4940961979e-02 7.2310690890e-01 3.1954692681e-01
1.4942949994e-02 7.2311179775e-01 3.1954773722e-01
1.4942755434e-02 7.2311151166e-01 3.1954771468e-01
4.7640132623e-01 2.9608191460e-01 -4.0829180594e-01
4.7640149392e-01 2.9608351826e-01 -4.0829317263e-01
4.7640243786e-01 2.9607878065e-01 -4.0829188565e-01
4.7640262492e-01 2.9608038704e-01 -4.0829322430e-01
4.7640427624e-01 2.9608109056e-01 -4.0829115846e-01
4.7640444394e-01 2.9608269422e-01 -4.0829252516e-01
4.7640544746e-01 2.9607783435e-01 -4.0829121101e-01
4.7640563453e-01 2.9607944073e-01 -4.0829254967e-01
4.9408557313e-01 1.1896324909e-01 2.0533121256e-01
4.9408604398e-01 1.1896340669e-01 2.0533052081e-01
4.9408564721e-01 1.1896167469e-01 2.0533056097e-01
4.9408609060e-01 1.1896184581e-01 2.0532985503e-01
4.9407802636e-01 1.1896412191e-01 2.0533268912e-01
4.9407850154e-01 1.1896430672e-01 2.0533201719e-01
4.9407813978e-01 1.1896257891e-01 2.0533204504e-01
4.9407861389e-01 1.1896276917e-01 2.0533135954e-01
7.3927141493e-01 7.3582351769e-01 3.9655729981e-01
7.3927531329e-01 7.3582628578e-01 3.9656194672e-01
7.3927137437e-01 7.3582362152e-01 3.9655784694e-01
7.3927530162e-01 7.3582637855e-01 3.9656245010e-01
7.3926591586e-01 7.3582350070e-01 3.9655812376e-01
7.3926974277e-01 7.3582629673e-01 3.9656268453e-01
7.3926585038e-01 7.3582362014e-01 3.9655862830e-01
7.3926971846e-01 7.3582640379e-01 3.9656320159e-01
1.1154636536e-01 -4.8175887170e-01 -3.4114192374e-01
1.1154667262e-01 -4.8175991827e-01 -3.4114125744e-01
1.1154714711e-01 -4.8176040202e-01 -3.4114276496e-01
1.1154752951e-01 -4.8176147886e-01 -3.4114212553e-01
1.1154658905e-01 -4.8175828943e-01 -3.4114139803e-01
1.1154689471e-01 -4.8175933399e-01 -3.4114072920e-01
1.1154736633e-01 -4.8175982956e-01 -3.4114222433e-01
1.1154774714e-01 -4.8176090440e-01 -3.4114158238e-01
5.2485038944e-01 -1.2855618348e-01 3.7213062580e-02
5.2484969481e-01 -1.2855632743e-01 3.7215131828e-02
5.2485024014e-01 -1.2855827353e-01 3.7213228357e-02
5.2484962481e-01 -1.2855851961e-01 3.7215336725e-02
5.2485124488e-01 -1.2855575153e-01 3.7213520573e-02
5.2485053359e-01 -1.2855598737e-01 3.7215616317e-02
5.2485110085e-01 -1.2855785196e-01 3.7213671152e-02
5.2485046021e-01 -1.2855816893e-01 3.7215838384e-02
-2.0097276926e-01 2.8528402046e-01 -1.0488161948e-02
-2.0097292599e-01 2.8528419407e-01 -1.0487711916e-02
-2.0097383397e-01 2.8528334313e-01 -1.0488729654e-02
-2.0097399809e-01 2.8528351495e-01 -1.0488285996e-02
-2.0097301896e-01 2.8528460502e-01 -1.0488524059e-02
-2.0097317576e-01 2.8528477871e-01 -1.0488073923e-02
-2.0097409145e-01 2.8528391649e-01 -1.0489071968e-02
-2.0097425564e-01 2.8528408839e-01 -1.0488628205e-02
-4.5996866111e-01 -8.0019462602e-02 2.9461268658e-01
-4.5996890326e-01 -8.0019759927e-02 2.9461419530e-01
-4.5996849319e-01 -8.0020085454e-02 2.9461188621e-01
-4.5996871547e-01 -8.0020377565e-02 2.9461341240e-01
-4.5996771554e-01 -8.0019713249e-02 2.9461216328e-01
-4.5996795835e-01 -8.0020017969e-02 2.9461369227e-01
-4.5996763038e-01 -8.0020349721e-02 2.9461134720e-01
-4.5996785332e-01 -8.0020649228e-02 2.9461289366e-01
1.4801026585e-02 5.1141637535e-02 3.6000120216e-04
1.4800815794e-02 5.1141908891e-02 3.6038953385e-04
1.4801467146e-02 5.1145014031e-02 3.5941846695e-04
1.4801299451e-02 5.1145225810e-02 3.5978244919e-04
1.4799508297e-02 5.1141435866e-02 3.6074644867e-04
1.4799297447e-02 5.1141707248e-02 3.6113477299e-04
1.4799897187e-02 5.1144773535e-02 3.6024851575e-04
1.4799728286e-02 5.1144983679e-02 3.6061004057e-04
-4.6856607246e-01 3.2990386538e-01 3.5343540644e-01
-4.6856698457e-01 3.2990344975e-01 3.5343644719e-01
-4.6856632550e-01 3.2990398303e-01 3.5343413465e-01
-4.6856722669e-01 3.2990349739e-01 3.5343523431e-01
-4.6856961342e-01 3.2990438568e-01 3.5343511675e-01
-4.6857052170e-01 3.2990398687e-01 3.5343615283e-01
-4.6856973669e-01 3.2990449317e-01 3.5343392680e-01
-4.6857054634e-01 3.2990403321e-01 3.5343490389e-01
-5.7755772751e-01 -5.2170760385e-02 1.2405643168e-01
-5.7755761550e-01 -5.2170740996e-02 1.2405751709e-01
-5.7755800993e-01 -5.2166920899e-02 1.2405661033e-01
-5.7755787644e-01 -5.2166949680e-02 1.2405769307e-01
-5.7755659826e-01 -5.2170914713e-02 1.2405643335e-01
-5.7755648593e-01 -5.2170895230e-02 1.2405751864e-01
-5.7755687833e-01 -5.2167084142e-02 1.2405661665e-01
-5.7755674463e-01 -5.2167113141e-02 1.2405769935e-01
5.8166649841e-01 7.3598048919e-02 7.7575050821e-02
5.8166737786e-01 7.3598125297e-02 7.7574909695e-02
5.8166644246e-01 7.3597303492e-02 7.7574218577e-02
5.8166736646e-01 7.3597178120e-02 7.7574120906e-02
5.8166820972e-01 7.3598204837e-02 7.7574912267e-02
5.8166909019e-01 7.3598280112e-02 7.7574777482e-02
5.8166823342e-01 7.3597456650e-02 7.7574081462e-02
5.8166915845e-01 7.3597330174e-02 7.7573990132e-02
9.1355336838e-02 6.7441137397e-01 -5.1546828681e-03
9.1355738962e-02 6.7441135850e-01 -5.1537529606e-03
9.1355260508e-02 6.7441083516e-01 -5.1546807930e-03
9.1355745564e-02 6.7441082900e-01 -5.1537751016e-03
9.1357510347e-02 6.7441157388e-01 -5.1547880767e-03
9.1357912602e-02 6.7441155841e-01 -5.1538581630e-03
9.1357419909e-02 6.7441102268e-01 -5.1547889006e-03
9.1357905095e-02 6.7441101652e-01 -5.1538832029e-03
-5.2887679259e-02 -3.2378224928e-01 -2.3866921513e-01
-5.2889335673e-02 -3.2378055863e-01 -2.3866779283e-01
-5.2886648336e-02 -3.2378254026e-01 -2.3866942590e-01
-5.2888271390e-02 -3.2378086616e-01 -2.3866797802e-01
-5.2886571901e-02 -3.2378272655e-01 -2.3867009577e-01
-5.2888222610e-02 -3.2378106374e-01 -2.3866868806e-01
-5.2885559112e-02 -3.2378300716e-01 -2.3867030584e-01
-5.2887176802e-02 -3.2378136083e-01 -2.3866887261e-01
-6.5163187825e-01 9.3025822683e-01 3.4916768048e-01
-6.5163165282e-01 9.3025825594e-01 3.4916720623e-01
-6.5162735326e-01 9.3025354525e-01 3.4916514366e-01
-6.5162712190e-01 9.3025356408e-01 3.4916468284e-01
-6.5164338592e-01 9.3026228525e-01 3.4917184286e-01
-6.5164310538e-01 9.3026232837e-01 3.4917144293e-01
-6.5163886095e-01 9.3025770757e-01 3.4916934191e-01
-6.5163858200e-01 9.3025774654e-01 3.4916894420e-01
-1.0212938703e-01 -2.3757869403e-01 -4.4644609933e-02
-1.0212968581e-01 -2.3757855968e-01 -4.4643034718e-02
-1.0212708781e-01 -2.3757156179e-01 -4.4644318422e-02
-1.0212746431e-01 -2.3757142603e-01 -4.4642714779e-02
-1.0213127095e-01 -2.3757956191e-01 -4.4644874586e-02
-1.0213156973e-01 -2.3757942757e-01 -4.4643299358e-02
-1.0212895137e-01 -2.3757241908e-01 -4.4644602473e-02
-1.0212932788e-01 -2.3757228332e-01 -4.4642998829e-02
-5.3817162570e-01 -3.3433672451e-01 2.1951392999e-01
-5.3817162729e-01 -3.3433758321e-01 2.1951340498e-01
-5.3817039990e-01 -3.3433918396e-01 2.1951446268e-01
-5.3817050076e-01 -3.3434005529e-01 2.1951393263e-01
-5.3817085387e-01 -3.3433718137e-01 2.1951376056e-01
-5.3817085505e-01 -3.3433804048e-01 2.1951323602e-01
-5.3816962856e-01 -3.3433964368e-01 2.1951428887e-01
-5.3816972901e-01 -3.3434051542e-01 2.1951375928e-01
-7.6245984345e-01 1.0852099552e-01 -3.0423581967e-01
-7.6245834224e-01 1.0852286515e-01 -3.0423305922e-01
-7.6245916004e-01 1.0852495656e-01 -3.0423369010e-01
-7.6245762427e-01 1.0852684982e-01 -3.0423096689e-01
-7.6245922236e-01 1.0852150196e-01 -3.0423575609e-01
-7.6245773437e-01 1.0852336630e-01 -3.0423297513e-01
-7.6245855336e-01 1.0852547402e-01 -3.0423365728e-01
-7.6245701353e-01 1.0852734785e-01 -3.0423088588e-01
4.9118828144e-01 4.0872407070e-01 -2.3920945308e-01
4.9118755636e-01 4.0872468732e-01 -2.3920727902e-01
4.9118650249e-01 4.0872508939e-01 -2.3920867169e-01
4.9118567156e-01 4.0872583589e-01 -2.3920642410e-01
4.9118868357e-01 4.0872411756e-01 -2.3920961013e-01
4.9118797121e-01 4.0872474626e-01 -2.3920742761e-01
4.9118688898e-01 4.0872513053e-01 -2.3920882901e-01
4.9118605865e-01 4.0872586077e-01 -2.3920659105e-01
3.8330470763e-01 -3.7203213951e-01 -8.2407747954e-02
3.8330461525e-01 -3.7203346309e-01 -8.2409262397e-02
3.8330396653e-01 -3.7202984232e-01 -8.2407375621e-02
3.8330389960e-01 -3.7203101929e-01 -8.2408886497e-02
3.8330510249e-01 -3.7203227983e-01 -8.2408450868e-02
3.8330500989e-01 -3.7203360345e-01 -8.2409965466e-02
3.8330435193e-01 -3.7202998042e-01 -8.2408079711e-02
3.8330428500e-01 -3.7203115739e-01 -8.2409590607e-02
1.9035348379e-01 -9.5997193568e-02 1.7037264546e-01
1.9035359748e-01 -9.5997450145e-02 1.7037158245e-01
1.9035358727e-01 -9.5997827649e-02 1.7037289784e-01
1.9035369906e-01 -9.5998094713e-02 1.7037185353e-01
1.9035231401e-01 -9.5997289532e-02 1.7037238255e-01
1.9035242772e-01 -9.5997546100e-02 1.7037131953e-01
1.9035240777e-01 -9.5997930519e-02 1.7037263577e-01
1.9035251957e-01 -9.5998197573e-02 1.7037159145e-01
-5.3677642182e-02 5.6613470760e-01 -3.6556383177e-01
-5.3677154509e-02 5.6613520804e-01 -3.6556552596e-01
-5.3677439216e-02 5.6613283551e-01 -3.6556434027e-01
-5.3676951430e-02 5.6613333130e-01 -3.6556604061e-01
-5.3677411778e-02 5.6613423324e-01 -3.6556439583e-01
-5.3676921621e-02 5.6613473416e-01 -3.6556608737e-01
-5.3677188538e-02 5.6613235291e-01 -3.6556490574e-01
-5.3676698268e-02 5.6613284918e-01 -3.6556660342e-01
9.2992755627e-01 6.1063889269e-01 4.4459929571e-01
9.2992742437e-01 6.1063892793e-01 4.4459837634e-01
9.2992933458e-01 6.1063721060e-01 4.4459941409e-01
9.2992920296e-01 6.1063724573e-01 4.4459849482e-01
9.2991777435e-01 6.1063861516e-01 4.4459836878e-01
9.2991764293e-01 6.1063865414e-01 4.4459748874e-01
9.2991954614e-01 6.1063693549e-01 4.4459848571e-01
9.2991941099e-01 6.1063697747e-01 4.4459759903e-01
6.2363719262e-01 3.1684097536e-01 2.4675729175e-01
6.2363660841e-01 3.1684162055e-01 2.4675475994e-01
6.2363542257e-01 3.1683884943e-01 2.4675534898e-01
6.2363484061e-01 3.1683949713e-01 2.4675282190e-01
6.2363825691e-01 3.1684114448e-01 2.4675763057e-01
6.2363767613e-01 3.1684179128e-01 2.4675510863e-01
6.2363654818e-01 3.1683900397e-01 2.4675569770e-01
6.2363596966e-01 3.1683965328e-01 2.4675318048e-01
1.4766571881e-01 6.8883615884e-02 -1.4565263150e-01
1.4766608104e-01 6.8883762121e-02 -1.4565417319e-01
1.4766580879e-01 6.8886958416e-02 -1.4565049912e-01
1.4766618845e-01 6.8887088480e-02 -1.4565204116e-01
1.4766516924e-01 6.8883006705e-02 -1.4565242733e-01
1.4766553110e-01 6.8883150970e-02 -1.4565396730e-01
1.4766529918e-01 6.8886338250e-02 -1.4565031338e-01
1.4766567846e-01 6.8886466342e-02 -1.4565185371e-01
3.5565125677e-01 2.2829391566e-02 -4.2166598346e-01
3.5565128665e-01 2.2829833078e-02 -4.2166729499e-01
3.5564985969e-01 2.2831590425e-02 -4.2166637916e-01
3.5564995079e-01 2.2832067257e-02 -4.2166763540e-01
3.5564441977e-01 2.2831976975e-02 -4.2166552515e-01
3.5564450994e-01 2.2832455512e-02 -4.2166678824e-01
3.5564300762e-01 2.2834217630e-02 -4.2166586169e-01
3.5564309036e-01 2.2834718604e-02 -4.2166713116e-01
-8.6241514013e-01 1.3142680243e-01 4.1009334799e-02
-8.6241561184e-01 1.3142687015e-01 4.1008048361e-02
-8.6241567421e-01 1.3142831973e-01 4.1009490056e-02
-8.6241614157e-01 1.3142838572e-01 4.1008190845e-02
-8.6241475184e-01 1.3142726317e-01 4.1008893373e-02
-8.6241522357e-01 1.3142732941e-01 4.1007605755e-02
-8.6241532495e-01 1.3142871754e-01 4.1009056458e-02
-8.6241579232e-01 1.3142878205e-01 4.1007756068e-02
-2.8444150592e-01 -8.7566704571e-01 -3.3769430187e-01
-2.8444316995e-01 -8.7566760386e-01 -3.3769789435e-01
-2.8444138310e-01 -8.7566920096e-01 -3.3769564382e-01
-2.8444304717e-01 -8.7566975924e-01 -3.3769923629e-01
-2.8443896284e-01 -8.7566763205e-01 -3.3769452932e-01
-2.8444062688e-01 -8.7566819020e-01 -3.3769812180e-01
-2.8443884365e-01 -8.7566977977e-01 -3.3769586500e-01
-2.8444050771e-01 -8.7567033805e-01 -3.3769945747e-01
-2.3744694997e-01 -5.4701164790e-01 -9.5990107849e-02
-2.3744836946e-01 -5.4701253457e-01 -9.5993395250e-02
-2.3744717892e-01 -5.4701236138e-01 -9.5991545792e-02
-2.3744859834e-01 -5.4701324820e-01 -9.5994833263e-02
-2.3744711934e-01 -5.4701221042e-01 -9.5990059658e-02
-2.3744854029e-01 -5.4701309885e-01 -9.5993349611e-02
-2.3744734887e-01 -5.4701292386e-01 -9.5991502638e-02
-2.3744876976e-01 -5.4701381244e-01 -9.5994792662e-02
-1.5183351712e-01 -4.5535682525e-01 6.0724635301e-02
-1.5183343064e-01 -4.5535723905e-01 6.0724454112e-02
-1.5183302903e-01 -4.5535242207e-01 6.0726771500e-02
-1.5183293030e-01 -4.5535285407e-01 6.0726574856e-02
-1.5183203062e-01 -4.5535541656e-01 6.0725545303e-02
-1.5183194764e-01 -4.5535582817e-01 6.0725358422e-02
-1.5183153120e-01 -4.5535098467e-01 6.0727718222e-02
-1.5183143597e-01 -4.5535141447e-01 6.0727515884e-02
-3.9451425768e-01 1.2889950423e-01 -3.9799811045e-01
-3.9451498468e-01 1.2890003876e-01 -3.9800034478e-01
-3.9451281522e-01 1.2889726805e-01 -3.9799909898e-01
-3.9451353862e-01 1.2889780336e-01 -3.9800132989e-01
-3.9451541108e-01 1.2890085617e-01 -3.9799821202e-01
-3.9451613630e-01 1.2890139169e-01 -3.9800044485e-01
-3.9451397269e-01 1.2889863132e-01 -3.9799919964e-01
-3.9451469431e-01 1.2889916762e-01 -3.9800142906e-01
-2.7134952055e-01 1.1558234681e-01 -1.6899257689e-01
-2.7134981303e-01 1.1558196357e-01 -1.6899316763e-01
-2.7134855087e-01 1.1558327622e-01 -1.6899275117e-01
-2.7134884302e-01 1.1558289272e-01 -1.6899334166e-01
-2.7134944520e-01 1.1558200483e-01 -1.6899181452e-01
-2.7134973757e-01 1.1558162163e-01 -1.6899240534e-01
-2.7134848988e-01 1.1558293902e-01 -1.6899201299e-01
-2.7134878191e-01 1.1558255556e-01 -1.6899260355e-01
4.6851092624e-01 2.4807459681e-01 -1.1173099867e-01
4.6851091233e-01 2.4807409609e-01 -1.1173225743e-01
4.6851099534e-01 2.4807088670e-01 -1.1173020703e-01
4.6851098217e-01 2.4807038798e-01 -1.1173146802e-01
4.6851012581e-01 2.4807315976e-01 -1.1173155904e-01
4.6851011347e-01 2.4807265704e-01 -1.1173282088e-01
4.6851023190e-01 2.4806940322e-01 -1.1173076682e-01
4.6851022031e-01 2.4806890250e-01 -1.1173203088e-01
4.0825006346e-01 1.3035092537e-01 -2.2696160005e-01
4.0825018408e-01 1.3035077516e-01 -2.2696351955e-01
4.0824828364e-01 1.3035541295e-01 -2.2696134050e-01
4.0824832302e-01 1.3035532930e-01 -2.2696316909e-01
4.0824338485e-01 1.3035228741e-01 -2.2696155800e-01
4.0824350244e-01 1.3035213892e-01 -2.2696347438e-01
4.0824152695e-01 1.3035678948e-01 -2.2696126081e-01
4.0824158152e-01 1.3035669546e-01 -2.2696309707e-01
-4.8562102627e-01 1.2096648241e-01 2.9457394222e-01
-4.8562110226e-01 1.2096653563e-01 2.9457249598e-01
-4.8562222336e-01 1.2096543088e-01 2.9457426742e-01
-4.8562229932e-01 1.2096548408e-01 2.9457282163e-01
-4.8562065029e-01 1.2096746481e-01 2.9457441214e-01
-4.8562072630e-01 1.2096751794e-01 2.9457296595e-01
-4.8562175672e-01 1.2096636631e-01 2.9457466055e-01
-4.8562183270e-01 1.2096641943e-01 2.9457321481e-01
3.5784633205e-01 -6.1763929891e-02 -2.5671325807e-01
3.5784729128e-01 -6.1764445465e-02 -2.5671447701e-01
3.5784490549e-01 -6.1759799218e-02 -2.5671237463e-01
3.5784584627e-01 -6.1760392382e-02 -2.5671353892e-01
3.5784923360e-01 -6.1764290946e-02 -2.5671393479e-01
3.5785019219e-01 -6.1764806735e-02 -2.5671515316e-01
3.5784779064e-01 -6.1760114277e-02 -2.5671302605e-01
3.5784873079e-01 -6.1760707657e-02 -2.5671418977e-01
2.8223108535e-01 7.0637003767e-01 -4.7018538823e-01
2.8223072135e-01 7.0637047473e-01 -4.7018702101e-01
2.8222829251e-01 7.0636829943e-01 -4.7018458566e-01
2.8222792360e-01 7.0636872816e-01 -4.7018621942e-01
2.8222294085e-01 7.0636834867e-01 -4.7018484321e-01
2.8222256656e-01 7.0636880395e-01 -4.7018644305e-01
2.8222010921e-01 7.0636664489e-01 -4.7018399758e-01
2.8221976346e-01 7.0636707660e-01 -4.7018562511e-01
-1.2653378122e-01 2.2046015598e-01 1.0782139912e+00
-1.2653318642e-01 2.2046004510e-01 1.0782113807e+00
-1.2653366500e-01 2.2045911627e-01 1.0782145756e+00
-1.2653301985e-01 2.2045899654e-01 1.0782119911e+00
-1.2654303697e-01 2.2046004312e-01 1.0782137027e+00
-1.2654244912e-01 2.2045992294e-01 1.0782110999e+00
-1.2654293248e-01 2.2045901607e-01 1.0782143132e+00
-1.2654231501e-01 2.2045891587e-01 1.0782116894e+00
8.3895878310e-01 1.4217048791e+00 6.9459413135e-01
8.3895783313e-01 1.4217059422e+00 6.9459194550e-01
8.3896074065e-01 1.4217024714e+00 6.9459498786e-01
8.3895979007e-01 1.4217035467e+00 6.9459279071e-01
8.3896321666e-01 1.4217039846e+00 6.9459371308e-01
8.3896226046e-01 1.4217050554e+00 6.9459151802e-01
8.3896517423e-01 1.4217015770e+00 6.9459456974e-01
8.3896421741e-01 1.4217026600e+00 6.9459236338e-01
8.0341059790e-01 3.4493165861e-01 7.5195265500e-01
8.0341072618e-01 3.4493088391e-01 7.5195183333e-01
8.0341009093e-01 3.4492863317e-01 7.5195145698e-01
8.0341025800e-01 3.4492784270e-01 7.5195065093e-01
8.0341720047e-01 3.4493181238e-01 7.5195363694e-01
8.0341732783e-01 3.4493103873e-01 7.5195281673e-01
8.0341669441e-01 3.4492878816e-01 7.5195241106e-01
8.0341686057e-01 3.4492799874e-01 7.5195160648e-01
-1.3294179600e+00 3.9078953100e-01 1.9279409910e+00
-1.3294146141e+00 3.9079061973e-01 1.9279447833e+00
-1.3294188512e+00 3.9078888254e-01 1.9279411677e+00
-1.3294154837e+00 3.9078996814e-01 1.9279450200e+00
-1.3294181958e+00 3.9078998119e-01 1.9279418866e+00
-1.3294148313e+00 3.9079109812e-01 1.9279456741e+00
-1.3294190880e+00 3.9078933084e-01 1.9279420668e+00
-1.3294157932e+00 3.9079050694e-01 1.9279459780e+00
-9.1947011404e-02 7.2313889188e-02 4.1484951857e-01
-9.1946953154e-02 7.2312982812e-02 4.1484908570e-01
-9.1946761727e-02 7.2313036834e-02 4.1484782135e-01
-9.1946708384e-02 7.2312128837e-02 4.1484739097e-01
-9.1951166957e-02 7.2312835537e-02 4.1484766720e-01
-9.1951117672e-02 7.2311938255e-02 4.1484724096e-01
-9.1951029262e-02 7.2312051966e-02 4.1484602033e-01
-9.1950949751e-02 7.2311132092e-02 4.1484560540e-01
9.0368434487e-01 5.6348881703e-01 9.2615187095e-01
9.0368448885e-01 5.6348667988e-01 9.2615086741e-01
9.0368631791e-01 5.6348796919e-01 9.2615133275e-01
9.0368645789e-01 5.6348576940e-01 9.2615039406e-01
9.0368293128e-01 5.6348848249e-01 9.2615173378e-01
9.0368307641e-01 5.6348634832e-01 9.2615072477e-01
9.0368490430e-01 5.6348763419e-01 9.2615119541e-01
9.0368504543e-01 5.6348543737e-01 9.2615025124e-01
-8.1738589642e-01 -6.6815759040e-01 1.1547953776e+00
-8.1738598836e-01 -6.6815656951e-01 1.1547924279e+00
-8.1738413075e-01 -6.6815649110e-01 1.1547942220e+00
-8.1738419007e-01 -6.6815546614e-01 1.1547912509e+00
-8.1738322234e-01 -6.6815812140e-01 1.1547960662e+00
-8.1738331428e-01 -6.6815710051e-01 1.1547931165e+00
-8.1738144879e-01 -6.6815701305e-01 1.1547949045e+00
-8.1738150812e-01 -6.6815598810e-01 1.1547919334e+00
4.3529395838e-01 -1.0340504127e+00 1.7928871026e+00
4.3529305859e-01 -1.0340500103e+00 1.7928860897e+00
4.3529458843e-01 -1.0340428959e+00 1.7928857656e+00
4.3529369152e-01 -1.0340425516e+00 1.7928847534e+00
4.3529473715e-01 -1.0340490890e+00 1.7928869522e+00
4.3529383772e-01 -1.0340486873e+00 1.7928859388e+00
4.3529537927e-01 -1.0340416151e+00 1.7928856183e+00
4.3529448209e-01 -1.0340412706e+00 1.7928846058e+00
-1.5768892543e+00 9.2658018407e-02 6.5029039624e-01
-1.5768878972e+00 9.2657226722e-02 6.5028846594e-01
-1.5768899864e+00 9.2658884887e-02 6.5029049672e-01
-1.5768886233e+00 9.2658092855e-02 6.5028857186e-01
-1.5768989240e+00 9.2657495916e-02 6.5028974410e-01
-1.5768975524e+00 9.2656743719e-02 6.5028773412e-01
-1.5768996283e+00 9.2658382213e-02 6.5028986613e-01
-1.5768982643e+00 9.2657623011e-02 6.5028785671e-01
-2.2112823075e+00 -1.9991348789e-02 4.3443022388e-01
-2.2112822514e+00 -1.9991292484e-02 4.3442875589e-01
-2.2112824665e+00 -1.9990261618e-02 4.3443101414e-01
-2.2112824225e+00 -1.9990155436e-02 4.3442952988e-01
-2.2112804898e+00 -1.9991564501e-02 4.3443019636e-01
-2.2112804336e+00 -1.9991508194e-02 4.3442872837e-01
-2.2112806489e+00 -1.9990472438e-02 4.3443100092e-01
-2.2112806049e+00 -1.9990366255e-02 4.3442951666e-01
1.0531669532e+00 -3.0953406412e-01 8.0328911489e-02
1.0531682431e+00 -3.0953465155e-01 8.0326787501e-02
1.0531663916e+00 -3.0953001399e-01 8.0328328891e-02
1.0531676531e+00 -3.0953062639e-01 8.0326217621e-02
1.0531744072e+00 -3.0953343488e-01 8.0329805806e-02
1.0531756986e+00 -3.0953402334e-01 8.0327650465e-02
1.0531738849e+00 -3.0952944378e-01 8.0329212200e-02
1.0531751465e+00 -3.0953005617e-01 8.0327100992e-02
3.2608997414e+00 -9.4980984868e-01 -1.0054166238e+00
3.2608978236e+00 -9.4981471841e-01 -1.0054232523e+00
3.2608958200e+00 -9.4980155429e-01 -1.0054110210e+00
3.2608939056e+00 -9.4980641688e-01 -1.0054176484e+00
3.2609072966e+00 -9.4981436787e-01 -1.0054210028e+00
3.2609053788e+00 -9.4981923761e-01 -1.0054276313e+00
3.2609033775e+00 -9.4980607449e-01 -1.0054154092e+00
3.2609014630e+00 -9.4981093708e-01 -1.0054220366e+00
2.2396788225e-01 -1.0013408591e+00 8.0051399671e-01
2.2396766847e-01 -1.0013407194e+00 8.0051225116e-01
2.2396724587e-01 -1.0013371639e+00 8.0051425783e-01
2.2396706431e-01 -1.0013369975e+00 8.0051255598e-01
2.2396976335e-01 -1.0013397574e+00 8.0051389354e-01
2.2396955216e-01 -1.0013396196e+00 8.0051213908e-01
2.2396912081e-01 -1.0013360997e+00 8.0051416095e-01
2.2396894184e-01 -1.0013359351e+00 8.0051245018e-01
-1.8714875282e-01 4.6751341713e-01 9.4186164254e-01
-1.8714808940e-01 4.6751389416e-01 9.4186108720e-01
-1.8714774688e-01 4.6751307992e-01 9.4186284561e-01
-1.8714701240e-01 4.6751360708e-01 9.4186233313e-01
-1.8714866020e-01 4.6751466501e-01 9.4186155139e-01
-1.8714799711e-01 4.6751514280e-01 9.4186099485e-01
-1.8714765385e-01 4.6751432779e-01 9.4186275460e-01
-1.8714691970e-01 4.6751485572e-01 9.4186224092e-01
-2.9190104261e-01 -1.0052593507e-02 1.2711436450e+00
-2.9190215039e-01 -1.0052252739e-02 1.2711485125e+00
-2.9190187129e-01 -1.0049467437e-02 1.2711423873e+00
-2.9190290037e-01 -1.0049113125e-02 1.2711471692e+00
-2.9190208864e-01 -1.0053469648e-02 1.2711434701e+00
-2.9190317944e-01 -1.0053158070e-02 1.2711483629e+00
-2.9190291293e-01 -1.0050340036e-02 1.2711422178e+00
-2.9190394402e-01 -1.0049986969e-02 1.2711469919e+00
-1.1051272015e+00 5.4858672415e-01 -1.4532357644e+00
-1.1051264945e+00 5.4858856805e-01 -1.4532362172e+00
-1.1051272980e+00 5.4858526276e-01 -1.4532356043e+00
-1.1051265926e+00 5.4858710633e-01 -1.4532360593e+00
-1.1051281189e+00 5.4858698046e-01 -1.4532358808e+00
-1.1051274148e+00 5.4858882260e-01 -1.4532363362e+00
-1.1051282198e+00 5.4858551713e-01 -1.4532357197e+00
-1.1051275172e+00 5.4858735895e-01 -1.4532361772e+00
-9.8966571372e-01 5.7511276599e-01 1.3637203337e-01
-9.8966612933e-01 5.7511310757e-01 1.3637232107e-01
-9.8966401931e-01 5.7510713552e-01 1.3636756187e-01
-9.8966443580e-01 5.7510747619e-01 1.3636784804e-01
-9.8966854465e-01 5.7511313447e-01 1.3637234969e-01
-9.8966896031e-01 5.7511347616e-01 1.3637263744e-01
-9.8966685055e-01 5.7510750398e-01 1.3636787642e-01
-9.8966726709e-01 5.7510784475e-01 1.3636816264e-01
-7.7771092620e-03 -1.6434540905e+00 3.9167806621e-01
-7.7732060341e-03 -1.6434540997e+00 3.9168441167e-01
-7.7764815319e-03 -1.6434548529e+00 3.9167925195e-01
-7.7725922250e-03 -1.6434548036e+00 3.9168560065e-01
-7.7770324582e-03 -1.6434545931e+00 3.9167817485e-01
-7.7731408783e-03 -1.6434546217e+00 3.9168451146e-01
-7.7764110759e-03 -1.6434553540e+00 3.9167936077e-01
-7.7725231260e-03 -1.6434553249e+00 3.9168570118e-01
6.0046099082e-01 -1.7381484984e+00 -3.7805326165e-02
6.0046090959e-01 -1.7381478831e+00 -3.7806346774e-02
6.0046047978e-01 -1.7381457529e+00 -3.7805275838e-02
6.0046039873e-01 -1.7381451377e+00 -3.7806296630e-02
6.0045154842e-01 -1.7381511763e+00 -3.7806427278e-02
6.0045145844e-01 -1.7381505538e+00 -3.7807514836e-02
6.0045102577e-01 -1.7381484387e+00 -3.7806400687e-02
6.0045093570e-01 -1.7381478155e+00 -3.7807489784e-02
-7.9661281656e-01 -1.0528269883e+00 -3.0934083287e-01
-7.9661373519e-01 -1.0528267960e+00 -3.0934097450e-01
-7.9661418960e-01 -1.0528229928e+00 -3.0934098720e-01
-7.9661514013e-01 -1.0528227558e+00 -3.0934114065e-01
-7.9660881105e-01 -1.0528273333e+00 -3.0934071710e-01
-7.9660973496e-01 -1.0528271303e+00 -3.0934084247e-01
-7.9661017462e-01 -1.0528233358e+00 -3.0934086220e-01
-7.9661112515e-01 -1.0528230988e+00 -3.0934101565e-01
5.1548876839e-01 -1.0666191523e+00 -1.0803094229e+00
5.1549112028e-01 -1.0666194343e+00 -1.0803107674e+00
5.1548779064e-01 -1.0666206372e+00 -1.0803092535e+00
5.1549014259e-01 -1.0666209193e+00 -1.0803105980e+00
5.1549361852e-01 -1.0666191402e+00 -1.0803095577e+00
5.1549596744e-01 -1.0666194191e+00 -1.0803109050e+00
5.1549261119e-01 -1.0666206413e+00 -1.0803094062e+00
5.1549496016e-01 -1.0666209203e+00 -1.0803107534e+00
6.7693227096e-01 -5.7255530823e-01 -6.3632181695e-01
6.7693212947e-01 -5.7255561976e-01 -6.3632120515e-01
6.7693351536e-01 -5.7254985206e-01 -6.3632192063e-01
6.7693334615e-01 -5.7255021248e-01 -6.3632131223e-01
6.7692678957e-01 -5.7255414624e-01 -6.3632365434e-01
6.7692665236e-01 -5.7255445832e-01 -6.3632305343e-01
6.7692791221e-01 -5.7254865201e-01 -6.3632361267e-01
6.7692769911e-01 -5.7254902840e-01 -6.3632304718e-01
3.5454679446e-01 -2.6617009664e-01 -9.7214194867e-02
3.5454641648e-01 -2.6617259836e-01 -9.7215793485e-02
3.5454750543e-01 -2.6617369587e-01 -9.7213296168e-02
3.5454712815e-01 -2.6617619563e-01 -9.7214888135e-02
3.5454208351e-01 -2.6616968676e-01 -9.7214435792e-02
3.5454169640e-01 -2.6617217223e-01 -9.7216019014e-02
3.5454282762e-01 -2.6617329928e-01 -9.7213467937e-02
3.5454244141e-01 -2.6617578379e-01 -9.7215055571e-02
-5.1784234734e-01 1.2160667381e-01 8.1842415222e-01
-5.1784250189e-01 1.2160680960e-01 8.1842484814e-01
-5.1784570082e-01 1.2161830411e-01 8.1841952648e-01
-5.1784588152e-01 1.2161838791e-01 8.1842021122e-01
-5.1784021914e-01 1.2160462285e-01 8.1842378746e-01
-5.1784037369e-01 1.2160475863e-01 8.1842448338e-01
-5.1784358361e-01 1.2161627975e-01 8.1841915652e-01
-5.1784376343e-01 1.2161636344e-01 8.1841984137e-01
-1.2213318960e+00 1.7085725193e-01 1.3224571314e+00
-1.2213319795e+00 1.7085656496e-01 1.3224573526e+00
-1.2213308909e+00 1.7085529592e-01 1.3224566664e+00
-1.2213309752e+00 1.7085460890e-01 1.3224568864e+00
-1.2213320415e+00 1.7085741652e-01 1.3224567720e+00
-1.2213321250e+00 1.7085672954e-01 1.3224569932e+00
-1.2213310384e+00 1.7085545774e-01 1.3224563060e+00
-1.2213311227e+00 1.7085477073e-01 1.3224565260e+00
1.0676280174e+00 9.8799140056e-01 -1.6012528198e-01
1.0676281756e+00 9.8799163429e-01 -1.6012462832e-01
1.0676286565e+00 9.8799741880e-01 -1.6012280619e-01
1.0676288072e+00 9.8799766266e-01 -1.6012215823e-01
1.0676291379e+00 9.8799291764e-01 -1.6012586994e-01
1.0676292957e+00 9.8799315070e-01 -1.6012521654e-01
1.0676297818e+00 9.8799894158e-01 -1.6012341868e-01
1.0676299330e+00 9.8799918584e-01 -1.6012277033e-01
2.0188471972e+00 1.7588577606e+00 -1.0027719763e-01
2.0188474993e+00 1.7588548815e+00 -1.0027893012e-01
2.0188482298e+00 1.7588559300e+00 -1.0027654798e-01
2.0188485320e+00 1.7588530509e+00 -1.0027828060e-01
2.0188495072e+00 1.7588566671e+00 -1.0027780415e-01
2.0188498097e+00 1.7588537880e+00 -1.0027953681e-01
2.0188505710e+00 1.7588548478e+00 -1.0027717350e-01
2.0188508736e+00 1.7588519686e+00 -1.0027890629e-01
-3.9184233776e-01 3.6743277239e-01 1.5212899627e-01
-3.9184252643e-01 3.6743324714e-01 1.5213867579e-01
-3.9184204573e-01 3.6743016878e-01 1.5212919091e-01
-3.9184220451e-01 3.6743069644e-01 1.5213888186e-01
-3.9184114288e-01 3.6743240536e-01 1.5212900393e-01
-3.9184135664e-01 3.6743295213e-01 1.5213867107e-01
-3.9184086072e-01 3.6742985691e-01 1.5212921308e-01
-3.9184103783e-01 3.6743039324e-01 1.5213888811e-01
-4.0701563102e-01 1.1001715667e+00 -4.0241095955e-01
-4.0701442726e-01 1.1001725125e+00 -4.0241229946e-01
-4.0701492486e-01 1.1001747282e+00 -4.0241270878e-01
-4.0701375297e-01 1.1001756961e+00 -4.0241407884e-01
-4.0701376631e-01 1.1001705952e+00 -4.0241142431e-01
-4.0701256255e-01 1.1001715409e+00 -4.0241276422e-01
-4.0701307042e-01 1.1001737583e+00 -4.0241316159e-01
-4.0701187881e-01 1.1001747178e+00 -4.0241449708e-01
6.2603290802e-01 1.2133368607e-01 -1.2919153095e+00
6.2603278792e-01 1.2133379139e-01 -1.2919146151e+00
6.2603396363e-01 1.2133282111e-01 -1.2919156118e+00
6.2603384699e-01 1.2133292570e-01 -1.2919149205e+00
6.2603385982e-01 1.2133291688e-01 -1.2919156494e+00
6.2603373972e-01 1.2133302220e-01 -1.2919149550e+00
6.2603490203e-01 1.2133204460e-01 -1.2919159451e+00
6.2603478539e-01 1.2133214919e-01 -1.2919152537e+00
5.5426379960e-01 1.0363503908e+00 1.1288898501e-01
5.5426397606e-01 1.0363540269e+00 1.1289862518e-01
5.5426242047e-01 1.0363493011e+00 1.1288861010e-01
5.5426259608e-01 1.0363530419e+00 1.1289818628e-01
5.5426289902e-01 1.0363515342e+00 1.1288857625e-01
5.5426308672e-01 1.0363551278e+00 1.1289821436e-01
5.5426151823e-01 1.0363504446e+00 1.1288820003e-01
5.5426171749e-01 1.0363541400e+00 1.1289777265e-01
-9.4118503176e-01 -1.3835760844e+00 5.2487815910e-01
-9.4118501201e-01 -1.3835764003e+00 5.2487825476e-01
-9.4118479879e-01 -1.3835760976e+00 5.2487768492e-01
-9.4118478763e-01 -1.3835763997e+00 5.2487775880e-01
-9.4118084235e-01 -1.3835751798e+00 5.2488226951e-01
-9.4118082266e-01 -1.3835754958e+00 5.2488236526e-01
-9.4118060978e-01 -1.3835751927e+00 5.2488179492e-01
-9.4118059869e-01 -1.3835754949e+00 5.2488186888e-01
-1.1099525278e+00 -1.3123570218e+00 -4.7131880116e-01
-1.1099547813e+00 -1.3123552068e+00 -4.7132112816e-01
-1.1099489650e+00 -1.3123492880e+00 -4.7131661378e-01
-1.1099512019e+00 -1.3123474557e+00 -4.7131898248e-01
-1.1099542528e+00 -1.3123569596e+00 -4.7131887446e-01
-1.1099565064e+00 -1.3123551446e+00 -4.7132120143e-01
-1.1099506860e+00 -1.3123492328e+00 -4.7131669079e-01
-1.1099529230e+00 -1.3123474005e+00 -4.7131905950e-01
4.7584266183e-01 -7.8971522528e-01 -4.2435007367e-01
4.7584258897e-01 -7.8971520218e-01 -4.2434955732e-01
4.7584223337e-01 -7.8971717766e-01 -4.2435282921e-01
4.7584216312e-01 -7.8971715602e-01 -4.2435231549e-01
4.7584617946e-01 -7.8971441973e-01 -4.2435286915e-01
4.7584610664e-01 -7.8971439719e-01 -4.2435235188e-01
4.7584575210e-01 -7.8971639052e-01 -4.2435561884e-01
4.7584568189e-01 -7.8971636945e-01 -4.2435510420e-01
7.5692055903e-01 3.4921628698e-01 -3.8221033669e-01
7.5692175870e-01 3.4921785980e-01 -3.8220433369e-01
7.5692042928e-01 3.4921595888e-01 -3.8220934800e-01
7.5692157493e-01 3.4921753526e-01 -3.8220342021e-01
7.5692155715e-01 3.4921578451e-01 -3.8221061591e-01
7.5692269216e-01 3.4921732678e-01 -3.8220467429e-01
7.5692137197e-01 3.4921544393e-01 -3.8220968210e-01
7.5692250970e-01 3.4921700364e-01 -3.8220375679e-01
-1.0038721218e+00 -6.0014994514e-01 8.3951152015e-01
-1.0038722570e+00 -6.0015212317e-01 8.3950914800e-01
-1.0038719683e+00 -6.0015080878e-01 8.3951220033e-01
-1.0038721029e+00 -6.0015298769e-01 8.3950982743e-01
-1.0038708269e+00 -6.0015046767e-01 8.3951275823e-01
-1.0038709622e+00 -6.0015264579e-01 8.3951038600e-01
-1.0038706711e+00 -6.0015132642e-01 8.3951344193e-01
-1.0038708057e+00 -6.0015350541e-01 8.3951106895e-01
1.8582986440e-01 5.6352694649e-02 -8.1407015893e-01
1.8582974537e-01 5.6352438312e-02 -8.1406942113e-01
1.8583067143e-01 5.6357089001e-02 -8.1406984452e-01
1.8583055854e-01 5.6356836951e-02 -8.1406911101e-01
1.8583371164e-01 5.6352127555e-02 -8.1406747887e-01
1.8583359261e-01 5.6351871217e-02 -8.1406674107e-01
1.8583451813e-01 5.6356508088e-02 -8.1406716307e-01
1.8583440524e-01 5.6356256032e-02 -8.1406642953e-01
1.4933679961e+00 -1.1567838267e+00 1.5615216625e+00
1.4933680768e+00 -1.1567836524e+00 1.5615221847e+00
1.4933676916e+00 -1.1567835558e+00 1.5615222654e+00
1.4933677723e+00 -1.1567833816e+00 1.5615227875e+00
1.4933680180e+00 -1.1567836730e+00 1.5615214940e+00
1.4933680986e+00 -1.1567834987e+00 1.5615220162e+00
1.4933677143e+00 -1.1567834029e+00 1.5615220976e+00
1.4933677950e+00 -1.1567832286e+00 1.5615226199e+00
2.8246241520e-01 -1.1193460829e+00 8.8059485897e-02
2.8246252530e-01 -1.1193493233e+00 8.8055223810e-02
2.8246106069e-01 -1.1193462301e+00 8.8060276886e-02
2.8246117067e-01 -1.1193494706e+00 8.8056015711e-02
2.8245722751e-01 -1.1193460830e+00 8.8059720378e-02
2.8245734092e-01 -1.1193493568e+00 8.8055434940e-02
2.8245589915e-01 -1.1193462818e+00 8.8060482369e-02
2.8245600640e-01 -1.1193495436e+00 8.8056178102e-02
-2.4276649568e+00 1.0192620648e+00 -4.6611444383e-01
-2.4276651953e+00 1.0192619403e+00 -4.6611348722e-01
-2.4276633749e+00 1.0192609847e+00 -4.6611121600e-01
-2.4276636164e+00 1.0192608580e+00 -4.6611029341e-01
-2.4276651116e+00 1.0192626747e+00 -4.6611462950e-01
-2.4276653505e+00 1.0192625506e+00 -4.6611367228e-01
-2.4276635282e+00 1.0192615978e+00 -4.6611140236e-01
-2.4276637701e+00 1.0192614716e+00 -4.6611047917e-01
-1.4903048887e+00 1.2584535567e-01 -1.1221717747e+00
-1.4903038944e+00 1.2584639342e-01 -1.1221726482e+00
-1.4903045405e+00 1.2585000119e-01 -1.1221693481e+00
-1.4903035717e+00 1.2585103956e-01 -1.1221702636e+00
-1.4903047138e+00 1.2584645038e-01 -1.1221716111e+00
-1.4903037181e+00 1.2584748895e-01 -1.1221724870e+00
-1.4903043610e+00 1.2585110576e-01 -1.1221691917e+00
-1.4903033926e+00 1.2585214422e-01 -1.1221701078e+00
-7.2305131443e-02 5.4382713112e-01 8.0203850425e-01
-7.2305016399e-02 5.4382590861e-01 8.0203853647e-01
-7.2304621393e-02 5.4382628616e-01 8.0203895985e-01
-7.2304506364e-02 5.4382506348e-01 8.0203899214e-01
-7.2303978356e-02 5.4382692094e-01 8.0203874280e-01
-7.2303863240e-02 5.4382569846e-01 8.0203877511e-01
-7.2303485375e-02 5.4382605641e-01 8.0203918835e-01
-7.2303370274e-02 5.4382483377e-01 8.0203922073e-01
1.3479278583e+00 1.0996671168e+00 -1.1435668635e-01
1.3479277608e+00 1.0996675901e+00 -1.1435639391e-01
1.3479258877e+00 1.0996642336e+00 -1.1435654128e-01
1.3479257906e+00 1.0996647060e+00 -1.1435624836e-01
1.3479275896e+00 1.0996672287e+00 -1.1435689474e-01
1.3479274929e+00 1.0996677015e+00 -1.1435659865e-01
1.3479256197e+00 1.0996643455e+00 -1.1435674978e-01
1.3479255235e+00 1.0996648174e+00 -1.1435645321e-01
2.2203264747e-01 -1.7105070454e-01 7.8525706265e-01
2.2203167578e-01 -1.7104955612e-01 7.8525565638e-01
2.2203127663e-01 -1.7105118876e-01 7.8525580469e-01
2.2203030473e-01 -1.7105004128e-01 7.8525440222e-01
2.2203346560e-01 -1.7105080749e-01 7.8525747175e-01
2.2203249400e-01 -1.7104965940e-01 7.8525606495e-01
2.2203209957e-01 -1.7105124340e-01 7.8525622686e-01
2.2203112776e-01 -1.7105009625e-01 7.8525482387e-01
-1.7571404794e+00 8.2779795612e-01 1.7134377302e+00
-1.7571406800e+00 8.2779794780e-01 1.7134391087e+00
-1.7571400878e+00 8.2780053198e-01 1.7134378369e+00
-1.7571402892e+00 8.2780051754e-01 1.7134392134e+00
-1.7571383496e+00 8.2779745648e-01 1.7134375996e+00
-1.7571385501e+00 8.2779744816e-01 1.7134389783e+00
-1.7571379554e+00 8.2780003510e-01 1.7134377104e+00
-1.7571381548e+00 8.2780001973e-01 1.7134390903e+00
6.5188009806e-01 1.2554715431e+00 1.0256028805e+00
6.5188071668e-01 1.2554729515e+00 1.0256001059e+00
6.5188093509e-01 1.2554709132e+00 1.0256019299e+00
6.5188155397e-01 1.2554723207e+00 1.0255991508e+00
6.5188007019e-01 1.2554718350e+00 1.0256030045e+00
6.5188068880e-01 1.2554732433e+00 1.0256002299e+00
6.5188090912e-01 1.2554712127e+00 1.0256020569e+00
6.5188152799e-01 1.2554726203e+00 1.0255992778e+00
1.6553390073e+00 2.6683915451e-01 9.4648665519e-01
1.6553399696e+00 2.6684215971e-01 9.4649526694e-01
1.6553382521e+00 2.6683664599e-01 9.4648851194e-01
1.6553393298e+00 2.6683960051e-01 9.4649702535e-01
1.6553398427e+00 2.6683825038e-01 9.4648725082e-01
1.6553407802e+00 2.6684128180e-01 9.4649586832e-01
1.6553390883e+00 2.6683574128e-01 9.4648910422e-01
1.6553401412e+00 2.6683872201e-01 9.4649762332e-01
-1.2083637088e+00 -6.5905190022e-01 -7.5066838518e-01
-1.2083662028e+00 -6.5905150896e-01 -7.5066132334e-01
-1.2083654152e+00 -6.5904543719e-01 -7.5066924360e-01
-1.2083679402e+00 -6.5904507714e-01 -7.5066209095e-01
-1.2083615432e+00 -6.5905115603e-01 -7.5066818912e-01
-1.2083639966e+00 -6.5905077801e-01 -7.5066107711e-01
-1.2083632264e+00 -6.5904470760e-01 -7.5066899645e-01
-1.2083657658e+00 -6.5904434113e-01 -7.5066185136e-01
-1.3581722783e+00 2.4823166663e+00 4.4478475167e-02
-1.3581726290e+00 2.4823158484e+00 4.4478264529e-02
-1.3581699928e+00 2.4823107676e+00 4.4479836436e-02
-1.3581702860e+00 2.4823099401e+00 4.4479613161e-02
-1.3581709249e+00 2.4823121203e+00 4.4478821204e-02
-1.3581712841e+00 2.4823113052e+00 4.4478606851e-02
-1.3581686406e+00 2.4823062213e+00 4.4480181098e-02
-1.3581689423e+00 2.4823053966e+00 4.4479954108e-02
-5.5971544738e-01 5.3774739069e-01 -8.0334197572e-01
-5.5971546540e-01 5.3774975291e-01 -8.0334038682e-01
-5.5971601044e-01 5.3775067937e-01 -8.0334085120e-01
-5.5971602592e-01 5.3775299670e-01 -8.0333926490e-01
-5.5971192694e-01 5.3774590500e-01 -8.0334472154e-01
-5.5971194525e-01 5.3774822888e-01 -8.0334314266e-01
-5.5971258001e-01 5.3774924559e-01 -8.0334353096e-01
-5.5971259578e-01 5.3775152459e-01 -8.0334195467e-01
8.9952374921e-01 9.3303270286e-01 1.1014377976e+00
8.9952482209e-01 9.3303498092e-01 1.1014504397e+00
8.9952355211e-01 9.3303843018e-01 1.1014429122e+00
8.9952442698e-01 9.3304071154e-01 1.1014556206e+00
8.9952556801e-01 9.3303326594e-01 1.1014371945e+00
8.9952663134e-01 9.3303553764e-01 1.1014498241e+00
8.9952538210e-01 9.3303898029e-01 1.1014423167e+00
8.9952623436e-01 9.3304126819e-01 1.1014550054e+00
9.3237085825e-01 -1.0276569153e+00 -4.8041768355e-01
9.3237175492e-01 -1.0276573802e+00 -4.8041891559e-01
9.3236976539e-01 -1.0276578320e+00 -4.8041789106e-01
9.3237065873e-01 -1.0276582948e+00 -4.8041912948e-01
9.3237135495e-01 -1.0276580714e+00 -4.8041821917e-01
9.3237225160e-01 -1.0276585363e+00 -4.8041945120e-01
9.3237025741e-01 -1.0276589476e+00 -4.8041845208e-01
9.3237115073e-01 -1.0276594104e+00 -4.8041969050e-01
7.0463326105e-01 -2.1168295335e+00 1.3267116932e+00
7.0463295548e-01 -2.1168343613e+00 1.3267280233e+00
7.0463620875e-01 -2.1168309928e+00 1.3267131417e+00
7.0463591176e-01 -2.1168358218e+00 1.3267294481e+00
7.0463449044e-01 -2.1168283975e+00 1.3267092091e+00
7.0463411992e-01 -2.1168332221e+00 1.3267255563e+00
7.0463744547e-01 -2.1168298546e+00 1.3267106657e+00
7.0463708140e-01 -2.1168346889e+00 1.3267269974e+00
5.2527425780e-01 -1.4610446294e+00 -7.0603747266e-01
5.2527436468e-01 -1.4610444474e+00 -7.0603760983e-01
5.2527591413e-01 -1.4610472863e+00 -7.0603728692e-01
5.2527600180e-01 -1.4610471060e+00 -7.0603742027e-01
5.2527537626e-01 -1.4610445653e+00 -7.0603805511e-01
5.2527548222e-01 -1.4610443941e+00 -7.0603819502e-01
5.2527702535e-01 -1.4610472275e+00 -7.0603786517e-01
5.2527711211e-01 -1.4610470580e+00 -7.0603800127e-01
-3.6810980534e-01 -2.1228578246e+00 5.7485164067e-01
-3.6810632175e-01 -2.1228603588e+00 5.7485356863e-01
-3.6811012081e-01 -2.1228585457e+00 5.7485084909e-01
-3.6810664298e-01 -2.1228610878e+00 5.7485277574e-01
-3.6810735589e-01 -2.1228594178e+00 5.7485499046e-01
-3.6810387229e-01 -2.1228619520e+00 5.7485691843e-01
-3.6810765606e-01 -2.1228601365e+00 5.7485418885e-01
-3.6810417822e-01 -2.1228626785e+00 5.7485611551e-01
-5.4820429866e-01 -9.7376622876e-02 -3.1733677123e-01
-5.4820409424e-01 -9.7376636741e-02 -3.1733682655e-01
-5.4820367308e-01 -9.7375726083e-02 -3.1733657684e-01
-5.4820346924e-01 -9.7375741055e-02 -3.1733663218e-01
-5.4819755679e-01 -9.7376319355e-02 -3.1733880983e-01
-5.4819735205e-01 -9.7376333259e-02 -3.1733886514e-01
-5.4819693319e-01 -9.7375421394e-02 -3.1733861528e-01
-5.4819672903e-01 -9.7375436405e-02 -3.1733867060e-01
1.1259687569e+00 2.1866377884e+00 -1.9051441348e-01
1.1259697526e+00 2.1866403796e+00 -1.9051866622e-01
1.1259690901e+00 2.1866356518e+00 -1.9051189923e-01
1.1259700886e+00 2.1866382431e+00 -1.9051615187e-01
1.1259680871e+00 2.1866375016e+00 -1.9051333227e-01
1.1259690839e+00 2.1866400929e+00 -1.9051758485e-01
1.1259684173e+00 2.1866353635e+00 -1.9051081265e-01
1.1259694170e+00 2.1866379550e+00 -1.9051506514e-01
1.9460110827e+00 -1.3490786769e+00 1.4539186710e+00
1.9460110222e+00 -1.3490786371e+00 1.4539186145e+00
1.9460086746e+00 -1.3490689193e+00 1.4539161809e+00
1.9460086074e+00 -1.3490689035e+00 1.4539161481e+00
1.9460037441e+00 -1.3490769753e+00 1.4539172036e+00
1.9460036846e+00 -1.3490769276e+00 1.4539171649e+00
1.9460013363e+00 -1.3490672513e+00 1.4539146857e+00
1.9460012834e+00 -1.3490672649e+00 1.4539146402e+00
-7.9978842256e-01 -5.5552124664e-01 -7.6183830843e-01
-7.9979021041e-01 -5.5552238635e-01 -7.6183542020e-01
-7.9978824836e-01 -5.5552172345e-01 -7.6183952328e-01
-7.9979002653e-01 -5.5552286747e-01 -7.6183665461e-01
-7.9978664383e-01 -5.5552110535e-01 -7.6183843922e-01
-7.9978850405e-01 -5.5552219428e-01 -7.6183550059e-01
-7.9978651150e-01 -5.5552160801e-01 -7.6183963571e-01
-7.9978836204e-01 -5.5552270126e-01 -7.6183671664e-01
1.2561986993e-01 -2.9459196818e-01 -5.0587635685e-01
1.2561965633e-01 -2.9459243519e-01 -5.0587658440e-01
1.2562005614e-01 -2.9459297389e-01 -5.0587559802e-01
1.2561987334e-01 -2.9459345525e-01 -5.0587585805e-01
1.2562147411e-01 -2.9459207765e-01 -5.0587666698e-01
1.2562126117e-01 -2.9459254162e-01 -5.0587689404e-01
1.2562166533e-01 -2.9459306882e-01 -5.0587588860e-01
1.2562148319e-01 -2.9459354713e-01 -5.0587614815e-01
-1.6386472189e+00 6.2875200211e-01 -9.7418101242e-01
-1.6386468790e+00 6.2875079553e-01 -9.7417179621e-01
-1.6386504598e+00 6.2875916391e-01 -9.7418445173e-01
-1.6386501977e+00 6.2875793535e-01 -9.7417517926e-01
-1.6386446996e+00 6.2875238289e-01 -9.7418162252e-01
-1.6386443372e+00 6.2875114168e-01 -9.7417239611e-01
-1.6386479425e+00 6.2875954527e-01 -9.7418505943e-01
-1.6386476597e+00 6.2875826404e-01 -9.7417580317e-01
-1.0963622607e+00 6.8262951868e-01 7.0638299664e-01
-1.0963620552e+00 6.8262896278e-01 7.0638247074e-01
-1.0963629545e+00 6.8263616754e-01 7.0638390485e-01
-1.0963627430e+00 6.8263560543e-01 7.0638333797e-01
-1.0963591472e+00 6.8262981184e-01 7.0637926957e-01
-1.0963589380e+00 6.8262925217e-01 7.0637874428e-01
-1.0963598340e+00 6.8263645712e-01 7.0638018083e-01
-1.0963596225e+00 6.8263589502e-01 7.0637961394e-01
1.7726886161e+00 1.7277297222e+00 1.5004250383e+00
1.7726882920e+00 1.7277351751e+00 1.5004314500e+00
1.7726882060e+00 1.7277302120e+00 1.5004249280e+00
1.7726879050e+00 1.7277356673e+00 1.5004312760e+00
1.7726880907e+00 1.7277297563e+00 1.5004241562e+00
1.7726877617e+00 1.7277352450e+00 1.5004306147e+00
1.7726876454e+00 1.7277302582e+00 1.5004240864e+00
1.7726873396e+00 1.7277357493e+00 1.5004304812e+00
8.7073302995e-01 -7.9458521919e-01 1.2974580986e+00
8.7073320781e-01 -7.9458548419e-01 1.2974588692e+00
8.7073279085e-01 -7.9458416453e-01 1.2974582277e+00
8.7073296581e-01 -7.9458442506e-01 1.2974589952e+00
8.7073471492e-01 -7.9458663112e-01 1.2974586625e+00
8.7073488748e-01 -7.9458689306e-01 1.2974594331e+00
8.7073447763e-01 -7.9458557560e-01 1.2974587908e+00
8.7073464730e-01 -7.9458583306e-01 1.2974595582e+00
1.7860349994e+00 -1.0234453718e+00 -1.4403468214e+00
1.7860339038e+00 -1.0234453369e+00 -1.4403464306e+00
1.7860351606e+00 -1.0234451913e+00 -1.4403469237e+00
1.7860340665e+00 -1.0234451560e+00 -1.4403465323e+00
1.7860411643e+00 -1.0234452044e+00 -1.4403473734e+00
1.7860401167e+00 -1.0234451704e+00 -1.4403469853e+00
1.7860413197e+00 -1.0234450182e+00 -1.4403474810e+00
1.7860402735e+00 -1.0234449839e+00 -1.4403470924e+00
1.9409915066e+00 -2.2571132377e+00 -6.1248297259e-01
1.9409896716e+00 -2.2571150630e+00 -6.1247942894e-01
1.9409865231e+00 -2.2571026785e+00 -6.1248118968e-01
1.9409847070e+00 -2.2571045240e+00 -6.1247764116e-01
1.9409957877e+00 -2.2571142382e+00 -6.1248571059e-01
1.9409939512e+00 -2.2571160687e+00 -6.1248216805e-01
1.9409907566e+00 -2.2571036929e+00 -6.1248394837e-01
1.9409889403e+00 -2.2571055385e+00 -6.1248039985e-01
-3.7260332357e-01 1.5095779275e+00 -3.2042748539e-02
-3.7260131882e-01 1.5095757904e+00 -3.2038143180e-02
-3.7260351275e-01 1.5095862653e+00 -3.2043810606e-02
-3.7260149985e-01 1.5095841254e+00 -3.2039198720e-02
-3.7260319664e-01 1.5095767988e+00 -3.2043627261e-02
-3.7260108479e-01 1.5095747297e+00 -3.2038948402e-02
-3.7260338406e-01 1.5095851351e+00 -3.2044689265e-02
-3.7260126421e-01 1.5095830636e+00 -3.2040003768e-02
-1.3794294167e+00 3.1143925739e-01 -3.3750136314e-01
-1.3794288995e+00 3.1143954131e-01 -3.3750125500e-01
-1.3794301023e+00 3.1143862202e-01 -3.3750212860e-01
-1.3794295852e+00 3.1143887768e-01 -3.3750200821e-01
-1.3794276458e+00 3.1143870361e-01 -3.3750176687e-01
-1.3794271294e+00 3.1143898746e-01 -3.3750165941e-01
-1.3794283450e+00 3.1143808411e-01 -3.3750252497e-01
-1.3794278288e+00 3.1143833971e-01 -3.3750240525e-01
-1.4764783464e+00 2.1014474515e+00 -1.0079150217e+00
-1.4764749278e+00 2.1014452827e+00 -1.0079037567e+00
-1.4764796631e+00 2.1014604442e+00 -1.0079179244e+00
-1.4764763272e+00 2.1014583656e+00 -1.0079066108e+00
-1.4764742176e+00 2.1014481949e+00 -1.0079150259e+00
-1.4764707990e+00 2.1014460262e+00 -1.0079037608e+00
-1.4764755975e+00 2.1014612343e+00 -1.0079178864e+00
-1.4764721934e+00 2.1014591069e+00 -1.0079066205e+00
-9.2112907491e-02 -9.4361727942e-01 7.4793780715e-01
-9.2113416259e-02 -9.4361709482e-01 7.4793762914e-01
-9.2113484218e-02 -9.4361951353e-01 7.4793520830e-01
-9.2113996321e-02 -9.4361933334e-01 7.4793503308e-01
-9.2109578240e-02 -9.4361529916e-01 7.4793910939e-01
-9.2110087068e-02 -9.4361510853e-01 7.4793893083e-01
-9.2110177872e-02 -9.4361754335e-01 7.4793648403e-01
-9.2110690035e-02 -9.4361735713e-01 7.4793630826e-01
-1.3756278701e+00 -1.9652074288e+00 -2.2400438541e+00
-1.3756252982e+00 -1.9652042515e+00 -2.2400251326e+00
-1.3756282564e+00 -1.9652066773e+00 -2.2400444964e+00
-1.3756256626e+00 -1.9652035112e+00 -2.2400257116e+00
-1.3756395069e+00 -1.9652074098e+00 -2.2400443757e+00
-1.3756370678e+00 -1.9652042025e+00 -2.2400255969e+00
-1.3756399043e+00 -1.9652066707e+00 -2.2400449999e+00
-1.3756374536e+00 -1.9652034546e+00 -2.2400262139e+00
-1.8590267017e+00 1.6919268125e+00 -5.8103327108e-01
-1.8590260938e+00 1.6919270039e+00 -5.8103338316e-01
-1.8590231622e+00 1.6919187037e+00 -5.8103184708e-01
-1.8590225582e+00 1.6919188827e+00 -5.8103196617e-01
-1.8590255653e+00 1.6919260165e+00 -5.8103082109e-01
-1.8590249448e+00 1.6919262229e+00 -5.8103092737e-01
-1.8590220336e+00 1.6919179086e+00 -5.8102939505e-01
-1.8590214171e+00 1.6919181026e+00 -5.8102950834e-01
-9.0454933654e-01 2.5850302035e-01 1.2031022116e+00
-9.0454856037e-01 2.5850606351e-01 1.2031087594e+00
-9.0454839873e-01 2.5850318279e-01 1.2031034978e+00
-9.0454764074e-01 2.5850619398e-01 1.2031100199e+00
-9.0454799457e-01 2.5850352571e-01 1.2031016608e+00
-9.0454715756e-01 2.5850664857e-01 1.2031083119e+00
-9.0454709240e-01 2.5850368390e-01 1.2031029366e+00
-9.0454624023e-01 2.5850677679e-01 1.2031095735e+00
5.3098250399e-01 -1.1704277744e+00 -9.4539218749e-01
5.3098238896e-01 -1.1704240118e+00 -9.4538813722e-01
5.3098027322e-01 -1.1704338592e+00 -9.4539496721e-01
5.3098014932e-01 -1.1704301125e+00 -9.4539091633e-01
5.3098429578e-01 -1.1704270629e+00 -9.4539424214e-01
5.3098418075e-01 -1.1704233003e+00 -9.4539019187e-01
5.3098209715e-01 -1.1704331496e+00 -9.4539705093e-01
5.3098197325e-01 -1.1704294029e+00 -9.4539300005e-01
-2.8301233641e-01 1.5750935731e-01 8.8630248208e-02
-2.8301304135e-01 1.5750991755e-01 8.8640423311e-02
-2.8301198823e-01 1.5750664313e-01 8.8630897269e-02
-2.8301261917e-01 1.5750711015e-01 8.8641084583e-02
-2.8300841285e-01 1.5750915150e-01 8.8629899545e-02
-2.8300905906e-01 1.5750977242e-01 8.8640139445e-02
-2.8300806465e-01 1.5750643734e-01 8.8630548632e-02
-2.8300863064e-01 1.5750696560e-01 8.8640808933e-02
1.0681583767e+00 -1.1151374867e+00 -6.6564567008e-05
1.0681581985e+00 -1.1151362997e+00 -6.4687677735e-05
1.0681622401e+00 -1.1151401864e+00 -6.6102017083e-05
1.0681620671e+00 -1.1151389988e+00 -6.4231497681e-05
1.0681605860e+00 -1.1151364860e+00 -6.7267264547e-05
1.0681603929e+00 -1.1151353253e+00 -6.5392572559e-05
1.0681644598e+00 -1.1151391758e+00 -6.6868996753e-05
1.0681642717e+00 -1.1151380145e+00 -6.5000674636e-05
1.4578700173e+00 2.2677422216e+00 1.5405035146e+00
1.4578688633e+00 2.2677412637e+00 1.5405071834e+00
1.4578630325e+00 2.2677370566e+00 1.5404995745e+00
1.4578618614e+00 2.2677360867e+00 1.5405032798e+00
1.4578788318e+00 2.2677463548e+00 1.5405118550e+00
1.4578776779e+00 2.2677453969e+00 1.5405155238e+00
1.4578719099e+00 2.2677411444e+00 1.5405078354e+00
1.4578707387e+00 2.2677401745e+00 1.5405115407e+00
4.2674091698e-01 1.7750203300e+00 -5.4323120265e-02
4.2674102447e-01 1.7750201485e+00 -5.4323327112e-02
4.2674072204e-01 1.7750211304e+00 -5.4321277150e-02
4.2674082400e-01 1.7750209516e+00 -5.4321488475e-02
4.2673607244e-01 1.7750194880e+00 -5.4320849188e-02
4.2673616497e-01 1.7750193158e+00 -5.4321041958e-02
4.2673585139e-01 1.7750202880e+00 -5.4319009428e-02
4.2673594041e-01 1.7750201211e+00 -5.4319206900e-02
1.1108940461e+00 1.6443422197e+00 3.9921412903e-01
1.1108939394e+00 1.6443422255e+00 3.9921479885e-01
1.1108941435e+00 1.6443412557e+00 3.9921394393e-01
1.1108940338e+00 1.6443412584e+00 3.9921460675e-01
1.1108952902e+00 1.6443442198e+00 3.9921410523e-01
1.1108951835e+00 1.6443442256e+00 3.9921477505e-01
1.1108953791e+00 1.6443432562e+00 3.9921392782e-01
1.1108952694e+00 1.6443432589e+00 3.9921459064e-01
-1.8124513411e+00 2.2728622837e-01 -1.4345560724e+00
-1.8124513014e+00 2.2728624754e-01 -1.4345558717e+00
-1.8124496625e+00 2.2729033177e-01 -1.4345537927e+00
-1.8124496203e+00 2.2729028983e-01 -1.4345535908e+00
-1.8124516480e+00 2.2728594490e-01 -1.4345557840e+00
-1.8124516083e+00 2.2728596396e-01 -1.4345555832e+00
-1.8124500105e+00 2.2729001964e-01 -1.4345535006e+00
-1.8124499683e+00 2.2728997781e-01 -1.4345532988e+00
1.6061102989e-01 5.3671317296e-01 -5.3144476724e-01
1.6061180306e-01 5.3671273914e-01 -5.3144582781e-01
1.6060888013e-01 5.3671178719e-01 -5.3144398545e-01
1.6060964509e-01 5.3671135820e-01 -5.3144503868e-01
1.6061082082e-01 5.3671278975e-01 -5.3144335959e-01
1.6061159395e-01 5.3671235593e-01 -5.3144442020e-01
1.6060865084e-01 5.3671140765e-01 -5.3144257121e-01
1.6060941577e-01 5.3671097866e-01 -5.3144362449e-01
1.6142153927e+00 -1.0087911963e+00 3.7522455389e-01
1.6142154613e+00 -1.0087911866e+00 3.7522486483e-01
1.6142132670e+00 -1.0087906439e+00 3.7522588029e-01
1.6142133342e+00 -1.0087906342e+00 3.7522618888e-01
1.6142171139e+00 -1.0087908497e+00 3.7522459551e-01
1.6142171825e+00 -1.0087908401e+00 3.7522490661e-01
1.6142149870e+00 -1.0087902913e+00 3.7522593031e-01
1.6142150542e+00 -1.0087902818e+00 3.7522623906e-01
3.4664378838e-01 -1.7205747798e+00 -3.0027167759e-01
3.4664415449e-01 -1.7205748903e+00 -3.0027232226e-01
3.4664359394e-01 -1.7205770560e+00 -3.0026859082e-01
3.4664395888e-01 -1.7205771623e+00 -3.0026924538e-01
3.4664490706e-01 -1.7205741591e+00 -3.0027067243e-01
3.4664527337e-01 -1.7205742695e+00 -3.0027131757e-01
3.4664471023e-01 -1.7205764399e+00 -3.0026757919e-01
3.4664507537e-01 -1.7205765461e+00 -3.0026823422e-01
-9.8526792534e-02 -2.7773075938e-01 -1.6281441221e+00
-9.8526912026e-02 -2.7773040914e-01 -1.6281439371e+00
-9.8526322761e-02 -2.7773243701e-01 -1.6281438580e+00
-9.8526442072e-02 -2.7773208475e-01 -1.6281436710e+00
-9.8527144255e-02 -2.7773062383e-01 -1.6281442891e+00
-9.8527263747e-02 -2.7773027361e-01 -1.6281441040e+00
-9.8526675623e-02 -2.7773228009e-01 -1.6281440400e+00
-9.8526794934e-02 -2.7773192785e-01 -1.6281438531e+00
-7.3793027950e-01 3.8169866491e-02 -1.4161522305e+00
-7.3792961911e-01 3.8168721992e-02 -1.4161540400e+00
-7.3792957692e-01 3.8170107362e-02 -1.4161513563e+00
-7.3792891391e-01 3.8168962533e-02 -1.4161531620e+00
-7.3793032010e-01 3.8169297560e-02 -1.4161524184e+00
-7.3792965972e-01 3.8168153063e-02 -1.4161542279e+00
-7.3792968090e-01 3.8169506011e-02 -1.4161515929e+00
-7.3792901789e-01 3.8168361183e-02 -1.4161533986e+00
4.4298107990e-01 7.9094355654e-01 -1.5228455698e+00
4.4298101244e-01 7.9094310177e-01 -1.5228461033e+00
4.4298012700e-01 7.9095386506e-01 -1.5228525174e+00
4.4298005738e-01 7.9095340090e-01 -1.5228530562e+00
4.4298102676e-01 7.9094372212e-01 -1.5228452863e+00
4.4298095932e-01 7.9094326739e-01 -1.5228458198e+00
4.4298009295e-01 7.9095403628e-01 -1.5228522147e+00
4.4298002333e-01 7.9095357208e-01 -1.5228527536e+00
2.0465704883e-01 3.8164325977e-01 -7.3577984640e-01
2.0465561944e-01 3.8164448856e-01 -7.3577741443e-01
2.0465893532e-01 3.8164276019e-01 -7.3577932348e-01
2.0465750871e-01 3.8164398084e-01 -7.3577689372e-01
2.0465644726e-01 3.8164301269e-01 -7.3577926927e-01
2.0465501165e-01 3.8164424836e-01 -7.3577683843e-01
2.0465830923e-01 3.8164250896e-01 -7.3577875320e-01
2.0465687699e-01 3.8164373403e-01 -7.3577632730e-01
-5.1645882343e-01 -1.1147992976e+00 -1.6099280396e-01
-5.1645856244e-01 -1.1147991272e+00 -1.6099408345e-01
-5.1645754294e-01 -1.1147956435e+00 -1.6099458176e-01
-5.1645728539e-01 -1.1147953893e+00 -1.6099591986e-01
-5.1645733956e-01 -1.1147983917e+00 -1.6099575837e-01
-5.1645707820e-01 -1.1147982208e+00 -1.6099703853e-01
-5.1645605317e-01 -1.1147947663e+00 -1.6099751635e-01
-5.1645579594e-01 -1.1147945125e+00 -1.6099885371e-01
-7.8329457818e-01 -3.4976982538e-01 -7.8465852090e-01
-7.8329454171e-01 -3.4976949298e-01 -7.8465391178e-01
-7.8329399310e-01 -3.4976913491e-01 -7.8465816248e-01
-7.8329401976e-01 -3.4976889388e-01 -7.8465356998e-01
-7.8329441273e-01 -3.4976949433e-01 -7.8465970501e-01
-7.8329438181e-01 -3.4976912290e-01 -7.8465505099e-01
-7.8329382811e-01 -3.4976880287e-01 -7.8465934713e-01
-7.8329385978e-01 -3.4976852489e-01 -7.8465470761e-01
1.7573301744e+00 -9.3684811705e-01 -1.5434711352e+00
1.7573304722e+00 -9.3684870968e-01 -1.5434717337e+00
1.7573298282e+00 -9.3684801699e-01 -1.5434715500e+00
1.7573301241e+00 -9.3684860783e-01 -1.5434721384e+00
1.7573305682e+00 -9.3684821625e-01 -1.5434680419e+00
1.7573308660e+00 -9.3684880889e-01 -1.5434686404e+00
1.7573302261e+00 -9.3684810615e-01 -1.5434684425e+00
1.7573305219e+00 -9.3684869700e-01 -1.5434690309e+00
-5.7468464537e-01 3.4125870922e-01 -9.7631211439e-01
-5.7468432016e-01 3.4125916312e-01 -9.7631224620e-01
-5.7468588665e-01 3.4125764750e-01 -9.7631319088e-01
-5.7468556207e-01 3.4125810016e-01 -9.7631331487e-01
-5.7468401433e-01 3.4125877814e-01 -9.7631145101e-01
-5.7468368912e-01 3.4125923204e-01 -9.7631158283e-01
-5.7468525590e-01 3.4125771622e-01 -9.7631252794e-01
-5.7468493132e-01 3.4125816888e-01 -9.7631265192e-01
9.9172016395e-03 1.5496786195e+00 -5.0575857529e-01
9.9193007347e-03 1.5496819479e+00 -5.0575051900e-01
9.9165059848e-03 1.5496780633e+00 -5.0576325196e-01
9.9186081229e-03 1.5496814870e+00 -5.0575525992e-01
9.9182504126e-03 1.5496781721e+00 -5.0575895180e-01
9.9202960469e-03 1.5496814799e+00 -5.0575093093e-01
9.9175561421e-03 1.5496776854e+00 -5.0576368179e-01
9.9196063502e-03 1.5496810158e+00 -5.0575568272e-01
8.3146325595e-01 9.5292826499e-01 -5.1622855571e-01
8.3146236137e-01 9.5292870982e-01 -5.1622985433e-01
8.3146191425e-01 9.5292476765e-01 -5.1622919930e-01
8.3146093438e-01 9.5292524845e-01 -5.1623044598e-01
8.3146440863e-01 9.5292864235e-01 -5.1622902695e-01
8.3146351413e-01 9.5292908707e-01 -5.1623032591e-01
8.3146306682e-01 9.5292514491e-01 -5.1622966986e-01
8.3146208703e-01 9.5292562558e-01 -5.1623091688e-01
-6.4007117337e-01 -2.5511597358e-01 -1.0581384786e+00
-6.4007158162e-01 -2.5511599033e-01 -1.0581403466e+00
-6.4007035173e-01 -2.5511695256e-01 -1.0581388870e+00
-6.4007068199e-01 -2.5511704492e-01 -1.0581408129e+00
-6.4007164702e-01 -2.5511588667e-01 -1.0581385460e+00
-6.4007205526e-01 -2.5511590325e-01 -1.0581404141e+00
-6.4007082446e-01 -2.5511686550e-01 -1.0581389595e+00
-6.4007115471e-01 -2.5511695769e-01 -1.0581408855e+00
7.9666459054e-01 6.3382846237e-01 -1.4235418800e+00
7.9666409406e-01 6.3382688568e-01 -1.4235449547e+00
7.9666469666e-01 6.3382565032e-01 -1.4235420044e+00
7.9666418853e-01 6.3382407172e-01 -1.4235450478e+00
7.9666486424e-01 6.3382776024e-01 -1.4235400116e+00
7.9666436761e-01 6.3382618345e-01 -1.4235430865e+00
7.9666496231e-01 6.3382493258e-01 -1.4235401379e+00
7.9666445402e-01 6.3382335388e-01 -1.4235431816e+00
