2.6841283891e-01 6.0089049175e-02 3.5770089226e-02
2.6841264855e-01 6.0090113406e-02 3.5772417022e-02
2.6841308740e-01 6.0088414956e-02 3.5769416477e-02
2.6841289546e-01 6.0089510257e-02 3.5771762913e-02
2.6841253110e-01 6.0089105047e-02 3.5770002647e-02
2.6841232340e-01 6.0090182783e-02 3.5772362920e-02
2.6841277913e-01 6.0088471001e-02 3.5769330367e-02
2.6841257848e-01 6.0089579341e-02 3.5771711186e-02
-3.8232964187e-02 -2.0424877496e-01 -3.7562394523e-01
-3.8233273372e-02 -2.0424875538e-01 -3.7562386916e-01
-3.8231867780e-02 -2.0424631091e-01 -3.7562349021e-01
-3.8232154397e-02 -2.0424628864e-01 -3.7562345756e-01
-3.8231757207e-02 -2.0424785871e-01 -3.7562294245e-01
-3.8232057519e-02 -2.0424784327e-01 -3.7562285571e-01
-3.8230650475e-02 -2.0424540466e-01 -3.7562248616e-01
-3.8230933001e-02 -2.0424537569e-01 -3.7562245732e-01
2.8928946041e-02 8.2561465928e-02 9.9881388057e-02
2.8928998571e-02 8.2561495415e-02 9.9881406084e-02
2.8929072091e-02 8.2561346578e-02 9.9881342407e-02
2.8929124986e-02 8.2561376069e-02 9.9881360570e-02
2.8928805043e-02 8.2561408965e-02 9.9881354001e-02
2.8928857410e-02 8.2561438191e-02 9.9881371428e-02
2.8928919652e-02 8.2561268316e-02 9.9881308457e-02
2.8928972387e-02 8.2561297537e-02 9.9881326026e-02
-2.1747954839e-01 -3.1239535750e-01 -2.8238556198e-01
-2.1747945445e-01 -3.1239525461e-01 -2.8238588848e-01
-2.1747942813e-01 -3.1239468072e-01 -2.8238547953e-01
-2.1747935882e-01 -3.1239458281e-01 -2.8238581235e-01
-2.1747993119e-01 -3.1239495065e-01 -2.8238544116e-01
-2.1747983739e-01 -3.1239484789e-01 -2.8238576834e-01
-2.1747981818e-01 -3.1239427344e-01 -2.8238533409e-01
-2.1747974076e-01 -3.1239417762e-01 -2.8238567079e-01
-5.2396848402e-01 2.4525857875e-01 5.7498032239e-01
-5.2397088598e-01 2.4525964469e-01 5.7498394386e-01
-5.2396698764e-01 2.4525747824e-01 5.7497856712e-01
-5.2396940454e-01 2.4525855430e-01 5.7498215816e-01
-5.2396923600e-01 2.4525853493e-01 5.7498029907e-01
-5.2397167746e-01 2.4525958918e-01 5.7498388576e-01
-5.2396773895e-01 2.4525742950e-01 5.7497849874e-01
-5.2397020205e-01 2.4525849639e-01 5.7498213960e-01
-1.3015992579e-01 -2.3304653530e-01 4.5313397070e-01
-1.3015947047e-01 -2.3304592868e-01 4.5313444859e-01
-1.3015966427e-01 -2.3304814563e-01 4.5313550872e-01
-1.3015919383e-01 -2.3304755260e-01 4.5313602245e-01
-1.3015896334e-01 -2.3304662558e-01 4.5313366461e-01
-1.3015854463e-01 -2.3304603076e-01 4.5313410135e-01
-1.3015872864e-01 -2.3304825818e-01 4.5313518123e-01
-1.3015829638e-01 -2.3304767134e-01 4.5313564102e-01
3.6539923563e-03 9.1794305199e-02 1.4577649784e-01
3.6539450849e-03 9.1794000349e-02 1.4577638864e-01
3.6542006712e-03 9.1794365724e-02 1.4577612440e-01
3.6541530594e-03 9.1794061540e-02 1.4577601565e-01
3.6539106320e-03 9.1794429682e-02 1.4577693273e-01
3.6538606233e-03 9.1794129279e-02 1.4577682077e-01
3.6541195443e-03 9.1794490889e-02 1.4577655961e-01
3.6540695001e-03 9.1794190786e-02 1.4577644758e-01
-2.3386840921e-02 8.4915557210e-02 -3.0991503598e-02
-2.3386707332e-02 8.4915837363e-02 -3.0992295031e-02
-2.3387036956e-02 8.4916102179e-02 -3.0991301140e-02
-2.3386903295e-02 8.4916382427e-02 -3.0992092584e-02
-2.3386863041e-02 8.4915368170e-02 -3.0991560247e-02
-2.3386729366e-02 8.4915646849e-02 -3.0992350781e-02
-2.3387052177e-02 8.4915913420e-02 -3.0991356020e-02
-2.3386918473e-02 8.4916192104e-02 -3.0992146557e-02
2.5595221921e-01 1.4669677441e-01 -1.0358585376e-01
2.5595255750e-01 1.4669686850e-01 -1.0358613871e-01
2.5595201425e-01 1.4669594029e-01 -1.0358658395e-01
2.5595235153e-01 1.4669603774e-01 -1.0358686700e-01
2.5595232772e-01 1.4669650513e-01 -1.0358555383e-01
2.5595266007e-01 1.4669659886e-01 -1.0358584679e-01
2.5595212284e-01 1.4669567095e-01 -1.0358628398e-01
2.5595245407e-01 1.4669576795e-01 -1.0358657483e-01
1.0152260498e-01 5.6807899208e-01 -6.0815119834e-01
1.0152331244e-01 5.6808281912e-01 -6.0815460961e-01
1.0152250787e-01 5.6807896614e-01 -6.0815069486e-01
1.0152322209e-01 5.6808279685e-01 -6.0815412688e-01
1.0152269446e-01 5.6807919108e-01 -6.0815134702e-01
1.0152340200e-01 5.6808301827e-01 -6.0815475848e-01
1.0152259667e-01 5.6807916507e-01 -6.0815084168e-01
1.0152331092e-01 5.6808299587e-01 -6.0815427373e-01
-4.7984432830e-02 1.0492226385e-01 -1.5817083609e-01
-4.7984855281e-02 1.0492221348e-01 -1.5816952845e-01
-4.7984280252e-02 1.0492194153e-01 -1.5817124360e-01
-4.7984699300e-02 1.0492189021e-01 -1.5816993570e-01
-4.7984867363e-02 1.0492220986e-01 -1.5817099005e-01
-4.7985289010e-02 1.0492217577e-01 -1.5816967128e-01
-4.7984714679e-02 1.0492188807e-01 -1.5817139773e-01
-4.7985132464e-02 1.0492185460e-01 -1.5817008019e-01
-3.8947715200e-02 -2.9771042837e-01 5.7708975686e-01
-3.8947601426e-02 -2.9771021598e-01 5.7708954063e-01
-3.8947725192e-02 -2.9770827960e-01 5.7708873019e-01
-3.8947590639e-02 -2.9770805295e-01 5.7708852745e-01
-3.8948894780e-02 -2.9771041562e-01 5.7708974591e-01
-3.8948749276e-02 -2.9771019825e-01 5.7708952883e-01
-3.8948871727e-02 -2.9770831649e-01 5.7708863682e-01
-3.8948753623e-02 -2.9770807677e-01 5.7708844467e-01
-6.8454548511e-02 2.0486940848e-01 -3.6025305959e-02
-6.8454847370e-02 2.0486900181e-01 -3.6025459730e-02
-6.8454552040e-02 2.0486924099e-01 -3.6025544530e-02
-6.8454850157e-02 2.0486883838e-01 -3.6025700048e-02
-6.8454290534e-02 2.0486910240e-01 -3.6025555906e-02
-6.8454593255e-02 2.0486869588e-01 -3.6025705371e-02
-6.8454293844e-02 2.0486893541e-01 -3.6025795715e-02
-6.8454595849e-02 2.0486853300e-01 -3.6025946958e-02
1.8458030272e-01 -1.9806075001e-01 1.3946316960e-02
1.8458014431e-01 -1.9806068454e-01 1.3945731134e-02
1.8458008756e-01 -1.9806071444e-01 1.3946094243e-02
1.8457993313e-01 -1.9806065005e-01 1.3945510325e-02
1.8458033918e-01 -1.9806060953e-01 1.3946454389e-02
1.8458018092e-01 -1.9806054463e-01 1.3945868298e-02
1.8458011042e-01 -1.9806058265e-01 1.3946238353e-02
1.8457995616e-01 -1.9806051882e-01 1.3945654185e-02
1.6281114767e-02 3.1253550838e-01 -2.6830528840e-01
1.6281021074e-02 3.1253514553e-01 -2.6830540320e-01
1.6280552086e-02 3.1253517835e-01 -2.6830568599e-01
1.6280460830e-02 3.1253481624e-01 -2.6830579797e-01
1.6281050586e-02 3.1253583510e-01 -2.6830530368e-01
1.6280956816e-02 3.1253547223e-01 -2.6830541853e-01
1.6280487925e-02 3.1253550607e-01 -2.6830570099e-01
1.6280396601e-02 3.1253514396e-01 -2.6830581282e-01
-2.3479072201e-01 -1.7432665654e-01 1.5889430104e-01
-2.3479064330e-01 -1.7432658880e-01 1.5889365038e-01
-2.3479068192e-01 -1.7432630433e-01 1.5889417315e-01
-2.3479061309e-01 -1.7432626275e-01 1.5889354395e-01
-2.3479102406e-01 -1.7432696194e-01 1.5889441009e-01
-2.3479094456e-01 -1.7432688667e-01 1.5889376238e-01
-2.3479097942e-01 -1.7432660948e-01 1.5889428765e-01
-2.3479090933e-01 -1.7432656038e-01 1.5889366117e-01
9.5053951017e-04 -1.0423264960e+00 1.4367835074e+00
9.5005905716e-04 -1.0423265817e+00 1.4367835494e+00
9.5185982888e-04 -1.0423335349e+00 1.4367903141e+00
9.5137929886e-04 -1.0423336207e+00 1.4367903558e+00
9.4823733096e-04 -1.0423242510e+00 1.4367832155e+00
9.4776876465e-04 -1.0423243229e+00 1.4367832603e+00
9.4952980088e-04 -1.0423312791e+00 1.4367900512e+00
9.4906137993e-04 -1.0423313509e+00 1.4367900962e+00
-2.1693450012e-01 2.1270779978e-01 6.7938831610e-01
-2.1693494109e-01 2.1270770563e-01 6.7938823702e-01
-2.1693450589e-01 2.1270775897e-01 6.7938803839e-01
-2.1693492652e-01 2.1270764370e-01 6.7938798916e-01
-2.1693433753e-01 2.1270792494e-01 6.7938804138e-01
-2.1693478745e-01 2.1270781973e-01 6.7938796673e-01
-2.1693432561e-01 2.1270786071e-01 6.7938779321e-01
-2.1693476810e-01 2.1270776826e-01 6.7938771944e-01
-1.0118093850e-01 1.0660618009e-01 -6.6573381554e-02
-1.0118150768e-01 1.0660667259e-01 -6.6570831262e-02
-1.0118103408e-01 1.0660666621e-01 -6.6572788215e-02
-1.0118160771e-01 1.0660716461e-01 -6.6570226485e-02
-1.0118093192e-01 1.0660633343e-01 -6.6573425968e-02
-1.0118150536e-01 1.0660684036e-01 -6.6570878011e-02
-1.0118103222e-01 1.0660682323e-01 -6.6572835273e-02
-1.0118160495e-01 1.0660733190e-01 -6.6570273447e-02
-6.3044636867e-01 2.5020595840e-01 6.3425839620e-01
-6.3044631482e-01 2.5020560950e-01 6.3425828771e-01
-6.3044418570e-01 2.5020319049e-01 6.3425555854e-01
-6.3044412650e-01 2.5020283320e-01 6.3425544964e-01
-6.3044760192e-01 2.5020576960e-01 6.3425771749e-01
-6.3044754119e-01 2.5020541675e-01 6.3425761212e-01
-6.3044543356e-01 2.5020298509e-01 6.3425487348e-01
-6.3044537095e-01 2.5020262445e-01 6.3425476590e-01
1.5206024784e-01 3.7017746428e-02 2.4095334341e-01
1.5206080775e-01 3.7017531866e-02 2.4095298505e-01
1.5206073169e-01 3.7018078579e-02 2.4095406841e-01
1.5206128266e-01 3.7017851941e-02 2.4095371074e-01
1.5206013297e-01 3.7017854970e-02 2.4095334012e-01
1.5206069036e-01 3.7017653669e-02 2.4095297232e-01
1.5206061266e-01 3.7018192510e-02 2.4095406355e-01
1.5206116314e-01 3.7017980261e-02 2.4095369630e-01
-1.8996214126e-01 2.1355281005e-01 -2.4072396606e-01
-1.8996216266e-01 2.1355265540e-01 -2.4072446093e-01
-1.8996210852e-01 2.1355233872e-01 -2.4072425926e-01
-1.8996212304e-01 2.1355218643e-01 -2.4072475857e-01
-1.8996225357e-01 2.1355283750e-01 -2.4072469777e-01
-1.8996228112e-01 2.1355268219e-01 -2.4072520106e-01
-1.8996221875e-01 2.1355237494e-01 -2.4072498753e-01
-1.8996223965e-01 2.1355222202e-01 -2.4072549533e-01
2.2389433266e-01 -9.8188215353e-03 8.8068598021e-02
2.2389440267e-01 -9.8186267565e-03 8.8067848884e-02
2.2389454579e-01 -9.8190681097e-03 8.8068963997e-02
2.2389461783e-01 -9.8188733409e-03 8.8068214712e-02
2.2389398253e-01 -9.8187717719e-03 8.8068904073e-02
2.2389405416e-01 -9.8185945838e-03 8.8068160999e-02
2.2389417767e-01 -9.8190312033e-03 8.8069280680e-02
2.2389425122e-01 -9.8188424031e-03 8.8068530137e-02
-8.6283577407e-02 1.4563862462e-01 3.3615866925e-01
-8.6283228553e-02 1.4563874243e-01 3.3615815598e-01
-8.6283512391e-02 1.4563871853e-01 3.3615840313e-01
-8.6283153958e-02 1.4563884897e-01 3.3615787155e-01
-8.6283866560e-02 1.4563865392e-01 3.3615913470e-01
-8.6283517611e-02 1.4563877193e-01 3.3615862116e-01
-8.6283797280e-02 1.4563874104e-01 3.3615886586e-01
-8.6283438704e-02 1.4563887165e-01 3.3615833401e-01
-1.6379922400e-02 -1.2873894415e-01 -3.5568843331e-03
-1.6380130734e-02 -1.2873908834e-01 -3.5570732812e-03
-1.6379978888e-02 -1.2873874583e-01 -3.5566707220e-03
-1.6380185711e-02 -1.2873890314e-01 -3.5568501705e-03
-1.6379939318e-02 -1.2873888693e-01 -3.5568190370e-03
-1.6380140517e-02 -1.2873904469e-01 -3.5570003445e-03
-1.6380017479e-02 -1.2873869333e-01 -3.5566274173e-03
-1.6380219575e-02 -1.2873883767e-01 -3.5568187978e-03
-7.6626611542e-03 1.3164172952e-01 1.7158670065e-01
-7.6619065548e-03 1.3164119973e-01 1.7158558891e-01
-7.6627720525e-03 1.3164163485e-01 1.7158620901e-01
-7.6620200270e-03 1.3164108499e-01 1.7158506287e-01
-7.6639382247e-03 1.3164216385e-01 1.7158715677e-01
-7.6631785835e-03 1.3164161016e-01 1.7158602499e-01
-7.6640452033e-03 1.3164207827e-01 1.7158666750e-01
-7.6632855785e-03 1.3164152458e-01 1.7158553571e-01
2.5166346222e-01 -2.0444746097e-01 -4.6806591525e-03
2.5166327684e-01 -2.0444757355e-01 -4.6804273943e-03
2.5166405131e-01 -2.0444726466e-01 -4.6806678707e-03
2.5166385649e-01 -2.0444737273e-01 -4.6804421788e-03
2.5166331202e-01 -2.0444721706e-01 -4.6806434054e-03
2.5166311573e-01 -2.0444732744e-01 -4.6804091793e-03
2.5166389628e-01 -2.0444701936e-01 -4.6806544775e-03
2.5166370306e-01 -2.0444712664e-01 -4.6804197695e-03
3.1089272900e-01 -2.6359756815e-01 -5.7989959119e-01
3.1088928985e-01 -2.6359648697e-01 -5.7989529060e-01
3.1089205620e-01 -2.6359644972e-01 -5.7989933190e-01
3.1088864180e-01 -2.6359540324e-01 -5.7989505855e-01
3.1088947220e-01 -2.6359730336e-01 -5.7989646912e-01
3.1088607437e-01 -2.6359623584e-01 -5.7989220373e-01
3.1088882127e-01 -2.6359619942e-01 -5.7989627454e-01
3.1088539005e-01 -2.6359510751e-01 -5.7989201872e-01
-2.6406384590e-01 5.2645195695e-01 1.6198359664e-01
-2.6406255682e-01 5.2645195398e-01 1.6198273278e-01
-2.6406375129e-01 5.2645240545e-01 1.6198307567e-01
-2.6406245676e-01 5.2645240423e-01 1.6198220890e-01
-2.6406390347e-01 5.2645203538e-01 1.6198317645e-01
-2.6406261477e-01 5.2645203232e-01 1.6198231266e-01
-2.6406380692e-01 5.2645250936e-01 1.6198263615e-01
-2.6406251771e-01 5.2645250765e-01 1.6198177224e-01
2.8266125028e-01 -1.7204908801e-01 -1.3299615954e-01
2.8266048460e-01 -1.7204766943e-01 -1.3299323922e-01
2.8266096578e-01 -1.7204771272e-01 -1.3299476128e-01
2.8266021548e-01 -1.7204630519e-01 -1.3299187733e-01
2.8266105822e-01 -1.7204928058e-01 -1.3299658776e-01
2.8266033389e-01 -1.7204789277e-01 -1.3299366386e-01
2.8266077370e-01 -1.7204791818e-01 -1.3299518250e-01
2.8266006512e-01 -1.7204651539e-01 -1.3299230930e-01
-1.0427624967e+00 5.8232297447e-01 1.1667671645e+00
-1.0427621212e+00 5.8232306469e-01 1.1667666016e+00
-1.0427630471e+00 5.8232331904e-01 1.1667672481e+00
-1.0427626577e+00 5.8232342371e-01 1.1667666577e+00
-1.0427629791e+00 5.8232308716e-01 1.1667677245e+00
-1.0427626006e+00 5.8232319126e-01 1.1667671705e+00
-1.0427635165e+00 5.8232342024e-01 1.1667678129e+00
-1.0427631240e+00 5.8232353881e-01 1.1667672313e+00
1.9848192436e-01 2.8771920928e-01 -6.1503737069e-01
1.9848260935e-01 2.8771905335e-01 -6.1503711113e-01
1.9848146854e-01 2.8772225284e-01 -6.1503922817e-01
1.9848214950e-01 2.8772207398e-01 -6.1503894243e-01
1.9848120402e-01 2.8771953576e-01 -6.1503751790e-01
1.9848187027e-01 2.8771934917e-01 -6.1503725951e-01
1.9848077108e-01 2.8772250950e-01 -6.1503936210e-01
1.9848144822e-01 2.8772233816e-01 -6.1503908911e-01
-3.5341798533e-01 -1.3857887607e-01 -2.5560267903e-01
-3.5341781447e-01 -1.3857911241e-01 -2.5560316125e-01
-3.5341804448e-01 -1.3857837072e-01 -2.5560225622e-01
-3.5341787356e-01 -1.3857862100e-01 -2.5560272987e-01
-3.5341783888e-01 -1.3857890952e-01 -2.5560292017e-01
-3.5341767004e-01 -1.3857912153e-01 -2.5560337055e-01
-3.5341789995e-01 -1.3857837856e-01 -2.5560246518e-01
-3.5341772867e-01 -1.3857862977e-01 -2.5560293820e-01
-2.3115868504e-02 -1.4551616630e-01 1.6634930951e-01
-2.3115357788e-02 -1.4551651520e-01 1.6634741010e-01
-2.3115949467e-02 -1.4551620390e-01 1.6634921861e-01
-2.3115438195e-02 -1.4551654040e-01 1.6634731099e-01
-2.3115796317e-02 -1.4551637708e-01 1.6634966362e-01
-2.3115287855e-02 -1.4551670785e-01 1.6634775762e-01
-2.3115873274e-02 -1.4551639815e-01 1.6634956150e-01
-2.3115365369e-02 -1.4551674132e-01 1.6634766371e-01
5.2961636244e-02 -2.0803822720e-01 -1.3537222545e-01
5.2961521457e-02 -2.0803833791e-01 -1.3537127427e-01
5.2961685905e-02 -2.0803775455e-01 -1.3537165210e-01
5.2961570400e-02 -2.0803786850e-01 -1.3537070291e-01
5.2962100877e-02 -2.0803838494e-01 -1.3537241042e-01
5.2961980105e-02 -2.0803852345e-01 -1.3537143144e-01
5.2962150448e-02 -2.0803791281e-01 -1.3537183771e-01
5.2962029055e-02 -2.0803805452e-01 -1.3537086084e-01
-1.7532861814e-01 5.7091718646e-01 -3.5483245921e-01
-1.7532849282e-01 5.7091734075e-01 -3.5483297684e-01
-1.7532869726e-01 5.7091734877e-01 -3.5483194987e-01
-1.7532857595e-01 5.7091749731e-01 -3.5483246104e-01
-1.7532867149e-01 5.7091728515e-01 -3.5483259843e-01
-1.7532853184e-01 5.7091744599e-01 -3.5483314134e-01
-1.7532875056e-01 5.7091744742e-01 -3.5483208901e-01
-1.7532861563e-01 5.7091760329e-01 -3.5483262506e-01
1.8695637155e-01 -6.0807632210e-02 -3.7589584661e-02
1.8695659624e-01 -6.0807394172e-02 -3.7589802846e-02
1.8695635600e-01 -6.0807695180e-02 -3.7589378066e-02
1.8695657761e-01 -6.0807456239e-02 -3.7589599091e-02
1.8695610227e-01 -6.0807833066e-02 -3.7589077766e-02
1.8695634858e-01 -6.0807575897e-02 -3.7589275435e-02
1.8695608341e-01 -6.0807895372e-02 -3.7588874324e-02
1.8695633432e-01 -6.0807639634e-02 -3.7589069809e-02
4.9998755076e-02 8.9353690334e-02 -5.5102558747e-02
4.9998600804e-02 8.9353793797e-02 -5.5102484898e-02
4.9998909331e-02 8.9353622376e-02 -5.5102016691e-02
4.9998754967e-02 8.9353725811e-02 -5.5101942003e-02
4.9998223958e-02 8.9353623364e-02 -5.5102609566e-02
4.9998082865e-02 8.9353711995e-02 -5.5102563770e-02
4.9998345186e-02 8.9353610346e-02 -5.5102092219e-02
4.9998203312e-02 8.9353698245e-02 -5.5102045599e-02
-6.4193180517e-01 -2.7771286287e-01 -5.7471881295e-01
-6.4193192862e-01 -2.7771245848e-01 -5.7471932825e-01
-6.4193191204e-01 -2.7771288021e-01 -5.7471882001e-01
-6.4193203941e-01 -2.7771247983e-01 -5.7471933169e-01
-6.4193217845e-01 -2.7771268017e-01 -5.7471880674e-01
-6.4193231702e-01 -2.7771228282e-01 -5.7471933288e-01
-6.4193228061e-01 -2.7771269706e-01 -5.7471881887e-01
-6.4193242316e-01 -2.7771230371e-01 -5.7471934142e-01
5.3200400409e-02 -2.9172063088e-01 -7.8533755708e-01
5.3200565285e-02 -2.9172086596e-01 -7.8533717178e-01
5.3200441557e-02 -2.9172055151e-01 -7.8533743913e-01
5.3200595838e-02 -2.9172077902e-01 -7.8533704443e-01
5.3197002710e-02 -2.9172034023e-01 -7.8533745722e-01
5.3197187394e-02 -2.9172055622e-01 -7.8533703694e-01
5.3197039531e-02 -2.9172024096e-01 -7.8533734806e-01
5.3197224190e-02 -2.9172045696e-01 -7.8533692779e-01
1.0871321093e-01 7.6235145716e-03 -8.1952918992e-02
1.0871324006e-01 7.6237747165e-03 -8.1953367805e-02
1.0871341751e-01 7.6232505692e-03 -8.1953034323e-02
1.0871344537e-01 7.6235149653e-03 -8.1953481644e-02
1.0871383455e-01 7.6238273840e-03 -8.1952673363e-02
1.0871386255e-01 7.6240909605e-03 -8.1953120405e-02
1.0871404658e-01 7.6235625133e-03 -8.1952792665e-02
1.0871407554e-01 7.6238233970e-03 -8.1953241787e-02
-1.4593149887e-01 3.6798175491e-02 -1.2830595108e-01
-1.4593136382e-01 3.6798042785e-02 -1.2830711948e-01
-1.4593165535e-01 3.6798541172e-02 -1.2830587047e-01
-1.4593152270e-01 3.6798405770e-02 -1.2830703758e-01
-1.4593117308e-01 3.6798317569e-02 -1.2830528417e-01
-1.4593106382e-01 3.6798178057e-02 -1.2830641914e-01
-1.4593132501e-01 3.6798676426e-02 -1.2830520804e-01
-1.4593119448e-01 3.6798549754e-02 -1.2830637456e-01
-2.3685819041e-01 -1.4351941035e-01 -1.1794363564e-01
-2.3685826305e-01 -1.4351934060e-01 -1.1794387140e-01
-2.3685789176e-01 -1.4351932310e-01 -1.1794315899e-01
-2.3685796325e-01 -1.4351925315e-01 -1.1794339483e-01
-2.3685801003e-01 -1.4351932835e-01 -1.1794339140e-01
-2.3685807820e-01 -1.4351925469e-01 -1.1794362867e-01
-2.3685770941e-01 -1.4351924055e-01 -1.1794291397e-01
-2.3685777834e-01 -1.4351916739e-01 -1.1794315189e-01
1.1049627870e-01 1.6217713800e-03 -3.7102958569e-01
1.1049656147e-01 1.6218285103e-03 -3.7102946084e-01
1.1049603090e-01 1.6217820864e-03 -3.7103004488e-01
1.1049631411e-01 1.6218394613e-03 -3.7102992031e-01
1.1049673351e-01 1.6214789393e-03 -3.7102935563e-01
1.1049702069e-01 1.6215307364e-03 -3.7102922730e-01
1.1049648525e-01 1.6214940163e-03 -3.7102982234e-01
1.1049677746e-01 1.6215478702e-03 -3.7102969543e-01
4.3499711127e-02 4.2012477057e-02 -1.8659716299e-01
4.3499494823e-02 4.2012333072e-02 -1.8659711617e-01
4.3499467341e-02 4.2012849980e-02 -1.8659682814e-01
4.3499251147e-02 4.2012706391e-02 -1.8659678164e-01
4.3499288143e-02 4.2012448947e-02 -1.8659686880e-01
4.3499071477e-02 4.2012318115e-02 -1.8659680375e-01
4.3499039636e-02 4.2012831953e-02 -1.8659652932e-01
4.3498824122e-02 4.2012702505e-02 -1.8659646400e-01
1.9845707625e-01 -2.5975750182e-01 -3.8184878193e-01
1.9845718925e-01 -2.5975769184e-01 -3.8184895506e-01
1.9845697396e-01 -2.5975646076e-01 -3.8184844858e-01
1.9845708196e-01 -2.5975665286e-01 -3.8184862258e-01
1.9845679381e-01 -2.5975767490e-01 -3.8184872424e-01
1.9845690374e-01 -2.5975785860e-01 -3.8184890158e-01
1.9845670932e-01 -2.5975664182e-01 -3.8184839472e-01
1.9845681262e-01 -2.5975682797e-01 -3.8184857217e-01
7.5677698445e-02 -1.1184051875e-01 1.2826091797e-01
7.5677803890e-02 -1.1184057626e-01 1.2826018446e-01
7.5677563834e-02 -1.1184038675e-01 1.2826100601e-01
7.5677667575e-02 -1.1184044799e-01 1.2826026961e-01
7.5677868077e-02 -1.1184051070e-01 1.2826092866e-01
7.5677977285e-02 -1.1184057459e-01 1.2826018356e-01
7.5677731444e-02 -1.1184037912e-01 1.2826101636e-01
7.5677842282e-02 -1.1184043865e-01 1.2826027390e-01
3.5048601418e-01 5.4919255378e-01 -2.1225576641e-01
3.5048607759e-01 5.4919287690e-01 -2.1225613827e-01
3.5048618292e-01 5.4919301557e-01 -2.1225578098e-01
3.5048624648e-01 5.4919332669e-01 -2.1225614434e-01
3.5048575890e-01 5.4919247570e-01 -2.1225593400e-01
3.5048582726e-01 5.4919279977e-01 -2.1225629391e-01
3.5048592757e-01 5.4919293750e-01 -2.1225594863e-01
3.5048599606e-01 5.4919324957e-01 -2.1225630003e-01
2.4821648165e-02 4.3978136179e-02 -1.5170467105e-01
2.4821317520e-02 4.3978801142e-02 -1.5170581959e-01
2.4821834806e-02 4.3978537794e-02 -1.5170542139e-01
2.4821504950e-02 4.3979198381e-02 -1.5170657670e-01
2.4823749578e-02 4.3976882438e-02 -1.5170571651e-01
2.4823423378e-02 4.3977553443e-02 -1.5170686738e-01
2.4823943839e-02 4.3977293110e-02 -1.5170646816e-01
2.4823618429e-02 4.3977959739e-02 -1.5170762580e-01
-7.9037191525e-01 -2.9819635186e-01 -4.9019769309e-01
-7.9037209630e-01 -2.9819671489e-01 -4.9019683109e-01
-7.9037134715e-01 -2.9819612238e-01 -4.9019705065e-01
-7.9037153132e-01 -2.9819649154e-01 -4.9019619353e-01
-7.9037133741e-01 -2.9819584118e-01 -4.9019807758e-01
-7.9037151831e-01 -2.9819620414e-01 -4.9019721547e-01
-7.9037077039e-01 -2.9819561365e-01 -4.9019743794e-01
-7.9037094347e-01 -2.9819598872e-01 -4.9019659120e-01
-3.0624178583e-01 5.7066764449e-01 4.5085018138e-01
-3.0624105498e-01 5.7066779961e-01 4.5085301455e-01
-3.0624122790e-01 5.7066695481e-01 4.5084943707e-01
-3.0624049560e-01 5.7066711028e-01 4.5085227303e-01
-3.0624159125e-01 5.7066801686e-01 4.5084963308e-01
-3.0624084360e-01 5.7066817149e-01 4.5085246185e-01
-3.0624099653e-01 5.7066734465e-01 4.5084891249e-01
-3.0624025223e-01 5.7066749920e-01 4.5085173878e-01
-3.9514709548e-01 -1.3170842113e-01 -3.6981114056e-01
-3.9514702117e-01 -1.3170880318e-01 -3.6981185495e-01
-3.9514644823e-01 -1.3170768316e-01 -3.6981114922e-01
-3.9514637779e-01 -1.3170805564e-01 -3.6981183509e-01
-3.9514791132e-01 -1.3170866818e-01 -3.6981061238e-01
-3.9514783105e-01 -1.3170904685e-01 -3.6981131500e-01
-3.9514728865e-01 -1.3170792725e-01 -3.6981061738e-01
-3.9514721094e-01 -1.3170829499e-01 -3.6981128943e-01
-6.4773424922e-01 -1.7695024130e-01 6.0789430993e-01
-6.4773371165e-01 -1.7695074394e-01 6.0789639015e-01
-6.4773478937e-01 -1.7695311097e-01 6.0789342003e-01
-6.4773423586e-01 -1.7695358282e-01 6.0789549341e-01
-6.4773741027e-01 -1.7695034497e-01 6.0789399649e-01
-6.4773685860e-01 -1.7695081905e-01 6.0789604226e-01
-6.4773788772e-01 -1.7695319976e-01 6.0789312913e-01
-6.4773734320e-01 -1.7695370677e-01 6.0789517193e-01
-2.7402837022e-01 -1.5093370673e-01 1.0895319083e-01
-2.7402769060e-01 -1.5093169922e-01 1.0895019867e-01
-2.7402841103e-01 -1.5093323142e-01 1.0895314282e-01
-2.7402770576e-01 -1.5093125961e-01 1.0895015990e-01
-2.7402906178e-01 -1.5093279991e-01 1.0895356819e-01
-2.7402837277e-01 -1.5093079119e-01 1.0895058505e-01
-2.7402911502e-01 -1.5093233277e-01 1.0895353548e-01
-2.7402840020e-01 -1.5093035963e-01 1.0895056170e-01
-5.5026713028e-01 -1.8302149499e-01 1.8336288626e-01
-5.5026277944e-01 -1.8301744637e-01 1.8337063827e-01
-5.5026807039e-01 -1.8302209246e-01 1.8336210882e-01
-5.5026368337e-01 -1.8301798602e-01 1.8336981843e-01
-5.5026307865e-01 -1.8302024060e-01 1.8336488963e-01
-5.5025868494e-01 -1.8301601773e-01 1.8337270498e-01
-5.5026394894e-01 -1.8302088059e-01 1.8336407429e-01
-5.5025959438e-01 -1.8301653931e-01 1.8337189081e-01
2.3949822715e-01 -2.3534773807e-01 1.3797959156e-01
2.3949831515e-01 -2.3534635776e-01 1.3798019663e-01
2.3949640315e-01 -2.3534828061e-01 1.3797781004e-01
2.3949651236e-01 -2.3534689793e-01 1.3797842520e-01
2.3950141540e-01 -2.3534602492e-01 1.3798146804e-01
2.3950150065e-01 -2.3534464092e-01 1.3798207726e-01
2.3949968863e-01 -2.3534648599e-01 1.3797977363e-01
2.3949979014e-01 -2.3534509899e-01 1.3798040045e-01
2.8623730955e-01 3.0264194164e-01 -1.5886248726e-01
2.8623736210e-01 3.0264176902e-01 -1.5886167622e-01
2.8623771887e-01 3.0264045189e-01 -1.5886184146e-01
2.8623777120e-01 3.0264027975e-01 -1.5886103022e-01
2.8623604009e-01 3.0264213430e-01 -1.5886249977e-01
2.8623609536e-01 3.0264195465e-01 -1.5886169124e-01
2.8623645592e-01 3.0264064101e-01 -1.5886185017e-01
2.8623651098e-01 3.0264046185e-01 -1.5886104145e-01
5.5768927801e-01 -4.7974782072e-01 3.2570452396e-03
5.5768881276e-01 -4.7974791079e-01 3.2566008001e-03
5.5768870257e-01 -4.7974753445e-01 3.2576468004e-03
5.5768823618e-01 -4.7974762463e-01 3.2572021313e-03
5.5769252024e-01 -4.7974696590e-01 3.2573515588e-03
5.5769205625e-01 -4.7974705448e-01 3.2569090975e-03
5.5769191284e-01 -4.7974667272e-01 3.2579756737e-03
5.5769144773e-01 -4.7974676146e-01 3.2575330311e-03
-3.1729674024e-01 7.5294356105e-01 -2.9701351563e-02
-3.1729717033e-01 7.5294329047e-01 -2.9700416861e-02
-3.1729661219e-01 7.5294400596e-01 -2.9701683225e-02
-3.1729703778e-01 7.5294373048e-01 -2.9700747680e-02
-3.1729755821e-01 7.5294394233e-01 -2.9701393163e-02
-3.1729799483e-01 7.5294367733e-01 -2.9700444828e-02
-3.1729743962e-01 7.5294439688e-01 -2.9701721351e-02
-3.1729787236e-01 7.5294412645e-01 -2.9700771674e-02
-4.5020887625e-01 -8.6140634569e-01 1.5384395363e-01
-4.5020931354e-01 -8.6140580705e-01 1.5384646465e-01
-4.5020804701e-01 -8.6140565130e-01 1.5384432587e-01
-4.5020859061e-01 -8.6140515592e-01 1.5384680822e-01
-4.5021038757e-01 -8.6140704001e-01 1.5384379098e-01
-4.5021080733e-01 -8.6140645937e-01 1.5384631164e-01
-4.5020953591e-01 -8.6140635183e-01 1.5384420102e-01
-4.5021008506e-01 -8.6140579644e-01 1.5384667333e-01
-1.2041076673e-01 4.4131020095e-01 3.0389557129e-01
-1.2041052639e-01 4.4131027930e-01 3.0389704392e-01
-1.2040961367e-01 4.4131187856e-01 3.0389560030e-01
-1.2040938412e-01 4.4131199372e-01 3.0389709259e-01
-1.2040887677e-01 4.4130965476e-01 3.0389531845e-01
-1.2040863871e-01 4.4130977075e-01 3.0389676228e-01
-1.2040784977e-01 4.4131137671e-01 3.0389534609e-01
-1.2040759558e-01 4.4131147827e-01 3.0389686122e-01
3.1696674828e-01 3.0094262687e-01 3.4089081691e-01
3.1696660016e-01 3.0094148835e-01 3.4089252930e-01
3.1696899674e-01 3.0094634969e-01 3.4089078935e-01
3.1696907369e-01 3.0094503002e-01 3.4089243259e-01
3.1696818743e-01 3.0094355596e-01 3.4089010336e-01
3.1696801515e-01 3.0094244058e-01 3.4089180337e-01
3.1697042202e-01 3.0094729899e-01 3.4089005962e-01
3.1697054326e-01 3.0094595849e-01 3.4089172046e-01
8.4685102318e-02 1.5002379427e-01 -1.9027555637e-01
8.4685036645e-02 1.5002362151e-01 -1.9027662410e-01
8.4684732770e-02 1.5002294116e-01 -1.9027518383e-01
8.4684666548e-02 1.5002277061e-01 -1.9027625115e-01
8.4681677432e-02 1.5002442348e-01 -1.9027561743e-01
8.4681557313e-02 1.5002434875e-01 -1.9027667095e-01
8.4681396367e-02 1.5002353789e-01 -1.9027523408e-01
8.4681283550e-02 1.5002348152e-01 -1.9027629303e-01
3.6484367199e-01 4.4128940459e-02 6.1627227328e-02
3.6484386600e-01 4.4129333923e-02 6.1626867545e-02
3.6484282578e-01 4.4129208196e-02 6.1627333666e-02
3.6484298741e-01 4.4129584402e-02 6.1626954710e-02
3.6484405798e-01 4.4128296047e-02 6.1627647782e-02
3.6484407322e-01 4.4128721253e-02 6.1627293893e-02
3.6484320665e-01 4.4128565122e-02 6.1627749553e-02
3.6484322006e-01 4.4128995933e-02 6.1627375071e-02
-5.8769418643e-02 2.7356039760e-01 1.8020535025e-01
-5.8769448116e-02 2.7356023252e-01 1.8020478286e-01
-5.8768189315e-02 2.7356157702e-01 1.8020422253e-01
-5.8768214447e-02 2.7356141130e-01 1.8020365448e-01
-5.8776112713e-02 2.7356128079e-01 1.8020508745e-01
-5.8776064208e-02 2.7356093361e-01 1.8020451629e-01
-5.8774903335e-02 2.7356248886e-01 1.8020393430e-01
-5.8774852241e-02 2.7356214232e-01 1.8020335768e-01
6.8939997432e-01 3.8816723006e-01 -1.9285841645e-01
6.8940067803e-01 3.8816687760e-01 -1.9285876863e-01
6.8939963273e-01 3.8817020210e-01 -1.9285738535e-01
6.8940033946e-01 3.8816987940e-01 -1.9285772971e-01
6.8940097616e-01 3.8816625343e-01 -1.9285805947e-01
6.8940167574e-01 3.8816589808e-01 -1.9285840379e-01
6.8940071451e-01 3.8816921025e-01 -1.9285701285e-01
6.8940145787e-01 3.8816885376e-01 -1.9285733771e-01
-5.4682823960e-02 7.2560060906e-01 1.3515440145e-01
-5.4683079217e-02 7.2560084419e-01 1.3515376818e-01
-5.4683182584e-02 7.2560001706e-01 1.3515444470e-01
-5.4683436849e-02 7.2560025181e-01 1.3515381141e-01
-5.4682062786e-02 7.2560076439e-01 1.3515490622e-01
-5.4682319205e-02 7.2560099756e-01 1.3515427154e-01
-5.4682420191e-02 7.2560015622e-01 1.3515492177e-01
-5.4682675327e-02 7.2560038929e-01 1.3515428674e-01
-3.7241087010e-01 -1.7771602723e-01 -2.9202052959e-01
-3.7241186524e-01 -1.7771661416e-01 -2.9202136333e-01
-3.7240920644e-01 -1.7771202189e-01 -2.9201845151e-01
-3.7241027545e-01 -1.7771254033e-01 -2.9201922877e-01
-3.7241476227e-01 -1.7771688562e-01 -2.9202109694e-01
-3.7241588192e-01 -1.7771741614e-01 -2.9202189011e-01
-3.7241319740e-01 -1.7771291285e-01 -2.9201899047e-01
-3.7241418475e-01 -1.7771347147e-01 -2.9201982322e-01
-3.6682210946e-01 -8.9352565915e-02 -4.3127845334e-02
-3.6682294769e-01 -8.9351160517e-02 -4.3131459067e-02
-3.6682286713e-01 -8.9355180077e-02 -4.3128151258e-02
-3.6682371821e-01 -8.9353762953e-02 -4.3131762670e-02
-3.6682125175e-01 -8.9353401380e-02 -4.3127777684e-02
-3.6682206902e-01 -8.9351989495e-02 -4.3131415859e-02
-3.6682200257e-01 -8.9356004136e-02 -4.3128080634e-02
-3.6682283610e-01 -8.9354584509e-02 -4.3131722720e-02
2.3390819419e-01 3.4977068483e-01 -7.6412216204e-02
2.3390834141e-01 3.4976816275e-01 -7.6408842193e-02
2.3390916662e-01 3.4977166946e-01 -7.6412469163e-02
2.3390931589e-01 3.4976905394e-01 -7.6409036674e-02
2.3390920991e-01 3.4977175620e-01 -7.6410815145e-02
2.3390957746e-01 3.4976913044e-01 -7.6407556585e-02
2.3391018206e-01 3.4977274273e-01 -7.6411043920e-02
2.3391046809e-01 3.4977002736e-01 -7.6407728509e-02
-8.1204144243e-02 -2.8621539836e-01 2.3967859424e-01
-8.1204636890e-02 -2.8621546778e-01 2.3967781523e-01
-8.1204499766e-02 -2.8621474169e-01 2.3967774770e-01
-8.1204953993e-02 -2.8621486678e-01 2.3967697953e-01
-8.1210503047e-02 -2.8621418340e-01 2.3967995954e-01
-8.1211061333e-02 -2.8621410896e-01 2.3967923828e-01
-8.1210740080e-02 -2.8621363153e-01 2.3967906262e-01
-8.1211304322e-02 -2.8621357262e-01 2.3967831925e-01
-7.4096599181e-01 6.5103782629e-01 -2.0370903301e-01
-7.4096603386e-01 6.5103802909e-01 -2.0370821149e-01
-7.4096667146e-01 6.5104354284e-01 -2.0370954888e-01
-7.4096673144e-01 6.5104373863e-01 -2.0370872617e-01
-7.4096457907e-01 6.5103817191e-01 -2.0370936640e-01
-7.4096461990e-01 6.5103837787e-01 -2.0370854308e-01
-7.4096530104e-01 6.5104382746e-01 -2.0370992489e-01
-7.4096535979e-01 6.5104402641e-01 -2.0370910038e-01
6.9745669407e-01 -8.6553907326e-01 -3.4969480064e-01
6.9745487956e-01 -8.6554092097e-01 -3.4969795638e-01
6.9745698640e-01 -8.6554191765e-01 -3.4969586192e-01
6.9745517355e-01 -8.6554375752e-01 -3.4969901505e-01
6.9744661710e-01 -8.6553693045e-01 -3.4969132697e-01
6.9744478880e-01 -8.6553881188e-01 -3.4969451955e-01
6.9744693457e-01 -8.6553975040e-01 -3.4969238964e-01
6.9744510641e-01 -8.6554163184e-01 -3.4969558206e-01
-3.9978327824e-02 -1.4399789466e-01 -5.4172195389e-01
-3.9978932539e-02 -1.4399554029e-01 -5.4172391925e-01
-3.9978707994e-02 -1.4399812042e-01 -5.4172192602e-01
-3.9979309302e-02 -1.4399576385e-01 -5.4172389682e-01
-3.9978828601e-02 -1.4399823818e-01 -5.4172110318e-01
-3.9979427872e-02 -1.4399588293e-01 -5.4172308595e-01
-3.9979210302e-02 -1.4399846299e-01 -5.4172107397e-01
-3.9979806165e-02 -1.4399610554e-01 -5.4172306218e-01
-1.2381731933e-01 -1.7725240720e-01 -3.4868638144e-01
-1.2381829624e-01 -1.7725333713e-01 -3.4868694714e-01
-1.2381653789e-01 -1.7725362678e-01 -3.4868633514e-01
-1.2381751422e-01 -1.7725455756e-01 -3.4868690152e-01
-1.2381990473e-01 -1.7725182419e-01 -3.4868415105e-01
-1.2382082452e-01 -1.7725269907e-01 -3.4868478170e-01
-1.2381915587e-01 -1.7725304984e-01 -3.4868410601e-01
-1.2382007567e-01 -1.7725392469e-01 -3.4868473665e-01
1.0192842024e-01 -2.1224892236e-02 -5.3610631074e-02
1.0192889178e-01 -2.1224101489e-02 -5.3610548722e-02
1.0192723482e-01 -2.1225509131e-02 -5.3609949640e-02
1.0192772233e-01 -2.1224719669e-02 -5.3609886706e-02
1.0192823548e-01 -2.1224661141e-02 -5.3610663864e-02
1.0192869834e-01 -2.1223884194e-02 -5.3610576842e-02
1.0192708181e-01 -2.1225215574e-02 -5.3609985087e-02
1.0192756073e-01 -2.1224439806e-02 -5.3609917414e-02
-5.4384968027e-01 4.1835209721e-02 -2.7099696740e-02
-5.4384972968e-01 4.1834236210e-02 -2.7100003725e-02
-5.4385013356e-01 4.1838145451e-02 -2.7100744358e-02
-5.4385013123e-01 4.1837187625e-02 -2.7101048026e-02
-5.4384830564e-01 4.1834515630e-02 -2.7099732107e-02
-5.4384834517e-01 4.1833551404e-02 -2.7100028726e-02
-5.4384873596e-01 4.1837386454e-02 -2.7100711336e-02
-5.4384875859e-01 4.1836406095e-02 -2.7101002762e-02
2.9429677568e-01 1.9682394722e-01 -4.2306558299e-02
2.9429678594e-01 1.9682449904e-01 -4.2306643230e-02
2.9429756320e-01 1.9682324943e-01 -4.2306139140e-02
2.9429757346e-01 1.9682380124e-01 -4.2306224077e-02
2.9429739167e-01 1.9682426610e-01 -4.2306638381e-02
2.9429740396e-01 1.9682480286e-01 -4.2306730693e-02
2.9429817014e-01 1.9682355065e-01 -4.2306217660e-02
2.9429818244e-01 1.9682408742e-01 -4.2306309970e-02
1.3723019033e-01 -7.8496418584e-01 -1.1534253048e-02
1.3723195448e-01 -7.8496343549e-01 -1.1532933729e-02
1.3722945113e-01 -7.8496639786e-01 -1.1534400985e-02
1.3723131188e-01 -7.8496572303e-01 -1.1533099667e-02
1.3723248822e-01 -7.8496583261e-01 -1.1534104612e-02
1.3723425049e-01 -7.8496486563e-01 -1.1532789115e-02
1.3723175401e-01 -7.8496805506e-01 -1.1534272189e-02
1.3723361511e-01 -7.8496715618e-01 -1.1532965305e-02
-5.5187406096e-01 1.8538731015e-01 1.8059623810e-01
-5.5187437292e-01 1.8538855032e-01 1.8059629741e-01
-5.5187475096e-01 1.8539020037e-01 1.8059646176e-01
-5.5187507658e-01 1.8539145827e-01 1.8059655847e-01
-5.5187463487e-01 1.8538506436e-01 1.8059515280e-01
-5.5187490711e-01 1.8538622218e-01 1.8059518139e-01
-5.5187528620e-01 1.8538792065e-01 1.8059538510e-01
-5.5187560598e-01 1.8538917904e-01 1.8059548184e-01
1.3850628401e+00 3.7591256568e-01 1.6861225860e-01
1.3850666859e+00 3.7591531023e-01 1.6861774714e-01
1.3850624485e+00 3.7591024359e-01 1.6861250512e-01
1.3850663217e+00 3.7591299492e-01 1.6861796771e-01
1.3850638095e+00 3.7591331431e-01 1.6861246251e-01
1.3850676728e+00 3.7591597809e-01 1.6861796158e-01
1.3850634211e+00 3.7591099678e-01 1.6861270127e-01
1.3850673060e+00 3.7591366083e-01 1.6861817836e-01
3.8757962922e-01 -3.0038704368e-01 -4.2459997473e-01
3.8757535611e-01 -3.0038374198e-01 -4.2459482605e-01
3.8757778493e-01 -3.0038470528e-01 -4.2459854963e-01
3.8757338607e-01 -3.0038158100e-01 -4.2459318214e-01
3.8757259575e-01 -3.0038271222e-01 -4.2459569782e-01
3.8756843748e-01 -3.0037956508e-01 -4.2459060617e-01
3.8757073749e-01 -3.0038056663e-01 -4.2459416504e-01
3.8756652847e-01 -3.0037737418e-01 -4.2458905859e-01
3.8012200877e-01 -2.9352663264e-01 -3.7136821525e-01
3.8012161189e-01 -2.9352624815e-01 -3.7136674576e-01
3.8012357465e-01 -2.9352290685e-01 -3.7136612478e-01
3.8012320807e-01 -2.9352245775e-01 -3.7136464002e-01
3.8012273233e-01 -2.9352591175e-01 -3.7136878081e-01
3.8012234013e-01 -2.9352551747e-01 -3.7136732555e-01
3.8012429149e-01 -2.9352218526e-01 -3.7136672764e-01
3.8012390092e-01 -2.9352179069e-01 -3.7136524261e-01
5.4692934942e-01 5.9579326286e-01 3.4299869942e-01
5.4692871309e-01 5.9579276013e-01 3.4299965322e-01
5.4692809566e-01 5.9579293516e-01 3.4299831816e-01
5.4692746610e-01 5.9579243667e-01 3.4299927753e-01
5.4692934456e-01 5.9579254934e-01 3.4299897951e-01
5.4692868037e-01 5.9579211144e-01 3.4299993540e-01
5.4692800368e-01 5.9579222264e-01 3.4299858471e-01
5.4692734626e-01 5.9579178899e-01 3.4299954618e-01
-2.3740375801e-01 -1.9284880674e-02 -2.9039005207e-01
-2.3740300830e-01 -1.9284415911e-02 -2.9038957736e-01
-2.3740292081e-01 -1.9279169618e-02 -2.9038848458e-01
-2.3740216693e-01 -1.9278721840e-02 -2.9038801945e-01
-2.3740439470e-01 -1.9283652510e-02 -2.9039043651e-01
-2.3740366391e-01 -1.9283201730e-02 -2.9038995937e-01
-2.3740358488e-01 -1.9277917051e-02 -2.9038886305e-01
-2.3740282484e-01 -1.9277478306e-02 -2.9038838437e-01
-4.1849737297e-02 -2.1079368478e-01 -1.9956011721e-01
-4.1849367847e-02 -2.1079415744e-01 -1.9955948306e-01
-4.1848706911e-02 -2.1079511218e-01 -1.9956271266e-01
-4.1848336924e-02 -2.1079558499e-01 -1.9956207807e-01
-4.1855372363e-02 -2.1079370647e-01 -1.9956022685e-01
-4.1854992166e-02 -2.1079418455e-01 -1.9955960319e-01
-4.1854434535e-02 -2.1079509828e-01 -1.9956268387e-01
-4.1854054813e-02 -2.1079557651e-01 -1.9956205978e-01
-8.4051091279e-01 2.3113075495e-01 -3.6032441686e-01
-8.4051146935e-01 2.3113029969e-01 -3.6032220741e-01
-8.4051185695e-01 2.3113111851e-01 -3.6032380005e-01
-8.4051241087e-01 2.3113066600e-01 -3.6032159259e-01
-8.4051143593e-01 2.3113112745e-01 -3.6032386248e-01
-8.4051199230e-01 2.3113067205e-01 -3.6032165341e-01
-8.4051238394e-01 2.3113149668e-01 -3.6032325052e-01
-8.4051293771e-01 2.3113104432e-01 -3.6032104344e-01
-4.2414285327e-01 -4.2159451072e-01 -2.8545778766e-01
-4.2414258827e-01 -4.2159436449e-01 -2.8545611224e-01
-4.2414087461e-01 -4.2159341402e-01 -2.8545780961e-01
-4.2414058155e-01 -4.2159331128e-01 -2.8545616115e-01
-4.2414606112e-01 -4.2159491264e-01 -2.8545825285e-01
-4.2414580694e-01 -4.2159478019e-01 -2.8545652314e-01
-4.2414414014e-01 -4.2159377925e-01 -2.8545816227e-01
-4.2414382718e-01 -4.2159364577e-01 -2.8545647757e-01
-1.5920746067e-01 -2.5236523580e-01 -1.1843837445e-01
-1.5920752036e-01 -2.5236511458e-01 -1.1843667178e-01
-1.5920656796e-01 -2.5236115849e-01 -1.1843762671e-01
-1.5920663461e-01 -2.5236104914e-01 -1.1843593494e-01
-1.5920706575e-01 -2.5236397017e-01 -1.1843805948e-01
-1.5920721501e-01 -2.5236385692e-01 -1.1843633770e-01
-1.5920603472e-01 -2.5235978860e-01 -1.1843722752e-01
-1.5920619158e-01 -2.5235968526e-01 -1.1843551763e-01
1.7441199342e-01 1.9566146021e-01 1.4190758446e-02
1.7441024420e-01 1.9566082860e-01 1.4195359445e-02
1.7441215370e-01 1.9566234664e-01 1.4190108887e-02
1.7441042054e-01 1.9566175849e-01 1.4194702073e-02
1.7440512312e-01 1.9566123393e-01 1.4191759175e-02
1.7440333653e-01 1.9566073570e-01 1.4196338304e-02
1.7440524177e-01 1.9566217298e-01 1.4191083360e-02
1.7440350669e-01 1.9566164799e-01 1.4195702675e-02
1.4721695834e-01 -2.0238961675e-01 2.6305137914e-01
1.4721687812e-01 -2.0238971406e-01 2.6305257083e-01
1.4721762745e-01 -2.0239135216e-01 2.6305121576e-01
1.4721756247e-01 -2.0239145503e-01 2.6305240958e-01
1.4721927477e-01 -2.0238871068e-01 2.6305134158e-01
1.4721921167e-01 -2.0238881290e-01 2.6305256639e-01
1.4721995097e-01 -2.0239045231e-01 2.6305118050e-01
1.4721988911e-01 -2.0239055921e-01 2.6305240350e-01
-7.8228471239e-01 9.0642327479e-02 7.4490362479e-02
-7.8228464671e-01 9.0642512587e-02 7.4490624606e-02
-7.8228508630e-01 9.0646440594e-02 7.4490606761e-02
-7.8228503713e-01 9.0646629305e-02 7.4490839074e-02
-7.8228426423e-01 9.0640929303e-02 7.4489002833e-02
-7.8228412909e-01 9.0641113267e-02 7.4489265055e-02
-7.8228454980e-01 9.0645036442e-02 7.4489230986e-02
-7.8228450059e-01 9.0645225170e-02 7.4489463269e-02
-2.3566543881e-01 8.3426284909e-04 -4.4407381541e-01
-2.3566327290e-01 8.3412295008e-04 -4.4407014226e-01
-2.3566800636e-01 8.3106581375e-04 -4.4407340278e-01
-2.3566584548e-01 8.3092922047e-04 -4.4406973169e-01
-2.3567210378e-01 8.3316923579e-04 -4.4407497741e-01
-2.3566994161e-01 8.3315847289e-04 -4.4407139104e-01
-2.3567467386e-01 8.2995205165e-04 -4.4407454337e-01
-2.3567251258e-01 8.2995986517e-04 -4.4407097458e-01
4.1167821732e-01 -7.1058199186e-02 -5.5656043084e-03
4.1167880496e-01 -7.1058026619e-02 -5.5658983217e-03
4.1167881581e-01 -7.1055046283e-02 -5.5651996471e-03
4.1167940897e-01 -7.1054838329e-02 -5.5654868180e-03
4.1167738204e-01 -7.1058733378e-02 -5.5658310440e-03
4.1167796419e-01 -7.1058561754e-02 -5.5661217827e-03
4.1167804778e-01 -7.1055461027e-02 -5.5654522825e-03
4.1167863196e-01 -7.1055260269e-02 -5.5657364820e-03
-2.9294062634e-02 2.5627000113e-01 -2.7291451947e-01
-2.9295175501e-02 2.5627124389e-01 -2.7291019087e-01
-2.9295691168e-02 2.5627333702e-01 -2.7291298484e-01
-2.9296786011e-02 2.5627445691e-01 -2.7290871668e-01
-2.9296942087e-02 2.5627054276e-01 -2.7291373104e-01
-2.9298123210e-02 2.5627189707e-01 -2.7290946174e-01
-2.9298653649e-02 2.5627383560e-01 -2.7291231766e-01
-2.9299724388e-02 2.5627509584e-01 -2.7290800431e-01
1.0157048330e-01 -3.6558212630e-01 -1.5937306574e-01
1.0156946591e-01 -3.6558202457e-01 -1.5937143943e-01
1.0157063977e-01 -3.6558228124e-01 -1.5937433652e-01
1.0156959514e-01 -3.6558212369e-01 -1.5937271319e-01
1.0156871788e-01 -3.6558203937e-01 -1.5937325216e-01
1.0156767459e-01 -3.6558190068e-01 -1.5937162956e-01
1.0156884757e-01 -3.6558213939e-01 -1.5937453102e-01
1.0156783087e-01 -3.6558206644e-01 -1.5937290498e-01
-9.1402496420e-01 3.8334905819e-01 -6.4511741276e-01
-9.1402745867e-01 3.8334986315e-01 -6.4512404703e-01
-9.1402596481e-01 3.8335337437e-01 -6.4511950687e-01
-9.1402840719e-01 3.8335416225e-01 -6.4512610168e-01
-9.1402226566e-01 3.8334907498e-01 -6.4511462857e-01
-9.1402476479e-01 3.8334988060e-01 -6.4512126607e-01
-9.1402325175e-01 3.8335342940e-01 -6.4511672683e-01
-9.1402569444e-01 3.8335421733e-01 -6.4512332157e-01
2.0266565004e-01 9.3610458093e-01 7.4925386934e-01
2.0266657874e-01 9.3610465998e-01 7.4925297738e-01
2.0266568738e-01 9.3610638875e-01 7.4925444677e-01
2.0266657729e-01 9.3610644622e-01 7.4925357305e-01
2.0266701663e-01 9.3610325897e-01 7.4925412508e-01
2.0266794537e-01 9.3610333791e-01 7.4925323319e-01
2.0266706160e-01 9.3610506489e-01 7.4925470612e-01
2.0266795155e-01 9.3610512226e-01 7.4925383248e-01
-5.4585639785e-01 -2.2961586458e-01 1.1170703001e+00
-5.4585462529e-01 -2.2961400599e-01 1.1170734825e+00
-5.4585840440e-01 -2.2961980840e-01 1.1170708540e+00
-5.4585673448e-01 -2.2961790729e-01 1.1170740552e+00
-5.4585299581e-01 -2.2961600062e-01 1.1170704388e+00
-5.4585116021e-01 -2.2961426997e-01 1.1170736138e+00
-5.4585500397e-01 -2.2961993883e-01 1.1170709904e+00
-5.4585332911e-01 -2.2961813522e-01 1.1170742300e+00
-2.9164542099e-01 -9.3327471657e-01 -1.1086363162e+00
-2.9164931533e-01 -9.3327331443e-01 -1.1086398809e+00
-2.9164420164e-01 -9.3327378317e-01 -1.1086363174e+00
-2.9164809601e-01 -9.3327238105e-01 -1.1086398821e+00
-2.9164521046e-01 -9.3327441503e-01 -1.1086365354e+00
-2.9164910182e-01 -9.3327302089e-01 -1.1086401038e+00
-2.9164400116e-01 -9.3327350048e-01 -1.1086365303e+00
-2.9164789259e-01 -9.3327210632e-01 -1.1086400988e+00
3.8169025661e-01 -4.3359781790e-01 -2.2319672945e-01
3.8169015713e-01 -4.3359768934e-01 -2.2319767023e-01
3.8169061347e-01 -4.3360228087e-01 -2.2319656667e-01
3.8169051442e-01 -4.3360216632e-01 -2.2319749610e-01
3.8168010670e-01 -4.3359763510e-01 -2.2319570793e-01
3.8167993236e-01 -4.3359745652e-01 -2.2319658156e-01
3.8168056239e-01 -4.3360193842e-01 -2.2319553939e-01
3.8168038811e-01 -4.3360177300e-01 -2.2319640186e-01
2.6808888992e-01 1.0203214206e+00 2.3697196946e-01
2.6809156992e-01 1.0203201964e+00 2.3696613762e-01
2.6808756369e-01 1.0203200246e+00 2.3697002451e-01
2.6809024369e-01 1.0203188001e+00 2.3696419252e-01
2.6808942324e-01 1.0203202807e+00 2.3697091149e-01
2.6809210094e-01 1.0203190628e+00 2.3696508376e-01
2.6808809672e-01 1.0203188855e+00 2.3696896677e-01
2.6809077416e-01 1.0203176678e+00 2.3696313853e-01
1.1623135771e+00 -6.3973603058e-01 1.6883049923e+00
1.1623127076e+00 -6.3973665574e-01 1.6883041004e+00
1.1623146024e+00 -6.3973812616e-01 1.6883052727e+00
1.1623137278e+00 -6.3973874593e-01 1.6883043766e+00
1.1623175210e+00 -6.3973786729e-01 1.6883053743e+00
1.1623166510e+00 -6.3973849163e-01 1.6883044865e+00
1.1623185485e+00 -6.3973996391e-01 1.6883056567e+00
1.1623176728e+00 -6.3974058439e-01 1.6883047641e+00
-4.0766974581e-01 -2.1525375080e-01 -3.8407823936e-01
-4.0767097285e-01 -2.1525370774e-01 -3.8408009948e-01
-4.0766914603e-01 -2.1524597555e-01 -3.8407802935e-01
-4.0767040282e-01 -2.1524593370e-01 -3.8407991922e-01
-4.0767064075e-01 -2.1525421891e-01 -3.8407831328e-01
-4.0767188247e-01 -2.1525416875e-01 -3.8408018287e-01
-4.0767010085e-01 -2.1524633929e-01 -3.8407804375e-01
-4.0767134792e-01 -2.1524630787e-01 -3.8407993162e-01
-1.1829812519e+00 7.3956407285e-02 -9.3245345930e-01
-1.1829812673e+00 7.3956251879e-02 -9.3245491073e-01
-1.1829799283e+00 7.3963440780e-02 -9.3244889731e-01
-1.1829799788e+00 7.3963294744e-02 -9.3245029383e-01
-1.1829786582e+00 7.3957270711e-02 -9.3245438073e-01
-1.1829786583e+00 7.3957126727e-02 -9.3245581878e-01
-1.1829773097e+00 7.3964336248e-02 -9.3244983485e-01
-1.1829773600e+00 7.3964190193e-02 -9.3245123151e-01
-7.5838430023e-01 -1.0055191635e+00 1.4695926183e+00
-7.5838641179e-01 -1.0055231649e+00 1.4695982159e+00
-7.5838281957e-01 -1.0055219334e+00 1.4695912660e+00
-7.5838493665e-01 -1.0055258978e+00 1.4695968613e+00
-7.5838379148e-01 -1.0055195993e+00 1.4695927799e+00
-7.5838585997e-01 -1.0055235483e+00 1.4695983923e+00
-7.5838231087e-01 -1.0055223696e+00 1.4695914293e+00
-7.5838438539e-01 -1.0055262812e+00 1.4695970377e+00
2.4808981160e-01 2.8615170336e-01 4.1739273155e-01
2.4809005090e-01 2.8615095286e-01 4.1739176807e-01
2.4808971631e-01 2.8615190703e-01 4.1739364666e-01
2.4808995173e-01 2.8615115421e-01 4.1739268426e-01
2.4809022810e-01 2.8615139480e-01 4.1739226100e-01
2.4809046629e-01 2.8615064449e-01 4.1739129690e-01
2.4809013285e-01 2.8615159838e-01 4.1739317617e-01
2.4809036710e-01 2.8615084602e-01 4.1739221377e-01
1.6097137118e+00 -6.7955791489e-02 1.3031463765e+00
1.6097158703e+00 -6.7955095311e-02 1.3031439553e+00
1.6097122166e+00 -6.7957645443e-02 1.3031446024e+00
1.6097143496e+00 -6.7956944610e-02 1.3031421903e+00
1.6097088472e+00 -6.7956062653e-02 1.3031456319e+00
1.6097109832e+00 -6.7955352519e-02 1.3031432370e+00
1.6097073368e+00 -6.7957976259e-02 1.3031438613e+00
1.6097094381e+00 -6.7957262827e-02 1.3031414794e+00
2.1789847589e-01 4.1716481434e-01 2.0762421864e-01
2.1789547747e-01 4.1716724348e-01 2.0762174660e-01
2.1789819136e-01 4.1717117669e-01 2.0762219992e-01
2.1789526060e-01 4.1717352378e-01 2.0761972912e-01
2.1789937924e-01 4.1716594048e-01 2.0762419043e-01
2.1789638063e-01 4.1716836953e-01 2.0762171835e-01
2.1789908983e-01 4.1717232690e-01 2.0762216293e-01
2.1789615889e-01 4.1717467372e-01 2.0761969203e-01
-6.5982020554e-01 7.9715025414e-01 7.2240775321e-01
-6.5982035197e-01 7.9714872584e-01 7.2240599399e-01
-6.5981837717e-01 7.9715563497e-01 7.2240728796e-01
-6.5981849999e-01 7.9715421082e-01 7.2240546843e-01
-6.5981587662e-01 7.9714927074e-01 7.2240700482e-01
-6.5981604390e-01 7.9714774172e-01 7.2240526482e-01
-6.5981406121e-01 7.9715464445e-01 7.2240651932e-01
-6.5981418652e-01 7.9715321481e-01 7.2240470194e-01
-3.8450197400e-02 4.0360612720e-01 4.4211661079e-01
-3.8447342984e-02 4.0360812023e-01 4.4211367891e-01
-3.8451176074e-02 4.0360785455e-01 4.4211753853e-01
-3.8448319963e-02 4.0360985225e-01 4.4211460916e-01
-3.8448994527e-02 4.0360581931e-01 4.4211574119e-01
-3.8446124219e-02 4.0360782992e-01 4.4211283208e-01
-3.8449973078e-02 4.0360754676e-01 4.4211666909e-01
-3.8447101044e-02 4.0360956203e-01 4.4211376242e-01
5.6774258648e-01 3.2787309978e-01 2.4135352011e-03
5.6774288273e-01 3.2787301011e-01 2.4129892526e-03
5.6774293768e-01 3.2787217012e-01 2.4132802033e-03
5.6774323251e-01 3.2787208125e-01 2.4127281990e-03
5.6773460578e-01 3.2787596843e-01 2.4147641867e-03
5.6773492246e-01 3.2787592579e-01 2.4142302764e-03
5.6773500174e-01 3.2787505849e-01 2.4145197578e-03
5.6773531693e-01 3.2787501662e-01 2.4139798863e-03
-2.7140151068e-01 -2.2262978984e-01 -6.5374020832e-01
-2.7140095681e-01 -2.2263029123e-01 -6.5374136969e-01
-2.7140043932e-01 -2.2263211740e-01 -6.5374079997e-01
-2.7139988746e-01 -2.2263250578e-01 -6.5374202582e-01
-2.7140064162e-01 -2.2262895443e-01 -6.5374068177e-01
-2.7140015843e-01 -2.2262950098e-01 -6.5374188756e-01
-2.7139957249e-01 -2.2263117447e-01 -6.5374134079e-01
-2.7139908698e-01 -2.2263171761e-01 -6.5374254542e-01
-2.0684947509e+00 4.9028122800e-01 -5.4462176749e-01
-2.0684930698e+00 4.9027866869e-01 -5.4462627951e-01
-2.0684947848e+00 4.9028241523e-01 -5.4462075458e-01
-2.0684931161e+00 4.9027990441e-01 -5.4462526018e-01
-2.0684923894e+00 4.9028161254e-01 -5.4462218461e-01
-2.0684907057e+00 4.9027909574e-01 -5.4462668351e-01
-2.0684924331e+00 4.9028284720e-01 -5.4462117390e-01
-2.0684907536e+00 4.9028029036e-01 -5.4462568761e-01
-8.0410521842e-02 4.3944931517e-01 -1.9852177571e+00
-8.0410116170e-02 4.3944946953e-01 -1.9852181311e+00
-8.0411262862e-02 4.3944841610e-01 -1.9852179982e+00
-8.0410858313e-02 4.3944856417e-01 -1.9852183754e+00
-8.0408408430e-02 4.3944865853e-01 -1.9852175080e+00
-8.0407972136e-02 4.3944879659e-01 -1.9852178683e+00
-8.0409120494e-02 4.3944773162e-01 -1.9852177398e+00
-8.0408715144e-02 4.3944789077e-01 -1.9852181140e+00
1.2343354565e+00 -6.3798019355e-01 -2.8577090598e-01
1.2343359652e+00 -6.3798026075e-01 -2.8577278679e-01
1.2343333807e+00 -6.3798009218e-01 -2.8576912369e-01
1.2343338775e+00 -6.3798013019e-01 -2.8577102808e-01
1.2343375091e+00 -6.3798140720e-01 -2.8577201965e-01
1.2343380184e+00 -6.3798145422e-01 -2.8577391692e-01
1.2343354373e+00 -6.3798128462e-01 -2.8577025630e-01
1.2343359331e+00 -6.3798134326e-01 -2.8577214173e-01
1.2815160187e+00 6.0127115019e-02 -1.0420242875e+00
1.2815151111e+00 6.0127649609e-02 -1.0420244302e+00
1.2815138450e+00 6.0134276777e-02 -1.0420205875e+00
1.2815129465e+00 6.0134792450e-02 -1.0420207160e+00
1.2815102597e+00 6.0126645372e-02 -1.0420239950e+00
1.2815093700e+00 6.0127153126e-02 -1.0420241296e+00
1.2815081187e+00 6.0133732245e-02 -1.0420202848e+00
1.2815072092e+00 6.0134266267e-02 -1.0420204282e+00
2.8322832792e-01 -5.6023421778e-01 -5.5453194074e-01
2.8322827236e-01 -5.6023478279e-01 -5.5453225420e-01
2.8322883119e-01 -5.6023272083e-01 -5.5453186675e-01
2.8322878344e-01 -5.6023328050e-01 -5.5453218804e-01
2.8322860120e-01 -5.6023424274e-01 -5.5453148164e-01
2.8322854548e-01 -5.6023480775e-01 -5.5453179516e-01
2.8322909567e-01 -5.6023276909e-01 -5.5453139984e-01
2.8322904919e-01 -5.6023333193e-01 -5.5453172174e-01
5.7601367879e-01 7.5179246624e-02 6.3221169374e-01
5.7601296067e-01 7.5178933131e-02 6.3220931954e-01
5.7601558897e-01 7.5183564478e-02 6.3221362959e-01
5.7601488804e-01 7.5183271829e-02 6.3221124321e-01
5.7601867030e-01 7.5179388377e-02 6.3221184673e-01
5.7601790484e-01 7.5179045988e-02 6.3220948036e-01
5.7602058540e-01 7.5183667753e-02 6.3221381345e-01
5.7601984227e-01 7.5183348337e-02 6.3221144770e-01
4.4257383538e-01 4.4172269103e-01 -1.3206210845e+00
4.4257424892e-01 4.4172348393e-01 -1.3206165208e+00
4.4257348689e-01 4.4171967237e-01 -1.3206205295e+00
4.4257390405e-01 4.4172048618e-01 -1.3206159447e+00
4.4257485979e-01 4.4172330744e-01 -1.3206215515e+00
4.4257525315e-01 4.4172407597e-01 -1.3206169956e+00
4.4257449936e-01 4.4172034921e-01 -1.3206210011e+00
4.4257489516e-01 4.4172109251e-01 -1.3206164005e+00
-6.2543614865e-01 2.7926197277e+00 -7.5128997360e-01
-6.2543627539e-01 2.7926194897e+00 -7.5129201179e-01
-6.2543799248e-01 2.7926344117e+00 -7.5129438551e-01
-6.2543812783e-01 2.7926341646e+00 -7.5129642268e-01
-6.2543812511e-01 2.7926190745e+00 -7.5129025878e-01
-6.2543825982e-01 2.7926188465e+00 -7.5129230217e-01
-6.2543996183e-01 2.7926338126e+00 -7.5129463542e-01
-6.2544009705e-01 2.7926335656e+00 -7.5129667263e-01
8.1819551653e-01 -1.5700490482e+00 -1.0231553720e+00
8.1819437405e-01 -1.5700483930e+00 -1.0231525790e+00
8.1819650308e-01 -1.5700492114e+00 -1.0231542249e+00
8.1819534247e-01 -1.5700485779e+00 -1.0231514162e+00
8.1819818582e-01 -1.5700481013e+00 -1.0231571149e+00
8.1819703055e-01 -1.5700474490e+00 -1.0231543243e+00
8.1819916652e-01 -1.5700482635e+00 -1.0231559650e+00
8.1819802363e-01 -1.5700476267e+00 -1.0231531506e+00
5.8057505423e-01 -3.6963542256e-02 -7.9412532770e-02
5.8057509963e-01 -3.6963846391e-02 -7.9412977199e-02
5.8057180987e-01 -3.6966641308e-02 -7.9412974386e-02
5.8057185146e-01 -3.6966952385e-02 -7.9413416648e-02
5.8057600335e-01 -3.6963514832e-02 -7.9410484352e-02
5.8057604451e-01 -3.6963815124e-02 -7.9410937656e-02
5.8057275716e-01 -3.6966621733e-02 -7.9410925155e-02
5.8057280002e-01 -3.6966923168e-02 -7.9411377491e-02
6.1457880754e-01 2.3240754193e-01 3.3133972343e-01
6.1457864140e-01 2.3240756479e-01 3.3133921692e-01
6.1457849880e-01 2.3240517521e-01 3.3134022382e-01
6.1457831411e-01 2.3240518699e-01 3.3133969729e-01
6.1458081895e-01 2.3240720758e-01 3.3134262076e-01
6.1458065210e-01 2.3240723405e-01 3.3134211803e-01
6.1458055440e-01 2.3240479149e-01 3.3134311317e-01
6.1458039340e-01 2.3240479159e-01 3.3134256613e-01
-1.3455984685e-01 -5.8399818069e-01 -3.6087688329e-01
-1.3456218105e-01 -5.8399924900e-01 -3.6087027106e-01
-1.3455812177e-01 -5.8400106045e-01 -3.6087687345e-01
-1.3456048309e-01 -5.8400206749e-01 -3.6087029733e-01
-1.3455592672e-01 -5.8399987257e-01 -3.6087668417e-01
-1.3455828850e-01 -5.8400087188e-01 -3.6087006736e-01
-1.3455421508e-01 -5.8400270872e-01 -3.6087667694e-01
-1.3455657451e-01 -5.8400373418e-01 -3.6087009352e-01
-3.6874925021e-03 -2.1289616537e-01 -8.2335191970e-01
-3.6881465724e-03 -2.1289596051e-01 -8.2335204612e-01
-3.6866898567e-03 -2.1289518329e-01 -8.2335252388e-01
-3.6873476847e-03 -2.1289497051e-01 -8.2335265865e-01
-3.6861103755e-03 -2.1289558444e-01 -8.2335120841e-01
-3.6867691229e-03 -2.1289538386e-01 -8.2335133142e-01
-3.6853733748e-03 -2.1289465449e-01 -8.2335185602e-01
-3.6860293232e-03 -2.1289444313e-01 -8.2335198638e-01
9.5001259135e-01 -6.6683351924e-01 -2.3459846777e+00
9.5001181109e-01 -6.6683394725e-01 -2.3459854164e+00
9.5001379007e-01 -6.6683384968e-01 -2.3459854068e+00
9.5001300498e-01 -6.6683429264e-01 -2.3459861410e+00
9.5000687791e-01 -6.6683377137e-01 -2.3459863140e+00
9.5000612410e-01 -6.6683416021e-01 -2.3459870544e+00
9.5000815151e-01 -6.6683407433e-01 -2.3459870778e+00
9.5000739258e-01 -6.6683447948e-01 -2.3459878124e+00
-9.9320392500e-01 -1.2558616282e-01 -7.5013036720e-01
-9.9320133529e-01 -1.2558773621e-01 -7.5013430607e-01
-9.9320410833e-01 -1.2558431132e-01 -7.5012867936e-01
-9.9320148041e-01 -1.2558586674e-01 -7.5013262355e-01
-9.9319868781e-01 -1.2558783285e-01 -7.5013283743e-01
-9.9319619469e-01 -1.2558936269e-01 -7.5013670170e-01
-9.9319887676e-01 -1.2558597932e-01 -7.5013115257e-01
-9.9319638599e-01 -1.2558751649e-01 -7.5013500887e-01
1.9907364363e-01 1.3028230197e+00 -1.0304204588e+00
1.9907250373e-01 1.3028228213e+00 -1.0304225577e+00
1.9907376381e-01 1.3028197448e+00 -1.0304244815e+00
1.9907262636e-01 1.3028195625e+00 -1.0304265734e+00
1.9907497896e-01 1.3028228208e+00 -1.0304202219e+00
1.9907383949e-01 1.3028225212e+00 -1.0304222567e+00
1.9907509572e-01 1.3028195509e+00 -1.0304242532e+00
1.9907396299e-01 1.3028192602e+00 -1.0304262731e+00
2.7329742083e+00 4.5829286584e-01 1.0706231048e+00
2.7329750617e+00 4.5829142316e-01 1.0706200665e+00
2.7329751858e+00 4.5829063995e-01 1.0706212428e+00
2.7329760775e+00 4.5828924117e-01 1.0706181676e+00
2.7329728344e+00 4.5829293978e-01 1.0706236948e+00
2.7329736879e+00 4.5829149593e-01 1.0706206567e+00
2.7329738383e+00 4.5829070870e-01 1.0706218186e+00
2.7329748098e+00 4.5828924056e-01 1.0706186687e+00
3.7302662611e-01 -7.9616758412e-01 -1.2020007088e-01
3.7302641970e-01 -7.9616783526e-01 -1.2020041899e-01
3.7302547729e-01 -7.9616978616e-01 -1.2020012648e-01
3.7302527087e-01 -7.9617003415e-01 -1.2020047634e-01
3.7302704103e-01 -7.9616836892e-01 -1.2019968244e-01
3.7302683114e-01 -7.9616860706e-01 -1.2020004022e-01
3.7302589414e-01 -7.9617056865e-01 -1.2019973848e-01
3.7302568228e-01 -7.9617080593e-01 -1.2020009749e-01
-1.9720987926e+00 -1.5853503550e-01 -9.4990524236e-02
-1.9720986400e+00 -1.5853497464e-01 -9.4991381970e-02
-1.9720979366e+00 -1.5853483291e-01 -9.4989213462e-02
-1.9720978032e+00 -1.5853476549e-01 -9.4990059176e-02
-1.9720968678e+00 -1.5853541347e-01 -9.4989106575e-02
-1.9720967397e+00 -1.5853536694e-01 -9.4989989879e-02
-1.9720960543e+00 -1.5853518616e-01 -9.4987822712e-02
-1.9720959234e+00 -1.5853514128e-01 -9.4988703378e-02
-8.7780490682e-01 -7.6623381075e-01 1.0763859197e+00
-8.7780541977e-01 -7.6623410835e-01 1.0763823128e+00
-8.7780476768e-01 -7.6623469259e-01 1.0763865449e+00
-8.7780527964e-01 -7.6623498993e-01 1.0763829375e+00
-8.7780262981e-01 -7.6623487253e-01 1.0763845706e+00
-8.7780313954e-01 -7.6623521048e-01 1.0763809493e+00
-8.7780248358e-01 -7.6623577325e-01 1.0763851980e+00
-8.7780299415e-01 -7.6623611183e-01 1.0763815776e+00
1.2286592088e+00 9.1299472731e-01 5.8835975439e-01
1.2286590997e+00 9.1299475729e-01 5.8835863989e-01
1.2286599330e+00 9.1300112353e-01 5.8836102409e-01
1.2286598185e+00 9.1300113915e-01 5.8835988601e-01
1.2286620390e+00 9.1299374909e-01 5.8835739538e-01
1.2286619160e+00 9.1299370437e-01 5.8835632788e-01
1.2286628061e+00 9.1300009513e-01 5.8835854361e-01
1.2286626778e+00 9.1300003599e-01 5.8835745247e-01
-2.8566301520e-01 -1.0955131844e+00 1.4883815852e+00
-2.8566500070e-01 -1.0955139586e+00 1.4883769928e+00
-2.8566302162e-01 -1.0955127882e+00 1.4883814762e+00
-2.8566501353e-01 -1.0955135047e+00 1.4883769150e+00
-2.8566098226e-01 -1.0955106259e+00 1.4883830001e+00
-2.8566299153e-01 -1.0955113451e+00 1.4883784186e+00
-2.8566099187e-01 -1.0955102190e+00 1.4883829189e+00
-2.8566300920e-01 -1.0955109582e+00 1.4883783279e+00
-6.4380391794e-01 2.9576374666e-01 2.1312624683e+00
-6.4380351965e-01 2.9576313007e-01 2.1312618793e+00
-6.4380494511e-01 2.9576224356e-01 2.1312621304e+00
-6.4380453774e-01 2.9576164184e-01 2.1312615209e+00
-6.4380286055e-01 2.9576357031e-01 2.1312629106e+00
-6.4380249046e-01 2.9576286214e-01 2.1312623826e+00
-6.4380383856e-01 2.9576202643e-01 2.1312625216e+00
-6.4380345879e-01 2.9576140428e-01 2.1312619252e+00
7.6360943449e-01 5.7781180683e-01 1.1008639538e+00
7.6360967638e-01 5.7781076155e-01 1.1008622826e+00
7.6361059670e-01 5.7781038020e-01 1.1008643995e+00
7.6361076749e-01 5.7780941158e-01 1.1008628097e+00
7.6360047235e-01 5.7781055199e-01 1.1008633018e+00
7.6360071496e-01 5.7780957058e-01 1.1008615700e+00
7.6360174899e-01 5.7780917002e-01 1.1008638044e+00
7.6360192053e-01 5.7780826552e-01 1.1008621541e+00
-2.0400457949e+00 -1.5165307698e+00 1.3785848603e+00
-2.0400451742e+00 -1.5165288359e+00 1.3785881124e+00
-2.0400457626e+00 -1.5165304766e+00 1.3785846796e+00
-2.0400451510e+00 -1.5165285743e+00 1.3785879328e+00
-2.0400411472e+00 -1.5165309164e+00 1.3785848619e+00
-2.0400405746e+00 -1.5165290046e+00 1.3785880810e+00
-2.0400411149e+00 -1.5165306233e+00 1.3785846812e+00
-2.0400405514e+00 -1.5165287430e+00 1.3785879014e+00
9.1453160126e-02 6.6392820142e-01 8.2077404212e-01
9.1453529612e-02 6.6392819505e-01 8.2077299182e-01
9.1452098888e-02 6.6392699236e-01 8.2077306933e-01
9.1452469197e-02 6.6392698581e-01 8.2077201986e-01
9.1445812967e-02 6.6392899029e-01 8.2077380324e-01
9.1446193546e-02 6.6392901521e-01 8.2077274131e-01
9.1444773446e-02 6.6392781471e-01 8.2077285633e-01
9.1445122716e-02 6.6392784294e-01 8.2077180236e-01
6.0706611108e-01 -6.3200838547e-01 6.2466912063e-01
6.0706669818e-01 -6.3200743398e-01 6.2466614026e-01
6.0706711434e-01 -6.3200932744e-01 6.2466946468e-01
6.0706770142e-01 -6.3200837600e-01 6.2466648430e-01
6.0705824195e-01 -6.3200509922e-01 6.2466828280e-01
6.0705884313e-01 -6.3200418227e-01 6.2466530153e-01
6.0705920111e-01 -6.3200606442e-01 6.2466865348e-01
6.0705983631e-01 -6.3200512671e-01 6.2466566045e-01
-9.2059166555e-01 -9.5351364211e-01 8.0767768577e-01
-9.2059308894e-01 -9.5351290067e-01 8.0767452214e-01
-9.2059356569e-01 -9.5351757846e-01 8.0767488948e-01
-9.2059495742e-01 -9.5351683414e-01 8.0767173441e-01
-9.2058965025e-01 -9.5351396182e-01 8.0767764001e-01
-9.2059109720e-01 -9.5351321264e-01 8.0767444293e-01
-9.2059154883e-01 -9.5351789562e-01 8.0767484515e-01
-9.2059299739e-01 -9.5351715006e-01 8.0767164711e-01
-1.1920486665e+00 7.3187775778e-01 1.3346435556e+00
-1.1920488655e+00 7.3187784056e-01 1.3346431072e+00
-1.1920480100e+00 7.3187735598e-01 1.3346440685e+00
-1.1920482276e+00 7.3187743601e-01 1.3346436213e+00
-1.1920470177e+00 7.3187799138e-01 1.3346435131e+00
-1.1920472134e+00 7.3187807406e-01 1.3346430604e+00
-1.1920463523e+00 7.3187755952e-01 1.3346440518e+00
-1.1920465828e+00 7.3187762485e-01 1.3346436114e+00
6.3860161148e-01 5.2305904561e-01 4.6216374579e-01
6.3860358037e-01 5.2306021677e-01 4.6215921900e-01
6.3860297610e-01 5.2305565393e-01 4.6216126148e-01
6.3860494494e-01 5.2305682426e-01 4.6215673505e-01
6.3860734745e-01 5.2305863588e-01 4.6216431193e-01
6.3860939298e-01 5.2305984397e-01 4.6215984373e-01
6.3860876675e-01 5.2305524105e-01 4.6216187089e-01
6.3861074107e-01 5.2305641055e-01 4.6215734750e-01
5.8948630056e-01 2.1681984146e-01 1.9047435907e+00
5.8948606761e-01 2.1681910221e-01 1.9047418936e+00
5.8948488896e-01 2.1681922804e-01 1.9047437918e+00
5.8948468603e-01 2.1681846493e-01 1.9047421152e+00
5.8948760455e-01 2.1682005480e-01 1.9047436904e+00
5.8948743637e-01 2.1681929974e-01 1.9047420161e+00
5.8948622955e-01 2.1681940604e-01 1.9047439114e+00
5.8948602115e-01 2.1681868608e-01 1.9047422215e+00
2.0694478006e-01 -9.1284995321e-02 -8.0919034793e-01
2.0694461042e-01 -9.1285044288e-02 -8.0919072219e-01
2.0694573397e-01 -9.1285449212e-02 -8.0919000929e-01
2.0694556246e-01 -9.1285493261e-02 -8.0919037584e-01
2.0694316987e-01 -9.1285032386e-02 -8.0919049500e-01
2.0694300031e-01 -9.1285081217e-02 -8.0919086931e-01
2.0694415394e-01 -9.1285477561e-02 -8.0919014843e-01
2.0694398574e-01 -9.1285527170e-02 -8.0919052347e-01
-2.1998422717e+00 -2.5009850549e-01 -1.6602064379e-01
-2.1998414351e+00 -2.5009885826e-01 -1.6601947472e-01
-2.1998435190e+00 -2.5009999468e-01 -1.6601944990e-01
-2.1998426823e+00 -2.5010034745e-01 -1.6601828080e-01
-2.1998420713e+00 -2.5009942570e-01 -1.6601877831e-01
-2.1998412348e+00 -2.5009977841e-01 -1.6601760930e-01
-2.1998433035e+00 -2.5010091202e-01 -1.6601756250e-01
-2.1998424669e+00 -2.5010126477e-01 -1.6601639350e-01
-2.6426949633e-01 1.0134739695e+00 3.5584167022e-01
-2.6426981658e-01 1.0134739599e+00 3.5584247616e-01
-2.6426924994e-01 1.0134756590e+00 3.5584043926e-01
-2.6426957678e-01 1.0134756491e+00 3.5584124459e-01
-2.6426895504e-01 1.0134739517e+00 3.5584155487e-01
-2.6426927474e-01 1.0134739426e+00 3.5584236317e-01
-2.6426869222e-01 1.0134756124e+00 3.5584033364e-01
-2.6426901461e-01 1.0134756090e+00 3.5584114985e-01
1.9270868823e+00 4.7406767373e-01 3.3881636418e-01
1.9270892938e+00 4.7406834928e-01 3.3882564562e-01
1.9270879847e+00 4.7406766289e-01 3.3881891191e-01
1.9270904247e+00 4.7406834974e-01 3.3882820916e-01
1.9270889155e+00 4.7406807216e-01 3.3881717035e-01
1.9270913158e+00 4.7406872941e-01 3.3882644932e-01
1.9270900152e+00 4.7406806293e-01 3.3881972894e-01
1.9270924458e+00 4.7406872891e-01 3.3882901340e-01
3.6776743488e-01 1.2760147240e+00 -8.2681489243e-01
3.6776705895e-01 1.2760147836e+00 -8.2681378475e-01
3.6776557397e-01 1.2760165801e+00 -8.2681538575e-01
3.6776519552e-01 1.2760166361e+00 -8.2681428334e-01
3.6776881564e-01 1.2760142205e+00 -8.2681494429e-01
3.6776844188e-01 1.2760142805e+00 -8.2681383592e-01
3.6776695108e-01 1.2760160977e+00 -8.2681541464e-01
3.6776657479e-01 1.2760161540e+00 -8.2681431155e-01
3.3736132934e-01 1.2253329460e+00 -2.1239137286e-01
3.3736189232e-01 1.2253327222e+00 -2.1238968650e-01
3.3736342514e-01 1.2253381726e+00 -2.1239020217e-01
3.3736409546e-01 1.2253379389e+00 -2.1238857727e-01
3.3735728988e-01 1.2253307947e+00 -2.1239203447e-01
3.3735787749e-01 1.2253306189e+00 -2.1239033698e-01
3.3735936129e-01 1.2253360283e+00 -2.1239088936e-01
3.3735991625e-01 1.2253358712e+00 -2.1238920565e-01
7.8392678251e-01 1.4147017782e+00 5.4298842680e-01
7.8392872865e-01 1.4147062190e+00 5.4299246305e-01
7.8392601185e-01 1.4147102455e+00 5.4299418474e-01
7.8392794235e-01 1.4147146716e+00 5.4299820125e-01
7.8392065943e-01 1.4147026772e+00 5.4298763792e-01
7.8392259839e-01 1.4147070740e+00 5.4299162716e-01
7.8391999667e-01 1.4147111738e+00 5.4299343255e-01
7.8392193840e-01 1.4147155611e+00 5.4299742725e-01
7.5136089834e-01 9.2056693874e-01 -1.7121805490e-01
7.5136560895e-01 9.2057094186e-01 -1.7120545606e-01
7.5136139013e-01 9.2056494994e-01 -1.7121809991e-01
7.5136607402e-01 9.2056896689e-01 -1.7120549512e-01
7.5135523557e-01 9.2056400257e-01 -1.7121972987e-01
7.5135994679e-01 9.2056805511e-01 -1.7120711890e-01
7.5135572914e-01 9.2056210357e-01 -1.7121979431e-01
7.5136049110e-01 9.2056609271e-01 -1.7120713909e-01
-9.8618705207e-02 -7.7477614456e-01 -4.5919294530e-01
-9.8618838824e-02 -7.7477606722e-01 -4.5919213055e-01
-9.8619611434e-02 -7.7477234165e-01 -4.5919449458e-01
-9.8619744248e-02 -7.7477224478e-01 -4.5919366161e-01
-9.8618927121e-02 -7.7477495476e-01 -4.5919240958e-01
-9.8619060851e-02 -7.7477487766e-01 -4.5919159467e-01
-9.8619831786e-02 -7.7477115395e-01 -4.5919393936e-01
-9.8619946591e-02 -7.7477110795e-01 -4.5919310150e-01
-1.7774068754e-01 4.6942388144e-02 -5.1777897987e-01
-1.7773925818e-01 4.6941473362e-02 -5.1777726189e-01
-1.7774124483e-01 4.6943207757e-02 -5.1777971126e-01
-1.7773981053e-01 4.6942293884e-02 -5.1777799987e-01
-1.7774844570e-01 4.6943502319e-02 -5.1777891678e-01
-1.7774710221e-01 4.6942529773e-02 -5.1777727697e-01
-1.7774901080e-01 4.6944309218e-02 -5.1777963455e-01
-1.7774766319e-01 4.6943339323e-02 -5.1777797250e-01
-2.5153449506e-02 -1.1007255241e+00 1.8032633180e-01
-2.5153510535e-02 -1.1007257518e+00 1.8032706548e-01
-2.5153744398e-02 -1.1007250343e+00 1.8032667523e-01
-2.5153805070e-02 -1.1007252620e+00 1.8032740951e-01
-2.5153116601e-02 -1.1007256851e+00 1.8032645808e-01
-2.5153177836e-02 -1.1007259131e+00 1.8032719102e-01
-2.5153412015e-02 -1.1007251828e+00 1.8032681299e-01
-2.5153473433e-02 -1.1007254107e+00 1.8032754597e-01
4.0677855177e-01 1.2695180076e+00 -1.5191746254e+00
4.0678018526e-01 1.2695177823e+00 -1.5191744459e+00
4.0677830228e-01 1.2695161711e+00 -1.5191755024e+00
4.0677995121e-01 1.2695159456e+00 -1.5191753417e+00
4.0678207255e-01 1.2695179384e+00 -1.5191727780e+00
4.0678370796e-01 1.2695177144e+00 -1.5191725994e+00
4.0678181682e-01 1.2695161059e+00 -1.5191736557e+00
4.0678346705e-01 1.2695158814e+00 -1.5191734972e+00
-1.8284996082e-01 -1.5841835165e+00 -7.1604742403e-01
-1.8284967099e-01 -1.5841837014e+00 -7.1604748325e-01
-1.8285247399e-01 -1.5841859021e+00 -7.1604600819e-01
-1.8285218405e-01 -1.5841860862e+00 -7.1604606698e-01
-1.8284724535e-01 -1.5841807860e+00 -7.1604894879e-01
-1.8284696690e-01 -1.5841809777e+00 -7.1604900777e-01
-1.8284974895e-01 -1.5841831892e+00 -7.1604754660e-01
-1.8284947046e-01 -1.5841833794e+00 -7.1604760508e-01
-6.8135574359e-01 -2.0379653386e+00 1.2941853706e-01
-6.8135456318e-01 -2.0379693731e+00 1.2942857876e-01
-6.8135592357e-01 -2.0379653848e+00 1.2941944519e-01
-6.8135465034e-01 -2.0379694905e+00 1.2942938839e-01
-6.8135392399e-01 -2.0379654566e+00 1.2941662826e-01
-6.8135274608e-01 -2.0379694688e+00 1.2942666008e-01
-6.8135413180e-01 -2.0379654932e+00 1.2941754771e-01
-6.8135280565e-01 -2.0379695971e+00 1.2942744590e-01
-2.5612758895e-02 -6.0737570501e-01 -7.8682265121e-01
-2.5612515956e-02 -6.0737464306e-01 -7.8682203925e-01
-2.5610806828e-02 -6.0737323248e-01 -7.8682223794e-01
-2.5610564477e-02 -6.0737215947e-01 -7.8682164507e-01
-2.5611762986e-02 -6.0737596436e-01 -7.8682133142e-01
-2.5611520734e-02 -6.0737490230e-01 -7.8682071884e-01
-2.5609904913e-02 -6.0737349792e-01 -7.8682085514e-01
-2.5609661938e-02 -6.0737242510e-01 -7.8682026322e-01
1.1668292716e+00 -9.2902608300e-01 -1.1354467179e+00
1.1668286420e+00 -9.2902740686e-01 -1.1354383464e+00
1.1668298939e+00 -9.2901996591e-01 -1.1354471397e+00
1.1668293056e+00 -9.2902119864e-01 -1.1354387018e+00
1.1668289445e+00 -9.2902551003e-01 -1.1354447436e+00
1.1668283017e+00 -9.2902685518e-01 -1.1354363545e+00
1.1668295718e+00 -9.2901938754e-01 -1.1354451365e+00
1.1668289473e+00 -9.2902067765e-01 -1.1354367316e+00
1.3292057190e-01 5.7502239467e-01 1.4485946279e+00
1.3292057042e-01 5.7502254778e-01 1.4485948627e+00
1.3292067355e-01 5.7502564898e-01 1.4485942920e+00
1.3292067957e-01 5.7502580015e-01 1.4485945216e+00
1.3292032691e-01 5.7502166663e-01 1.4485944612e+00
1.3292031736e-01 5.7502182413e-01 1.4485946778e+00
1.3292042143e-01 5.7502491714e-01 1.4485941291e+00
1.3292041518e-01 5.7502507700e-01 1.4485943426e+00
-1.2856489888e+00 2.2973010832e-01 2.5576403566e-01
-1.2856492896e+00 2.2972945716e-01 2.5576499670e-01
-1.2856488664e+00 2.2973008973e-01 2.5576441768e-01
-1.2856491673e+00 2.2972943855e-01 2.5576537871e-01
-1.2856582695e+00 2.2972853154e-01 2.5576395474e-01
-1.2856584864e+00 2.2972780737e-01 2.5576484379e-01
-1.2856581590e+00 2.2972850620e-01 2.5576432167e-01
-1.2856583804e+00 2.2972777563e-01 2.5576520104e-01
-1.6957198179e-01 -2.2154449314e-01 6.9124670138e-01
-1.6957139162e-01 -2.2154463433e-01 6.9124573077e-01
-1.6957204923e-01 -2.2154430392e-01 6.9124653727e-01
-1.6957146493e-01 -2.2154445338e-01 6.9124556411e-01
-1.6957151253e-01 -2.2154474316e-01 6.9124649682e-01
-1.6957092695e-01 -2.2154489508e-01 6.9124551074e-01
-1.6957157996e-01 -2.2154453830e-01 6.9124631785e-01
-1.6957100024e-01 -2.2154469874e-01 6.9124532925e-01
3.4039982338e-02 1.2271545192e+00 -5.0640125369e-01
3.4043474258e-02 1.2271527728e+00 -5.0639833002e-01
3.4038751055e-02 1.2271611344e+00 -5.0640348006e-01
3.4042294810e-02 1.2271594435e+00 -5.0640052712e-01
3.4043478752e-02 1.2271547919e+00 -5.0640137587e-01
3.4046971152e-02 1.2271530456e+00 -5.0639845235e-01
3.4042215104e-02 1.2271614274e+00 -5.0640361260e-01
3.4045747300e-02 1.2271597435e+00 -5.0640066798e-01
7.9981870672e-01 -4.3401943202e-01 3.4243865211e-01
7.9981928406e-01 -4.3401930341e-01 3.4243762953e-01
7.9981852340e-01 -4.3402045543e-01 3.4243890562e-01
7.9981909181e-01 -4.3402032586e-01 3.4243787721e-01
7.9981916565e-01 -4.3401912527e-01 3.4243877063e-01
7.9981974119e-01 -4.3401899870e-01 3.4243774708e-01
7.9981899738e-01 -4.3402013818e-01 3.4243902442e-01
7.9981956397e-01 -4.3402001056e-01 3.4243799503e-01
1.1563865482e-01 7.3030087572e-01 2.7057265323e-01
1.1563667754e-01 7.3030099562e-01 2.7057374013e-01
1.1563746921e-01 7.3029893211e-01 2.7057258806e-01
1.1563549602e-01 7.3029902520e-01 2.7057369701e-01
1.1564141739e-01 7.3030028650e-01 2.7057539523e-01
1.1563944358e-01 7.3030039636e-01 2.7057646695e-01
1.1564027361e-01 7.3029835266e-01 2.7057538006e-01
1.1563830599e-01 7.3029843573e-01 2.7057647231e-01
-7.4222848226e-01 9.1586260049e-01 8.0015819819e-01
-7.4222918723e-01 9.1586223860e-01 8.0015720932e-01
-7.4222772686e-01 9.1586362365e-01 8.0015849914e-01
-7.4222843190e-01 9.1586326029e-01 8.0015750994e-01
-7.4222701424e-01 9.1586217005e-01 8.0015859656e-01
-7.4222771369e-01 9.1586181091e-01 8.0015760743e-01
-7.4222622617e-01 9.1586320775e-01 8.0015892994e-01
-7.4222693064e-01 9.1586283852e-01 8.0015795585e-01
3.1245052652e-01 -7.1512685198e-02 1.1162053883e+00
3.1245032762e-01 -7.1514088824e-02 1.1162068286e+00
3.1245084321e-01 -7.1517804425e-02 1.1162080501e+00
3.1245063601e-01 -7.1519194562e-02 1.1162095106e+00
3.1245042065e-01 -7.1513132416e-02 1.1162054169e+00
3.1245025399e-01 -7.1514545400e-02 1.1162068660e+00
3.1245071490e-01 -7.1518191623e-02 1.1162080176e+00
3.1245054194e-01 -7.1519590327e-02 1.1162094865e+00
-9.3539355592e-01 -7.2728894172e-01 7.6764722365e-01
-9.3539325412e-01 -7.2728864914e-01 7.6764688013e-01
-9.3539555487e-01 -7.2729117609e-01 7.6764769149e-01
-9.3539525755e-01 -7.2729087301e-01 7.6764733567e-01
-9.3539315467e-01 -7.2729039890e-01 7.6764720554e-01
-9.3539285398e-01 -7.2729011289e-01 7.6764686322e-01
-9.3539516701e-01 -7.2729262993e-01 7.6764767144e-01
-9.3539486374e-01 -7.2729233687e-01 7.6764732765e-01
-3.8910933529e-02 9.1196086965e-01 1.5807361482e+00
-3.8907397131e-02 9.1195934137e-01 1.5807326332e+00
-3.8909804177e-02 9.1195973662e-01 1.5807355232e+00
-3.8906278700e-02 9.1195821564e-01 1.5807320331e+00
-3.8907323282e-02 9.1196170054e-01 1.5807323185e+00
-3.8903822170e-02 9.1196017447e-01 1.5807288396e+00
-3.8906209356e-02 9.1196057864e-01 1.5807317368e+00
-3.8902689269e-02 9.1195905179e-01 1.5807282506e+00
1.6327661302e+00 -6.9643644396e-01 -9.9810563976e-02
1.6327663895e+00 -6.9643439602e-01 -9.9809317127e-02
1.6327666223e+00 -6.9643842307e-01 -9.9809863726e-02
1.6327668798e+00 -6.9643637487e-01 -9.9808615801e-02
1.6327675172e+00 -6.9643687921e-01 -9.9811635825e-02
1.6327677733e+00 -6.9643482505e-01 -9.9810391169e-02
1.6327680095e+00 -6.9643885214e-01 -9.9810932337e-02
1.6327682625e+00 -6.9643680027e-01 -9.9809687785e-02
-6.0060757435e-01 -8.4669202164e-02 -2.2757782615e-01
-6.0060268146e-01 -8.4671908441e-02 -2.2757673477e-01
-6.0060778600e-01 -8.4670975052e-02 -2.2757838821e-01
-6.0060291291e-01 -8.4673666016e-02 -2.2757726970e-01
-6.0060633269e-01 -8.4669112138e-02 -2.2757784658e-01
-6.0060144023e-01 -8.4671819242e-02 -2.2757675457e-01
-6.0060646196e-01 -8.4670875365e-02 -2.2757838187e-01
-6.0060158951e-01 -8.4673567035e-02 -2.2757726269e-01
6.7709826781e-01 -9.6593932209e-01 -1.7251334137e-01
6.7709852489e-01 -9.6593925509e-01 -1.7251449335e-01
6.7709897168e-01 -9.6594031038e-01 -1.7251550850e-01
6.7709923034e-01 -9.6594024734e-01 -1.7251665919e-01
6.7709394435e-01 -9.6593925708e-01 -1.7251151495e-01
6.7709413061e-01 -9.6593922928e-01 -1.7251271341e-01
6.7709463768e-01 -9.6594022798e-01 -1.7251372638e-01
6.7709482368e-01 -9.6594021076e-01 -1.7251492697e-01
-1.3459879940e+00 3.4920002799e-01 1.7175742922e-01
-1.3459879755e+00 3.4919894448e-01 1.7176230792e-01
-1.3459852774e+00 3.4920415844e-01 1.7175852687e-01
-1.3459852217e+00 3.4920308870e-01 1.7176337705e-01
-1.3459948844e+00 3.4919816916e-01 1.7175601693e-01
-1.3459948856e+00 3.4919708136e-01 1.7176084951e-01
-1.3459922178e+00 3.4920234502e-01 1.7175715129e-01
-1.3459922250e+00 3.4920124384e-01 1.7176195787e-01
-6.2101085266e-01 -4.5667435207e-01 -8.3567937345e-01
-6.2101101116e-01 -4.5667180491e-01 -8.3567785233e-01
-6.2100949104e-01 -4.5667545762e-01 -8.3567683660e-01
-6.2100964872e-01 -4.5667291005e-01 -8.3567531618e-01
-6.2100939222e-01 -4.5667582211e-01 -8.3568009246e-01
-6.2100955066e-01 -4.5667327513e-01 -8.3567857130e-01
-6.2100802944e-01 -4.5667692497e-01 -8.3567755546e-01
-6.2100818709e-01 -4.5667437748e-01 -8.3567603496e-01
-1.1322178120e-01 -1.4273701615e+00 -6.7640440155e-01
-1.1322217329e-01 -1.4273663173e+00 -6.7639302168e-01
-1.1322160031e-01 -1.4273654420e+00 -6.7639867472e-01
-1.1322198088e-01 -1.4273615790e+00 -6.7638730480e-01
-1.1321947821e-01 -1.4273692293e+00 -6.7640673554e-01
-1.1321989269e-01 -1.4273654016e+00 -6.7639539234e-01
-1.1321929363e-01 -1.4273645028e+00 -6.7640100034e-01
-1.1321967084e-01 -1.4273606664e+00 -6.7638967855e-01
1.2469946378e-01 -1.4835059118e+00 -1.4679061253e-01
1.2469965015e-01 -1.4835059923e+00 -1.4678977751e-01
1.2469921576e-01 -1.4834997064e+00 -1.4678975634e-01
1.2469938855e-01 -1.4834997094e+00 -1.4678891245e-01
1.2470406090e-01 -1.4835048872e+00 -1.4679079358e-01
1.2470424681e-01 -1.4835049667e+00 -1.4678995794e-01
1.2470381162e-01 -1.4834986942e+00 -1.4678999885e-01
1.2470398386e-01 -1.4834986963e+00 -1.4678915429e-01
-8.8102987754e-01 -1.0941436752e+00 4.9840064366e-01
-8.8103141064e-01 -1.0941442885e+00 4.9840631792e-01
-8.8102940453e-01 -1.0941470261e+00 4.9839885511e-01
-8.8103085651e-01 -1.0941476603e+00 4.9840451294e-01
-8.8102596128e-01 -1.0941435491e+00 4.9839929612e-01
-8.8102749867e-01 -1.0941441296e+00 4.9840497275e-01
-8.8102549204e-01 -1.0941469043e+00 4.9839751387e-01
-8.8102702143e-01 -1.0941474630e+00 4.9840322501e-01
1.0118855729e+00 7.9316482323e-01 2.9075228156e-01
1.0118858089e+00 7.9316466298e-01 2.9075297628e-01
1.0118856296e+00 7.9316541588e-01 2.9075306328e-01
1.0118858664e+00 7.9316525911e-01 2.9075375930e-01
1.0118864727e+00 7.9316457824e-01 2.9075181045e-01
1.0118867198e+00 7.9316442828e-01 2.9075250887e-01
1.0118865309e+00 7.9316517362e-01 2.9075259408e-01
1.0118867786e+00 7.9316502698e-01 2.9075329391e-01
-2.5472931500e-01 6.5706878252e-01 -8.1245763639e-01
-2.5472985667e-01 6.5706772205e-01 -8.1245916298e-01
-2.5473034990e-01 6.5706709970e-01 -8.1245783018e-01
-2.5473089308e-01 6.5706603926e-01 -8.1245935578e-01
-2.5473545953e-01 6.5707087111e-01 -8.1245811783e-01
-2.5473608277e-01 6.5706981308e-01 -8.1245960029e-01
-2.5473646406e-01 6.5706918471e-01 -8.1245826667e-01
-2.5473709196e-01 6.5706812524e-01 -8.1245974836e-01
5.8185642893e-01 4.7281028817e-01 4.1809755708e-01
5.8185854282e-01 4.7280889895e-01 4.1810648607e-01
5.8185831890e-01 4.7281021664e-01 4.1809913399e-01
5.8186041814e-01 4.7280882861e-01 4.1810808663e-01
5.8185602492e-01 4.7281101308e-01 4.1809777533e-01
5.8185817338e-01 4.7280959075e-01 4.1810664835e-01
5.8185791457e-01 4.7281094067e-01 4.1809935137e-01
5.8186004789e-01 4.7280952093e-01 4.1810824680e-01
-3.1846810833e-01 -2.4698926402e-01 -9.2542232207e-01
-3.1846781095e-01 -2.4698887998e-01 -9.2542238818e-01
-3.1846824013e-01 -2.4699001501e-01 -9.2542116066e-01
-3.1846792910e-01 -2.4698962976e-01 -9.2542121656e-01
-3.1846524640e-01 -2.4698888450e-01 -9.2542420368e-01
-3.1846494292e-01 -2.4698849938e-01 -9.2542427626e-01
-3.1846537822e-01 -2.4698963500e-01 -9.2542304074e-01
-3.1846506097e-01 -2.4698924885e-01 -9.2542310321e-01
-9.4855820424e-01 1.3001234012e+00 -3.7621816079e-01
-9.4855844648e-01 1.3001231623e+00 -3.7621710383e-01
-9.4855935220e-01 1.3001249987e+00 -3.7621469416e-01
-9.4855959362e-01 1.3001247599e+00 -3.7621363582e-01
-9.4856479059e-01 1.3001241673e+00 -3.7621717865e-01
-9.4856500283e-01 1.3001238982e+00 -3.7621616807e-01
-9.4856594548e-01 1.3001256807e+00 -3.7621368870e-01
-9.4856615868e-01 1.3001254063e+00 -3.7621267670e-01
1.0870976736e+00 -1.2919860675e-01 -1.2358840594e+00
1.0870985578e+00 -1.2919922891e-01 -1.2358849843e+00
1.0870975434e+00 -1.2920062409e-01 -1.2358845512e+00
1.0870984230e+00 -1.2920125531e-01 -1.2358854637e+00
1.0870986560e+00 -1.2919918867e-01 -1.2358818487e+00
1.0870995357e+00 -1.2919982005e-01 -1.2358827611e+00
1.0870985081e+00 -1.2920120276e-01 -1.2358823356e+00
1.0870993880e+00 -1.2920183404e-01 -1.2358832479e+00
-3.3784058548e+00 1.8438930977e+00 3.7176553325e-01
-3.3784075231e+00 1.8438928666e+00 3.7176536174e-01
-3.3784051917e+00 1.8438883059e+00 3.7176224893e-01
-3.3784068562e+00 1.8438880682e+00 3.7176206846e-01
-3.3783905301e+00 1.8438923126e+00 3.7176301965e-01
-3.3783921984e+00 1.8438920815e+00 3.7176284816e-01
-3.3783898364e+00 1.8438875411e+00 3.7175972423e-01
-3.3783915047e+00 1.8438873100e+00 3.7175955275e-01
9.5573723707e-01 -8.0863501102e-01 -1.6735626851e+00
9.5573840790e-01 -8.0863592065e-01 -1.6735574819e+00
9.5573859940e-01 -8.0863499957e-01 -1.6735618387e+00
9.5573983087e-01 -8.0863591766e-01 -1.6735565759e+00
9.5573905666e-01 -8.0863763831e-01 -1.6735622295e+00
9.5574024073e-01 -8.0863850834e-01 -1.6735570404e+00
9.5574042670e-01 -8.0863762546e-01 -1.6735613850e+00
9.5574166537e-01 -8.0863850469e-01 -1.6735561431e+00
3.2061384279e+00 1.5246613631e-01 4.7217306944e-01
3.2061444637e+00 1.5246629870e-01 4.7218216529e-01
3.2061382487e+00 1.5246445088e-01 4.7217410433e-01
3.2061442516e+00 1.5246462832e-01 4.7218314846e-01
3.2061275720e+00 1.5246637050e-01 4.7216959513e-01
3.2061336221e+00 1.5246650807e-01 4.7217870087e-01
3.2061273687e+00 1.5246467623e-01 4.7217062823e-01
3.2061333752e+00 1.5246486245e-01 4.7217965541e-01
1.1707257479e+00 1.0574828595e+00 -3.9876871383e-01
1.1707256787e+00 1.0574822562e+00 -3.9876761436e-01
1.1707257172e+00 1.0574833906e+00 -3.9876862696e-01
1.1707256474e+00 1.0574827875e+00 -3.9876752616e-01
1.1707261154e+00 1.0574823531e+00 -3.9876969475e-01
1.1707260332e+00 1.0574817506e+00 -3.9876857540e-01
1.1707260838e+00 1.0574828845e+00 -3.9876960064e-01
1.1707260013e+00 1.0574822822e+00 -3.9876848113e-01
-5.6160294850e-01 -1.8965320343e+00 4.2207470357e-03
-5.6160395057e-01 -1.8965293530e+00 4.2172661214e-03
-5.6160347028e-01 -1.8965330896e+00 4.2197827951e-03
-5.6160447221e-01 -1.8965304085e+00 4.2163019108e-03
-5.6159989293e-01 -1.8965340393e+00 4.2165590358e-03
-5.6160089560e-01 -1.8965313609e+00 4.2131127470e-03
-5.6160040718e-01 -1.8965351094e+00 4.2155877851e-03
-5.6160142149e-01 -1.8965324288e+00 4.2121255333e-03
-8.9312661862e-01 -1.4365579177e+00 9.9469254102e-01
-8.9312590555e-01 -1.4365621516e+00 9.9470277262e-01
-8.9312700817e-01 -1.4365592040e+00 9.9469119430e-01
-8.9312629997e-01 -1.4365634848e+00 9.9470142082e-01
-8.9312656923e-01 -1.4365580695e+00 9.9469249919e-01
-8.9312583728e-01 -1.4365622487e+00 9.9470269189e-01
-8.9312697095e-01 -1.4365593695e+00 9.9469114853e-01
-8.9312622856e-01 -1.4365635879e+00 9.9470134793e-01
3.0028395440e-01 -8.3808452198e-01 -1.0382831304e+00
3.0028325322e-01 -8.3808411191e-01 -1.0382828235e+00
3.0028490882e-01 -8.3808694659e-01 -1.0382826445e+00
3.0028421445e-01 -8.3808652276e-01 -1.0382823515e+00
3.0028528626e-01 -8.3808550049e-01 -1.0382805713e+00
3.0028458626e-01 -8.3808508827e-01 -1.0382802953e+00
3.0028623890e-01 -8.3808792170e-01 -1.0382801194e+00
3.0028554336e-01 -8.3808750003e-01 -1.0382797955e+00
8.1583239198e-01 -4.1926626031e-02 -1.7692431111e-01
8.1583127855e-01 -4.1926324874e-02 -1.7692418990e-01
8.1583110279e-01 -4.1927294470e-02 -1.7692349889e-01
8.1583005751e-01 -4.1927032324e-02 -1.7692343862e-01
8.1583323987e-01 -4.1926936197e-02 -1.7692413736e-01
8.1583211853e-01 -4.1926634898e-02 -1.7692402640e-01
8.1583194343e-01 -4.1927606511e-02 -1.7692331476e-01
8.1583089448e-01 -4.1927352369e-02 -1.7692325292e-01
