-2.2064477348e-01 -3.4470987564e-01 -2.3658383170e-01
-2.2064464254e-01 -3.4471000191e-01 -2.3658410765e-01
-2.2064471450e-01 -3.4471041400e-01 -2.3658343328e-01
-2.2064458811e-01 -3.4471053740e-01 -2.3658370670e-01
-2.2064424441e-01 -3.4471010472e-01 -2.3658377491e-01
-2.2064412088e-01 -3.4471023117e-01 -2.3658406175e-01
-2.2064418003e-01 -3.4471064284e-01 -2.3658337887e-01
-2.2064406026e-01 -3.4471075055e-01 -2.3658363933e-01
-2.1262285270e-01 -2.8710072916e-01 7.5604080724e-01
-2.1262289137e-01 -2.8710054310e-01 7.5604382561e-01
-2.1262247171e-01 -2.8710369275e-01 7.5604238956e-01
-2.1262252047e-01 -2.8710352282e-01 7.5604544543e-01
-2.1262190557e-01 -2.8710118676e-01 7.5604148398e-01
-2.1262194333e-01 -2.8710101699e-01 7.5604453663e-01
-2.1262149504e-01 -2.8710414493e-01 7.5604309848e-01
-2.1262157482e-01 -2.8710395450e-01 7.5604612730e-01
9.7551874219e-02 -4.0890854888e-01 -3.0828032474e-01
9.7551606851e-02 -4.0890846330e-01 -3.0828039744e-01
9.7551715970e-02 -4.0890909723e-01 -3.0828068924e-01
9.7551446728e-02 -4.0890901598e-01 -3.0828075555e-01
9.7552200809e-02 -4.0890853813e-01 -3.0828075820e-01
9.7551942340e-02 -4.0890844671e-01 -3.0828084345e-01
9.7552070264e-02 -4.0890909402e-01 -3.0828112216e-01
9.7551800344e-02 -4.0890900134e-01 -3.0828119254e-01
-9.2047557570e-01 5.6667450423e-01 8.5318035645e-01
-9.2047597144e-01 5.6667427328e-01 8.5318086071e-01
-9.2047591287e-01 5.6667447820e-01 8.5318076123e-01
-9.2047630906e-01 5.6667424736e-01 8.5318126457e-01
-9.2048031004e-01 5.6667755337e-01 8.5318454828e-01
-9.2048070225e-01 5.6667732255e-01 8.5318505361e-01
-9.2048061030e-01 5.6667751286e-01 8.5318492473e-01
-9.2048100384e-01 5.6667728132e-01 8.5318543048e-01
4.0712472894e-01 -3.4649516539e-01 -3.2213062661e-01
4.0712285291e-01 -3.4649345496e-01 -3.2212773867e-01
4.0712487768e-01 -3.4649518210e-01 -3.2213020891e-01
4.0712301032e-01 -3.4649345896e-01 -3.2212728975e-01
4.0712690361e-01 -3.4649646976e-01 -3.2213243643e-01
4.0712503607e-01 -3.4649476648e-01 -3.2212955121e-01
4.0712705193e-01 -3.4649648439e-01 -3.2213201804e-01
4.0712518743e-01 -3.4649476410e-01 -3.2212909720e-01
-4.1657020622e-01 -8.4953422140e-02 -2.6427892063e-01
-4.1656999507e-01 -8.4953633156e-02 -2.6427839555e-01
-4.1657001684e-01 -8.4951976394e-02 -2.6427665350e-01
-4.1656982688e-01 -8.4952176469e-02 -2.6427616492e-01
-4.1656888103e-01 -8.4953943992e-02 -2.6427964592e-01
-4.1656867070e-01 -8.4954155458e-02 -2.6427912141e-01
-4.1656867185e-01 -8.4952540219e-02 -2.6427735349e-01
-4.1656848218e-01 -8.4952740864e-02 -2.6427686394e-01
5.2129798482e-02 5.9289778750e-02 3.0463107301e-01
5.2130909957e-02 5.9288948874e-02 3.0462980815e-01
5.2129843246e-02 5.9290127308e-02 3.0463127266e-01
5.2130962380e-02 5.9289301906e-02 3.0463001387e-01
5.2130018290e-02 5.9289299486e-02 3.0463113361e-01
5.2131137571e-02 5.9288474016e-02 3.0462987557e-01
5.2130069342e-02 5.9289656211e-02 3.0463134203e-01
5.2131180806e-02 5.9288826779e-02 3.0463007713e-01
1.1843166104e-01 -3.0563902487e-01 -1.1708761247e-01
1.1843239239e-01 -3.0563987316e-01 -1.1708402607e-01
1.1843237899e-01 -3.0563602305e-01 -1.1708803094e-01
1.1843310111e-01 -3.0563684567e-01 -1.1708446667e-01
1.1842930062e-01 -3.0563946253e-01 -1.1708833466e-01
1.1843004115e-01 -3.0564031765e-01 -1.1708474981e-01
1.1843001845e-01 -3.0563648150e-01 -1.1708879483e-01
1.1843077217e-01 -3.0563728423e-01 -1.1708516677e-01
-3.2662978568e-01 -4.0749459204e-01 -4.4966427235e-01
-3.2662880155e-01 -4.0749466679e-01 -4.4966589598e-01
-3.2662880182e-01 -4.0749518827e-01 -4.4966473335e-01
-3.2662781670e-01 -4.0749526291e-01 -4.4966635585e-01
-3.2662715484e-01 -4.0749332242e-01 -4.4966219060e-01
-3.2662616470e-01 -4.0749338853e-01 -4.4966383637e-01
-3.2662615072e-01 -4.0749393442e-01 -4.4966266143e-01
-3.2662513434e-01 -4.0749402651e-01 -4.4966427034e-01
-5.4750595499e-02 8.3444300405e-02 6.9573578276e-03
-5.4750513043e-02 8.3444179721e-02 6.9571657751e-03
-5.4751120249e-02 8.3444893369e-02 6.9574469806e-03
-5.4751025393e-02 8.3444726284e-02 6.9572922198e-03
-5.4749957706e-02 8.3444358361e-02 6.9575403472e-03
-5.4749871402e-02 8.3444191122e-02 6.9573713475e-03
-5.4750481207e-02 8.3444901566e-02 6.9576581062e-03
-5.4750392258e-02 8.3444775454e-02 6.9574769921e-03
-4.4992912232e-01 2.9670662557e-02 -1.3123634193e-01
-4.4992911400e-01 2.9670873452e-02 -1.3123664625e-01
-4.4992937404e-01 2.9670782675e-02 -1.3123604477e-01
-4.4992937220e-01 2.9670993535e-02 -1.3123634543e-01
-4.4992840885e-01 2.9671222285e-02 -1.3123604169e-01
-4.4992840052e-01 2.9671433182e-02 -1.3123634601e-01
-4.4992865817e-01 2.9671341596e-02 -1.3123575036e-01
-4.4992865770e-01 2.9671553189e-02 -1.3123605082e-01
1.1535269487e-01 4.5722391517e-01 6.5041179083e-02
1.1535249005e-01 4.5722379413e-01 6.5041411932e-02
1.1535179505e-01 4.5722248323e-01 6.5042367925e-02
1.1535159093e-01 4.5722236522e-01 6.5042592238e-02
1.1535513791e-01 4.5722433200e-01 6.5042610622e-02
1.1535494218e-01 4.5722420697e-01 6.5042843904e-02
1.1535421156e-01 4.5722290165e-01 6.5043772132e-02
1.1535401726e-01 4.5722277228e-01 6.5043992690e-02
7.6485979983e-02 -8.0637110454e-02 6.1906473818e-02
7.6485968697e-02 -8.0636985708e-02 6.1906619558e-02
7.6485669447e-02 -8.0636868807e-02 6.1906814809e-02
7.6485653051e-02 -8.0636743384e-02 6.1906959168e-02
7.6486590190e-02 -8.0637304205e-02 6.1906265824e-02
7.6486574492e-02 -8.0637181761e-02 6.1906413150e-02
7.6486280728e-02 -8.0637063428e-02 6.1906607075e-02
7.6486261691e-02 -8.0636939155e-02 6.1906753174e-02
2.9574865538e-03 1.9650111701e-01 -3.0636789868e-01
2.9572766095e-03 1.9650098243e-01 -3.0636764880e-01
2.9576192654e-03 1.9650270834e-01 -3.0636858477e-01
2.9574096535e-03 1.9650257352e-01 -3.0636833477e-01
2.9568841184e-03 1.9650169766e-01 -3.0636805301e-01
2.9566683170e-03 1.9650156447e-01 -3.0636779609e-01
2.9569848867e-03 1.9650327373e-01 -3.0636872832e-01
2.9567810124e-03 1.9650314220e-01 -3.0636847044e-01
1.9001109676e-01 -1.1556845804e-01 -2.4231874787e-01
1.9001068054e-01 -1.1556850899e-01 -2.4231906600e-01
1.9001085982e-01 -1.1556896784e-01 -2.4231874423e-01
1.9001044290e-01 -1.1556901853e-01 -2.4231906007e-01
1.9001177053e-01 -1.1556869308e-01 -2.4231907297e-01
1.9001135232e-01 -1.1556875292e-01 -2.4231938533e-01
1.9001151981e-01 -1.1556922387e-01 -2.4231905518e-01
1.9001110867e-01 -1.1556928510e-01 -2.4231936104e-01
9.9034874088e-01 -4.3083571952e-01 -8.4088982995e-01
9.9034429812e-01 -4.3083352645e-01 -8.4088549212e-01
9.9034600331e-01 -4.3083407297e-01 -8.4088716243e-01
9.9034159062e-01 -4.3083185152e-01 -8.4088281001e-01
9.9035386621e-01 -4.3083852949e-01 -8.4089437002e-01
9.9034946818e-01 -4.3083634267e-01 -8.4089004089e-01
9.9035114811e-01 -4.3083688291e-01 -8.4089169838e-01
9.9034672812e-01 -4.3083463151e-01 -8.4088731950e-01
9.0102119444e-02 -1.0109466384e-01 1.5882753731e-01
9.0102073748e-02 -1.0109477392e-01 1.5882736311e-01
9.0102303141e-02 -1.0109454818e-01 1.5882749037e-01
9.0102258021e-02 -1.0109465843e-01 1.5882731431e-01
9.0102050031e-02 -1.0109442226e-01 1.5882688998e-01
9.0102004186e-02 -1.0109453210e-01 1.5882670089e-01
9.0102242699e-02 -1.0109430714e-01 1.5882684003e-01
9.0102198534e-02 -1.0109441726e-01 1.5882664930e-01
3.5262973333e-01 3.8926852338e-01 2.7750502392e-01
3.5262953300e-01 3.8926844386e-01 2.7750436248e-01
3.5262973744e-01 3.8926872573e-01 2.7750467423e-01
3.5262954307e-01 3.8926864991e-01 2.7750400967e-01
3.5262999329e-01 3.8926857661e-01 2.7750478490e-01
3.5262979288e-01 3.8926849797e-01 2.7750412281e-01
3.5262999995e-01 3.8926877557e-01 2.7750442831e-01
3.5262980555e-01 3.8926870073e-01 2.7750376303e-01
-1.5126250187e-01 1.3724297985e-01 -2.9346957551e-01
-1.5126202331e-01 1.3724306993e-01 -2.9347049481e-01
-1.5126269122e-01 1.3724290699e-01 -2.9346962051e-01
-1.5126220931e-01 1.3724300836e-01 -2.9347053777e-01
-1.5126121896e-01 1.3724339884e-01 -2.9346909720e-01
-1.5126074057e-01 1.3724348919e-01 -2.9347001666e-01
-1.5126141356e-01 1.3724332802e-01 -2.9346915026e-01
-1.5126093174e-01 1.3724342949e-01 -2.9347006793e-01
-1.1108336691e-01 2.3084445674e-01 -1.6671975027e-01
-1.1108341742e-01 2.3084375091e-01 -1.6672050202e-01
-1.1108337120e-01 2.3084488067e-01 -1.6671977543e-01
-1.1108342136e-01 2.3084417501e-01 -1.6672052739e-01
-1.1108479949e-01 2.3084410957e-01 -1.6672021588e-01
-1.1108483943e-01 2.3084337374e-01 -1.6672094265e-01
-1.1108479739e-01 2.3084453500e-01 -1.6672024222e-01
-1.1108484023e-01 2.3084382364e-01 -1.6672099005e-01
2.1679557749e-01 -3.8944199286e-01 3.5532124409e-03
2.1679409705e-01 -3.8944123456e-01 3.5559499367e-03
2.1679554501e-01 -3.8944238744e-01 3.5533688009e-03
2.1679407167e-01 -3.8944164301e-01 3.5561048946e-03
2.1679732554e-01 -3.8944252160e-01 3.5518118184e-03
2.1679587314e-01 -3.8944178752e-01 3.5545200193e-03
2.1679729382e-01 -3.8944291565e-01 3.5519668665e-03
2.1679584839e-01 -3.8944219059e-01 3.5546683518e-03
5.8678893933e-01 2.7669901025e-01 -7.5089077608e-02
5.8678780955e-01 2.7669782432e-01 -7.5090847016e-02
5.8678965247e-01 2.7670037456e-01 -7.5088700616e-02
5.8678851672e-01 2.7669919716e-01 -7.5090468685e-02
5.8678950626e-01 2.7669910988e-01 -7.5089273942e-02
5.8678837535e-01 2.7669792434e-01 -7.5091043659e-02
5.8679021042e-01 2.7670047987e-01 -7.5088904753e-02
5.8678907355e-01 2.7669930385e-01 -7.5090673731e-02
-1.1680690196e-01 -2.0023936456e-01 2.4360718500e-01
-1.1680704648e-01 -2.0023920779e-01 2.4360699883e-01
-1.1680720089e-01 -2.0023760063e-01 2.4360697384e-01
-1.1680737029e-01 -2.0023744532e-01 2.4360678349e-01
-1.1680778674e-01 -2.0023891875e-01 2.4360728585e-01
-1.1680793355e-01 -2.0023875571e-01 2.4360709992e-01
-1.1680809115e-01 -2.0023721659e-01 2.4360705628e-01
-1.1680824384e-01 -2.0023704189e-01 2.4360687538e-01
-3.6660711612e-01 4.3351737689e-01 3.4949990610e-01
-3.6660669115e-01 4.3351740475e-01 3.4949966115e-01
-3.6660690681e-01 4.3351759148e-01 3.4949960602e-01
-3.6660648605e-01 4.3351762931e-01 3.4949936056e-01
-3.6660693398e-01 4.3351732646e-01 3.4949993281e-01
-3.6660649841e-01 4.3351734905e-01 3.4949969380e-01
-3.6660673407e-01 4.3351753647e-01 3.4949962435e-01
-3.6660630391e-01 4.3351756763e-01 3.4949938255e-01
2.1396295273e-01 -2.7789447847e-01 -2.7698243317e-01
2.1396158885e-01 -2.7789365736e-01 -2.7698022998e-01
2.1396316555e-01 -2.7789418637e-01 -2.7698264812e-01
2.1396176118e-01 -2.7789333203e-01 -2.7698041910e-01
2.1396243217e-01 -2.7789455576e-01 -2.7698235621e-01
2.1396106615e-01 -2.7789373228e-01 -2.7698013526e-01
2.1396267860e-01 -2.7789425886e-01 -2.7698256206e-01
2.1396126729e-01 -2.7789340180e-01 -2.7698030453e-01
1.2727131759e-01 -2.4762208401e-01 1.1751232887e-01
1.2727147995e-01 -2.4762227978e-01 1.1751196331e-01
1.2727153083e-01 -2.4762181115e-01 1.1751201835e-01
1.2727169315e-01 -2.4762200871e-01 1.1751165275e-01
1.2727191682e-01 -2.4762227762e-01 1.1751183298e-01
1.2727208259e-01 -2.4762247251e-01 1.1751147556e-01
1.2727214930e-01 -2.4762201722e-01 1.1751154852e-01
1.2727231503e-01 -2.4762221392e-01 1.1751119106e-01
5.4615950035e-02 -2.2108725179e-01 1.6925150105e-01
5.4616330202e-02 -2.2108716691e-01 1.6925081557e-01
5.4615865147e-02 -2.2108725169e-01 1.6925137140e-01
5.4616245467e-02 -2.2108716705e-01 1.6925068598e-01
5.4616517493e-02 -2.2108732238e-01 1.6925088043e-01
5.4616898666e-02 -2.2108723560e-01 1.6925019478e-01
5.4616431795e-02 -2.2108732197e-01 1.6925075102e-01
5.4616813825e-02 -2.2108723590e-01 1.6925006372e-01
-2.1123385108e-02 2.4533730507e-01 -1.2394759383e-01
-2.1123945788e-02 2.4533759649e-01 -1.2394809715e-01
-2.1123707988e-02 2.4533709942e-01 -1.2394790690e-01
-2.1124244337e-02 2.4533738043e-01 -1.2394843803e-01
-2.1123154661e-02 2.4533717802e-01 -1.2394814691e-01
-2.1123717243e-02 2.4533746558e-01 -1.2394865442e-01
-2.1123474789e-02 2.4533696690e-01 -1.2394846983e-01
-2.1124012968e-02 2.4533724403e-01 -1.2394900511e-01
-6.0440731193e-02 -2.2854448274e-01 1.6350896718e-01
-6.0440787700e-02 -2.2854493150e-01 1.6350846443e-01
-6.0440979282e-02 -2.2854441115e-01 1.6350899096e-01
-6.0441034367e-02 -2.2854485952e-01 1.6350848082e-01
-6.0441117214e-02 -2.2854443481e-01 1.6350910408e-01
-6.0441176918e-02 -2.2854488326e-01 1.6350862363e-01
-6.0441364145e-02 -2.2854436374e-01 1.6350913093e-01
-6.0441419656e-02 -2.2854482067e-01 1.6350864614e-01
1.8319999081e-01 -3.1021892014e-03 1.5395328548e-01
1.8319972521e-01 -3.1010273805e-03 1.5395188870e-01
1.8319986518e-01 -3.1001729363e-03 1.5395185616e-01
1.8319960173e-01 -3.0990584579e-03 1.5395050798e-01
1.8320071291e-01 -3.1020942631e-03 1.5395275762e-01
1.8320044736e-01 -3.1009324556e-03 1.5395136083e-01
1.8320058382e-01 -3.1000763520e-03 1.5395133230e-01
1.8320032074e-01 -3.0989638381e-03 1.5394998345e-01
2.0712327944e-01 -1.6722770134e-01 1.5925044067e-01
2.0712332126e-01 -1.6722803351e-01 1.5925026179e-01
2.0712346207e-01 -1.6722611941e-01 1.5925012543e-01
2.0712350413e-01 -1.6722644613e-01 1.5924993891e-01
2.0712370841e-01 -1.6722787660e-01 1.5925046891e-01
2.0712375168e-01 -1.6722821085e-01 1.5925028447e-01
2.0712388090e-01 -1.6722629779e-01 1.5925017131e-01
2.0712392096e-01 -1.6722662269e-01 1.5924998997e-01
-1.1654721468e-01 -2.4752043762e-01 9.2035598829e-02
-1.1654679664e-01 -2.4752023505e-01 9.2035453086e-02
-1.1654685459e-01 -2.4752037110e-01 9.2035203634e-02
-1.1654643745e-01 -2.4752016784e-01 9.2035058297e-02
-1.1654671443e-01 -2.4752037486e-01 9.2035599984e-02
-1.1654629641e-01 -2.4752017228e-01 9.2035454231e-02
-1.1654638011e-01 -2.4752031424e-01 9.2035167123e-02
-1.1654596513e-01 -2.4752010741e-01 9.2035016436e-02
6.3972958378e-02 -4.7599287636e-02 -2.1726617497e-01
6.3973026349e-02 -4.7600166815e-02 -2.1726433876e-01
6.3973123151e-02 -4.7599182533e-02 -2.1726609957e-01
6.3973214559e-02 -4.7600064568e-02 -2.1726423992e-01
6.3972835856e-02 -4.7599170704e-02 -2.1726625959e-01
6.3972914267e-02 -4.7600033229e-02 -2.1726442646e-01
6.3973005165e-02 -4.7599056303e-02 -2.1726617927e-01
6.3973099072e-02 -4.7599935941e-02 -2.1726433021e-01
4.2261903207e-01 2.3206881085e-01 2.0410735564e-01
4.2261917652e-01 2.3206897860e-01 2.0410716078e-01
4.2261833769e-01 2.3206788758e-01 2.0410613717e-01
4.2261849015e-01 2.3206804383e-01 2.0410594298e-01
4.2262032508e-01 2.3206945735e-01 2.0410831684e-01
4.2262047337e-01 2.3206962673e-01 2.0410812211e-01
4.2261966604e-01 2.3206851948e-01 2.0410711026e-01
4.2261981712e-01 2.3206868546e-01 2.0410691513e-01
5.1459921055e-02 1.3877801436e+00 -1.9051420197e+00
5.1458695727e-02 1.3877722815e+00 -1.9051338404e+00
5.1460013038e-02 1.3877802172e+00 -1.9051426225e+00
5.1458764416e-02 1.3877723652e+00 -1.9051344650e+00
5.1460319249e-02 1.3877773958e+00 -1.9051396684e+00
5.1459107194e-02 1.3877695310e+00 -1.9051315344e+00
5.1460392808e-02 1.3877774948e+00 -1.9051402749e+00
5.1459189309e-02 1.3877696356e+00 -1.9051321595e+00
-2.9815765415e-02 2.2618537407e-01 -2.8045599763e-01
-2.9815710437e-02 2.2618424552e-01 -2.8045330602e-01
-2.9816060806e-02 2.2618356805e-01 -2.8045485965e-01
-2.9816021605e-02 2.2618243662e-01 -2.8045216460e-01
-2.9815401746e-02 2.2618525930e-01 -2.8045605636e-01
-2.9815299605e-02 2.2618417474e-01 -2.8045333399e-01
-2.9815702926e-02 2.2618346353e-01 -2.8045491287e-01
-2.9815599820e-02 2.2618235223e-01 -2.8045218994e-01
1.5299339841e-01 8.5311176985e-02 -8.5678408233e-02
1.5299323676e-01 8.5311100686e-02 -8.5678373303e-02
1.5299317814e-01 8.5311084704e-02 -8.5679067334e-02
1.5299302269e-01 8.5311015672e-02 -8.5679025266e-02
1.5299378500e-01 8.5311426594e-02 -8.5678255484e-02
1.5299361545e-01 8.5311361901e-02 -8.5678213302e-02
1.5299357185e-01 8.5311339136e-02 -8.5678906783e-02
1.5299339272e-01 8.5311270617e-02 -8.5678871359e-02
-1.9961775096e-01 -3.9105167933e-01 5.8771451343e-01
-1.9961775121e-01 -3.9105195207e-01 5.8771365982e-01
-1.9961848663e-01 -3.9104724827e-01 5.8771228468e-01
-1.9961847550e-01 -3.9104749490e-01 5.8771146897e-01
-1.9961764521e-01 -3.9105192694e-01 5.8771506596e-01
-1.9961764503e-01 -3.9105220036e-01 5.8771421232e-01
-1.9961834935e-01 -3.9104751248e-01 5.8771285699e-01
-1.9961835650e-01 -3.9104777241e-01 5.8771202213e-01
1.4145394654e-01 -1.6054873260e-01 -1.9200653569e-01
1.4145309548e-01 -1.6054759729e-01 -1.9200413338e-01
1.4145477074e-01 -1.6054926068e-01 -1.9200779956e-01
1.4145392074e-01 -1.6054813051e-01 -1.9200538654e-01
1.4145419936e-01 -1.6054878908e-01 -1.9200643952e-01
1.4145334397e-01 -1.6054765584e-01 -1.9200403494e-01
1.4145502436e-01 -1.6054933196e-01 -1.9200770608e-01
1.4145417036e-01 -1.6054820006e-01 -1.9200529183e-01
1.5362206102e-01 9.5832951391e-02 2.3405230704e-01
1.5362171417e-01 9.5832901463e-02 2.3405161968e-01
1.5362231079e-01 9.5833345616e-02 2.3405202403e-01
1.5362195370e-01 9.5833294197e-02 2.3405133767e-01
1.5362156457e-01 9.5832757814e-02 2.3405161678e-01
1.5362119813e-01 9.5832741274e-02 2.3405096933e-01
1.5362182012e-01 9.5833149451e-02 2.3405132145e-01
1.5362145313e-01 9.5833133291e-02 2.3405067450e-01
8.0888114845e-02 -1.6734305841e-02 -2.2537615022e-02
8.0888330987e-02 -1.6734489207e-02 -2.2537847835e-02
8.0887993617e-02 -1.6734113627e-02 -2.2537439934e-02
8.0888207490e-02 -1.6734291921e-02 -2.2537670460e-02
8.0888115168e-02 -1.6734148489e-02 -2.2537282579e-02
8.0888308102e-02 -1.6734308832e-02 -2.2537496465e-02
8.0888000067e-02 -1.6733952884e-02 -2.2537097493e-02
8.0888191209e-02 -1.6734107702e-02 -2.2537309486e-02
9.6253589155e-02 8.7003323884e-02 1.5326979805e-01
9.6253968225e-02 8.7003276477e-02 1.5327132123e-01
9.6253833945e-02 8.7004646160e-02 1.5326950961e-01
9.6254242662e-02 8.7004653134e-02 1.5327102764e-01
9.6254114024e-02 8.7003344078e-02 1.5327003062e-01
9.6254470158e-02 8.7003333864e-02 1.5327154637e-01
9.6254364442e-02 8.7004674138e-02 1.5326974477e-01
9.6254756074e-02 8.7004690148e-02 1.5327125653e-01
1.7261044332e-01 1.5184219585e-02 -7.9949376831e-02
1.7260909815e-01 1.5183610638e-02 -7.9950944495e-02
1.7261118961e-01 1.5185688065e-02 -7.9948654560e-02
1.7260982155e-01 1.5185099589e-02 -7.9950240485e-02
1.7261153199e-01 1.5184927222e-02 -7.9948417244e-02
1.7261019717e-01 1.5184312604e-02 -7.9949964903e-02
1.7261229808e-01 1.5186423818e-02 -7.9947674878e-02
1.7261094455e-01 1.5185820932e-02 -7.9949241626e-02
-1.0562315915e-01 -1.3503681577e-02 8.6105568734e-02
-1.0562324401e-01 -1.3503256119e-02 8.6105385214e-02
-1.0562313345e-01 -1.3502807402e-02 8.6105808390e-02
-1.0562318309e-01 -1.3502409985e-02 8.6105601407e-02
-1.0562360007e-01 -1.3504078409e-02 8.6104783788e-02
-1.0562368511e-01 -1.3503654933e-02 8.6104593919e-02
-1.0562350747e-01 -1.3503257105e-02 8.6105001917e-02
-1.0562359148e-01 -1.3502854342e-02 8.6104796345e-02
8.4919929116e-02 1.9134523544e-01 -3.0832790940e-01
8.4919835740e-02 1.9134516901e-01 -3.0832742646e-01
8.4920101972e-02 1.9134355084e-01 -3.0832657055e-01
8.4920009500e-02 1.9134348005e-01 -3.0832609061e-01
8.4920353041e-02 1.9134519605e-01 -3.0832745515e-01
8.4920299924e-02 1.9134511926e-01 -3.0832699239e-01
8.4920520407e-02 1.9134351863e-01 -3.0832612464e-01
8.4920459571e-02 1.9134343435e-01 -3.0832566227e-01
-1.9309432058e-01 -2.9980419774e-01 1.3572090235e-01
-1.9309445759e-01 -2.9980470870e-01 1.3571921178e-01
-1.9309430050e-01 -2.9980405491e-01 1.3572063816e-01
-1.9309444971e-01 -2.9980455967e-01 1.3571894497e-01
-1.9309425006e-01 -2.9980427363e-01 1.3572106726e-01
-1.9309438812e-01 -2.9980478347e-01 1.3571937588e-01
-1.9309424860e-01 -2.9980415034e-01 1.3572079668e-01
-1.9309439929e-01 -2.9980465343e-01 1.3571910309e-01
9.8060227653e-03 2.7096927765e-01 -7.6579480655e-01
9.8062504423e-03 2.7096901386e-01 -7.6579508650e-01
9.8066517859e-03 2.7096864972e-01 -7.6579531306e-01
9.8068792897e-03 2.7096838513e-01 -7.6579559392e-01
9.8046663779e-03 2.7096922373e-01 -7.6579436568e-01
9.8049005816e-03 2.7096897448e-01 -7.6579468494e-01
9.8052979523e-03 2.7096860046e-01 -7.6579488132e-01
9.8055264597e-03 2.7096834783e-01 -7.6579519205e-01
-1.7959114347e-01 5.6969155268e-01 -3.1720145681e-01
-1.7959057269e-01 5.6969148938e-01 -3.1720307339e-01
-1.7959095705e-01 5.6969230099e-01 -3.1720152556e-01
-1.7959038464e-01 5.6969223491e-01 -3.1720315041e-01
-1.7959074144e-01 5.6969163579e-01 -3.1720126838e-01
-1.7959016979e-01 5.6969157232e-01 -3.1720288699e-01
-1.7959055435e-01 5.6969238101e-01 -3.1720133784e-01
-1.7958998309e-01 5.6969231800e-01 -3.1720296207e-01
-3.7481854183e-02 1.4083651777e-01 5.4923548958e-01
-3.7482370695e-02 1.4083725915e-01 5.4923824235e-01
-3.7481306285e-02 1.4083492204e-01 5.4923493492e-01
-3.7481829150e-02 1.4083567089e-01 5.4923765185e-01
-3.7481199598e-02 1.4083694587e-01 5.4923405837e-01
-3.7481714747e-02 1.4083769103e-01 5.4923681184e-01
-3.7480609353e-02 1.4083530751e-01 5.4923352208e-01
-3.7481130846e-02 1.4083606014e-01 5.4923623970e-01
-1.6107003631e-01 -6.6956674169e-01 -5.5997228940e-01
-1.6107117418e-01 -6.6956872190e-01 -5.5997448904e-01
-1.6106990461e-01 -6.6956738889e-01 -5.5997171836e-01
-1.6107103874e-01 -6.6956937834e-01 -5.5997390786e-01
-1.6107342321e-01 -6.6956882271e-01 -5.5997454551e-01
-1.6107445468e-01 -6.6957072873e-01 -5.5997667154e-01
-1.6107331507e-01 -6.6956959156e-01 -5.5997407439e-01
-1.6107434761e-01 -6.6957151186e-01 -5.5997619725e-01
-3.6155639390e-01 -5.1186389653e-01 4.6445081665e-01
-3.6155737866e-01 -5.1186509452e-01 4.6444845225e-01
-3.6155557199e-01 -5.1186407638e-01 4.6445015333e-01
-3.6155655622e-01 -5.1186527482e-01 4.6444778876e-01
-3.6155199626e-01 -5.1186351423e-01 4.6445109164e-01
-3.6155296986e-01 -5.1186472262e-01 4.6444871676e-01
-3.6155111465e-01 -5.1186388349e-01 4.6445047640e-01
-3.6155208773e-01 -5.1186509232e-01 4.6444810135e-01
2.2805181361e-01 4.3123356045e-01 -2.8012584116e-02
2.2805180954e-01 4.3123404934e-01 -2.8011542577e-02
2.2805162314e-01 4.3123693848e-01 -2.8012727820e-02
2.2805153403e-01 4.3123745647e-01 -2.8011629595e-02
2.2805294312e-01 4.3123394036e-01 -2.8011370578e-02
2.2805287021e-01 4.3123445902e-01 -2.8010281390e-02
2.2805255067e-01 4.3123735373e-01 -2.8011563300e-02
2.2805253266e-01 4.3123784063e-01 -2.8010519194e-02
-1.8576185282e-01 -4.7958184594e-01 1.3201774230e-01
-1.8576153226e-01 -4.7958217178e-01 1.3201732108e-01
-1.8576211013e-01 -4.7958039569e-01 1.3201729200e-01
-1.8576178432e-01 -4.7958072940e-01 1.3201688226e-01
-1.8576132579e-01 -4.7958264604e-01 1.3201765327e-01
-1.8576090688e-01 -4.7958290458e-01 1.3201726931e-01
-1.8576161516e-01 -4.7958121637e-01 1.3201721984e-01
-1.8576118983e-01 -4.7958148333e-01 1.3201684693e-01
-8.1131979331e-02 -6.2146055806e-01 -2.2185059421e-01
-8.1132671253e-02 -6.2146086307e-01 -2.2185091985e-01
-8.1131181318e-02 -6.2145756036e-01 -2.2185006670e-01
-8.1131876511e-02 -6.2145786315e-01 -2.2185038853e-01
-8.1129330053e-02 -6.2145975869e-01 -2.2184962972e-01
-8.1130024197e-02 -6.2146005891e-01 -2.2184995113e-01
-8.1128521886e-02 -6.2145677676e-01 -2.2184910580e-01
-8.1129214235e-02 -6.2145707903e-01 -2.2184943119e-01
6.2354879112e-01 5.8411407454e-02 -3.9198351139e-01
6.2354863970e-01 5.8411513198e-02 -3.9198350001e-01
6.2354714030e-01 5.8411110037e-02 -3.9198365625e-01
6.2354698724e-01 5.8411207682e-02 -3.9198366504e-01
6.2355025927e-01 5.8410530554e-02 -3.9198471724e-01
6.2355010770e-01 5.8410636677e-02 -3.9198470577e-01
6.2354861826e-01 5.8410210075e-02 -3.9198486147e-01
6.2354846522e-01 5.8410308307e-02 -3.9198486967e-01
1.0188440008e-01 -5.8156784057e-01 -4.4347878428e-01
1.0188440919e-01 -5.8156822435e-01 -4.4347940454e-01
1.0188605436e-01 -5.8155826186e-01 -4.4348218448e-01
1.0188605297e-01 -5.8155861720e-01 -4.4348279706e-01
1.0188608084e-01 -5.8156659467e-01 -4.4347907925e-01
1.0188609010e-01 -5.8156698496e-01 -4.4347969584e-01
1.0188770897e-01 -5.8155692580e-01 -4.4348245419e-01
1.0188771166e-01 -5.8155728509e-01 -4.4348306414e-01
-1.1120820044e-02 -1.1297391921e-01 2.5752208587e-01
-1.1120502263e-02 -1.1297379212e-01 2.5752272802e-01
-1.1120680545e-02 -1.1297330995e-01 2.5752250767e-01
-1.1120353304e-02 -1.1297319166e-01 2.5752312560e-01
-1.1119334029e-02 -1.1297465392e-01 2.5752104949e-01
-1.1119011384e-02 -1.1297451952e-01 2.5752170879e-01
-1.1119193898e-02 -1.1297404146e-01 2.5752147317e-01
-1.1118866223e-02 -1.1297392182e-01 2.5752209017e-01
-1.1313375994e+00 3.7348350864e-01 -2.0927228021e-01
-1.1313369273e+00 3.7348369537e-01 -2.0927173474e-01
-1.1313373365e+00 3.7348626185e-01 -2.0927223329e-01
-1.1313366439e+00 3.7348635250e-01 -2.0927164969e-01
-1.1313402676e+00 3.7348216867e-01 -2.0927363109e-01
-1.1313396813e+00 3.7348243477e-01 -2.0927296885e-01
-1.1313401282e+00 3.7348506441e-01 -2.0927346585e-01
-1.1313394126e+00 3.7348522988e-01 -2.0927288760e-01
-1.4140451602e+00 -4.9809259791e-01 -1.2130632480e-01
-1.4140456776e+00 -4.9809174953e-01 -1.2130570512e-01
-1.4140456997e+00 -4.9809249613e-01 -1.2130586161e-01
-1.4140462175e+00 -4.9809164810e-01 -1.2130524071e-01
-1.4140430312e+00 -4.9809138262e-01 -1.2130538259e-01
-1.4140435483e+00 -4.9809053487e-01 -1.2130476330e-01
-1.4140435131e+00 -4.9809131254e-01 -1.2130496386e-01
-1.4140440364e+00 -4.9809046154e-01 -1.2130432527e-01
3.4374834733e-02 1.4252643090e+00 2.7770683357e-02
3.4375001707e-02 1.4252645697e+00 2.7770812553e-02
3.4374881113e-02 1.4252640224e+00 2.7770638533e-02
3.4375046824e-02 1.4252642777e+00 2.7770809466e-02
3.4377532412e-02 1.4252645344e+00 2.7771049671e-02
3.4377699064e-02 1.4252647939e+00 2.7771180101e-02
3.4377707950e-02 1.4252642071e+00 2.7770929518e-02
3.4377873532e-02 1.4252644623e+00 2.7771100208e-02
-1.3957000065e-01 -7.1324514095e-01 -1.1736653106e-01
-1.3956948835e-01 -7.1324578157e-01 -1.1736683794e-01
-1.3957086781e-01 -7.1324391803e-01 -1.1736692207e-01
-1.3957035286e-01 -7.1324455912e-01 -1.1736723224e-01
-1.3956980278e-01 -7.1324653165e-01 -1.1736804419e-01
-1.3956929808e-01 -7.1324717198e-01 -1.1736835138e-01
-1.3957067351e-01 -7.1324529570e-01 -1.1736842992e-01
-1.3957016627e-01 -7.1324593655e-01 -1.1736874053e-01
-7.0475827172e-01 3.3054329680e-01 -1.2449823767e+00
-7.0475307762e-01 3.3054566298e-01 -1.2449732078e+00
-7.0475845308e-01 3.3054223966e-01 -1.2449825845e+00
-7.0475341754e-01 3.3054464319e-01 -1.2449734635e+00
-7.0475089110e-01 3.3054800596e-01 -1.2449771443e+00
-7.0474560709e-01 3.3055040539e-01 -1.2449678764e+00
-7.0475109710e-01 3.3054691727e-01 -1.2449773419e+00
-7.0474596576e-01 3.3054938794e-01 -1.2449681213e+00
9.9661267817e-01 -5.1947678160e-01 -2.2379114500e-01
9.9661331782e-01 -5.1947662171e-01 -2.2379069384e-01
9.9661422791e-01 -5.1947637607e-01 -2.2379169216e-01
9.9661486098e-01 -5.1947621782e-01 -2.2379121160e-01
9.9661722252e-01 -5.1947926945e-01 -2.2379328001e-01
9.9661790252e-01 -5.1947913511e-01 -2.2379281114e-01
9.9661876797e-01 -5.1947883695e-01 -2.2379379987e-01
9.9661944631e-01 -5.1947870221e-01 -2.2379329696e-01
1.5650198565e-01 6.8931350353e-01 -7.7968679738e-01
1.5650228343e-01 6.8931331282e-01 -7.7968704477e-01
1.5650096922e-01 6.8932046421e-01 -7.7968581823e-01
1.5650123080e-01 6.8932029626e-01 -7.7968609880e-01
1.5650525899e-01 6.8931358052e-01 -7.7968726697e-01
1.5650556945e-01 6.8931337359e-01 -7.7968751986e-01
1.5650417769e-01 6.8932057584e-01 -7.7968627618e-01
1.5650443913e-01 6.8932040766e-01 -7.7968655680e-01
-8.9292865005e-02 4.2546408344e-01 -3.5864459622e-01
-8.9292124410e-02 4.2546459839e-01 -3.5864466759e-01
-8.9292705064e-02 4.2546556055e-01 -3.5864411882e-01
-8.9292069867e-02 4.2546600821e-01 -3.5864420287e-01
-8.9291950207e-02 4.2546415902e-01 -3.5864498276e-01
-8.9291207851e-02 4.2546467133e-01 -3.5864505680e-01
-8.9291783636e-02 4.2546564399e-01 -3.5864451492e-01
-8.9291151259e-02 4.2546608989e-01 -3.5864459907e-01
-8.8286686345e-02 -3.2296257223e-01 -4.4202031908e-01
-8.8286864372e-02 -3.2296142128e-01 -4.4202232576e-01
-8.8284912389e-02 -3.2296102751e-01 -4.4201789470e-01
-8.8285171200e-02 -3.2295983791e-01 -4.4201977688e-01
-8.8282944955e-02 -3.2296349803e-01 -4.4202030361e-01
-8.8283122977e-02 -3.2296234707e-01 -4.4202231029e-01
-8.8281143569e-02 -3.2296198368e-01 -4.4201785063e-01
-8.8281421808e-02 -3.2296077380e-01 -4.4201975687e-01
-5.5089706007e-01 -5.9407448804e-01 2.9129393129e-01
-5.5089735473e-01 -5.9407486462e-01 2.9129346815e-01
-5.5089678972e-01 -5.9407553179e-01 2.9129392737e-01
-5.5089708824e-01 -5.9407590836e-01 2.9129346479e-01
-5.5090348873e-01 -5.9407443780e-01 2.9129436797e-01
-5.5090378302e-01 -5.9407473003e-01 2.9129385180e-01
-5.5090317477e-01 -5.9407534076e-01 2.9129434626e-01
-5.5090347487e-01 -5.9407571442e-01 2.9129388284e-01
-6.5550313694e-01 1.6735188344e-01 -2.7836595004e-01
-6.5550339533e-01 1.6735220438e-01 -2.7836758649e-01
-6.5550330558e-01 1.6735136251e-01 -2.7836634210e-01
-6.5550353614e-01 1.6735177624e-01 -2.7836797313e-01
-6.5550255321e-01 1.6735211004e-01 -2.7836651706e-01
-6.5550280766e-01 1.6735244506e-01 -2.7836815733e-01
-6.5550279731e-01 1.6735164621e-01 -2.7836683231e-01
-6.5550306397e-01 1.6735198703e-01 -2.7836846153e-01
-6.6603323653e-01 -3.0249422647e-01 2.0891130591e-01
-6.6603367884e-01 -3.0249437235e-01 2.0891151684e-01
-6.6603214734e-01 -3.0249538184e-01 2.0891190604e-01
-6.6603252357e-01 -3.0249562320e-01 2.0891217148e-01
-6.6602890964e-01 -3.0249465128e-01 2.0891117589e-01
-6.6602946833e-01 -3.0249478745e-01 2.0891138108e-01
-6.6602783903e-01 -3.0249580209e-01 2.0891178898e-01
-6.6602830016e-01 -3.0249604376e-01 2.0891203366e-01
-2.1749197010e-03 1.8305525205e-01 7.3047440839e-01
-2.1749231092e-03 1.8305633588e-01 7.3047411325e-01
-2.1765760892e-03 1.8305513389e-01 7.3047476743e-01
-2.1765933138e-03 1.8305620842e-01 7.3047447356e-01
-2.1743311247e-03 1.8305521260e-01 7.3047484728e-01
-2.1743568114e-03 1.8305628494e-01 7.3047455708e-01
-2.1760170554e-03 1.8305508363e-01 7.3047520329e-01
-2.1760345966e-03 1.8305615837e-01 7.3047490938e-01
1.4426839954e+00 4.9866009338e-01 -1.1622530456e-01
1.4426836367e+00 4.9865973068e-01 -1.1622532570e-01
1.4426823725e+00 4.9866233606e-01 -1.1622251196e-01
1.4426820159e+00 4.9866197289e-01 -1.1622253058e-01
1.4426806947e+00 4.9866093226e-01 -1.1622570311e-01
1.4426804309e+00 4.9866053734e-01 -1.1622574980e-01
1.4426792473e+00 4.9866324944e-01 -1.1622293985e-01
1.4426789917e+00 4.9866286235e-01 -1.1622299852e-01
1.6224326335e-01 8.8167615404e-02 1.8800190604e-01
1.6224169008e-01 8.8168320284e-02 1.8799868653e-01
1.6224194215e-01 8.8168181429e-02 1.8800306460e-01
1.6224044792e-01 8.8168843100e-02 1.8799978740e-01
1.6224439996e-01 8.8167465200e-02 1.8800184832e-01
1.6224282988e-01 8.8168166673e-02 1.8799863079e-01
1.6224308149e-01 8.8168016926e-02 1.8800297323e-01
1.6224157307e-01 8.8168663144e-02 1.8799972741e-01
-5.5082741413e-01 -5.0465503566e-01 5.5864142434e-02
-5.5082645746e-01 -5.0465565692e-01 5.5865037835e-02
-5.5082574920e-01 -5.0465274935e-01 5.5864645641e-02
-5.5082470054e-01 -5.0465333045e-01 5.5865458888e-02
-5.5082992228e-01 -5.0465682100e-01 5.5863853428e-02
-5.5082911988e-01 -5.0465751957e-01 5.5864610671e-02
-5.5082837178e-01 -5.0465466622e-01 5.5864207005e-02
-5.5082736440e-01 -5.0465510478e-01 5.5865003471e-02
-1.1658377417e-01 6.4691971469e-02 -2.1369666014e-02
-1.1658286319e-01 6.4692165613e-02 -2.1370860801e-02
-1.1658448997e-01 6.4690245006e-02 -2.1368391726e-02
-1.1658364805e-01 6.4690402180e-02 -2.1369649612e-02
-1.1658178133e-01 6.4692571357e-02 -2.1369078145e-02
-1.1658087050e-01 6.4692730951e-02 -2.1370286208e-02
-1.1658254896e-01 6.4690866396e-02 -2.1367816731e-02
-1.1658170927e-01 6.4690987707e-02 -2.1369089695e-02
-2.1175693439e-01 -4.2159524936e-01 6.0564015490e-01
-2.1175695559e-01 -4.2159500685e-01 6.0564028596e-01
-2.1175827575e-01 -4.2159217356e-01 6.0564040117e-01
-2.1175833628e-01 -4.2159184000e-01 6.0564055723e-01
-2.1175529348e-01 -4.2159408824e-01 6.0564021355e-01
-2.1175535495e-01 -4.2159383522e-01 6.0564034367e-01
-2.1175664708e-01 -4.2159112240e-01 6.0564041729e-01
-2.1175675540e-01 -4.2159078023e-01 6.0564056061e-01
-8.1093923034e-01 1.1237120655e+00 5.9181172301e-01
-8.1093996303e-01 1.1237118108e+00 5.9181161664e-01
-8.1093988145e-01 1.1237115793e+00 5.9181276094e-01
-8.1094052023e-01 1.1237112499e+00 5.9181257106e-01
-8.1093953914e-01 1.1237111527e+00 5.9181167097e-01
-8.1094026919e-01 1.1237108936e+00 5.9181156428e-01
-8.1094023605e-01 1.1237106479e+00 5.9181268231e-01
-8.1094087738e-01 1.1237103239e+00 5.9181249239e-01
5.1454181524e-01 -2.1157004029e-01 3.6800528158e-01
5.1454144289e-01 -2.1157030232e-01 3.6800341877e-01
5.1454241067e-01 -2.1156966485e-01 3.6800478021e-01
5.1454199779e-01 -2.1156994315e-01 3.6800292757e-01
5.1454444613e-01 -2.1157020027e-01 3.6800550321e-01
5.1454407931e-01 -2.1157046070e-01 3.6800364018e-01
5.1454508318e-01 -2.1156985233e-01 3.6800496054e-01
5.1454467103e-01 -2.1157013335e-01 3.6800310982e-01
-6.3289682487e-03 4.5573073908e-03 8.7180369386e-02
-6.3288235721e-03 4.5565512830e-03 8.7180277857e-02
-6.3276617795e-03 4.5583150327e-03 8.7180776912e-02
-6.3275168852e-03 4.5575594416e-03 8.7180685298e-02
-6.3275786363e-03 4.5572932274e-03 8.7179865627e-02
-6.3274372100e-03 4.5565459769e-03 8.7179784006e-02
-6.3262672140e-03 4.5582999240e-03 8.7180269447e-02
-6.3261254916e-03 4.5575532104e-03 8.7180187759e-02
2.2351393029e-01 -4.6569166025e-01 -3.8252215469e-01
2.2351471050e-01 -4.6569159874e-01 -3.8252488950e-01
2.2351337287e-01 -4.6569387758e-01 -3.8252138410e-01
2.2351414029e-01 -4.6569390525e-01 -3.8252404448e-01
2.2351476494e-01 -4.6569182240e-01 -3.8252116947e-01
2.2351561221e-01 -4.6569176915e-01 -3.8252391814e-01
2.2351424853e-01 -4.6569401210e-01 -3.8252041530e-01
2.2351508337e-01 -4.6569404806e-01 -3.8252308949e-01
1.6685028082e-01 3.3780368468e-01 1.1509874352e-01
1.6684970421e-01 3.3780325686e-01 1.1509700364e-01
1.6684867254e-01 3.3780764229e-01 1.1510028254e-01
1.6684808787e-01 3.3780722240e-01 1.1509850549e-01
1.6684807256e-01 3.3780487553e-01 1.1509994651e-01
1.6684748592e-01 3.3780443605e-01 1.1509820294e-01
1.6684645029e-01 3.3780883951e-01 1.1510151070e-01
1.6684586156e-01 3.3780841033e-01 1.1509974700e-01
2.7854820674e-01 -5.8933347512e-01 -5.5940630272e-03
2.7854775183e-01 -5.8933310237e-01 -5.5939064234e-03
2.7854886939e-01 -5.8933100992e-01 -5.5933884776e-03
2.7854851473e-01 -5.8933062335e-01 -5.5932204948e-03
2.7854285555e-01 -5.8933379036e-01 -5.5948478745e-03
2.7854249458e-01 -5.8933343027e-01 -5.5947072112e-03
2.7854338612e-01 -5.8933135320e-01 -5.5942205496e-03
2.7854310099e-01 -5.8933102349e-01 -5.5941368916e-03
-5.3847333779e-02 4.5720877320e-01 2.3902883526e-01
-5.3847322153e-02 4.5720903711e-01 2.3903067189e-01
-5.3846648595e-02 4.5721077992e-01 2.3902872124e-01
-5.3846550686e-02 4.5721103467e-01 2.3903056464e-01
-5.3848268949e-02 4.5720890669e-01 2.3902892439e-01
-5.3848282988e-02 4.5720917431e-01 2.3903076416e-01
-5.3847594485e-02 4.5721093191e-01 2.3902880192e-01
-5.3847497785e-02 4.5721116871e-01 2.3903066035e-01
4.2768514544e-01 -3.3688355169e-01 1.5020046952e-01
4.2768554249e-01 -3.3688352447e-01 1.5020003857e-01
4.2768493163e-01 -3.3688400749e-01 1.5020136575e-01
4.2768533427e-01 -3.3688398858e-01 1.5020092205e-01
4.2768148983e-01 -3.3688373595e-01 1.5020083678e-01
4.2768188945e-01 -3.3688368282e-01 1.5020037871e-01
4.2768120016e-01 -3.3688415612e-01 1.5020173319e-01
4.2768159894e-01 -3.3688412137e-01 1.5020129236e-01
1.5768802858e-01 8.8115276854e-01 3.0243810047e-01
1.5768808149e-01 8.8115241208e-01 3.0243778753e-01
1.5768945366e-01 8.8115847642e-01 3.0243925723e-01
1.5768951208e-01 8.8115813032e-01 3.0243898779e-01
1.5768907015e-01 8.8115295330e-01 3.0243773465e-01
1.5768912247e-01 8.8115260234e-01 3.0243742887e-01
1.5769053728e-01 8.8115862440e-01 3.0243879151e-01
1.5769059095e-01 8.8115830203e-01 3.0243854521e-01
-4.8417665310e-01 -6.3849952735e-01 -3.5722254869e-02
-4.8417668895e-01 -6.3849841115e-01 -3.5720475015e-02
-4.8417765202e-01 -6.3849957140e-01 -3.5721873096e-02
-4.8417768696e-01 -6.3849831324e-01 -3.5720078036e-02
-4.8417516819e-01 -6.3850028934e-01 -3.5722122069e-02
-4.8417524269e-01 -6.3849908602e-01 -3.5720380465e-02
-4.8417621976e-01 -6.3850022826e-01 -3.5721733215e-02
-4.8417619813e-01 -6.3849909205e-01 -3.5719989846e-02
-1.1745811706e-01 1.4549411523e-01 1.3788797357e-01
-1.1745939688e-01 1.4549348665e-01 1.3788730571e-01
-1.1746013857e-01 1.4549892889e-01 1.3788774454e-01
-1.1746143062e-01 1.4549839531e-01 1.3788705417e-01
-1.1745766851e-01 1.4549426194e-01 1.3788670698e-01
-1.1745895091e-01 1.4549362488e-01 1.3788603651e-01
-1.1745976901e-01 1.4549902877e-01 1.3788643629e-01
-1.1746105751e-01 1.4549850491e-01 1.3788573846e-01
-3.6217034287e-01 4.5446306730e-03 -9.8685688281e-02
-3.6216904445e-01 4.5458053937e-03 -9.8684623039e-02
-3.6216951259e-01 4.5444744781e-03 -9.8686403476e-02
-3.6216832926e-01 4.5457260659e-03 -9.8685357129e-02
-3.6216691550e-01 4.5456052935e-03 -9.8684898124e-02
-3.6216574004e-01 4.5467586342e-03 -9.8683780835e-02
-3.6216610540e-01 4.5454632168e-03 -9.8685650062e-02
-3.6216488553e-01 4.5467887445e-03 -9.8684576165e-02
5.4097669411e-02 5.2656755298e-01 5.2458760444e-01
5.4097343419e-02 5.2656691620e-01 5.2458734355e-01
5.4097053810e-02 5.2657376526e-01 5.2458874596e-01
5.4096708225e-02 5.2657313691e-01 5.2458845899e-01
5.4100055555e-02 5.2656654324e-01 5.2458682127e-01
5.4099729479e-02 5.2656590644e-01 5.2458656059e-01
5.4099470970e-02 5.2657275918e-01 5.2458797313e-01
5.4099125078e-02 5.2657213069e-01 5.2458768638e-01
-2.3046796350e-01 5.8849141699e-02 2.9827796776e-02
-2.3046729551e-01 5.8849700497e-02 2.9828104770e-02
-2.3046894810e-01 5.8848117625e-02 2.9827768188e-02
-2.3046826233e-01 5.8848694867e-02 2.9828081031e-02
-2.3046781512e-01 5.8848088929e-02 2.9827578167e-02
-2.3046716440e-01 5.8848640511e-02 2.9827930995e-02
-2.3046879431e-01 5.8847075445e-02 2.9827543428e-02
-2.3046812583e-01 5.8847645477e-02 2.9827901210e-02
-4.1960480193e-01 -6.9585327886e-01 -9.6098708057e-02
-4.1960423048e-01 -6.9585325497e-01 -9.6099727655e-02
-4.1960554858e-01 -6.9585569105e-01 -9.6100678151e-02
-4.1960502355e-01 -6.9585563878e-01 -9.6101710172e-02
-4.1960360115e-01 -6.9585217380e-01 -9.6098693829e-02
-4.1960302360e-01 -6.9585215202e-01 -9.6099712008e-02
-4.1960434340e-01 -6.9585456619e-01 -9.6100644895e-02
-4.1960381227e-01 -6.9585451630e-01 -9.6101675927e-02
-9.6006264945e-01 7.2982438299e-02 -2.1419135886e-02
-9.6006259827e-01 7.2983230175e-02 -2.1419215144e-02
-9.6006319538e-01 7.2981678719e-02 -2.1419434912e-02
-9.6006314435e-01 7.2982471011e-02 -2.1419514279e-02
-9.6006167312e-01 7.2982892321e-02 -2.1418705365e-02
-9.6006159858e-01 7.2983688346e-02 -2.1418769593e-02
-9.6006221023e-01 7.2982147647e-02 -2.1419017261e-02
-9.6006213596e-01 7.2982943803e-02 -2.1419081552e-02
-5.5755518734e-01 5.4120200869e-02 2.5810781461e-01
-5.5755565396e-01 5.4120333658e-02 2.5810600826e-01
-5.5755556778e-01 5.4116891362e-02 2.5810836549e-01
-5.5755604226e-01 5.4117020183e-02 2.5810655350e-01
-5.5755288882e-01 5.4119395677e-02 2.5810755780e-01
-5.5755335658e-01 5.4119532108e-02 2.5810574813e-01
-5.5755327960e-01 5.4116075062e-02 2.5810809683e-01
-5.5755375524e-01 5.4116207450e-02 2.5810628146e-01
9.3457491936e-01 -1.0543863822e-01 -1.8711222044e-01
9.3457534901e-01 -1.0543959191e-01 -1.8711331971e-01
9.3457409191e-01 -1.0543915859e-01 -1.8711245706e-01
9.3457450390e-01 -1.0544009288e-01 -1.8711355612e-01
9.3457591818e-01 -1.0543859351e-01 -1.8711250806e-01
9.3457633022e-01 -1.0543951318e-01 -1.8711357489e-01
9.3457509556e-01 -1.0543911866e-01 -1.8711274101e-01
9.3457548992e-01 -1.0544001974e-01 -1.8711380750e-01
2.7335898271e-01 -2.7471261032e-01 3.6849397573e-01
2.7335723432e-01 -2.7471256497e-01 3.6849341454e-01
2.7335932282e-01 -2.7471340397e-01 3.6849503159e-01
2.7335752882e-01 -2.7471326191e-01 3.6849449506e-01
2.7335902512e-01 -2.7471306865e-01 3.6849421635e-01
2.7335717119e-01 -2.7471304916e-01 3.6849365532e-01
2.7335908596e-01 -2.7471378310e-01 3.6849523088e-01
2.7335730900e-01 -2.7471376471e-01 3.6849466334e-01
-4.1148890323e-01 5.0047684925e-01 -4.9000404077e-01
-4.1148893536e-01 5.0047703076e-01 -4.9000350799e-01
-4.1148702554e-01 5.0047488411e-01 -4.9000378089e-01
-4.1148705826e-01 5.0047506201e-01 -4.9000324791e-01
-4.1148890399e-01 5.0047621947e-01 -4.9000385458e-01
-4.1148895284e-01 5.0047638113e-01 -4.9000333178e-01
-4.1148702847e-01 5.0047423694e-01 -4.9000359775e-01
-4.1148707786e-01 5.0047439458e-01 -4.9000307475e-01
3.9344851262e-01 -1.3465939640e-01 3.1301761287e-01
3.9344954926e-01 -1.3465892250e-01 3.1301805678e-01
3.9344916400e-01 -1.3465876248e-01 3.1301786811e-01
3.9345019484e-01 -1.3465828720e-01 3.1301831043e-01
3.9345044945e-01 -1.3465977563e-01 3.1301751011e-01
3.9345148618e-01 -1.3465930191e-01 3.1301795390e-01
3.9345117935e-01 -1.3465914461e-01 3.1301780342e-01
3.9345221049e-01 -1.3465866934e-01 3.1301824561e-01
4.0449099186e+00 6.9837564303e-01 1.4585979849e+00
4.0449111699e+00 6.9837469459e-01 1.4585999077e+00
4.0449051741e+00 6.9837345574e-01 1.4585941056e+00
4.0449063614e+00 6.9837249551e-01 1.4585960360e+00
4.0448902817e+00 6.9837138662e-01 1.4585979742e+00
4.0448914866e+00 6.9837043389e-01 1.4585998698e+00
4.0448855861e+00 6.9836916271e-01 1.4585940957e+00
4.0448867955e+00 6.9836821165e-01 1.4585959889e+00
-1.5800200778e+00 -2.7304589969e+00 3.3056112803e-01
-1.5800223675e+00 -2.7304592288e+00 3.3055649543e-01
-1.5800145317e+00 -2.7304464486e+00 3.3056027451e-01
-1.5800168433e+00 -2.7304466188e+00 3.3055563411e-01
-1.5800199077e+00 -2.7304586992e+00 3.3056112732e-01
-1.5800222208e+00 -2.7304589294e+00 3.3055646495e-01
-1.5800143454e+00 -2.7304461171e+00 3.3056018305e-01
-1.5800166414e+00 -2.7304463001e+00 3.3055557122e-01
8.4543015192e-01 -8.1344918465e-01 7.8765165422e-01
8.4542991455e-01 -8.1345171206e-01 7.8764863998e-01
8.4543136584e-01 -8.1345054493e-01 7.8765045467e-01
8.4543112897e-01 -8.1345307855e-01 7.8764743654e-01
8.4543132152e-01 -8.1344987649e-01 7.8765165767e-01
8.4543111621e-01 -8.1345238330e-01 7.8764863291e-01
8.4543254628e-01 -8.1345120386e-01 7.8765045261e-01
8.4543231139e-01 -8.1345373698e-01 7.8764743654e-01
1.1010520211e+00 5.5376304828e-01 -2.6225235193e-01
1.1010557522e+00 5.5376518368e-01 -2.6225704416e-01
1.1010507542e+00 5.5376169292e-01 -2.6225156428e-01
1.1010544843e+00 5.5376382662e-01 -2.6225625520e-01
1.1010550644e+00 5.5376259673e-01 -2.6225315396e-01
1.1010587905e+00 5.5376473402e-01 -2.6225785050e-01
1.1010537775e+00 5.5376122228e-01 -2.6225237831e-01
1.1010575020e+00 5.5376335816e-01 -2.6225707342e-01
-7.4819985605e-01 1.6007752905e-01 1.1826315085e+00
-7.4820066790e-01 1.6007724852e-01 1.1826298441e+00
-7.4819909329e-01 1.6007746094e-01 1.1826309340e+00
-7.4819995828e-01 1.6007718629e-01 1.1826292642e+00
-7.4820023794e-01 1.6007872613e-01 1.1826308726e+00
-7.4820104474e-01 1.6007844346e-01 1.1826292097e+00
-7.4819947178e-01 1.6007864048e-01 1.1826303065e+00
-7.4820033727e-01 1.6007836547e-01 1.1826286369e+00
-8.6317559455e-01 8.0493687941e-01 2.3310158624e+00
-8.6317160217e-01 8.0493463247e-01 2.3310117030e+00
-8.6317316334e-01 8.0493616395e-01 2.3310140101e+00
-8.6316917099e-01 8.0493391695e-01 2.3310098507e+00
-8.6318632164e-01 8.0493790168e-01 2.3310207792e+00
-8.6318235581e-01 8.0493566756e-01 2.3310166577e+00
-8.6318386413e-01 8.0493719647e-01 2.3310189482e+00
-8.6317985929e-01 8.0493494150e-01 2.3310147979e+00
-3.6639981437e+00 9.9284028185e-01 7.2630202451e-01
-3.6639974908e+00 9.9283763694e-01 7.2630848115e-01
-3.6639950495e+00 9.9284637600e-01 7.2629972304e-01
-3.6639942501e+00 9.9284389459e-01 7.2630617882e-01
-3.6639842631e+00 9.9284334243e-01 7.2630007985e-01
-3.6639835082e+00 9.9284069520e-01 7.2630654159e-01
-3.6639811507e+00 9.9284942533e-01 7.2629780374e-01
-3.6639803265e+00 9.9284694188e-01 7.2630424450e-01
-4.3732699377e-01 -1.0863341334e+00 -1.0787737026e+00
-4.3732669000e-01 -1.0863336818e+00 -1.0787741717e+00
-4.3732853931e-01 -1.0863329645e+00 -1.0787724131e+00
-4.3732822286e-01 -1.0863325104e+00 -1.0787728614e+00
-4.3733097519e-01 -1.0863339176e+00 -1.0787723771e+00
-4.3733067274e-01 -1.0863334646e+00 -1.0787728444e+00
-4.3733256159e-01 -1.0863326654e+00 -1.0787710828e+00
-4.3733226098e-01 -1.0863322403e+00 -1.0787715411e+00
-9.3856463759e-02 6.2203210261e-01 1.3550707682e+00
-9.3856943004e-02 6.2203208447e-01 1.3550692072e+00
-9.3856597918e-02 6.2203126271e-01 1.3550707344e+00
-9.3857072089e-02 6.2203124813e-01 1.3550691766e+00
-9.3859192067e-02 6.2203246212e-01 1.3550702770e+00
-9.3859603048e-02 6.2203248649e-01 1.3550687699e+00
-9.3859256473e-02 6.2203167068e-01 1.3550702943e+00
-9.3859729972e-02 6.2203165081e-01 1.3550687371e+00
8.7022017037e-02 -1.0465790705e-01 1.8310932142e-01
8.7022107853e-02 -1.0465747653e-01 1.8310762580e-01
8.7022746510e-02 -1.0466063504e-01 1.8310817072e-01
8.7022826949e-02 -1.0466019784e-01 1.8310647063e-01
8.7024433847e-02 -1.0465931742e-01 1.8311229117e-01
8.7024526997e-02 -1.0465889040e-01 1.8311059780e-01
8.7025207047e-02 -1.0466202023e-01 1.8311110497e-01
8.7025268277e-02 -1.0466160017e-01 1.8310938446e-01
2.0121350902e+00 3.9623205386e+00 7.5674846438e-01
2.0121360108e+00 3.9623216867e+00 7.5674551440e-01
2.0121415055e+00 3.9623283967e+00 7.5674846060e-01
2.0121423749e+00 3.9623295905e+00 7.5674555712e-01
2.0121364415e+00 3.9623207609e+00 7.5674846340e-01
2.0121373633e+00 3.9623219081e+00 7.5674551544e-01
2.0121428117e+00 3.9623286710e+00 7.5674850917e-01
2.0121437340e+00 3.9623298162e+00 7.5674556109e-01
5.9210728109e-01 -2.3664814750e-01 1.2605755895e+00
5.9210632351e-01 -2.3664837755e-01 1.2605736292e+00
5.9210871482e-01 -2.3664296621e-01 1.2605739540e+00
5.9210777229e-01 -2.3664319299e-01 1.2605720052e+00
5.9210752825e-01 -2.3664731378e-01 1.2605745040e+00
5.9210657006e-01 -2.3664753781e-01 1.2605725449e+00
5.9210894463e-01 -2.3664210900e-01 1.2605728849e+00
5.9210800127e-01 -2.3664233078e-01 1.2605709378e+00
-6.5109612578e-01 1.3099151472e-01 1.2866846326e+00
-6.5109466600e-01 1.3098914459e-01 1.2866829014e+00
-6.5109628486e-01 1.3099053492e-01 1.2866843331e+00
-6.5109482833e-01 1.3098816625e-01 1.2866825984e+00
-6.5110151323e-01 1.3099135599e-01 1.2866862727e+00
-6.5110005566e-01 1.3098899816e-01 1.2866845419e+00
-6.5110172584e-01 1.3099041650e-01 1.2866860202e+00
-6.5110026471e-01 1.3098806292e-01 1.2866842865e+00
1.3928764119e+00 -2.4522185963e+00 4.6215566124e-01
1.3928768627e+00 -2.4522172839e+00 4.6215364248e-01
1.3928762232e+00 -2.4522186292e+00 4.6215522190e-01
1.3928766754e+00 -2.4522173159e+00 4.6215319923e-01
1.3928770112e+00 -2.4522173642e+00 4.6215547499e-01
1.3928774629e+00 -2.4522160502e+00 4.6215345611e-01
1.3928768180e+00 -2.4522173937e+00 4.6215503323e-01
1.3928772712e+00 -2.4522160775e+00 4.6215301344e-01
-1.4619551783e+00 2.6209306514e-01 -6.2110751558e-02
-1.4619548252e+00 2.6209065562e-01 -6.2112930146e-02
-1.4619566905e+00 2.6209195771e-01 -6.2111141096e-02
-1.4619563391e+00 2.6208952894e-01 -6.2113326465e-02
-1.4619602282e+00 2.6209443268e-01 -6.2110643156e-02
-1.4619598745e+00 2.6209199706e-01 -6.2112826752e-02
-1.4619617462e+00 2.6209330997e-01 -6.2111032348e-02
-1.4619613909e+00 2.6209087955e-01 -6.2113220029e-02
-2.2363868515e-01 5.5503031502e-01 1.0854886615e+00
-2.2363857013e-01 5.5503161708e-01 1.0854849352e+00
-2.2363890308e-01 5.5502771077e-01 1.0854860315e+00
-2.2363879618e-01 5.5502901529e-01 1.0854822980e+00
-2.2364037655e-01 5.5503010751e-01 1.0854892789e+00
-2.2364026522e-01 5.5503140552e-01 1.0854855565e+00
-2.2364058094e-01 5.5502745147e-01 1.0854866049e+00
-2.2364047488e-01 5.5502874901e-01 1.0854828762e+00
6.0065822859e-01 -5.7016975767e-01 -9.3006053998e-01
6.0065758799e-01 -5.7017060097e-01 -9.3006118928e-01
6.0065777488e-01 -5.7016993918e-01 -9.3006021539e-01
6.0065713820e-01 -5.7017078211e-01 -9.3006086027e-01
6.0065842500e-01 -5.7016975667e-01 -9.3006101907e-01
6.0065778919e-01 -5.7017059978e-01 -9.3006166615e-01
6.0065797222e-01 -5.7016993816e-01 -9.3006068932e-01
6.0065734035e-01 -5.7017078063e-01 -9.3006133116e-01
-2.4697535365e-01 1.4294701388e-01 -3.0605493216e-01
-2.4697411941e-01 1.4294805466e-01 -3.0605720893e-01
-2.4697533542e-01 1.4294688956e-01 -3.0605384091e-01
-2.4697409979e-01 1.4294792997e-01 -3.0605611911e-01
-2.4697337639e-01 1.4294669883e-01 -3.0605424277e-01
-2.4697214929e-01 1.4294774464e-01 -3.0605652836e-01
-2.4697334968e-01 1.4294657217e-01 -3.0605318058e-01
-2.4697211240e-01 1.4294761484e-01 -3.0605546235e-01
1.6528478129e-01 -5.6922695453e-01 -1.0145702647e+00
1.6528526331e-01 -5.6922765505e-01 -1.0145716616e+00
1.6528454176e-01 -5.6922808342e-01 -1.0145707011e+00
1.6528502166e-01 -5.6922878061e-01 -1.0145721029e+00
1.6528557647e-01 -5.6922610028e-01 -1.0145700235e+00
1.6528602422e-01 -5.6922679693e-01 -1.0145714272e+00
1.6528534320e-01 -5.6922723343e-01 -1.0145704785e+00
1.6528579023e-01 -5.6922792789e-01 -1.0145718878e+00
9.0913173798e-02 1.6566106510e+00 -5.6145885215e-02
9.0912542786e-02 1.6566113885e+00 -5.6146834423e-02
9.0916729179e-02 1.6566146131e+00 -5.6145731177e-02
9.0916088903e-02 1.6566153625e+00 -5.6146683630e-02
9.0913982075e-02 1.6566106863e+00 -5.6145519781e-02
9.0913355802e-02 1.6566114300e+00 -5.6146460272e-02
9.0917547588e-02 1.6566146518e+00 -5.6145353919e-02
9.0916902052e-02 1.6566153933e+00 -5.6146308925e-02
-1.2083026590e+00 -1.6464448054e+00 -1.1303364388e+00
-1.2083026063e+00 -1.6464421641e+00 -1.1303304750e+00
-1.2083022430e+00 -1.6464469057e+00 -1.1303381182e+00
-1.2083022498e+00 -1.6464443545e+00 -1.1303320519e+00
-1.2083008444e+00 -1.6464424819e+00 -1.1303361101e+00
-1.2083007745e+00 -1.6464398032e+00 -1.1303301601e+00
-1.2083004243e+00 -1.6464445830e+00 -1.1303377789e+00
-1.2083004253e+00 -1.6464419805e+00 -1.1303317421e+00
1.8157682077e+00 -6.9972394357e-01 -7.3109629354e-01
1.8157711694e+00 -6.9972648796e-01 -7.3108816665e-01
1.8157664482e+00 -6.9972666782e-01 -7.3109480192e-01
1.8157694406e+00 -6.9972917216e-01 -7.3108670843e-01
1.8157678130e+00 -6.9972391378e-01 -7.3109352593e-01
1.8157707425e+00 -6.9972643724e-01 -7.3108540366e-01
1.8157660490e+00 -6.9972664239e-01 -7.3109204159e-01
1.8157690245e+00 -6.9972912079e-01 -7.3108394153e-01
-3.3883606703e-02 -1.0433260360e+00 -5.6384505449e-01
-3.3883766631e-02 -1.0433256657e+00 -5.6384465541e-01
-3.3883716132e-02 -1.0433283644e+00 -5.6384569378e-01
-3.3883865679e-02 -1.0433279997e+00 -5.6384528896e-01
-3.3883910852e-02 -1.0433272833e+00 -5.6384496399e-01
-3.3884065560e-02 -1.0433269115e+00 -5.6384456800e-01
-3.3884028684e-02 -1.0433296174e+00 -5.6384559313e-01
-3.3884172946e-02 -1.0433292514e+00 -5.6384519180e-01
-3.1850636268e-01 1.5794306639e-01 -1.4877393636e+00
-3.1850723392e-01 1.5794213086e-01 -1.4877410566e+00
-3.1850657233e-01 1.5794273805e-01 -1.4877391637e+00
-3.1850743119e-01 1.5794178344e-01 -1.4877408345e+00
-3.1850655658e-01 1.5794280858e-01 -1.4877402953e+00
-3.1850741419e-01 1.5794185837e-01 -1.4877419628e+00
-3.1850664242e-01 1.5794252326e-01 -1.4877399873e+00
-3.1850750162e-01 1.5794156877e-01 -1.4877416584e+00
1.7405256696e-01 -4.8858277050e-01 -8.5907588071e-01
1.7405226283e-01 -4.8858392516e-01 -8.5907684366e-01
1.7405268553e-01 -4.8858316380e-01 -8.5907544750e-01
1.7405240738e-01 -4.8858432889e-01 -8.5907643687e-01
1.7405163678e-01 -4.8858179180e-01 -8.5907457079e-01
1.7405133265e-01 -4.8858294651e-01 -8.5907553395e-01
1.7405175285e-01 -4.8858218669e-01 -8.5907413022e-01
1.7405147469e-01 -4.8858335179e-01 -8.5907511957e-01
-1.0431168424e+00 -8.6797008478e-01 -6.7194809364e-01
-1.0431166435e+00 -8.6796872161e-01 -6.7194958947e-01
-1.0431194756e+00 -8.6797364733e-01 -6.7194626488e-01
-1.0431192787e+00 -8.6797229045e-01 -6.7194775813e-01
-1.0431165552e+00 -8.6797061570e-01 -6.7194633092e-01
-1.0431163526e+00 -8.6796924416e-01 -6.7194783265e-01
-1.0431191983e+00 -8.6797416275e-01 -6.7194447845e-01
-1.0431189975e+00 -8.6797279742e-01 -6.7194597857e-01
-7.6988076136e-01 1.1397299220e+00 -7.0057491091e-01
-7.6988070127e-01 1.1397293780e+00 -7.0057543256e-01
-7.6988004846e-01 1.1397302859e+00 -7.0057493854e-01
-7.6987998852e-01 1.1397297455e+00 -7.0057546277e-01
-7.6988131216e-01 1.1397293780e+00 -7.0057522759e-01
-7.6988125359e-01 1.1397288333e+00 -7.0057574685e-01
-7.6988062308e-01 1.1397297371e+00 -7.0057525940e-01
-7.6988056466e-01 1.1397291958e+00 -7.0057578114e-01
8.0815767395e-01 -9.0092098480e-01 5.2836800332e-01
8.0815851488e-01 -9.0092185327e-01 5.2837866868e-01
8.0815993008e-01 -9.0091665738e-01 5.2836841654e-01
8.0816085702e-01 -9.0091754623e-01 5.2837913678e-01
8.0815733257e-01 -9.0092116512e-01 5.2836844726e-01
8.0815822478e-01 -9.0092202274e-01 5.2837909098e-01
8.0815965170e-01 -9.0091683668e-01 5.2836891291e-01
8.0816052409e-01 -9.0091776823e-01 5.2837959380e-01
-2.3185723973e-02 3.2200925039e-01 -2.8421926128e-01
-2.3186826125e-02 3.2200811942e-01 -2.8422263755e-01
-2.3186204292e-02 3.2200837650e-01 -2.8422019147e-01
-2.3187298775e-02 3.2200724802e-01 -2.8422356404e-01
-2.3186387571e-02 3.2200931157e-01 -2.8421998040e-01
-2.3187484980e-02 3.2200815923e-01 -2.8422338825e-01
-2.3186867817e-02 3.2200841669e-01 -2.8422093693e-01
-2.3187960813e-02 3.2200728876e-01 -2.8422430892e-01
-2.3700886893e+00 1.1606306555e+00 -8.3329981847e-01
-2.3700861176e+00 1.1606325073e+00 -8.3330248813e-01
-2.3700881979e+00 1.1606279922e+00 -8.3330183785e-01
-2.3700856718e+00 1.1606298486e+00 -8.3330450924e-01
-2.3701027123e+00 1.1606294965e+00 -8.3329634826e-01
-2.3701001867e+00 1.1606313501e+00 -8.3329902157e-01
-2.3701022752e+00 1.1606268672e+00 -8.3329834196e-01
-2.3700997041e+00 1.1606287161e+00 -8.3330101368e-01
3.2088881555e-01 7.5191680815e-01 -1.5627948113e+00
3.2088877428e-01 7.5191663260e-01 -1.5627960175e+00
3.2088835871e-01 7.5191442611e-01 -1.5627930203e+00
3.2088831687e-01 7.5191425051e-01 -1.5627942271e+00
3.2088856301e-01 7.5191692894e-01 -1.5627942485e+00
3.2088853330e-01 7.5191676427e-01 -1.5627954445e+00
3.2088812150e-01 7.5191456961e-01 -1.5627924497e+00
3.2088807803e-01 7.5191439849e-01 -1.5627936595e+00
2.3806125566e+00 6.4161198462e-01 -1.0266644024e+00
2.3806104196e+00 6.4161298272e-01 -1.0266661371e+00
2.3806123201e+00 6.4161048473e-01 -1.0266641504e+00
2.3806101799e+00 6.4161148208e-01 -1.0266658860e+00
2.3806210992e+00 6.4161167857e-01 -1.0266630515e+00
2.3806189630e+00 6.4161267197e-01 -1.0266647832e+00
2.3806208655e+00 6.4161018421e-01 -1.0266628144e+00
2.3806187266e+00 6.4161117671e-01 -1.0266645453e+00
8.6426706842e-01 1.7303422791e+00 7.3643233919e-01
8.6426728991e-01 1.7303404976e+00 7.3643772272e-01
8.6426433111e-01 1.7303443750e+00 7.3643188014e-01
8.6426448123e-01 1.7303426230e+00 7.3643731208e-01
8.6426436235e-01 1.7303430581e+00 7.3643124128e-01
8.6426453341e-01 1.7303412735e+00 7.3643659353e-01
8.6426163376e-01 1.7303451593e+00 7.3643076408e-01
8.6426179485e-01 1.7303433624e+00 7.3643612267e-01
-7.8519226042e-01 -2.4969414423e-01 3.6411557647e-01
-7.8519245826e-01 -2.4969432578e-01 3.6411355729e-01
-7.8519440065e-01 -2.4969759519e-01 3.6411478693e-01
-7.8519460874e-01 -2.4969777904e-01 3.6411274933e-01
-7.8518947318e-01 -2.4969475376e-01 3.6411527438e-01
-7.8518966688e-01 -2.4969494022e-01 3.6411325789e-01
-7.8519162777e-01 -2.4969820342e-01 3.6411448365e-01
-7.8519183236e-01 -2.4969839237e-01 3.6411244768e-01
-5.6805104041e-01 5.6001530567e-01 1.2359404903e-01
-5.6805364875e-01 5.6001766043e-01 1.2358796337e-01
-5.6805002182e-01 5.6001611376e-01 1.2359383161e-01
-5.6805263142e-01 5.6001845703e-01 1.2358769287e-01
-5.6805418634e-01 5.6001675209e-01 1.2359255100e-01
-5.6805680623e-01 5.6001906208e-01 1.2358648425e-01
-5.6805318001e-01 5.6001753423e-01 1.2359234519e-01
-5.6805580545e-01 5.6001982934e-01 1.2358622451e-01
9.9714275849e-01 -5.3888730573e-01 7.8002565436e-01
9.9714137487e-01 -5.3888989570e-01 7.8002135942e-01
9.9714430246e-01 -5.3889147839e-01 7.8002433505e-01
9.9714291753e-01 -5.3889408870e-01 7.8002000690e-01
9.9713657439e-01 -5.3888887980e-01 7.8002667317e-01
9.9713517577e-01 -5.3889144688e-01 7.8002239951e-01
9.9713807348e-01 -5.3889301282e-01 7.8002540884e-01
9.9713667445e-01 -5.3889557388e-01 7.8002113516e-01
-5.4669556556e-01 -1.3697762432e+00 1.2023624779e+00
-5.4669492847e-01 -1.3697748818e+00 1.2023663093e+00
-5.4669706884e-01 -1.3697734106e+00 1.2023628519e+00
-5.4669642399e-01 -1.3697720228e+00 1.2023667768e+00
-5.4669845280e-01 -1.3697774713e+00 1.2023609553e+00
-5.4669777162e-01 -1.3697761259e+00 1.2023648066e+00
-5.4669997909e-01 -1.3697745755e+00 1.2023613242e+00
-5.4669930679e-01 -1.3697732230e+00 1.2023652693e+00
-1.6458776532e+00 -7.8872489105e-01 1.0388216172e+00
-1.6458749416e+00 -7.8872471678e-01 1.0388178152e+00
-1.6458763799e+00 -7.8872051308e-01 1.0388240337e+00
-1.6458736110e+00 -7.8872033852e-01 1.0388202786e+00
-1.6458777328e+00 -7.8872480053e-01 1.0388216040e+00
-1.6458750201e+00 -7.8872462522e-01 1.0388177997e+00
-1.6458764541e+00 -7.8872044332e-01 1.0388239835e+00
-1.6458736930e+00 -7.8872027020e-01 1.0388202242e+00
-1.1173570045e+00 -1.2175844721e-01 1.3140966351e+00
-1.1173577358e+00 -1.2175814822e-01 1.3140972378e+00
-1.1173563106e+00 -1.2176012973e-01 1.3140971877e+00
-1.1173570006e+00 -1.2175983714e-01 1.3140977927e+00
-1.1173637907e+00 -1.2175690971e-01 1.3140964161e+00
-1.1173644950e+00 -1.2175656886e-01 1.3140970062e+00
-1.1173630774e+00 -1.2175860848e-01 1.3140969781e+00
-1.1173637520e+00 -1.2175826539e-01 1.3140975713e+00
8.0637826830e-01 -1.7872456412e-01 6.3630830265e-01
8.0637891374e-01 -1.7872408293e-01 6.3630633589e-01
8.0637782525e-01 -1.7872737772e-01 6.3630799567e-01
8.0637847074e-01 -1.7872689691e-01 6.3630602899e-01
8.0637808524e-01 -1.7872490378e-01 6.3630814346e-01
8.0637872924e-01 -1.7872442132e-01 6.3630617328e-01
8.0637764355e-01 -1.7872771114e-01 6.3630783199e-01
8.0637828762e-01 -1.7872722903e-01 6.3630586191e-01
-2.4677162061e-01 -2.4122224378e-01 1.4669049906e+00
-2.4677243070e-01 -2.4122138132e-01 1.4669038956e+00
-2.4677198503e-01 -2.4122130229e-01 1.4669041189e+00
-2.4677279608e-01 -2.4122044352e-01 1.4669030065e+00
-2.4677328335e-01 -2.4122272890e-01 1.4669046022e+00
-2.4677408175e-01 -2.4122186043e-01 1.4669035032e+00
-2.4677363719e-01 -2.4122178192e-01 1.4669037363e+00
-2.4677443655e-01 -2.4122091716e-01 1.4669026199e+00
-2.4652202846e+00 -6.0019462685e-01 6.2344098221e-01
-2.4652207035e+00 -6.0019551247e-01 6.2344040139e-01
-2.4652210714e+00 -6.0019442363e-01 6.2344091653e-01
-2.4652214901e+00 -6.0019530809e-01 6.2344033496e-01
-2.4652328380e+00 -6.0019450458e-01 6.2343931956e-01
-2.4652332789e+00 -6.0019540227e-01 6.2343873369e-01
-2.4652335896e+00 -6.0019433360e-01 6.2343925239e-01
-2.4652340160e+00 -6.0019523385e-01 6.2343867221e-01
8.7803246329e-01 -2.6456346698e+00 2.1687379004e+00
8.7803474463e-01 -2.6456262689e+00 2.1687312587e+00
8.7803265162e-01 -2.6456345410e+00 2.1687382828e+00
8.7803493410e-01 -2.6456261426e+00 2.1687316395e+00
8.7803288727e-01 -2.6456309907e+00 2.1687352434e+00
8.7803517026e-01 -2.6456225941e+00 2.1687285722e+00
8.7803305042e-01 -2.6456308811e+00 2.1687356397e+00
8.7803533458e-01 -2.6456224870e+00 2.1687289668e+00
1.7345274364e+00 -5.6602458752e-01 -2.9675843735e-01
1.7345252344e+00 -5.6602192506e-01 -2.9676232341e-01
1.7345262778e+00 -5.6601766645e-01 -2.9676041157e-01
1.7345240599e+00 -5.6601501268e-01 -2.9676430407e-01
1.7345360500e+00 -5.6602421566e-01 -2.9675860829e-01
1.7345338451e+00 -5.6602157242e-01 -2.9676247977e-01
1.7345348895e+00 -5.6601725685e-01 -2.9676056560e-01
1.7345326715e+00 -5.6601460248e-01 -2.9676445951e-01
-9.0954957991e-02 5.8794595450e-01 7.4160532409e-01
-9.0954685428e-02 5.8794463655e-01 7.4160405495e-01
-9.0954232232e-02 5.8794436802e-01 7.4160575070e-01
-9.0953944207e-02 5.8794302110e-01 7.4160447689e-01
-9.0955257829e-02 5.8794521592e-01 7.4160517944e-01
-9.0954985204e-02 5.8794389799e-01 7.4160391039e-01
-9.0954503107e-02 5.8794358379e-01 7.4160560782e-01
-9.0954232249e-02 5.8794226273e-01 7.4160433515e-01
1.7127633080e+00 3.4749681122e-01 7.6256784991e-01
1.7127655839e+00 3.4749812489e-01 7.6256223558e-01
1.7127640658e+00 3.4749515198e-01 7.6256966357e-01
1.7127663421e+00 3.4749646671e-01 7.6256404994e-01
1.7127638312e+00 3.4749695949e-01 7.6256790723e-01
1.7127661250e+00 3.4749830139e-01 7.6256229392e-01
1.7127645906e+00 3.4749530129e-01 7.6256972215e-01
1.7127668833e+00 3.4749664486e-01 7.6256410774e-01
7.2148270190e-02 2.5153439926e-01 9.2911328216e-01
7.2148447758e-02 2.5153371340e-01 9.2911250214e-01
7.2148129534e-02 2.5153871301e-01 9.2911412991e-01
7.2148332835e-02 2.5153792977e-01 9.2911335866e-01
7.2149132479e-02 2.5153552522e-01 9.2911269982e-01
7.2149312338e-02 2.5153483887e-01 9.2911192145e-01
7.2148973181e-02 2.5153984804e-01 9.2911353982e-01
7.2149175396e-02 2.5153906499e-01 9.2911276973e-01
5.1014727268e-01 1.8446834707e+00 3.7162318472e-01
5.1014692109e-01 1.8446810363e+00 3.7163118781e-01
5.1014385090e-01 1.8446789309e+00 3.7162358519e-01
5.1014350523e-01 1.8446764546e+00 3.7163155598e-01
5.1014672976e-01 1.8446851506e+00 3.7162070568e-01
5.1014634111e-01 1.8446826720e+00 3.7162871871e-01
5.1014329007e-01 1.8446806570e+00 3.7162109397e-01
5.1014292608e-01 1.8446781346e+00 3.7162907875e-01
1.6399994835e+00 -3.5665420112e-01 3.5857136033e-01
1.6400026802e+00 -3.5664978695e-01 3.5858514929e-01
1.6399985189e+00 -3.5665310634e-01 3.5857101957e-01
1.6400016605e+00 -3.5664868877e-01 3.5858485526e-01
1.6399892675e+00 -3.5665434908e-01 3.5856733352e-01
1.6399925722e+00 -3.5664993023e-01 3.5858118802e-01
1.6399881973e+00 -3.5665328642e-01 3.5856702287e-01
1.6399915917e+00 -3.5664886994e-01 3.5858083796e-01
-1.5468083066e+00 9.0856962733e-01 -7.2196755247e-01
-1.5468088385e+00 9.0857194182e-01 -7.2196429561e-01
-1.5468082929e+00 9.0856792516e-01 -7.2196813502e-01
-1.5468088156e+00 9.0857020629e-01 -7.2196484115e-01
-1.5468106103e+00 9.0856903042e-01 -7.2196627213e-01
-1.5468111406e+00 9.0857130061e-01 -7.2196303782e-01
-1.5468105916e+00 9.0856731900e-01 -7.2196684063e-01
-1.5468111422e+00 9.0856958933e-01 -7.2196357523e-01
-6.5598202986e-01 2.3736371368e-01 -1.1821919479e+00
-6.5598168603e-01 2.3736378837e-01 -1.1821918237e+00
-6.5597957448e-01 2.3736707230e-01 -1.1821923748e+00
-6.5597923413e-01 2.3736715879e-01 -1.1821922413e+00
-6.5599127493e-01 2.3736445402e-01 -1.1821932626e+00
-6.5599093459e-01 2.3736453306e-01 -1.1821931335e+00
-6.5598893373e-01 2.3736775019e-01 -1.1821938008e+00
-6.5598859858e-01 2.3736784271e-01 -1.1821936640e+00
3.0378800196e+00 9.3603270259e-01 -1.2124755437e+00
3.0378819561e+00 9.3603336018e-01 -1.2124729125e+00
3.0378783922e+00 9.3602913357e-01 -1.2124758654e+00
3.0378803289e+00 9.3602979145e-01 -1.2124732342e+00
3.0378787247e+00 9.3603391199e-01 -1.2124764806e+00
3.0378806611e+00 9.3603456910e-01 -1.2124738491e+00
3.0378771100e+00 9.3603030564e-01 -1.2124767987e+00
3.0378790466e+00 9.3603096306e-01 -1.2124741672e+00
1.8003566354e+00 2.8966890852e-01 -6.0107486333e-01
1.8003571160e+00 2.8966897157e-01 -6.0107474663e-01
1.8003569012e+00 2.8967644751e-01 -6.0107449879e-01
1.8003573796e+00 2.8967647078e-01 -6.0107443666e-01
1.8003632150e+00 2.8966755406e-01 -6.0107317955e-01
1.8003636941e+00 2.8966761766e-01 -6.0107305952e-01
1.8003635463e+00 2.8967508002e-01 -6.0107278130e-01
1.8003640255e+00 2.8967510346e-01 -6.0107272084e-01
3.8704658469e-01 -2.7075042922e+00 -1.3667272900e+00
3.8704678587e-01 -2.7075043002e+00 -1.3667265316e+00
3.8704747010e-01 -2.7075046795e+00 -1.3667273716e+00
3.8704767654e-01 -2.7075046926e+00 -1.3667266116e+00
3.8705241328e-01 -2.7075044654e+00 -1.3667313838e+00
3.8705262426e-01 -2.7075044662e+00 -1.3667306182e+00
3.8705330412e-01 -2.7075048565e+00 -1.3667314636e+00
3.8705351409e-01 -2.7075048633e+00 -1.3667306986e+00
-2.4858268383e-01 -1.3310412278e-01 3.8386728129e-01
-2.4858297416e-01 -1.3310421902e-01 3.8386703051e-01
-2.4858233581e-01 -1.3310164094e-01 3.8387011676e-01
-2.4858262536e-01 -1.3310169998e-01 3.8386983429e-01
-2.4858624391e-01 -1.3310456397e-01 3.8386664527e-01
-2.4858653207e-01 -1.3310465824e-01 3.8386639569e-01
-2.4858591177e-01 -1.3310206278e-01 3.8386945812e-01
-2.4858620205e-01 -1.3310212191e-01 3.8386917460e-01
-1.1753961324e+00 -7.0257291405e-01 -1.1433336739e-01
-1.1753966595e+00 -7.0257260437e-01 -1.1433417427e-01
-1.1753954661e+00 -7.0257537883e-01 -1.1433485400e-01
-1.1753959728e+00 -7.0257508566e-01 -1.1433562878e-01
-1.1754035790e+00 -7.0257303201e-01 -1.1432949223e-01
-1.1754040733e+00 -7.0257273818e-01 -1.1433027496e-01
-1.1754028959e+00 -7.0257553059e-01 -1.1433096606e-01
-1.1754033929e+00 -7.0257523068e-01 -1.1433174103e-01
-7.7609136051e-01 8.7575426019e-01 -5.2278040520e-01
-7.7609327113e-01 8.7575220626e-01 -5.2277850555e-01
-7.7609142014e-01 8.7575448022e-01 -5.2278055198e-01
-7.7609333069e-01 8.7575243196e-01 -5.2277864978e-01
-7.7609081664e-01 8.7575403469e-01 -5.2278190251e-01
-7.7609274552e-01 8.7575196850e-01 -5.2277996125e-01
-7.7609089166e-01 8.7575423101e-01 -5.2278204249e-01
-7.7609282011e-01 8.7575215744e-01 -5.2278010331e-01
-4.0284133217e-01 5.2914448974e-01 1.6357028278e-01
-4.0284302417e-01 5.2914518548e-01 1.6357098087e-01
-4.0284127110e-01 5.2914093541e-01 1.6357252405e-01
-4.0284296531e-01 5.2914164475e-01 1.6357321259e-01
-4.0284089150e-01 5.2914571103e-01 1.6356937577e-01
-4.0284257064e-01 5.2914643127e-01 1.6357006815e-01
-4.0284080709e-01 5.2914217633e-01 1.6357162583e-01
-4.0284248720e-01 5.2914291042e-01 1.6357231017e-01
-1.1125154908e-01 -6.7711587628e-01 -4.1224330291e-01
-1.1125201447e-01 -6.7711766659e-01 -4.1223913746e-01
-1.1125171426e-01 -6.7710886776e-01 -4.1224417718e-01
-1.1125220314e-01 -6.7711066029e-01 -4.1223998568e-01
-1.1125880608e-01 -6.7711609485e-01 -4.1224285356e-01
-1.1125929141e-01 -6.7711787469e-01 -4.1223868605e-01
-1.1125903725e-01 -6.7710886396e-01 -4.1224373697e-01
-1.1125953618e-01 -6.7711067347e-01 -4.1223952316e-01
-8.0250662132e-01 -1.2765688173e+00 -5.8047349005e-01
-8.0250445737e-01 -1.2765680166e+00 -5.8047135448e-01
-8.0250487497e-01 -1.2765624331e+00 -5.8047658372e-01
-8.0250266769e-01 -1.2765616090e+00 -5.8047443023e-01
-8.0251488922e-01 -1.2765677851e+00 -5.8047858488e-01
-8.0251267425e-01 -1.2765670091e+00 -5.8047642264e-01
-8.0251312482e-01 -1.2765613524e+00 -5.8048149570e-01
-8.0251095827e-01 -1.2765605537e+00 -5.8047935891e-01
1.7204330568e+00 1.0813541737e+00 -5.1025927785e-01
1.7204346783e+00 1.0813529311e+00 -5.1025772998e-01
1.7204347925e+00 1.0813521855e+00 -5.1025940374e-01
1.7204364103e+00 1.0813509429e+00 -5.1025785367e-01
1.7204375126e+00 1.0813544474e+00 -5.1025736388e-01
1.7204391337e+00 1.0813532047e+00 -5.1025581596e-01
1.7204392411e+00 1.0813524589e+00 -5.1025749072e-01
1.7204408585e+00 1.0813512162e+00 -5.1025594060e-01
-1.3487794494e+00 -3.6923136677e-01 1.5937795074e+00
-1.3487798085e+00 -3.6923083427e-01 1.5937807243e+00
-1.3487779745e+00 -3.6923009753e-01 1.5937770379e+00
-1.3487783320e+00 -3.6922956527e-01 1.5937782549e+00
-1.3487724443e+00 -3.6923363440e-01 1.5937814456e+00
-1.3487728062e+00 -3.6923310156e-01 1.5937826632e+00
-1.3487710029e+00 -3.6923237696e-01 1.5937789719e+00
-1.3487713647e+00 -3.6923184399e-01 1.5937801891e+00
-1.8305926742e+00 -3.3834570691e-02 8.5276662180e-03
-1.8305928552e+00 -3.3834996540e-02 8.5272916467e-03
-1.8305941423e+00 -3.3835505721e-02 8.5286243177e-03
-1.8305943135e+00 -3.3835935595e-02 8.5282697502e-03
-1.8306014952e+00 -3.3831667179e-02 8.5332535112e-03
-1.8306016820e+00 -3.3832097712e-02 8.5328803359e-03
-1.8306029891e+00 -3.3832576128e-02 8.5342906766e-03
-1.8306031587e+00 -3.3833006201e-02 8.5339342995e-03
1.6773729057e+00 1.7394322533e+00 4.5257532154e+00
1.6773789088e+00 1.7394360093e+00 4.5257579990e+00
1.6773700168e+00 1.7394303128e+00 4.5257554247e+00
1.6773760034e+00 1.7394340573e+00 4.5257601905e+00
1.6773564865e+00 1.7394279679e+00 4.5257459441e+00
1.6773626307e+00 1.7394318020e+00 4.5257508256e+00
1.6773536692e+00 1.7394259343e+00 4.5257481296e+00
1.6773598044e+00 1.7394297549e+00 4.5257529982e+00
-5.3493037758e-02 1.0090416447e+00 -7.3016298169e-01
-5.3489633042e-02 1.0090396626e+00 -7.3015783279e-01
-5.3492160034e-02 1.0090424043e+00 -7.3016303113e-01
-5.3488753663e-02 1.0090404016e+00 -7.3015787611e-01
-5.3493779468e-02 1.0090431220e+00 -7.3016657815e-01
-5.3490375537e-02 1.0090411394e+00 -7.3016143068e-01
-5.3492902465e-02 1.0090438800e+00 -7.3016660236e-01
-5.3489495950e-02 1.0090418773e+00 -7.3016144711e-01
1.6938193165e+00 -1.6592498664e+00 -1.1727259879e+00
1.6938197537e+00 -1.6592498363e+00 -1.1727249436e+00
1.6938231100e+00 -1.6592572785e+00 -1.1727265982e+00
1.6938235442e+00 -1.6592572434e+00 -1.1727255483e+00
1.6938203610e+00 -1.6592509727e+00 -1.1727289238e+00
1.6938207981e+00 -1.6592509424e+00 -1.1727278797e+00
1.6938241653e+00 -1.6592583774e+00 -1.1727295263e+00
1.6938245996e+00 -1.6592583423e+00 -1.1727284764e+00
1.0077075540e-01 -4.5944385900e-02 -1.0940199009e-02
1.0076956176e-01 -4.5945149853e-02 -1.0938031186e-02
1.0077044125e-01 -4.5945328410e-02 -1.0941071259e-02
1.0076924778e-01 -4.5946093732e-02 -1.0938910618e-02
1.0077270234e-01 -4.5945308751e-02 -1.0939369974e-02
1.0077151643e-01 -4.5946036147e-02 -1.0937238637e-02
1.0077238362e-01 -4.5946257282e-02 -1.0940244874e-02
1.0077119688e-01 -4.5946983854e-02 -1.0938112218e-02
1.0865711362e+00 4.2476684861e-01 1.6649292094e+00
1.0865722175e+00 4.2476616093e-01 1.6649361064e+00
1.0865704328e+00 4.2476583579e-01 1.6649302638e+00
1.0865715583e+00 4.2476518728e-01 1.6649370965e+00
1.0865712707e+00 4.2476796543e-01 1.6649301477e+00
1.0865722727e+00 4.2476737221e-01 1.6649371329e+00
1.0865705726e+00 4.2476699388e-01 1.6649312045e+00
1.0865717087e+00 4.2476632950e-01 1.6649380505e+00
-4.2386232751e-01 1.3283386220e+00 1.3153911601e+00
-4.2386116077e-01 1.3283372265e+00 1.3153891523e+00
-4.2386153068e-01 1.3283394421e+00 1.3153918302e+00
-4.2386036522e-01 1.3283380471e+00 1.3153898299e+00
-4.2386951083e-01 1.3283400338e+00 1.3153909423e+00
-4.2386837008e-01 1.3283386168e+00 1.3153889437e+00
-4.2386870622e-01 1.3283408586e+00 1.3153916084e+00
-4.2386756779e-01 1.3283394416e+00 1.3153896179e+00
-2.4143760089e+00 -5.1018353515e+00 7.6346679158e-02
-2.4143757877e+00 -5.1018354194e+00 7.6345495245e-02
-2.4143689983e+00 -5.1018199156e+00 7.6353537332e-02
-2.4143688371e+00 -5.1018199994e+00 7.6352370563e-02
-2.4143751988e+00 -5.1018372498e+00 7.6345720249e-02
-2.4143749807e+00 -5.1018373211e+00 7.6344536566e-02
-2.4143681611e+00 -5.1018218486e+00 7.6352579914e-02
-2.4143679962e+00 -5.1018219300e+00 7.6351411703e-02
-5.0929260336e-01 1.5363437950e+00 4.1193215466e-01
-5.0929260294e-01 1.5363436086e+00 4.1193220385e-01
-5.0929419320e-01 1.5363533921e+00 4.1192843707e-01
-5.0929415290e-01 1.5363531981e+00 4.1192851279e-01
-5.0928968839e-01 1.5363425729e+00 4.1193269167e-01
-5.0928968896e-01 1.5363423857e+00 4.1193273498e-01
-5.0929128709e-01 1.5363521362e+00 4.1192892677e-01
-5.0929124814e-01 1.5363519421e+00 4.1192899612e-01
-1.6764756676e-01 -2.9874138501e+00 -9.4279787744e-01
-1.6764753456e-01 -2.9874140481e+00 -9.4279889461e-01
-1.6764858544e-01 -2.9874176597e+00 -9.4279733732e-01
-1.6764855373e-01 -2.9874178570e+00 -9.4279835502e-01
-1.6764846621e-01 -2.9874134549e+00 -9.4279774344e-01
-1.6764843391e-01 -2.9874136520e+00 -9.4279876138e-01
-1.6764946563e-01 -2.9874172534e+00 -9.4279720864e-01
-1.6764943365e-01 -2.9874174505e+00 -9.4279822635e-01
1.1210999861e-01 -1.4145735114e-01 -5.5475624118e-01
1.1210960632e-01 -1.4145464207e-01 -5.5474562182e-01
1.1211012405e-01 -1.4145696347e-01 -5.5475534148e-01
1.1210975285e-01 -1.4145424347e-01 -5.5474473170e-01
1.1210125338e-01 -1.4145844039e-01 -5.5475394405e-01
1.1210090176e-01 -1.4145578147e-01 -5.5474337429e-01
1.1210142374e-01 -1.4145802480e-01 -5.5475301008e-01
1.1210107514e-01 -1.4145537471e-01 -5.5474246454e-01
5.6002583971e-01 -4.1615352941e-02 -2.0256919157e-01
5.6002763877e-01 -4.1612557198e-02 -2.0255910754e-01
5.6002612936e-01 -4.1615997333e-02 -2.0256907837e-01
5.6002802273e-01 -4.1613271929e-02 -2.0255891902e-01
5.6002650449e-01 -4.1616095378e-02 -2.0256684479e-01
5.6002826178e-01 -4.1613323659e-02 -2.0255672181e-01
5.6002682511e-01 -4.1616825050e-02 -2.0256665533e-01
5.6002864818e-01 -4.1614027884e-02 -2.0255656582e-01
8.8127840364e-01 5.0085886990e-01 -4.9722476549e-01
8.8127751782e-01 5.0086025936e-01 -4.9721592299e-01
8.8127786263e-01 5.0085861266e-01 -4.9722371392e-01
8.8127695826e-01 5.0086000657e-01 -4.9721484157e-01
8.8127480202e-01 5.0085948815e-01 -4.9722543739e-01
8.8127387296e-01 5.0086082251e-01 -4.9721658116e-01
8.8127425675e-01 5.0085926856e-01 -4.9722439809e-01
8.8127331856e-01 5.0086057721e-01 -4.9721552093e-01
-1.1019459270e+00 -1.6028402232e-01 1.7178755588e-01
-1.1019454882e+00 -1.6028424450e-01 1.7178726855e-01
-1.1019442735e+00 -1.6028710723e-01 1.7178822756e-01
-1.1019438368e+00 -1.6028732904e-01 1.7178794107e-01
-1.1019547839e+00 -1.6028115005e-01 1.7178524905e-01
-1.1019543487e+00 -1.6028137232e-01 1.7178495838e-01
-1.1019531684e+00 -1.6028420230e-01 1.7178592862e-01
-1.1019527344e+00 -1.6028442515e-01 1.7178563901e-01
-8.4484482062e-01 1.5358058890e-03 1.5009703003e+00
-8.4484516431e-01 1.5365457373e-03 1.5009702938e+00
-8.4484375946e-01 1.5347341148e-03 1.5009699670e+00
-8.4484410297e-01 1.5354753254e-03 1.5009699626e+00
-8.4484391064e-01 1.5361240443e-03 1.5009707466e+00
-8.4484425167e-01 1.5368638556e-03 1.5009707400e+00
-8.4484284910e-01 1.5350522591e-03 1.5009704136e+00
-8.4484318899e-01 1.5357941978e-03 1.5009704098e+00
2.0416693094e+00 4.3366736698e+00 -6.1261460908e-01
2.0416687794e+00 4.3366749068e+00 -6.1261677126e-01
2.0416608201e+00 4.3366623588e+00 -6.1261592517e-01
2.0416602896e+00 4.3366635950e+00 -6.1261808723e-01
2.0416740156e+00 4.3366707834e+00 -6.1261075756e-01
2.0416734868e+00 4.3366720198e+00 -6.1261291877e-01
2.0416654902e+00 4.3366594681e+00 -6.1261207534e-01
2.0416649597e+00 4.3366607043e+00 -6.1261423737e-01
-4.7708034549e-02 6.0923679646e-01 8.9364061853e-02
-4.7706720042e-02 6.0923621584e-01 8.9363449243e-02
-4.7707870120e-02 6.0923894839e-01 8.9363304971e-02
-4.7706569478e-02 6.0923837113e-01 8.9362691157e-02
-4.7710464163e-02 6.0923827976e-01 8.9360803016e-02
-4.7709114577e-02 6.0923771079e-01 8.9360190900e-02
-4.7710244522e-02 6.0924045180e-01 8.9359992811e-02
-4.7708936503e-02 6.0923986994e-01 8.9359388314e-02
4.4114448165e-01 1.7366548464e+00 -4.4156224998e-01
4.4114453556e-01 1.7366547241e+00 -4.4156197485e-01
4.4114271943e-01 1.7366666126e+00 -4.4156313589e-01
4.4114279982e-01 1.7366665083e+00 -4.4156286468e-01
4.4113610377e-01 1.7366562873e+00 -4.4156351264e-01
4.4113616950e-01 1.7366561929e+00 -4.4156324342e-01
4.4113452640e-01 1.7366682045e+00 -4.4156430275e-01
4.4113460036e-01 1.7366681051e+00 -4.4156402878e-01
-1.2003433456e+00 2.1093964455e-01 -3.1560530244e-01
-1.2003426321e+00 2.1094041403e-01 -3.1559772366e-01
-1.2003447520e+00 2.1094176720e-01 -3.1560497168e-01
-1.2003440625e+00 2.1094252726e-01 -3.1559739416e-01
-1.2003483540e+00 2.1093941359e-01 -3.1560485660e-01
-1.2003476545e+00 2.1094016615e-01 -3.1559725678e-01
-1.2003497888e+00 2.1094152637e-01 -3.1560455392e-01
-1.2003490822e+00 2.1094230330e-01 -3.1559696960e-01
5.0486849104e-01 -9.5483161965e-01 2.8032471240e-01
5.0486813150e-01 -9.5483193177e-01 2.8032580119e-01
5.0486565258e-01 -9.5482734535e-01 2.8032532747e-01
5.0486523909e-01 -9.5482765243e-01 2.8032641639e-01
5.0486014217e-01 -9.5483084378e-01 2.8032312539e-01
5.0485978243e-01 -9.5483116567e-01 2.8032419453e-01
5.0485737285e-01 -9.5482663294e-01 2.8032369019e-01
5.0485695630e-01 -9.5482694382e-01 2.8032478283e-01
9.8712362034e-01 8.1672709072e-01 -1.1921364335e+00
9.8712314628e-01 8.1672765919e-01 -1.1921365577e+00
9.8712447603e-01 8.1673269035e-01 -1.1921394020e+00
9.8712397705e-01 8.1673326727e-01 -1.1921395714e+00
9.8712800666e-01 8.1672749569e-01 -1.1921373920e+00
9.8712753358e-01 8.1672806437e-01 -1.1921375152e+00
9.8712886380e-01 8.1673309633e-01 -1.1921403586e+00
9.8712840129e-01 8.1673365271e-01 -1.1921405134e+00
-4.7223600755e-01 3.9343179096e-01 -8.6876685132e-01
-4.7223454471e-01 3.9343296072e-01 -8.6876016715e-01
-4.7223473044e-01 3.9343157015e-01 -8.6876575652e-01
-4.7223334050e-01 3.9343277173e-01 -8.6875912876e-01
-4.7223436882e-01 3.9343165843e-01 -8.6876701843e-01
-4.7223291078e-01 3.9343280775e-01 -8.6876034535e-01
-4.7223310287e-01 3.9343142860e-01 -8.6876593673e-01
-4.7223170066e-01 3.9343262338e-01 -8.6875930221e-01
-2.1384286579e+00 -5.5815676737e-01 -1.1185225598e+00
-2.1384272942e+00 -5.5815561040e-01 -1.1185225237e+00
-2.1384289965e+00 -5.5815288289e-01 -1.1185229152e+00
-2.1384276440e+00 -5.5815171569e-01 -1.1185229113e+00
-2.1384377668e+00 -5.5815733906e-01 -1.1185217615e+00
-2.1384364284e+00 -5.5815615621e-01 -1.1185217512e+00
-2.1384379890e+00 -5.5815345605e-01 -1.1185221020e+00
-2.1384366691e+00 -5.5815225777e-01 -1.1185220677e+00
8.3592173715e-01 3.0649104970e-01 -1.8442233923e+00
8.3591987694e-01 3.0649018813e-01 -1.8442179639e+00
8.3592120786e-01 3.0648987524e-01 -1.8442226937e+00
8.3591934228e-01 3.0648901002e-01 -1.8442172528e+00
8.3592144343e-01 3.0649164251e-01 -1.8442235527e+00
8.3591955951e-01 3.0649080747e-01 -1.8442181295e+00
8.3592090796e-01 3.0649049723e-01 -1.8442228568e+00
8.3591903592e-01 3.0648964862e-01 -1.8442174364e+00
1.6453246842e+00 5.9906088836e-01 8.3721699908e-01
1.6453242366e+00 5.9906137855e-01 8.3721703481e-01
1.6453257044e+00 5.9906110466e-01 8.3721691382e-01
1.6453252433e+00 5.9906158220e-01 8.3721697285e-01
1.6453326126e+00 5.9906064855e-01 8.3721838212e-01
1.6453321647e+00 5.9906113863e-01 8.3721841771e-01
1.6453335241e+00 5.9906087033e-01 8.3721824676e-01
1.6453330633e+00 5.9906134772e-01 8.3721830581e-01
5.5881391308e-01 -4.9194926645e-01 -8.0640783218e-01
5.5881395002e-01 -4.9195047063e-01 -8.0640081635e-01
5.5881435296e-01 -4.9195290931e-01 -8.0640877033e-01
5.5881453967e-01 -4.9195415915e-01 -8.0640185333e-01
5.5881307420e-01 -4.9195056668e-01 -8.0640752901e-01
5.5881310222e-01 -4.9195174947e-01 -8.0640051743e-01
5.5881352529e-01 -4.9195422600e-01 -8.0640844455e-01
5.5881370107e-01 -4.9195546979e-01 -8.0640153613e-01
4.6949703914e-01 -6.2090970635e-02 -2.4440400764e-01
4.6949363452e-01 -6.2088887917e-02 -2.4440735147e-01
4.6949652995e-01 -6.2090726457e-02 -2.4440315887e-01
4.6949310453e-01 -6.2088641409e-02 -2.4440654921e-01
4.6949681998e-01 -6.2090449900e-02 -2.4440443094e-01
4.6949341374e-01 -6.2088363580e-02 -2.4440777939e-01
4.6949632677e-01 -6.2090183996e-02 -2.4440359312e-01
4.6949290034e-01 -6.2088095744e-02 -2.4440698781e-01
-6.6496860691e-01 2.3730082378e-01 -1.9866668217e-01
-6.6496873294e-01 2.3730051056e-01 -1.9866677010e-01
-6.6496738520e-01 2.3729780641e-01 -1.9866492616e-01
-6.6496750460e-01 2.3729750761e-01 -1.9866502050e-01
-6.6496994275e-01 2.3729931456e-01 -1.9866719896e-01
-6.6497006581e-01 2.3729902173e-01 -1.9866728681e-01
-6.6496873982e-01 2.3729629240e-01 -1.9866545083e-01
-6.6496886345e-01 2.3729599061e-01 -1.9866554742e-01
4.4130649821e-01 4.2101054957e-01 -1.2104052999e+00
4.4130631939e-01 4.2101082240e-01 -1.2104056626e+00
4.4130620243e-01 4.2100791538e-01 -1.2104050894e+00
4.4130602226e-01 4.2100818867e-01 -1.2104054529e+00
4.4130786770e-01 4.2101114394e-01 -1.2104048303e+00
4.4130776935e-01 4.2101146583e-01 -1.2104051358e+00
4.4130765386e-01 4.2100856289e-01 -1.2104045566e+00
4.4130747378e-01 4.2100883451e-01 -1.2104049209e+00
-8.9748175106e-02 -1.0261280928e+00 -1.8861667756e-01
-8.9748281406e-02 -1.0261312342e+00 -1.8860747565e-01
-8.9747201535e-02 -1.0261251225e+00 -1.8861888918e-01
-8.9747405564e-02 -1.0261281832e+00 -1.8860959810e-01
-8.9747158281e-02 -1.0261282194e+00 -1.8861677686e-01
-8.9747241226e-02 -1.0261313633e+00 -1.8860759653e-01
-8.9746174452e-02 -1.0261251476e+00 -1.8861906267e-01
-8.9746383642e-02 -1.0261282785e+00 -1.8860971788e-01
-1.3297657647e+00 -3.7802984860e-01 -1.2348716255e+00
-1.3297660038e+00 -3.7803017209e-01 -1.2348707506e+00
-1.3297645862e+00 -3.7803152767e-01 -1.2348711349e+00
-1.3297648227e+00 -3.7803185597e-01 -1.2348702606e+00
-1.3297667054e+00 -3.7803029601e-01 -1.2348717971e+00
-1.3297669567e+00 -3.7803064150e-01 -1.2348709027e+00
-1.3297655381e+00 -3.7803197091e-01 -1.2348712865e+00
-1.3297657887e+00 -3.7803230208e-01 -1.2348704089e+00
1.0432690891e+00 -3.4499399528e-02 -7.0128080972e-01
1.0432685619e+00 -3.4500339797e-02 -7.0128057452e-01
1.0432701925e+00 -3.4499385921e-02 -7.0128088709e-01
1.0432696628e+00 -3.4500322907e-02 -7.0128065415e-01
1.0432704715e+00 -3.4498387414e-02 -7.0128107637e-01
1.0432699401e+00 -3.4499351552e-02 -7.0128086784e-01
1.0432715954e+00 -3.4498339436e-02 -7.0128115233e-01
1.0432710624e+00 -3.4499277149e-02 -7.0128091756e-01
1.9525333908e-01 1.1191772819e+00 -4.2164910065e-01
1.9525387091e-01 1.1191802032e+00 -4.2164271807e-01
1.9525191091e-01 1.1191760412e+00 -4.2164828885e-01
1.9525239772e-01 1.1191789546e+00 -4.2164188065e-01
1.9525299654e-01 1.1191781803e+00 -4.2164923753e-01
1.9525352568e-01 1.1191810795e+00 -4.2164284283e-01
1.9525157320e-01 1.1191769326e+00 -4.2164841236e-01
1.9525205867e-01 1.1191798226e+00 -4.2164199445e-01
-1.1654456800e+00 8.5800916934e-03 -9.1253260501e-01
-1.1654449165e+00 8.5799596946e-03 -9.1253215671e-01
-1.1654455538e+00 8.5846520876e-03 -9.1253087049e-01
-1.1654447932e+00 8.5845423604e-03 -9.1253041264e-01
-1.1654523720e+00 8.5791625353e-03 -9.1253064756e-01
-1.1654516365e+00 8.5790090085e-03 -9.1253023763e-01
-1.1654521999e+00 8.5838246940e-03 -9.1252893376e-01
-1.1654514651e+00 8.5836814201e-03 -9.1252852002e-01
