2.7720280725e-02 1.8118360651e-01 -1.5626423683e-01
2.7720504658e-02 1.8118382392e-01 -1.5626449724e-01
2.7720175150e-02 1.8118205442e-01 -1.5626316368e-01
2.7720428843e-02 1.8118230060e-01 -1.5626339507e-01
2.7719476648e-02 1.8118370320e-01 -1.5626418752e-01
2.7719717017e-02 1.8118392563e-01 -1.5626444639e-01
2.7719380188e-02 1.8118219553e-01 -1.5626306118e-01
2.7719624539e-02 1.8118242243e-01 -1.5626331875e-01
-1.2052116347e-01 -2.6784429046e-02 1.2865257801e-02
-1.2052061838e-01 -2.6784627023e-02 1.2866008342e-02
-1.2052116520e-01 -2.6784644795e-02 1.2865474498e-02
-1.2052061991e-01 -2.6784861637e-02 1.2866234864e-02
-1.2052193304e-01 -2.6784341585e-02 1.2865699167e-02
-1.2052140060e-01 -2.6784573267e-02 1.2866432188e-02
-1.2052197706e-01 -2.6784536250e-02 1.2865951780e-02
-1.2052144608e-01 -2.6784758810e-02 1.2866692974e-02
5.9967216728e-01 -6.6536820001e-01 -8.3633558968e-01
5.9967594484e-01 -6.6537032675e-01 -8.3633932441e-01
5.9967207082e-01 -6.6536844807e-01 -8.3633528994e-01
5.9967584828e-01 -6.6537057699e-01 -8.3633902878e-01
5.9967283990e-01 -6.6536851232e-01 -8.3633528446e-01
5.9967661558e-01 -6.6537064107e-01 -8.3633902011e-01
5.9967274408e-01 -6.6536876254e-01 -8.3633498534e-01
5.9967651965e-01 -6.6537089339e-01 -8.3633872513e-01
-1.7332905934e-01 -4.5620371986e-02 2.4230490082e-01
-1.7332934725e-01 -4.5620706039e-02 2.4230430553e-01
-1.7332954921e-01 -4.5619047692e-02 2.4230533514e-01
-1.7332980802e-01 -4.5619411554e-02 2.4230474793e-01
-1.7332819921e-01 -4.5620462524e-02 2.4230453237e-01
-1.7332846116e-01 -4.5620805681e-02 2.4230391641e-01
-1.7332860145e-01 -4.5619148401e-02 2.4230493231e-01
-1.7332888710e-01 -4.5619503121e-02 2.4230437585e-01
2.3749450252e-01 -8.5638522785e-02 -1.0243223983e+00
2.3749608813e-01 -8.5638978740e-02 -1.0243238870e+00
2.3749454358e-01 -8.5638807685e-02 -1.0243226100e+00
2.3749612921e-01 -8.5639262887e-02 -1.0243240977e+00
2.3749235893e-01 -8.5636709291e-02 -1.0243209129e+00
2.3749393756e-01 -8.5637182985e-02 -1.0243223842e+00
2.3749239235e-01 -8.5636965337e-02 -1.0243210937e+00
2.3749397098e-01 -8.5637439013e-02 -1.0243225649e+00
-2.6411691431e-02 -3.8333654732e-02 7.6560088178e-02
-2.6411963877e-02 -3.8333675861e-02 7.6559251165e-02
-2.6411994770e-02 -3.8332835662e-02 7.6560526539e-02
-2.6412248501e-02 -3.8332847949e-02 7.6559678007e-02
-2.6410567800e-02 -3.8334440147e-02 7.6559975378e-02
-2.6410848338e-02 -3.8334459292e-02 7.6559141247e-02
-2.6410929026e-02 -3.8333589569e-02 7.6560453526e-02
-2.6411195797e-02 -3.8333601153e-02 7.6559611385e-02
2.9375025501e-01 -1.1135268278e-01 -7.0369994998e-01
2.9375000242e-01 -1.1135237717e-01 -7.0370028336e-01
2.9375054006e-01 -1.1135294384e-01 -7.0369952163e-01
2.9375030439e-01 -1.1135264903e-01 -7.0369987083e-01
2.9374936494e-01 -1.1135111873e-01 -7.0369841820e-01
2.9374913091e-01 -1.1135079566e-01 -7.0369878203e-01
2.9374965693e-01 -1.1135142838e-01 -7.0369803100e-01
2.9374942277e-01 -1.1135110543e-01 -7.0369839495e-01
-1.2897343798e-01 3.3513597498e-02 1.7189685994e-01
-1.2897294456e-01 3.3513245964e-02 1.7189582104e-01
-1.2897340929e-01 3.3513109823e-02 1.7189747430e-01
-1.2897289863e-01 3.3512771722e-02 1.7189644942e-01
-1.2897380222e-01 3.3513584048e-02 1.7189689698e-01
-1.2897329560e-01 3.3513239763e-02 1.7189583170e-01
-1.2897377290e-01 3.3513096529e-02 1.7189751028e-01
-1.2897324903e-01 3.3512765677e-02 1.7189645901e-01
8.6523275721e-02 -1.2291339568e-02 -1.9305039142e-01
8.6523547332e-02 -1.2291669217e-02 -1.9305050429e-01
8.6523203909e-02 -1.2292593501e-02 -1.9304913297e-01
8.6523474741e-02 -1.2292923131e-02 -1.9304924687e-01
8.6522826669e-02 -1.2291387591e-02 -1.9305045909e-01
8.6523098968e-02 -1.2291713292e-02 -1.9305056256e-01
8.6522747973e-02 -1.2292646654e-02 -1.9304922370e-01
8.6523019493e-02 -1.2292972336e-02 -1.9304932819e-01
5.7455417354e-02 3.8978688558e-01 -3.5410851905e-01
5.7455415646e-02 3.8979056879e-01 -3.5411193544e-01
5.7455838609e-02 3.8978496700e-01 -3.5410670661e-01
5.7455838596e-02 3.8978862762e-01 -3.5411009940e-01
5.7454468712e-02 3.8978767913e-01 -3.5410876021e-01
5.7454513274e-02 3.8979132110e-01 -3.5411210316e-01
5.7454919699e-02 3.8978574874e-01 -3.5410691163e-01
5.7454939114e-02 3.8978937602e-01 -3.5411027560e-01
1.3231110236e-01 -4.8571296306e-01 3.8409787919e-01
1.3231147026e-01 -4.8571303208e-01 3.8409749993e-01
1.3231130431e-01 -4.8571287929e-01 3.8409805569e-01
1.3231167412e-01 -4.8571294617e-01 3.8409767831e-01
1.3230974969e-01 -4.8571247814e-01 3.8409944658e-01
1.3231014317e-01 -4.8571259457e-01 3.8409908753e-01
1.3230995468e-01 -4.8571240807e-01 3.8409963011e-01
1.3231034819e-01 -4.8571252444e-01 3.8409927111e-01
-2.3073218955e-03 2.0962729695e-01 -1.9420943801e-01
-2.3071646601e-03 2.0962733562e-01 -1.9420993439e-01
-2.3068587874e-03 2.0962748434e-01 -1.9420953085e-01
-2.3067012183e-03 2.0962752307e-01 -1.9421002741e-01
-2.3063628185e-03 2.0962771817e-01 -1.9420940004e-01
-2.3061993879e-03 2.0962775820e-01 -1.9420989431e-01
-2.3058958490e-03 2.0962790067e-01 -1.9420950010e-01
-2.3057326359e-03 2.0962794085e-01 -1.9420999442e-01
3.2885447795e-02 8.7024520713e-02 -9.4176348629e-02
3.2885401662e-02 8.7024136720e-02 -9.4177307236e-02
3.2885868062e-02 8.7024943348e-02 -9.4175520669e-02
3.2885814792e-02 8.7024522156e-02 -9.4176434602e-02
3.2886816268e-02 8.7024785375e-02 -9.4175434681e-02
3.2886775144e-02 8.7024394554e-02 -9.4176395542e-02
3.2887288396e-02 8.7025229257e-02 -9.4174654544e-02
3.2887219793e-02 8.7024808354e-02 -9.4175574464e-02
-2.7173663748e-01 5.3155488935e-04 -7.9540809607e-01
-2.7173652324e-01 5.3150011580e-04 -7.9540873359e-01
-2.7173663157e-01 5.3155283427e-04 -7.9540830257e-01
-2.7173651837e-01 5.3149691266e-04 -7.9540894022e-01
-2.7173587994e-01 5.3147372813e-04 -7.9540790582e-01
-2.7173576520e-01 5.3141909887e-04 -7.9540854264e-01
-2.7173587424e-01 5.3147255091e-04 -7.9540811181e-01
-2.7173576756e-01 5.3141861705e-04 -7.9540874568e-01
-1.4672527986e-01 1.9531054988e-01 1.9916068476e-01
-1.4672569728e-01 1.9531025084e-01 1.9916026356e-01
-1.4672532665e-01 1.9531070123e-01 1.9916091060e-01
-1.4672574494e-01 1.9531041366e-01 1.9916049037e-01
-1.4672686019e-01 1.9531186268e-01 1.9916229489e-01
-1.4672729245e-01 1.9531157161e-01 1.9916186754e-01
-1.4672691206e-01 1.9531202865e-01 1.9916253199e-01
-1.4672734308e-01 1.9531174234e-01 1.9916210366e-01
2.2244554953e-01 -9.3565223721e-03 -6.6510501458e-01
2.2244500923e-01 -9.3564947857e-03 -6.6510540193e-01
2.2244365208e-01 -9.3551897383e-03 -6.6510344762e-01
2.2244311798e-01 -9.3551670782e-03 -6.6510386502e-01
2.2244572342e-01 -9.3564833807e-03 -6.6510446077e-01
2.2244518604e-01 -9.3564545485e-03 -6.6510484979e-01
2.2244382230e-01 -9.3551629957e-03 -6.6510289678e-01
2.2244328825e-01 -9.3551396714e-03 -6.6510331367e-01
-2.9394541366e-01 -1.7335113482e-01 -3.4635007229e-01
-2.9394562903e-01 -1.7335119713e-01 -3.4635072502e-01
-2.9394531682e-01 -1.7335111429e-01 -3.4634996222e-01
-2.9394553093e-01 -1.7335117577e-01 -3.4635061381e-01
-2.9394759104e-01 -1.7335207587e-01 -3.4635141858e-01
-2.9394781031e-01 -1.7335210486e-01 -3.4635209404e-01
-2.9394749164e-01 -1.7335207686e-01 -3.4635133659e-01
-2.9394771236e-01 -1.7335210475e-01 -3.4635201300e-01
-2.2977313699e-02 3.5738377571e-02 1.5390957267e-01
-2.2976282862e-02 3.5737773640e-02 1.5390769246e-01
-2.2976887547e-02 3.5737799173e-02 1.5390864676e-01
-2.2975857867e-02 3.5737203677e-02 1.5390677410e-01
-2.2978534845e-02 3.5737867497e-02 1.5390908943e-01
-2.2977510749e-02 3.5737267775e-02 1.5390720776e-01
-2.2978104885e-02 3.5737295222e-02 1.5390817080e-01
-2.2977077432e-02 3.5736695648e-02 1.5390628579e-01
1.6183554311e-01 -1.6567647058e-01 -3.5895560765e-01
1.6183534363e-01 -1.6567656595e-01 -3.5895601921e-01
1.6183472833e-01 -1.6567534961e-01 -3.5895554703e-01
1.6183456015e-01 -1.6567545589e-01 -3.5895596959e-01
1.6183579440e-01 -1.6567692292e-01 -3.5895581580e-01
1.6183559495e-01 -1.6567702281e-01 -3.5895622495e-01
1.6183501169e-01 -1.6567579047e-01 -3.5895573823e-01
1.6183484212e-01 -1.6567589825e-01 -3.5895615883e-01
-1.3899550474e-01 -1.2689306048e-01 -3.4419259707e-02
-1.3899484695e-01 -1.2689287810e-01 -3.4419823441e-02
-1.3899512771e-01 -1.2689392846e-01 -3.4419848677e-02
-1.3899446863e-01 -1.2689374543e-01 -3.4420412281e-02
-1.3899474888e-01 -1.2689312007e-01 -3.4420040891e-02
-1.3899409048e-01 -1.2689293791e-01 -3.4420606556e-02
-1.3899437066e-01 -1.2689398863e-01 -3.4420630514e-02
-1.3899371328e-01 -1.2689380444e-01 -3.4421194222e-02
7.1011807286e-02 2.4309655569e-01 -1.1297492222e-01
7.1011881867e-02 2.4309654309e-01 -1.1297555390e-01
7.1011682389e-02 2.4309673278e-01 -1.1297499659e-01
7.1011757966e-02 2.4309671906e-01 -1.1297562787e-01
7.1010571308e-02 2.4309697040e-01 -1.1297473984e-01
7.1010651188e-02 2.4309695053e-01 -1.1297538209e-01
7.1010455060e-02 2.4309717141e-01 -1.1297485514e-01
7.1010532009e-02 2.4309715524e-01 -1.1297549039e-01
-3.4857615182e-01 -7.7445410028e-02 -4.3087600846e-01
-3.4857785257e-01 -7.7445803834e-02 -4.3087852919e-01
-3.4857624367e-01 -7.7445866328e-02 -4.3087618418e-01
-3.4857794868e-01 -7.7446261182e-02 -4.3087870743e-01
-3.4857416734e-01 -7.7444009866e-02 -4.3087437518e-01
-3.4857587073e-01 -7.7444400476e-02 -4.3087689462e-01
-3.4857425710e-01 -7.7444499605e-02 -4.3087458906e-01
-3.4857596480e-01 -7.7444891247e-02 -4.3087711098e-01
9.4446472582e-02 2.4742647260e-01 1.6921344058e-01
9.4446620885e-02 2.4742701257e-01 1.6921202741e-01
9.4446568536e-02 2.4742658201e-01 1.6921357011e-01
9.4446725018e-02 2.4742711824e-01 1.6921216925e-01
9.4447299690e-02 2.4742650742e-01 1.6921329482e-01
9.4447446771e-02 2.4742706040e-01 1.6921188793e-01
9.4447395010e-02 2.4742661732e-01 1.6921342411e-01
9.4447547858e-02 2.4742717090e-01 1.6921202294e-01
-3.9505886781e-01 1.3821136713e-01 6.1065741134e-01
-3.9505916351e-01 1.3821102923e-01 6.1065674585e-01
-3.9505873228e-01 1.3821092843e-01 6.1065717390e-01
-3.9505903037e-01 1.3821058772e-01 6.1065650385e-01
-3.9505483568e-01 1.3820953796e-01 6.1065535290e-01
-3.9505513606e-01 1.3820920018e-01 6.1065469051e-01
-3.9505469376e-01 1.3820909471e-01 6.1065510925e-01
-3.9505499486e-01 1.3820875731e-01 6.1065444666e-01
-1.0091772636e+00 1.6243733236e-01 9.1609619613e-01
-1.0091774807e+00 1.6243670963e-01 9.1609691393e-01
-1.0091773158e+00 1.6243737404e-01 9.1609555772e-01
-1.0091775154e+00 1.6243672433e-01 9.1609630517e-01
-1.0091764382e+00 1.6243759752e-01 9.1609581993e-01
-1.0091766591e+00 1.6243697771e-01 9.1609654390e-01
-1.0091764909e+00 1.6243763996e-01 9.1609518167e-01
-1.0091766927e+00 1.6243699282e-01 9.1609593475e-01
-3.1441867338e-01 2.6729555837e-01 2.0044358699e-01
-3.1441916514e-01 2.6729585877e-01 2.0044289666e-01
-3.1441839468e-01 2.6729550772e-01 2.0044293041e-01
-3.1441887839e-01 2.6729581135e-01 2.0044223623e-01
-3.1441919324e-01 2.6729586018e-01 2.0044400823e-01
-3.1441968619e-01 2.6729616441e-01 2.0044329984e-01
-3.1441891413e-01 2.6729580445e-01 2.0044333462e-01
-3.1441940039e-01 2.6729611310e-01 2.0044263795e-01
-5.7073376892e-02 -3.0095942062e-01 2.8105486962e-01
-5.7073566524e-02 -3.0095820600e-01 2.8105305170e-01
-5.7073090683e-02 -3.0096103773e-01 2.8105585859e-01
-5.7073280261e-02 -3.0095982324e-01 2.8105404067e-01
-5.7073528106e-02 -3.0095959326e-01 2.8105476302e-01
-5.7073727417e-02 -3.0095837619e-01 2.8105294619e-01
-5.7073241727e-02 -3.0096121065e-01 2.8105575127e-01
-5.7073440875e-02 -3.0095999349e-01 2.8105393430e-01
-1.8878623689e-02 2.8889993740e-01 7.4352950634e-02
-1.8878323070e-02 2.8890003580e-01 7.4352584217e-02
-1.8877957087e-02 2.8890096862e-01 7.4353772377e-02
-1.8877654006e-02 2.8890107757e-01 7.4353402088e-02
-1.8878302217e-02 2.8890035097e-01 7.4352454186e-02
-1.8878005320e-02 2.8890044951e-01 7.4352080741e-02
-1.8877653625e-02 2.8890136838e-01 7.4353292116e-02
-1.8877352226e-02 2.8890147673e-01 7.4352923030e-02
-2.1127392511e-01 -8.5639853495e-02 1.3467546052e-02
-2.1127366467e-01 -8.5639778316e-02 1.3466239499e-02
-2.1127390268e-01 -8.5639122100e-02 1.3467650678e-02
-2.1127359739e-01 -8.5639112958e-02 1.3466270822e-02
-2.1127388155e-01 -8.5639917816e-02 1.3467182009e-02
-2.1127361787e-01 -8.5639836519e-02 1.3465877777e-02
-2.1127386054e-01 -8.5639174906e-02 1.3467297489e-02
-2.1127354757e-01 -8.5639168389e-02 1.3465915385e-02
-1.9753404099e-01 2.9541504995e-01 -4.7483133292e-01
-1.9753404029e-01 2.9541457528e-01 -4.7483156318e-01
-1.9753385476e-01 2.9541549608e-01 -4.7483116308e-01
-1.9753386278e-01 2.9541501878e-01 -4.7483138845e-01
-1.9753439961e-01 2.9541517815e-01 -4.7483119732e-01
-1.9753439989e-01 2.9541470360e-01 -4.7483142967e-01
-1.9753423008e-01 2.9541563190e-01 -4.7483105341e-01
-1.9753423908e-01 2.9541515471e-01 -4.7483128087e-01
4.5820363299e-01 -5.2037355628e-01 -2.1846625236e-01
4.5820519078e-01 -5.2037445962e-01 -2.1846784841e-01
4.5820347286e-01 -5.2037452778e-01 -2.1846574370e-01
4.5820502946e-01 -5.2037542902e-01 -2.1846733987e-01
4.5820396159e-01 -5.2037320004e-01 -2.1846605518e-01
4.5820550557e-01 -5.2037409348e-01 -2.1846763934e-01
4.5820380114e-01 -5.2037417101e-01 -2.1846554755e-01
4.5820534415e-01 -5.2037506357e-01 -2.1846713159e-01
4.1948796798e-03 1.9007155730e-01 -3.1793705622e-01
4.1949926160e-03 1.9007220827e-01 -3.1793802844e-01
4.1945013796e-03 1.9007384771e-01 -3.1793763535e-01
4.1946198419e-03 1.9007449909e-01 -3.1793860006e-01
4.1956653425e-03 1.9007135954e-01 -3.1793732158e-01
4.1957642404e-03 1.9007200334e-01 -3.1793828862e-01
4.1952921800e-03 1.9007364390e-01 -3.1793792159e-01
4.1954014848e-03 1.9007428957e-01 -3.1793888712e-01
-4.0834257993e-01 -4.1778893458e-01 -7.1724606485e-01
-4.0834264475e-01 -4.1778859714e-01 -7.1724621261e-01
-4.0834264311e-01 -4.1778895241e-01 -7.1724598840e-01
-4.0834270090e-01 -4.1778860420e-01 -7.1724612632e-01
-4.0834297043e-01 -4.1778874772e-01 -7.1724616753e-01
-4.0834305286e-01 -4.1778839697e-01 -7.1724635531e-01
-4.0834305198e-01 -4.1778874991e-01 -7.1724611708e-01
-4.0834310759e-01 -4.1778840849e-01 -7.1724626286e-01
8.7232790449e-01 2.1025326566e-01 3.1388744536e-01
8.7232558424e-01 2.1025063651e-01 3.1388386558e-01
8.7232771142e-01 2.1025351269e-01 3.1388790862e-01
8.7232539101e-01 2.1025088390e-01 3.1388432855e-01
8.7232924315e-01 2.1025230905e-01 3.1388577033e-01
8.7232693106e-01 2.1024964944e-01 3.1388221010e-01
8.7232904973e-01 2.1025255672e-01 3.1388623400e-01
8.7232673748e-01 2.1024989748e-01 3.1388267349e-01
7.9599456168e-02 -3.4424674561e-01 1.9010074849e-01
7.9599143938e-02 -3.4424677563e-01 1.9010059927e-01
7.9599393673e-02 -3.4424711382e-01 1.9010085802e-01
7.9599073550e-02 -3.4424713272e-01 1.9010070957e-01
7.9599451306e-02 -3.4424684257e-01 1.9010102080e-01
7.9599135103e-02 -3.4424686736e-01 1.9010087365e-01
7.9599375357e-02 -3.4424720465e-01 1.9010110506e-01
7.9599051263e-02 -3.4424721833e-01 1.9010095867e-01
8.1697778571e-02 1.6161445308e-01 1.8994105596e-01
8.1698082668e-02 1.6161398744e-01 1.8994061434e-01
8.1697737896e-02 1.6161512511e-01 1.8994126535e-01
8.1698051838e-02 1.6161467705e-01 1.8994082645e-01
8.1697919147e-02 1.6161436902e-01 1.8994144407e-01
8.1698223388e-02 1.6161390299e-01 1.8994100176e-01
8.1697905893e-02 1.6161501307e-01 1.8994166952e-01
8.1698201921e-02 1.6161456381e-01 1.8994124473e-01
-1.1887781138e-01 -1.1126493923e-01 1.8280207200e-01
-1.1887760718e-01 -1.1126483650e-01 1.8280202863e-01
-1.1887775476e-01 -1.1126533949e-01 1.8280199025e-01
-1.1887754262e-01 -1.1126523735e-01 1.8280194646e-01
-1.1887826722e-01 -1.1126488090e-01 1.8280206328e-01
-1.1887806170e-01 -1.1126478684e-01 1.8280203733e-01
-1.1887820299e-01 -1.1126530976e-01 1.8280198649e-01
-1.1887800144e-01 -1.1126521129e-01 1.8280196284e-01
-4.7172021422e-01 -9.8734192540e-02 -9.3820924511e-02
-4.7171966244e-01 -9.8733976061e-02 -9.3821593200e-02
-4.7172015145e-01 -9.8734192389e-02 -9.3820968260e-02
-4.7171959549e-01 -9.8733986409e-02 -9.3821637229e-02
-4.7172007966e-01 -9.8734179094e-02 -9.3821054004e-02
-4.7171952526e-01 -9.8733958894e-02 -9.3821716782e-02
-4.7172001893e-01 -9.8734180985e-02 -9.3821097964e-02
-4.7171946024e-01 -9.8733971304e-02 -9.3821761091e-02
-1.6161146030e-01 7.3611222821e-02 2.8027781128e-01
-1.6161142543e-01 7.3611359713e-02 2.8027885327e-01
-1.6161149782e-01 7.3612196252e-02 2.8027769905e-01
-1.6161149582e-01 7.3612318683e-02 2.8027869601e-01
-1.6160982088e-01 7.3611004151e-02 2.8027684591e-01
-1.6160981314e-01 7.3611141556e-02 2.8027785789e-01
-1.6160983720e-01 7.3612005365e-02 2.8027669136e-01
-1.6160985748e-01 7.3612085368e-02 2.8027769328e-01
2.7184492805e-01 -4.0712717034e-01 2.6213713854e-01
2.7184413555e-01 -4.0712719127e-01 2.6213656463e-01
2.7184505805e-01 -4.0712709737e-01 2.6213716316e-01
2.7184426455e-01 -4.0712711775e-01 2.6213659022e-01
2.7184332595e-01 -4.0712596037e-01 2.6213773180e-01
2.7184252030e-01 -4.0712599174e-01 2.6213717931e-01
2.7184345159e-01 -4.0712586653e-01 2.6213778810e-01
2.7184265371e-01 -4.0712589183e-01 2.6213724165e-01
2.3865960952e-01 1.7354637836e-01 -3.5695369160e-02
2.3866109191e-01 1.7354709268e-01 -3.5691684194e-02
2.3865938425e-01 1.7354650238e-01 -3.5695077029e-02
2.3866087317e-01 1.7354724493e-01 -3.5691413936e-02
2.3865959549e-01 1.7354643401e-01 -3.5695218515e-02
2.3866106911e-01 1.7354715419e-01 -3.5691523064e-02
2.3865936898e-01 1.7354656198e-01 -3.5694927894e-02
2.3866085328e-01 1.7354730334e-01 -3.5691250083e-02
3.6569492141e-02 3.4902620990e-01 1.3249424773e-01
3.6569351802e-02 3.4902642183e-01 1.3249407686e-01
3.6568959714e-02 3.4902553329e-01 1.3249314416e-01
3.6568819166e-02 3.4902574539e-01 1.3249297287e-01
3.6568536323e-02 3.4902618827e-01 1.3249409773e-01
3.6568422408e-02 3.4902639061e-01 1.3249391599e-01
3.6568003588e-02 3.4902551181e-01 1.3249299312e-01
3.6567889742e-02 3.4902571414e-01 1.3249281202e-01
-3.9136499530e-01 -1.1847239495e-01 6.1817730330e-01
-3.9136625494e-01 -1.1847251665e-01 6.1818167385e-01
-3.9136605854e-01 -1.1846965010e-01 6.1817724058e-01
-3.9136725183e-01 -1.1846978096e-01 6.1818154702e-01
-3.9136506798e-01 -1.1847270124e-01 6.1817723319e-01
-3.9136634184e-01 -1.1847282924e-01 6.1818163458e-01
-3.9136612680e-01 -1.1846995364e-01 6.1817717945e-01
-3.9136733598e-01 -1.1847009228e-01 6.1818150297e-01
2.6505739263e-02 8.3595175029e-01 -8.0759614601e-01
2.6505026382e-02 8.3595218915e-01 -8.0759519751e-01
2.6503927625e-02 8.3594584685e-01 -8.0759278670e-01
2.6503211760e-02 8.3594628422e-01 -8.0759184260e-01
2.6505540691e-02 8.3595200795e-01 -8.0759612244e-01
2.6504842842e-02 8.3595243949e-01 -8.0759517877e-01
2.6503740508e-02 8.3594609173e-01 -8.0759275723e-01
2.6503029918e-02 8.3594652893e-01 -8.0759181659e-01
1.6050518478e-02 2.7879460766e-01 -1.5228115991e-01
1.6050516705e-02 2.7879428742e-01 -1.5228085046e-01
1.6050504276e-02 2.7879465884e-01 -1.5228102299e-01
1.6050505325e-02 2.7879435067e-01 -1.5228072000e-01
1.6050964355e-02 2.7879440763e-01 -1.5228125055e-01
1.6050960120e-02 2.7879409187e-01 -1.5228094740e-01
1.6050961361e-02 2.7879445669e-01 -1.5228111615e-01
1.6050959949e-02 2.7879415299e-01 -1.5228081946e-01
-1.1781161299e-01 -2.4999467967e-01 2.1944468369e-01
-1.1781237694e-01 -2.4999495633e-01 2.1944363478e-01
-1.1781162127e-01 -2.4999512850e-01 2.1944439384e-01
-1.1781240303e-01 -2.4999541699e-01 2.1944332305e-01
-1.1781120419e-01 -2.4999452725e-01 2.1944456279e-01
-1.1781196472e-01 -2.4999480853e-01 2.1944351095e-01
-1.1781121250e-01 -2.4999497608e-01 2.1944427297e-01
-1.1781199086e-01 -2.4999526918e-01 2.1944319924e-01
2.0986868709e-01 -2.4472393562e-01 5.8129027363e-01
2.0986855083e-01 -2.4472307395e-01 5.8128975934e-01
2.0986941224e-01 -2.4472172508e-01 5.8129031779e-01
2.0986926917e-01 -2.4472089543e-01 5.8128984185e-01
2.0986944949e-01 -2.4472348955e-01 5.8129007599e-01
2.0986931192e-01 -2.4472263685e-01 5.8128955913e-01
2.0987016104e-01 -2.4472126290e-01 5.8129010984e-01
2.0987002262e-01 -2.4472040542e-01 5.8128960730e-01
-6.2649494053e-02 2.3455623146e-01 2.5601764791e-01
-6.2649508629e-02 2.3455609666e-01 2.5601700920e-01
-6.2648971811e-02 2.3455523542e-01 2.5601702559e-01
-6.2648969131e-02 2.3455509118e-01 2.5601637353e-01
-6.2647225192e-02 2.3455617518e-01 2.5601739967e-01
-6.2647240156e-02 2.3455604033e-01 2.5601675990e-01
-6.2646703211e-02 2.3455517888e-01 2.5601677864e-01
-6.2646700913e-02 2.3455503458e-01 2.5601612556e-01
-1.1479782909e+00 3.1238772263e-01 -6.1149908656e-02
-1.1479804521e+00 3.1238830149e-01 -6.1147612010e-02
-1.1479786551e+00 3.1238787554e-01 -6.1150282998e-02
-1.1479808966e+00 3.1238850015e-01 -6.1148040610e-02
-1.1479778904e+00 3.1238676938e-01 -6.1149744620e-02
-1.1479799732e+00 3.1238732152e-01 -6.1147436356e-02
-1.1479782671e+00 3.1238692255e-01 -6.1150131915e-02
-1.1479804209e+00 3.1238754387e-01 -6.1147859819e-02
6.9600439126e-01 3.3044396029e-01 3.1282081018e-01
6.9600503152e-01 3.3044366538e-01 3.1282375229e-01
6.9600693533e-01 3.3044931409e-01 3.1282214898e-01
6.9600764459e-01 3.3044905244e-01 3.1282513663e-01
6.9600683140e-01 3.3044381596e-01 3.1282080668e-01
6.9600745751e-01 3.3044350463e-01 3.1282373912e-01
6.9600937287e-01 3.3044911937e-01 3.1282213636e-01
6.9601010329e-01 3.3044886438e-01 3.1282514947e-01
5.2463491855e-01 8.6783878350e-02 -1.7907641258e-01
5.2463564554e-01 8.6783408331e-02 -1.7907954248e-01
5.2463502514e-01 8.6784725481e-02 -1.7907751527e-01
5.2463575371e-01 8.6784257572e-02 -1.7908064261e-01
5.2463072971e-01 8.6783545526e-02 -1.7907683253e-01
5.2463159072e-01 8.6783078717e-02 -1.7907995291e-01
5.2463083653e-01 8.6784381884e-02 -1.7907797619e-01
5.2463169802e-01 8.6783912814e-02 -1.7908107039e-01
2.6930510501e-01 3.9289737783e-01 3.1379368726e-01
2.6930487183e-01 3.9289735876e-01 3.1379634087e-01
2.6930500580e-01 3.9289932794e-01 3.1379247976e-01
2.6930484248e-01 3.9289925679e-01 3.1379508326e-01
2.6930585203e-01 3.9289771942e-01 3.1379329099e-01
2.6930565431e-01 3.9289773619e-01 3.1379591744e-01
2.6930580080e-01 3.9289968639e-01 3.1379206608e-01
2.6930563812e-01 3.9289963068e-01 3.1379465810e-01
-3.2159176145e-01 3.5423670238e-01 2.1730903695e-01
-3.2158927636e-01 3.5423578745e-01 2.1730589453e-01
-3.2159205532e-01 3.5423574011e-01 2.1730829062e-01
-3.2158958436e-01 3.5423482409e-01 2.1730513705e-01
-3.2158826337e-01 3.5423786963e-01 2.1730922187e-01
-3.2158581252e-01 3.5423693287e-01 2.1730609264e-01
-3.2158857394e-01 3.5423690796e-01 2.1730850051e-01
-3.2158613522e-01 3.5423597129e-01 2.1730536056e-01
1.0142091343e-01 -2.7898931857e-01 3.9543240259e-01
1.0142089604e-01 -2.7898966911e-01 3.9543380950e-01
1.0142199308e-01 -2.7898879524e-01 3.9543213350e-01
1.0142197373e-01 -2.7898914645e-01 3.9543354241e-01
1.0141790915e-01 -2.7898986981e-01 3.9543260129e-01
1.0141789214e-01 -2.7899022568e-01 3.9543401528e-01
1.0141889398e-01 -2.7898930554e-01 3.9543239710e-01
1.0141887637e-01 -2.7898966393e-01 3.9543381442e-01
-1.7597591376e-01 -5.5978889334e-02 -4.0890792900e-02
-1.7597422018e-01 -5.5980012914e-02 -4.0891715347e-02
-1.7597532372e-01 -5.5979879799e-02 -4.0890955018e-02
-1.7597363105e-01 -5.5981002907e-02 -4.0891881111e-02
-1.7597263986e-01 -5.5979170711e-02 -4.0888885518e-02
-1.7597094062e-01 -5.5980303949e-02 -4.0889818808e-02
-1.7597208545e-01 -5.5980039067e-02 -4.0889044483e-02
-1.7597038732e-01 -5.5981171344e-02 -4.0889981499e-02
-9.8677794746e-01 -3.5562650859e-01 -4.8380068992e-01
-9.8677303890e-01 -3.5562350433e-01 -4.8379461787e-01
-9.8677880333e-01 -3.5562634311e-01 -4.8380080201e-01
-9.8677389168e-01 -3.5562333712e-01 -4.8379473537e-01
-9.8677625509e-01 -3.5562554720e-01 -4.8379988473e-01
-9.8677134645e-01 -3.5562254261e-01 -4.8379381237e-01
-9.8677711166e-01 -3.5562538229e-01 -4.8379999791e-01
-9.8677220000e-01 -3.5562237597e-01 -4.8379393095e-01
3.0648136870e-01 -5.7711396438e-01 -2.1003870866e-02
3.0648109138e-01 -5.7711318723e-01 -2.1002030833e-02
3.0648114515e-01 -5.7711384125e-01 -2.1005543871e-02
3.0648088489e-01 -5.7711316994e-01 -2.1003621547e-02
3.0647470373e-01 -5.7711539544e-01 -2.1005442865e-02
3.0647442185e-01 -5.7711464136e-01 -2.1003570401e-02
3.0647448047e-01 -5.7711527224e-01 -2.1007115080e-02
3.0647421117e-01 -5.7711463299e-01 -2.1005175251e-02
-4.3032274371e-02 6.2597603293e-01 4.3936132177e-01
-4.3029804488e-02 6.2597715841e-01 4.3936647591e-01
-4.3032609789e-02 6.2597452509e-01 4.3936185639e-01
-4.3030137601e-02 6.2597563208e-01 4.3936695488e-01
-4.3038766103e-02 6.2597419622e-01 4.3935933329e-01
-4.3036308518e-02 6.2597522422e-01 4.3936447772e-01
-4.3039116000e-02 6.2597268610e-01 4.3935981870e-01
-4.3036654748e-02 6.2597369641e-01 4.3936498774e-01
-3.1511973053e-01 -6.4992378776e-01 -3.6952736648e-03
-3.1511978244e-01 -6.4992431469e-01 -3.6947097111e-03
-3.1512009525e-01 -6.4992387119e-01 -3.6965834341e-03
-3.1512011430e-01 -6.4992448938e-01 -3.6959582376e-03
-3.1511914041e-01 -6.4992613098e-01 -3.6963817011e-03
-3.1511907185e-01 -6.4992659329e-01 -3.6957322485e-03
-3.1511951566e-01 -6.4992621194e-01 -3.6976881869e-03
-3.1511941075e-01 -6.4992677003e-01 -3.6969841449e-03
-1.7087837968e-01 1.0400147981e-01 -1.1890734675e-01
-1.7087814069e-01 1.0400118508e-01 -1.1890875001e-01
-1.7087784794e-01 1.0400177358e-01 -1.1890722797e-01
-1.7087762027e-01 1.0400148933e-01 -1.1890859615e-01
-1.7087522414e-01 1.0400303039e-01 -1.1890858736e-01
-1.7087503314e-01 1.0400273030e-01 -1.1891000140e-01
-1.7087469417e-01 1.0400332124e-01 -1.1890846251e-01
-1.7087451676e-01 1.0400303132e-01 -1.1890984178e-01
4.6280099320e-01 -4.0942728071e-01 1.9817101783e-01
4.6280107883e-01 -4.0942623606e-01 1.9817005040e-01
4.6280119630e-01 -4.0942733297e-01 1.9817045376e-01
4.6280128048e-01 -4.0942628478e-01 1.9816948285e-01
4.6280400018e-01 -4.0942625055e-01 1.9817237454e-01
4.6280408912e-01 -4.0942519513e-01 1.9817140199e-01
4.6280419925e-01 -4.0942629909e-01 1.9817180943e-01
4.6280429087e-01 -4.0942524363e-01 1.9817083433e-01
-7.6629441955e-01 3.9871425640e-01 -1.4405543328e-01
-7.6629509913e-01 3.9871495233e-01 -1.4405459597e-01
-7.6629393541e-01 3.9871619664e-01 -1.4405475068e-01
-7.6629456088e-01 3.9871689475e-01 -1.4405400138e-01
-7.6629723253e-01 3.9871358579e-01 -1.4405481336e-01
-7.6629790886e-01 3.9871427523e-01 -1.4405399288e-01
-7.6629678726e-01 3.9871538576e-01 -1.4405419344e-01
-7.6629741487e-01 3.9871601645e-01 -1.4405345979e-01
3.8071313342e-01 -2.0986312732e-01 -7.2585494904e-02
3.8071350889e-01 -2.0986287848e-01 -7.2584494304e-02
3.8071267958e-01 -2.0986265042e-01 -7.2585860515e-02
3.8071305786e-01 -2.0986240525e-01 -7.2584875054e-02
3.8071562463e-01 -2.0986370548e-01 -7.2586439307e-02
3.8071600024e-01 -2.0986347203e-01 -7.2585482554e-02
3.8071516512e-01 -2.0986322237e-01 -7.2586804003e-02
3.8071554427e-01 -2.0986298950e-01 -7.2585861866e-02
1.0806470507e+00 -1.4912963163e-01 -6.6508001446e-02
1.0806467959e+00 -1.4912991445e-01 -6.6510031872e-02
1.0806459584e+00 -1.4913034997e-01 -6.6507711697e-02
1.0806457133e+00 -1.4913063199e-01 -6.6509731442e-02
1.0806506744e+00 -1.4913076961e-01 -6.6508385744e-02
1.0806504725e+00 -1.4913101592e-01 -6.6510346080e-02
1.0806497128e+00 -1.4913147927e-01 -6.6508081785e-02
1.0806494438e+00 -1.4913176225e-01 -6.6510084091e-02
6.1438629051e-02 4.3081513669e-02 -2.2429490273e-01
6.1438437900e-02 4.3081083829e-02 -2.2429425424e-01
6.1436635881e-02 4.3078452887e-02 -2.2429696837e-01
6.1436454639e-02 4.3077985671e-02 -2.2429632954e-01
6.1443213700e-02 4.3083953769e-02 -2.2429248586e-01
6.1442996223e-02 4.3083532489e-02 -2.2429182649e-01
6.1441330836e-02 4.3080939348e-02 -2.2429446973e-01
6.1441127406e-02 4.3080488049e-02 -2.2429380991e-01
7.2469737549e-02 3.4241341603e-02 -2.0832847104e-01
7.2469655147e-02 3.4240835058e-02 -2.0832691242e-01
7.2469330168e-02 3.4244957340e-02 -2.0832712718e-01
7.2469167754e-02 3.4244497470e-02 -2.0832553731e-01
7.2464288155e-02 3.4239876243e-02 -2.0833052968e-01
7.2464196206e-02 3.4239397858e-02 -2.0832896358e-01
7.2463882588e-02 3.4243570144e-02 -2.0832922255e-01
7.2463755734e-02 3.4243114901e-02 -2.0832765283e-01
5.6347809782e-01 1.2896642695e-01 -3.1822696042e-01
5.6347827821e-01 1.2896496324e-01 -3.1822707221e-01
5.6347921866e-01 1.2896416619e-01 -3.1822845812e-01
5.6347939504e-01 1.2896270220e-01 -3.1822856696e-01
5.6348495750e-01 1.2896570621e-01 -3.1822665006e-01
5.6348513423e-01 1.2896427059e-01 -3.1822675593e-01
5.6348606431e-01 1.2896343529e-01 -3.1822815211e-01
5.6348623704e-01 1.2896199939e-01 -3.1822825504e-01
-5.8944375698e-01 -1.5652445403e-01 -1.4117871075e-01
-5.8944340030e-01 -1.5652476634e-01 -1.4117872135e-01
-5.8944401572e-01 -1.5652412398e-01 -1.4117847229e-01
-5.8944366170e-01 -1.5652444839e-01 -1.4117848424e-01
-5.8944226856e-01 -1.5652446831e-01 -1.4117806601e-01
-5.8944191382e-01 -1.5652477698e-01 -1.4117808383e-01
-5.8944251710e-01 -1.5652412013e-01 -1.4117784091e-01
-5.8944216502e-01 -1.5652444091e-01 -1.4117786008e-01
-7.1725032358e-01 7.4899071268e-01 1.4924801865e-02
-7.1724972919e-01 7.4898953865e-01 1.4926684267e-02
-7.1725093932e-01 7.4899021348e-01 1.4925317176e-02
-7.1725034188e-01 7.4898905062e-01 1.4927216956e-02
-7.1724974575e-01 7.4899038898e-01 1.4923798152e-02
-7.1724915840e-01 7.4898918979e-01 1.4925633971e-02
-7.1725036114e-01 7.4898988999e-01 1.4924313681e-02
-7.1724976992e-01 7.4898870168e-01 1.4926166199e-02
3.8987761545e-01 7.6553720772e-02 -1.4623122616e-01
3.8987775975e-01 7.6554931475e-02 -1.4622966025e-01
3.8987913248e-01 7.6553555197e-02 -1.4623149641e-01
3.8987922846e-01 7.6554763429e-02 -1.4622993041e-01
3.8988069088e-01 7.6553399052e-02 -1.4623253790e-01
3.8988082008e-01 7.6554606858e-02 -1.4623094093e-01
3.8988224440e-01 7.6553380966e-02 -1.4623287594e-01
3.8988232043e-01 7.6554443170e-02 -1.4623120777e-01
6.2845692867e-01 -6.3444386238e-02 1.4041796445e-02
6.2845684747e-01 -6.3445256625e-02 1.4042675003e-02
6.2845822008e-01 -6.3445829891e-02 1.4041819849e-02
6.2845813350e-01 -6.3446685601e-02 1.4042678635e-02
6.2845804307e-01 -6.3444223888e-02 1.4041800785e-02
6.2845796139e-01 -6.3445091386e-02 1.4042658680e-02
6.2845933588e-01 -6.3445695516e-02 1.4041816429e-02
6.2845924068e-01 -6.3446531518e-02 1.4042678161e-02
-2.4627456325e-01 7.4772028586e-01 5.5827472215e-02
-2.4627643161e-01 7.4772276911e-01 5.5833311443e-02
-2.4627541101e-01 7.4771959017e-01 5.5827332263e-02
-2.4627728103e-01 7.4772210490e-01 5.5833141765e-02
-2.4628437953e-01 7.4772112375e-01 5.5830300965e-02
-2.4628622745e-01 7.4772352827e-01 5.5836064774e-02
-2.4628524494e-01 7.4772043536e-01 5.5830126993e-02
-2.4628709282e-01 7.4772283916e-01 5.5835898413e-02
3.4255005242e-01 -9.4528101684e-01 -5.8516087869e-01
3.4254935632e-01 -9.4528039734e-01 -5.8516128911e-01
3.4254988028e-01 -9.4528275180e-01 -5.8516149020e-01
3.4254919122e-01 -9.4528210520e-01 -5.8516188939e-01
3.4255020460e-01 -9.4528198668e-01 -5.8516094405e-01
3.4254951485e-01 -9.4528134668e-01 -5.8516136370e-01
3.4254995500e-01 -9.4528365195e-01 -5.8516157076e-01
3.4254927230e-01 -9.4528298484e-01 -5.8516197917e-01
5.3252705030e-01 -7.6925337107e-02 -1.3818636767e-01
5.3252331351e-01 -7.6922150009e-02 -1.3818296618e-01
5.3252964573e-01 -7.6929930435e-02 -1.3818915952e-01
5.3252605516e-01 -7.6926800644e-02 -1.3818583318e-01
5.3252707257e-01 -7.6924219691e-02 -1.3818534926e-01
5.3252326479e-01 -7.6920956793e-02 -1.3818198039e-01
5.3252966512e-01 -7.6928813276e-02 -1.3818813865e-01
5.3252600620e-01 -7.6925607060e-02 -1.3818484805e-01
-1.5950093332e+00 -1.1093522804e+00 -4.6609911714e-01
-1.5950079278e+00 -1.1093524846e+00 -4.6610075089e-01
-1.5950127718e+00 -1.1093541928e+00 -4.6610149326e-01
-1.5950113689e+00 -1.1093543942e+00 -4.6610312779e-01
-1.5950018439e+00 -1.1093494292e+00 -4.6609328041e-01
-1.5950004368e+00 -1.1093496310e+00 -4.6609491314e-01
-1.5950052631e+00 -1.1093513507e+00 -4.6609565277e-01
-1.5950038584e+00 -1.1093515497e+00 -4.6609728627e-01
-7.5762260657e-02 2.5776812891e-01 2.4289913098e-01
-7.5761852556e-02 2.5776947767e-01 2.4290076947e-01
-7.5761894089e-02 2.5776792252e-01 2.4289884878e-01
-7.5761424018e-02 2.5776925521e-01 2.4290047250e-01
-7.5759040573e-02 2.5777025963e-01 2.4290059636e-01
-7.5758620674e-02 2.5777160498e-01 2.4290221186e-01
-7.5758679624e-02 2.5777005114e-01 2.4290032707e-01
-7.5758186102e-02 2.5777139793e-01 2.4290192730e-01
-4.2343980184e-01 1.6240390816e-01 3.2414374893e-02
-4.2343853650e-01 1.6240430196e-01 3.2414354385e-02
-4.2344009577e-01 1.6240588708e-01 3.2415574231e-02
-4.2343882883e-01 1.6240626494e-01 3.2415570948e-02
-4.2343895199e-01 1.6240455710e-01 3.2413784147e-02
-4.2343769141e-01 1.6240495544e-01 3.2413763003e-02
-4.2343924507e-01 1.6240655192e-01 3.2415047393e-02
-4.2343797853e-01 1.6240693069e-01 3.2415044659e-02
-6.0692787673e-01 -2.5886692867e-01 1.0582930175e-01
-6.0692791020e-01 -2.5886710117e-01 1.0583091307e-01
-6.0692643585e-01 -2.5886965841e-01 1.0582753064e-01
-6.0692648977e-01 -2.5886982629e-01 1.0582912496e-01
-6.0692672227e-01 -2.5886738687e-01 1.0582886082e-01
-6.0692679439e-01 -2.5886745831e-01 1.0583044753e-01
-6.0692530632e-01 -2.5887012069e-01 1.0582707770e-01
-6.0692541221e-01 -2.5887018694e-01 1.0582866764e-01
1.0797005173e+00 -6.0477927827e-01 2.7294091115e-02
1.0797010190e+00 -6.0477955850e-01 2.7293106216e-02
1.0796992081e+00 -6.0477997794e-01 2.7294660769e-02
1.0796997027e+00 -6.0478025503e-01 2.7293679984e-02
1.0796985449e+00 -6.0477707393e-01 2.7294288387e-02
1.0796991333e+00 -6.0477740231e-01 2.7293230814e-02
1.0796972705e+00 -6.0477779876e-01 2.7294871415e-02
1.0796978519e+00 -6.0477812201e-01 2.7293819363e-02
8.5668570666e-01 6.2340239296e-02 1.7646886046e-01
8.5668488173e-01 6.2341258289e-02 1.7647170436e-01
8.5668606133e-01 6.2338139355e-02 1.7646915869e-01
8.5668516466e-01 6.2339009390e-02 1.7647195125e-01
8.5668412655e-01 6.2339468807e-02 1.7646858436e-01
8.5668330179e-01 6.2340450718e-02 1.7647140733e-01
8.5668447961e-01 6.2337367330e-02 1.7646884560e-01
8.5668358204e-01 6.2338295665e-02 1.7647154508e-01
9.6101805065e-01 2.1393212892e-01 2.7335591802e-01
9.6102210211e-01 2.1393369921e-01 2.7336196005e-01
9.6101879687e-01 2.1394369441e-01 2.7335761257e-01
9.6102281099e-01 2.1394536601e-01 2.7336366856e-01
9.6102676698e-01 2.1393439765e-01 2.7335684108e-01
9.6103080443e-01 2.1393600388e-01 2.7336288464e-01
9.6102742417e-01 2.1394585679e-01 2.7335841863e-01
9.6103140443e-01 2.1394752831e-01 2.7336447541e-01
3.2007663856e-01 6.8150741496e-01 3.5100655540e-01
3.2007639059e-01 6.8150637036e-01 3.5100535682e-01
3.2007547976e-01 6.8150571101e-01 3.5100629668e-01
3.2007523176e-01 6.8150466576e-01 3.5100510128e-01
3.2007764385e-01 6.8150755949e-01 3.5100713307e-01
3.2007737954e-01 6.8150636280e-01 3.5100599487e-01
3.2007648833e-01 6.8150585715e-01 3.5100691016e-01
3.2007622400e-01 6.8150465980e-01 3.5100577513e-01
3.4850848908e-02 -1.4458504776e-01 3.4452260641e-02
3.4850251461e-02 -1.4458405222e-01 3.4451414670e-02
3.4851243668e-02 -1.4458386057e-01 3.4452404214e-02
3.4850649252e-02 -1.4458286538e-01 3.4451557878e-02
3.4852018370e-02 -1.4458627051e-01 3.4451995721e-02
3.4851421932e-02 -1.4458527536e-01 3.4451150047e-02
3.4852429487e-02 -1.4458505863e-01 3.4452138895e-02
3.4851836076e-02 -1.4458406382e-01 3.4451292870e-02
-1.2100995612e-01 1.8539944491e-01 -7.2018721210e-02
-1.2101011227e-01 1.8539912051e-01 -7.2020384524e-02
-1.2100943236e-01 1.8539623205e-01 -7.2018402217e-02
-1.2100965499e-01 1.8539586743e-01 -7.2019969205e-02
-1.2101034882e-01 1.8540111034e-01 -7.2019222620e-02
-1.2101050517e-01 1.8540078595e-01 -7.2020885955e-02
-1.2100978212e-01 1.8539786857e-01 -7.2018884731e-02
-1.2101000493e-01 1.8539750397e-01 -7.2020451714e-02
5.3825783686e-02 4.0394548760e-01 1.0269075500e-01
5.3826069055e-02 4.0394576362e-01 1.0268826640e-01
5.3826331766e-02 4.0394559559e-01 1.0269034476e-01
5.3826605842e-02 4.0394588477e-01 1.0268786275e-01
5.3825010058e-02 4.0394533326e-01 1.0269087089e-01
5.3825292348e-02 4.0394560878e-01 1.0268838467e-01
5.3825551982e-02 4.0394543434e-01 1.0269047144e-01
5.3825822979e-02 4.0394572302e-01 1.0268799182e-01
2.4495577288e-01 -1.4930473965e-01 2.6563549622e-01
2.4495588921e-01 -1.4930432192e-01 2.6563568176e-01
2.4495654532e-01 -1.4930540481e-01 2.6563504903e-01
2.4495674984e-01 -1.4930485721e-01 2.6563526311e-01
2.4495714454e-01 -1.4930492869e-01 2.6563522598e-01
2.4495717336e-01 -1.4930443982e-01 2.6563543966e-01
2.4495789453e-01 -1.4930557389e-01 2.6563477021e-01
2.4495799245e-01 -1.4930503383e-01 2.6563503461e-01
2.9698615689e-02 -8.8810262155e-02 9.7923865579e-02
2.9698303860e-02 -8.8809905213e-02 9.7922093196e-02
2.9698270591e-02 -8.8804241864e-02 9.7923419714e-02
2.9698020289e-02 -8.8803890209e-02 9.7921680703e-02
2.9701029578e-02 -8.8809517494e-02 9.7923895120e-02
2.9700805691e-02 -8.8809130562e-02 9.7922183731e-02
2.9700852655e-02 -8.8803596543e-02 9.7923587514e-02
2.9700514581e-02 -8.8803274246e-02 9.7921791400e-02
-1.3196767342e+00 6.8211644974e-01 2.6129151158e-01
-1.3196768316e+00 6.8211497406e-01 2.6129023898e-01
-1.3196763878e+00 6.8211755179e-01 2.6128929771e-01
-1.3196764897e+00 6.8211607752e-01 2.6128802417e-01
-1.3196722090e+00 6.8211698146e-01 2.6129206562e-01
-1.3196723076e+00 6.8211552179e-01 2.6129079202e-01
-1.3196718430e+00 6.8211803690e-01 2.6128987593e-01
-1.3196719460e+00 6.8211657866e-01 2.6128860132e-01
6.1788370201e-01 -8.1360885039e-01 2.2298464971e-01
6.1788360396e-01 -8.1360917813e-01 2.2298177553e-01
6.1788267344e-01 -8.1361314120e-01 2.2298617112e-01
6.1788262086e-01 -8.1361343181e-01 2.2298337532e-01
6.1788311292e-01 -8.1360919010e-01 2.2298384098e-01
6.1788302862e-01 -8.1360951323e-01 2.2298098704e-01
6.1788208671e-01 -8.1361349186e-01 2.2298536671e-01
6.1788204793e-01 -8.1361377766e-01 2.2298259096e-01
1.3780221324e-01 1.1119234586e+00 6.6314159743e-01
1.3779994841e-01 1.1119223280e+00 6.6313906300e-01
1.3780172271e-01 1.1119311555e+00 6.6314545230e-01
1.3779946330e-01 1.1119299990e+00 6.6314290228e-01
1.3780803213e-01 1.1119253340e+00 6.6314415075e-01
1.3780587078e-01 1.1119242618e+00 6.6314168922e-01
1.3780762279e-01 1.1119330279e+00 6.6314796835e-01
1.3780546819e-01 1.1119319321e+00 6.6314549402e-01
-7.3091697803e-03 -7.4864679016e-01 -4.3324306399e-01
-7.3093931927e-03 -7.4864709828e-01 -4.3324455316e-01
-7.3093860755e-03 -7.4864529459e-01 -4.3324240197e-01
-7.3096346794e-03 -7.4864567438e-01 -4.3324392008e-01
-7.3060078644e-03 -7.4864630301e-01 -4.3324207964e-01
-7.3062239106e-03 -7.4864661095e-01 -4.3324357107e-01
-7.3062013389e-03 -7.4864479634e-01 -4.3324144162e-01
-7.3064387066e-03 -7.4864517472e-01 -4.3324296275e-01
-5.5935763343e-01 8.8768533193e-02 -4.2130266349e-01
-5.5935993123e-01 8.8767548472e-02 -4.2130579677e-01
-5.5935739021e-01 8.8769609386e-02 -4.2130206070e-01
-5.5935966903e-01 8.8768649763e-02 -4.2130519192e-01
-5.5936379689e-01 8.8767308207e-02 -4.2130505861e-01
-5.5936614617e-01 8.8766228418e-02 -4.2130829820e-01
-5.5936358425e-01 8.8768368071e-02 -4.2130447147e-01
-5.5936591793e-01 8.8767304816e-02 -4.2130771242e-01
-2.3630623529e-01 -2.9490688161e-01 -1.2338180042e-01
-2.3630594328e-01 -2.9490721433e-01 -1.2338246066e-01
-2.3630616337e-01 -2.9490931443e-01 -1.2338161226e-01
-2.3630582701e-01 -2.9490966563e-01 -1.2338228041e-01
-2.3630796712e-01 -2.9490599706e-01 -1.2338119501e-01
-2.3630763880e-01 -2.9490638816e-01 -1.2338185542e-01
-2.3630775887e-01 -2.9490837702e-01 -1.2338091896e-01
-2.3630746013e-01 -2.9490877425e-01 -1.2338157067e-01
1.4393213755e-01 -6.5974995098e-03 1.0527477198e-01
1.4393180436e-01 -6.5982695474e-03 1.0527199607e-01
1.4393274415e-01 -6.5972673154e-03 1.0527532744e-01
1.4393244179e-01 -6.5980179993e-03 1.0527255648e-01
1.4392770578e-01 -6.5978420508e-03 1.0527366501e-01
1.4392724417e-01 -6.5983826334e-03 1.0527090552e-01
1.4392831860e-01 -6.5976084307e-03 1.0527422720e-01
1.4392785572e-01 -6.5981469124e-03 1.0527146846e-01
-3.1395259259e-01 -7.1927344933e-01 3.2254060179e-01
-3.1395322406e-01 -7.1927398319e-01 3.2254019764e-01
-3.1395244612e-01 -7.1927585855e-01 3.2254032755e-01
-3.1395307557e-01 -7.1927639219e-01 3.2253992408e-01
-3.1394927871e-01 -7.1927390877e-01 3.2253891510e-01
-3.1394991128e-01 -7.1927450023e-01 3.2253855506e-01
-3.1394905621e-01 -7.1927634400e-01 3.2253858981e-01
-3.1394968676e-01 -7.1927693523e-01 3.2253823044e-01
3.4213470799e-01 6.7105712177e-01 1.5634568215e-01
3.4213440457e-01 6.7105781130e-01 1.5634547654e-01
3.4213359799e-01 6.7105797737e-01 1.5634523780e-01
3.4213324443e-01 6.7105868593e-01 1.5634504153e-01
3.4213786476e-01 6.7105663775e-01 1.5634566978e-01
3.4213762002e-01 6.7105739793e-01 1.5634538914e-01
3.4213674656e-01 6.7105750854e-01 1.5634523669e-01
3.4213645622e-01 6.7105827329e-01 1.5634495326e-01
-2.4883375123e-01 1.3379174030e+00 9.8767496593e-01
-2.4883466600e-01 1.3379176690e+00 9.8767521498e-01
-2.4883583809e-01 1.3379127773e+00 9.8767499382e-01
-2.4883675063e-01 1.3379130368e+00 9.8767524393e-01
-2.4882951640e-01 1.3379179065e+00 9.8767362903e-01
-2.4883046545e-01 1.3379181755e+00 9.8767389039e-01
-2.4883160400e-01 1.3379132685e+00 9.8767366346e-01
-2.4883255402e-01 1.3379135346e+00 9.8767392314e-01
-3.2496311977e-01 -1.4807281752e+00 -5.8727309449e-01
-3.2496467087e-01 -1.4807283034e+00 -5.8727442708e-01
-3.2496061500e-01 -1.4807288310e+00 -5.8727883749e-01
-3.2496216833e-01 -1.4807290032e+00 -5.8728014292e-01
-3.2496924608e-01 -1.4807308099e+00 -5.8727446993e-01
-3.2497076237e-01 -1.4807310255e+00 -5.8727571261e-01
-3.2496673943e-01 -1.4807314836e+00 -5.8728019659e-01
-3.2496826474e-01 -1.4807317076e+00 -5.8728144918e-01
-1.3246171059e-01 3.4869427552e-01 -5.4951253655e-02
-1.3246027694e-01 3.4869288850e-01 -5.4942562107e-02
-1.3246059783e-01 3.4869357201e-01 -5.4949456759e-02
-1.3245916699e-01 3.4869218610e-01 -5.4940765287e-02
-1.3246125982e-01 3.4869264850e-01 -5.4948695814e-02
-1.3245983706e-01 3.4869127127e-01 -5.4940038539e-02
-1.3246012364e-01 3.4869193327e-01 -5.4946893915e-02
-1.3245870732e-01 3.4869055166e-01 -5.4938233438e-02
8.9141616977e-01 -6.5347090425e-01 1.0098472166e+00
8.9141809880e-01 -6.5347078856e-01 1.0098458883e+00
8.9141559129e-01 -6.5347117258e-01 1.0098473262e+00
8.9141750995e-01 -6.5347105093e-01 1.0098459991e+00
8.9141281712e-01 -6.5347207968e-01 1.0098479741e+00
8.9141476271e-01 -6.5347189809e-01 1.0098466248e+00
8.9141223342e-01 -6.5347234616e-01 1.0098480840e+00
8.9141417793e-01 -6.5347216473e-01 1.0098467347e+00
-4.9071843660e-01 -1.8435496639e+00 8.6989918436e-02
-4.9071981218e-01 -1.8435489876e+00 8.6987101738e-02
-4.9072096518e-01 -1.8435531200e+00 8.6990039464e-02
-4.9072233896e-01 -1.8435524405e+00 8.6987215726e-02
-4.9071879264e-01 -1.8435498934e+00 8.6991323062e-02
-4.9072016355e-01 -1.8435492112e+00 8.6988503375e-02
-4.9072133411e-01 -1.8435533671e+00 8.6991478390e-02
-4.9072270709e-01 -1.8435526868e+00 8.6988655912e-02
-6.2254922933e-01 -1.8049173154e-03 2.1616314586e+00
-6.2255013008e-01 -1.8038305358e-03 2.1616289874e+00
-6.2254706135e-01 -1.8077269162e-03 2.1616302157e+00
-6.2254796137e-01 -1.8066408121e-03 2.1616277437e+00
-6.2254882558e-01 -1.8052114613e-03 2.1616312488e+00
-6.2254973264e-01 -1.8041107927e-03 2.1616287812e+00
-6.2254665460e-01 -1.8080052201e-03 2.1616300232e+00
-6.2254756092e-01 -1.8069052271e-03 2.1616275548e+00
3.8913002925e-01 -5.0213038817e-01 3.6605087982e-01
3.8913304668e-01 -5.0212970006e-01 3.6604656319e-01
3.8913203386e-01 -5.0213522411e-01 3.6604822351e-01
3.8913502465e-01 -5.0213457404e-01 3.6604391577e-01
3.8912022981e-01 -5.0212745119e-01 3.6605574687e-01
3.8912322808e-01 -5.0212670716e-01 3.6605145112e-01
3.8912226075e-01 -5.0213232016e-01 3.6605309694e-01
3.8912523857e-01 -5.0213161152e-01 3.6604880662e-01
1.6465709844e-01 -8.8800873540e-01 -2.0011318563e-02
1.6465904443e-01 -8.8800814922e-01 -2.0014858176e-02
1.6465961708e-01 -8.8801027988e-01 -2.0010172997e-02
1.6466154792e-01 -8.8800969518e-01 -2.0013669809e-02
1.6465958885e-01 -8.8800831225e-01 -2.0011105523e-02
1.6466153449e-01 -8.8800770541e-01 -2.0014618127e-02
1.6466210751e-01 -8.8800985673e-01 -2.0009959952e-02
1.6466403691e-01 -8.8800926756e-01 -2.0013452378e-02
-1.6628485143e+00 -2.0207221392e+00 -3.1697653146e+00
-1.6628481567e+00 -2.0207222745e+00 -3.1697648289e+00
-1.6628470926e+00 -2.0207108879e+00 -3.1697563247e+00
-1.6628467205e+00 -2.0207110170e+00 -3.1697558767e+00
-1.6628464474e+00 -2.0207250518e+00 -3.1697624576e+00
-1.6628460876e+00 -2.0207251819e+00 -3.1697619748e+00
-1.6628449947e+00 -2.0207137956e+00 -3.1697535065e+00
-1.6628446406e+00 -2.0207139243e+00 -3.1697530452e+00
-6.6718318715e-01 -2.0355012002e+00 -1.0441683400e+00
-6.6718431405e-01 -2.0354970809e+00 -1.0441542771e+00
-6.6718310709e-01 -2.0354937895e+00 -1.0441713547e+00
-6.6718421968e-01 -2.0354897615e+00 -1.0441574123e+00
-6.6717961327e-01 -2.0355010637e+00 -1.0441679478e+00
-6.6718077972e-01 -2.0354969738e+00 -1.0441539095e+00
-6.6717950421e-01 -2.0354936933e+00 -1.0441710259e+00
-6.6718062670e-01 -2.0354896317e+00 -1.0441570409e+00
2.1796241618e-01 7.4171162992e-01 6.3735459418e-01
2.1795799244e-01 7.4171332764e-01 6.3736380571e-01
2.1796208119e-01 7.4171230180e-01 6.3735512328e-01
2.1795767062e-01 7.4171401376e-01 6.3736432772e-01
2.1796370072e-01 7.4171337997e-01 6.3735264093e-01
2.1795931275e-01 7.4171506256e-01 6.3736181912e-01
2.1796336747e-01 7.4171405323e-01 6.3735316972e-01
2.1795897119e-01 7.4171577173e-01 6.3736234957e-01
6.1406125755e-02 2.5574547551e-01 5.1687060589e-01
6.1405671665e-02 2.5574477396e-01 5.1687404041e-01
6.1406469943e-02 2.5574574918e-01 5.1687049431e-01
6.1405991739e-02 2.5574506143e-01 5.1687395404e-01
6.1399764089e-02 2.5574432935e-01 5.1686916577e-01
6.1399271180e-02 2.5574360680e-01 5.1687253748e-01
6.1400088306e-02 2.5574461002e-01 5.1686910805e-01
6.1399624215e-02 2.5574386891e-01 5.1687244654e-01
1.3885962022e+00 6.9268070759e-01 -4.2110976759e-01
1.3885918700e+00 6.9268273692e-01 -4.2109871165e-01
1.3885968530e+00 6.9267867161e-01 -4.2111266483e-01
1.3885925161e+00 6.9268073791e-01 -4.2110163137e-01
1.3885976662e+00 6.9268092058e-01 -4.2111142138e-01
1.3885933346e+00 6.9268295507e-01 -4.2110036646e-01
1.3885983154e+00 6.9267891542e-01 -4.2111428300e-01
1.3885939769e+00 6.9268098831e-01 -4.2110325030e-01
-1.3886869982e+00 1.3759748547e-01 5.4991240877e-01
-1.3886873283e+00 1.3759701225e-01 5.4991187372e-01
-1.3886867740e+00 1.3759798913e-01 5.4991230449e-01
-1.3886870971e+00 1.3759751628e-01 5.4991176595e-01
-1.3886968414e+00 1.3759761865e-01 5.4991288217e-01
-1.3886971761e+00 1.3759716514e-01 5.4991235330e-01
-1.3886966394e+00 1.3759809573e-01 5.4991274907e-01
-1.3886969801e+00 1.3759764644e-01 5.4991221809e-01
-1.6436633274e+00 8.1060195683e-01 1.5443412201e+00
-1.6436631222e+00 8.1060048747e-01 1.5443396669e+00
-1.6436642546e+00 8.1060177252e-01 1.5443412044e+00
-1.6436640462e+00 8.1060029822e-01 1.5443396443e+00
-1.6436626598e+00 8.1060033293e-01 1.5443396267e+00
-1.6436624543e+00 8.1059886465e-01 1.5443380740e+00
-1.6436635880e+00 8.1060014819e-01 1.5443396099e+00
-1.6436633794e+00 8.1059867498e-01 1.5443380504e+00
2.0778034081e+00 1.1977943713e+00 1.1015617928e-01
2.0778043571e+00 1.1977930110e+00 1.1015391506e-01
2.0778016205e+00 1.1978027204e+00 1.1015760039e-01
2.0778027103e+00 1.1978014197e+00 1.1015536913e-01
2.0778111082e+00 1.1977955911e+00 1.1015538629e-01
2.0778120682e+00 1.1977942187e+00 1.1015312948e-01
2.0778094010e+00 1.1978039216e+00 1.1015683044e-01
2.0778104746e+00 1.1978026212e+00 1.1015460838e-01
-5.0840016357e-01 2.9351937228e-01 -1.9138321570e+00
-5.0839889713e-01 2.9351985378e-01 -1.9138309592e+00
-5.0840095799e-01 2.9352048438e-01 -1.9138312461e+00
-5.0839969556e-01 2.9352097168e-01 -1.9138300492e+00
-5.0841013984e-01 2.9352190390e-01 -1.9138299502e+00
-5.0840884961e-01 2.9352236645e-01 -1.9138287571e+00
-5.0841089555e-01 2.9352304067e-01 -1.9138290330e+00
-5.0840960494e-01 2.9352350520e-01 -1.9138278374e+00
7.0575123286e-01 -3.0635833556e+00 8.8400281137e-01
7.0575220421e-01 -3.0635837204e+00 8.8400120108e-01
7.0575133284e-01 -3.0635812766e+00 8.8400139488e-01
7.0575230139e-01 -3.0635816382e+00 8.8399977826e-01
7.0575085309e-01 -3.0635762183e+00 8.8399995395e-01
7.0575178950e-01 -3.0635765229e+00 8.8399833785e-01
7.0575095155e-01 -3.0635741401e+00 8.8399853751e-01
7.0575188499e-01 -3.0635744437e+00 8.8399692028e-01
1.3491612612e+00 9.0720215474e-01 3.0795074452e-02
1.3491632409e+00 9.0720197022e-01 3.0807285747e-02
1.3491613877e+00 9.0720903345e-01 3.0796746172e-02
1.3491633237e+00 9.0720887322e-01 3.0808919569e-02
1.3491597049e+00 9.0720191257e-01 3.0795635388e-02
1.3491616352e+00 9.0720168784e-01 3.0807823732e-02
1.3491598332e+00 9.0720877566e-01 3.0797308466e-02
1.3491617257e+00 9.0720860123e-01 3.0809476186e-02
6.3511377893e-01 4.0896321783e-01 7.5751585413e-01
6.3511385039e-01 4.0896288278e-01 7.5751683599e-01
6.3511242283e-01 4.0896011720e-01 7.5751559994e-01
6.3511249468e-01 4.0895978850e-01 7.5751658158e-01
6.3510426308e-01 4.0896350047e-01 7.5751511925e-01
6.3510433974e-01 4.0896318881e-01 7.5751609662e-01
6.3510293320e-01 4.0896043161e-01 7.5751488183e-01
6.3510300957e-01 4.0896011351e-01 7.5751585943e-01
9.7643639620e-01 2.0161963039e-01 -4.0661563234e-03
9.7643391583e-01 2.0162093750e-01 -4.0700207725e-03
9.7643819990e-01 2.0162320516e-01 -4.0660339989e-03
9.7643572054e-01 2.0162450442e-01 -4.0698990041e-03
9.7643059987e-01 2.0161894910e-01 -4.0687458142e-03
9.7642815002e-01 2.0162018074e-01 -4.0725721820e-03
9.7643233752e-01 2.0162249632e-01 -4.0686508180e-03
9.7642987870e-01 2.0162383163e-01 -4.0725610682e-03
1.2722071661e+00 1.1243080873e+00 6.1493125665e-01
1.2722112458e+00 1.1243077832e+00 6.1493938477e-01
1.2722070559e+00 1.1243080861e+00 6.1493079158e-01
1.2722111506e+00 1.1243077764e+00 6.1493889558e-01
1.2722151415e+00 1.1243098221e+00 6.1493348736e-01
1.2722194212e+00 1.1243095533e+00 6.1494159961e-01
1.2722150368e+00 1.1243098211e+00 6.1493303179e-01
1.2722193285e+00 1.1243095342e+00 6.1494111747e-01
2.7232875661e-01 7.7199132628e-01 -1.0842423063e+00
2.7232947216e-01 7.7199110946e-01 -1.0842432360e+00
2.7233017543e-01 7.7199775478e-01 -1.0842410615e+00
2.7233086382e-01 7.7199760809e-01 -1.0842420058e+00
2.7232612799e-01 7.7198992350e-01 -1.0842415311e+00
2.7232683492e-01 7.7198967007e-01 -1.0842424918e+00
2.7232748339e-01 7.7199644171e-01 -1.0842402669e+00
2.7232820273e-01 7.7199625048e-01 -1.0842411851e+00
-1.0824096680e-02 -2.7171844912e-01 -1.0602475622e+00
-1.0824857987e-02 -2.7172012761e-01 -1.0602485332e+00
-1.0824177171e-02 -2.7171975212e-01 -1.0602490946e+00
-1.0824938523e-02 -2.7172140618e-01 -1.0602500280e+00
-1.0823006924e-02 -2.7171716349e-01 -1.0602478165e+00
-1.0823769081e-02 -2.7171882233e-01 -1.0602488014e+00
-1.0823095493e-02 -2.7171847985e-01 -1.0602493324e+00
-1.0823857690e-02 -2.7172011425e-01 -1.0602502796e+00
1.7895608284e+00 -9.8544781231e-01 -1.6155773814e+00
1.7895626503e+00 -9.8544779842e-01 -1.6155691432e+00
1.7895605705e+00 -9.8545020168e-01 -1.6155763839e+00
1.7895623838e+00 -9.8545021260e-01 -1.6155681400e+00
1.7895573852e+00 -9.8544714983e-01 -1.6155777014e+00
1.7895592155e+00 -9.8544723110e-01 -1.6155694632e+00
1.7895571170e+00 -9.8544954751e-01 -1.6155767000e+00
1.7895589479e+00 -9.8544964527e-01 -1.6155684548e+00
7.3564655717e-03 -1.6912028343e+00 -3.8155646104e-01
7.3546807398e-03 -1.6912019624e+00 -3.8155788456e-01
7.3570930921e-03 -1.6911998649e+00 -3.8155881145e-01
7.3553412050e-03 -1.6911990251e+00 -3.8156017693e-01
7.3568369189e-03 -1.6912032649e+00 -3.8155425466e-01
7.3550682781e-03 -1.6912024069e+00 -3.8155563706e-01
7.3574625465e-03 -1.6912002959e+00 -3.8155657803e-01
7.3557270967e-03 -1.6911994661e+00 -3.8155793538e-01
5.4312263423e-02 -7.0590437405e-01 -2.0711711337e-01
5.4312200498e-02 -7.0590499306e-01 -2.0711594045e-01
5.4311263115e-02 -7.0590652308e-01 -2.0711643440e-01
5.4311201158e-02 -7.0590715337e-01 -2.0711525552e-01
5.4312289803e-02 -7.0590267298e-01 -2.0711671392e-01
5.4312226251e-02 -7.0590329070e-01 -2.0711553958e-01
5.4311290351e-02 -7.0590482190e-01 -2.0711603395e-01
5.4311227651e-02 -7.0590545102e-01 -2.0711485352e-01
-8.1772424816e-01 -2.2581631949e+00 -7.3634945482e-02
-8.1772204305e-01 -2.2581618338e+00 -7.3638252759e-02
-8.1772450758e-01 -2.2581645234e+00 -7.3635609400e-02
-8.1772230707e-01 -2.2581632013e+00 -7.3638955302e-02
-8.1772316333e-01 -2.2581653993e+00 -7.3634578865e-02
-8.1772095809e-01 -2.2581640382e+00 -7.3637885997e-02
-8.1772342237e-01 -2.2581667271e+00 -7.3635240667e-02
-8.1772122079e-01 -2.2581654051e+00 -7.3638587440e-02
-3.3880335858e-03 6.3925603501e-01 -4.2480747919e-01
-3.3891973075e-03 6.3925520256e-01 -4.2479959657e-01
-3.3883620804e-03 6.3925280865e-01 -4.2480661064e-01
-3.3895773157e-03 6.3925197214e-01 -4.2479869815e-01
-3.3850843933e-03 6.3925744076e-01 -4.2480882903e-01
-3.3862933403e-03 6.3925658470e-01 -4.2480088725e-01
-3.3854133213e-03 6.3925421829e-01 -4.2480796353e-01
-3.3866721234e-03 6.3925335456e-01 -4.2479998740e-01
-1.1176601501e+00 4.0229324589e-01 -3.2942177159e-01
-1.1176602895e+00 4.0229788635e-01 -3.2941650996e-01
-1.1176610295e+00 4.0229187766e-01 -3.2942071433e-01
-1.1176611642e+00 4.0229653125e-01 -3.2941542166e-01
-1.1176543028e+00 4.0229378774e-01 -3.2942046360e-01
-1.1176544939e+00 4.0229831207e-01 -3.2941516383e-01
-1.1176551823e+00 4.0229241915e-01 -3.2941940650e-01
-1.1176553683e+00 4.0229695651e-01 -3.2941407542e-01
-2.4930431167e+00 2.7622842254e+00 -4.5507003898e-01
-2.4930433746e+00 2.7622855423e+00 -4.5506335450e-01
-2.4930414860e+00 2.7622811376e+00 -4.5507053706e-01
-2.4930418401e+00 2.7622824346e+00 -4.5506392421e-01
-2.4930580703e+00 2.7622883489e+00 -4.5506682851e-01
-2.4930584235e+00 2.7622897922e+00 -4.5506023182e-01
-2.4930565395e+00 2.7622852527e+00 -4.5506741033e-01
-2.4930567997e+00 2.7622867206e+00 -4.5506075068e-01
1.5181983243e+00 1.8752494517e-01 -9.1601231627e-01
1.5181993401e+00 1.8752617127e-01 -9.1601465459e-01
1.5181988001e+00 1.8752432604e-01 -9.1601115113e-01
1.5181998173e+00 1.8752556538e-01 -9.1601349335e-01
1.5181874011e+00 1.8752425964e-01 -9.1601383880e-01
1.5181884387e+00 1.8752549240e-01 -9.1601617714e-01
1.5181878809e+00 1.8752362849e-01 -9.1601268603e-01
1.5181889157e+00 1.8752485129e-01 -9.1601501556e-01
1.0643967557e+00 6.8180023773e-01 -6.0533795423e-01
1.0643963506e+00 6.8180008958e-01 -6.0533956873e-01
1.0643964798e+00 6.8179921395e-01 -6.0533698625e-01
1.0643961435e+00 6.8179901952e-01 -6.0533864382e-01
1.0643912715e+00 6.8180002347e-01 -6.0533562637e-01
1.0643908632e+00 6.8179987963e-01 -6.0533724579e-01
1.0643909968e+00 6.8179900375e-01 -6.0533465581e-01
1.0643906573e+00 6.8179881367e-01 -6.0533631822e-01
-1.5252712904e+00 2.8793903247e+00 1.9764387975e-01
-1.5252746640e+00 2.8793919707e+00 1.9763882303e-01
-1.5252735887e+00 2.8794024584e+00 1.9764146070e-01
-1.5252769850e+00 2.8794041355e+00 1.9763640751e-01
-1.5252711957e+00 2.8793897908e+00 1.9764455458e-01
-1.5252745938e+00 2.8793914649e+00 1.9763948968e-01
-1.5252734567e+00 2.8794019379e+00 1.9764215823e-01
-1.5252768700e+00 2.8794036162e+00 1.9763707483e-01
-1.0441742979e-01 8.6309928209e-01 -1.6300537969e-01
-1.0442038572e-01 8.6310022570e-01 -1.6300860185e-01
-1.0441852995e-01 8.6309813614e-01 -1.6300541943e-01
-1.0442148789e-01 8.6309907858e-01 -1.6300864331e-01
-1.0441564630e-01 8.6310037488e-01 -1.6300756213e-01
-1.0441859230e-01 8.6310132228e-01 -1.6301078660e-01
-1.0441674830e-01 8.6309922759e-01 -1.6300760329e-01
-1.0441969627e-01 8.6310017384e-01 -1.6301082955e-01
-3.9730030005e-01 2.3142899178e-01 1.1007796679e+00
-3.9729744907e-01 2.3142790680e-01 1.1007852056e+00
-3.9729708563e-01 2.3143871954e-01 1.1007760652e+00
-3.9729415687e-01 2.3143769837e-01 1.1007814972e+00
-3.9729799546e-01 2.3142821837e-01 1.1007818272e+00
-3.9729520820e-01 2.3142714438e-01 1.1007873555e+00
-3.9729487437e-01 2.3143799078e-01 1.1007782270e+00
-3.9729187341e-01 2.3143695693e-01 1.1007836813e+00
-9.3543377318e-01 -1.3207506078e+00 1.9137138100e+00
-9.3543269396e-01 -1.3207510968e+00 1.9137126360e+00
-9.3543349030e-01 -1.3207507617e+00 1.9137138841e+00
-9.3543244754e-01 -1.3207512589e+00 1.9137126979e+00
-9.3543027917e-01 -1.3207487535e+00 1.9137137564e+00
-9.3542920536e-01 -1.3207492468e+00 1.9137125845e+00
-9.3542999585e-01 -1.3207489076e+00 1.9137138304e+00
-9.3542895850e-01 -1.3207494091e+00 1.9137126464e+00
-4.6806226806e-02 -4.4288527618e-01 -5.3371620831e-02
-4.6806829526e-02 -4.4288855618e-01 -5.3375677305e-02
-4.6807518911e-02 -4.4288580606e-01 -5.3370392613e-02
-4.6808105441e-02 -4.4288907268e-01 -5.3374431416e-02
-4.6812031760e-02 -4.4288571756e-01 -5.3372104839e-02
-4.6812533507e-02 -4.4288898865e-01 -5.3376194771e-02
-4.6813298809e-02 -4.4288625551e-01 -5.3370858887e-02
-4.6813820327e-02 -4.4288954444e-01 -5.3374968734e-02
-3.0758926218e+00 -6.2487027777e-01 -8.2044066572e-01
-3.0758959306e+00 -6.2487624730e-01 -8.2044865693e-01
-3.0758951855e+00 -6.2487268859e-01 -8.2044346555e-01
-3.0758984933e+00 -6.2487865952e-01 -8.2045145793e-01
-3.0759083501e+00 -6.2487179652e-01 -8.2044628382e-01
-3.0759116658e+00 -6.2487783479e-01 -8.2045428967e-01
-3.0759108971e+00 -6.2487412112e-01 -8.2044889542e-01
-3.0759142114e+00 -6.2488016429e-01 -8.2045689740e-01
1.2724472699e+00 -9.5129753998e-01 5.9193868474e-01
1.2724477141e+00 -9.5129759827e-01 5.9193906071e-01
1.2724475503e+00 -9.5129814541e-01 5.9193968380e-01
1.2724480227e+00 -9.5129819633e-01 5.9194009471e-01
1.2724487501e+00 -9.5129780878e-01 5.9193949710e-01
1.2724491874e+00 -9.5129784237e-01 5.9193991555e-01
1.2724490314e+00 -9.5129841403e-01 5.9194049485e-01
1.2724494967e+00 -9.5129844040e-01 5.9194094802e-01
-1.3821079927e+00 1.1518652166e+00 6.6259010870e-01
-1.3821091493e+00 1.1518662318e+00 6.6258442927e-01
-1.3821087377e+00 1.1518629116e+00 6.6258939602e-01
-1.3821099007e+00 1.1518639281e+00 6.6258371869e-01
-1.3821082654e+00 1.1518638055e+00 6.6259050725e-01
-1.3821093901e+00 1.1518648296e+00 6.6258482741e-01
-1.3821090152e+00 1.1518614925e+00 6.6258980634e-01
-1.3821101463e+00 1.1518625179e+00 6.6258412860e-01
-2.2209340854e+00 -1.3117740694e+00 -1.4769318539e-01
-2.2209307801e+00 -1.3117714286e+00 -1.4768662962e-01
-2.2209346140e+00 -1.3117760916e+00 -1.4769365591e-01
-2.2209312622e+00 -1.3117735256e+00 -1.4768715543e-01
-2.2209497606e+00 -1.3117746312e+00 -1.4769592751e-01
-2.2209467140e+00 -1.3117721805e+00 -1.4768933293e-01
-2.2209503043e+00 -1.3117766312e+00 -1.4769640991e-01
-2.2209472111e+00 -1.3117741827e+00 -1.4768985962e-01
5.7523390242e-01 -1.3427901825e+00 3.7191119101e-01
5.7523469878e-01 -1.3427911958e+00 3.7190843083e-01
5.7523712103e-01 -1.3427988474e+00 3.7190911552e-01
5.7523788314e-01 -1.3427999056e+00 3.7190634366e-01
5.7523376939e-01 -1.3427899269e+00 3.7191137014e-01
5.7523456559e-01 -1.3427909404e+00 3.7190861028e-01
5.7523699303e-01 -1.3427986128e+00 3.7190927501e-01
5.7523775496e-01 -1.3427996711e+00 3.7190650353e-01
2.0789287592e+00 -1.3239452326e+00 -6.7810033636e-01
2.0789288715e+00 -1.3239449956e+00 -6.7809887964e-01
2.0789303962e+00 -1.3239482850e+00 -6.7810050407e-01
2.0789305074e+00 -1.3239480508e+00 -6.7809904581e-01
2.0789357201e+00 -1.3239460297e+00 -6.7810140398e-01
2.0789358918e+00 -1.3239457933e+00 -6.7809995458e-01
2.0789373568e+00 -1.3239490833e+00 -6.7810157236e-01
2.0789375275e+00 -1.3239488496e+00 -6.7810012142e-01
1.1157224014e+00 2.9176161538e-01 1.8441132425e-01
1.1157208818e+00 2.9176236537e-01 1.8440968888e-01
1.1157217187e+00 2.9176389591e-01 1.8440956040e-01
1.1157201859e+00 2.9176461022e-01 1.8440790457e-01
1.1157234998e+00 2.9176156417e-01 1.8441060913e-01
1.1157219894e+00 2.9176231181e-01 1.8440897436e-01
1.1157227424e+00 2.9176379949e-01 1.8440875961e-01
1.1157212143e+00 2.9176451496e-01 1.8440710162e-01
8.7744964684e-01 -8.5249197088e-01 -3.6075602719e-01
8.7744734593e-01 -8.5249415662e-01 -3.6075007510e-01
8.7744904285e-01 -8.5249223355e-01 -3.6075604839e-01
8.7744674196e-01 -8.5249440807e-01 -3.6075010696e-01
8.7745110464e-01 -8.5249228946e-01 -3.6075527136e-01
8.7744874813e-01 -8.5249441001e-01 -3.6074927343e-01
8.7745050302e-01 -8.5249253530e-01 -3.6075530663e-01
8.7744814394e-01 -8.5249466378e-01 -3.6074930486e-01
9.2749604599e-01 1.6645292185e+00 4.7409761266e-01
9.2749741015e-01 1.6645302931e+00 4.7409495862e-01
9.2749599164e-01 1.6645272685e+00 4.7409594277e-01
9.2749736048e-01 1.6645283199e+00 4.7409331263e-01
9.2749142933e-01 1.6645261116e+00 4.7409953087e-01
9.2749281697e-01 1.6645271560e+00 4.7409685657e-01
9.2749136307e-01 1.6645242223e+00 4.7409777903e-01
9.2749276515e-01 1.6645252921e+00 4.7409508844e-01
1.5695248313e-02 -3.4830140710e-01 1.7453737801e-01
1.5697782215e-02 -3.4829941060e-01 1.7454277114e-01
1.5696295677e-02 -3.4829639730e-01 1.7453874325e-01
1.5698834213e-02 -3.4829442773e-01 1.7454412279e-01
1.5693206997e-02 -3.4830036595e-01 1.7453924424e-01
1.5695765227e-02 -3.4829838565e-01 1.7454459407e-01
1.5694262462e-02 -3.4829537775e-01 1.7454057527e-01
1.5696791858e-02 -3.4829337578e-01 1.7454594895e-01
-9.7914788112e-01 7.8151351050e-01 -3.6230810223e-01
-9.7914842039e-01 7.8151454157e-01 -3.6229900383e-01
-9.7914737938e-01 7.8152303534e-01 -3.6230742659e-01
-9.7914813827e-01 7.8152397809e-01 -3.6229830140e-01
-9.7914641157e-01 7.8151222158e-01 -3.6230780842e-01
-9.7914695670e-01 7.8151321488e-01 -3.6229874818e-01
-9.7914596298e-01 7.8152172427e-01 -3.6230716984e-01
-9.7914667410e-01 7.8152267552e-01 -3.6229800846e-01
2.7930296273e-01 -9.5882633403e-01 -1.1399072707e+00
2.7930126804e-01 -9.5882772518e-01 -1.1398996625e+00
2.7930386326e-01 -9.5882780496e-01 -1.1399077284e+00
2.7930216202e-01 -9.5882919091e-01 -1.1399001278e+00
2.7930603044e-01 -9.5882497117e-01 -1.1399093758e+00
2.7930432896e-01 -9.5882639020e-01 -1.1399016997e+00
2.7930695842e-01 -9.5882648646e-01 -1.1399098321e+00
2.7930525559e-01 -9.5882790161e-01 -1.1399021619e+00
5.3537159759e-01 3.9375028698e-01 -5.9542066019e-01
5.3537145160e-01 3.9375073773e-01 -5.9541952097e-01
5.3537140757e-01 3.9375376114e-01 -5.9542105107e-01
5.3537124759e-01 3.9375408501e-01 -5.9541983726e-01
5.3537221788e-01 3.9375099225e-01 -5.9542054397e-01
5.3537205777e-01 3.9375141957e-01 -5.9541940663e-01
5.3537192479e-01 3.9375449578e-01 -5.9542086531e-01
5.3537176478e-01 3.9375481954e-01 -5.9541965178e-01
-9.8971870624e-01 3.1273606044e-01 -5.3327841815e-01
-9.8971928880e-01 3.1273751149e-01 -5.3327681628e-01
-9.8971869285e-01 3.1273576914e-01 -5.3327850523e-01
-9.8971928814e-01 3.1273723049e-01 -5.3327689146e-01
-9.8972143443e-01 3.1273496821e-01 -5.3327718925e-01
-9.8972200614e-01 3.1273641328e-01 -5.3327555246e-01
-9.8972145900e-01 3.1273467551e-01 -5.3327728560e-01
-9.8972203431e-01 3.1273611724e-01 -5.3327565459e-01
-3.0078760791e+00 2.4421017268e+00 6.6397110939e-01
-3.0078763223e+00 2.4421013262e+00 6.6397269737e-01
-3.0078759207e+00 2.4421017652e+00 6.6397098025e-01
-3.0078761647e+00 2.4421013649e+00 6.6397256779e-01
-3.0078756290e+00 2.4421019099e+00 6.6396986339e-01
-3.0078758718e+00 2.4421015098e+00 6.6397145205e-01
-3.0078754703e+00 2.4421018977e+00 6.6396971709e-01
-3.0078757139e+00 2.4421014979e+00 6.6397130531e-01
8.8303094607e-01 6.7823850244e-01 -7.0403032998e-02
8.8303062392e-01 6.7824099792e-01 -7.0398561703e-02
8.8303135894e-01 6.7823861511e-01 -7.0404462764e-02
8.8303103909e-01 6.7824110958e-01 -7.0399991465e-02
8.8302865333e-01 6.7823901049e-01 -7.0405029706e-02
8.8302831639e-01 6.7824152386e-01 -7.0400527865e-02
8.8302903553e-01 6.7823910498e-01 -7.0406441347e-02
8.8302869784e-01 6.7824161950e-01 -7.0401937536e-02
2.9063545098e+00 5.3982976826e-01 1.1695817065e+00
2.9063612592e+00 5.3983197709e-01 1.1695959593e+00
2.9063542891e+00 5.3983114545e-01 1.1695813511e+00
2.9063610467e+00 5.3983335978e-01 1.1695956040e+00
2.9063547213e+00 5.3982760062e-01 1.1695812053e+00
2.9063614907e+00 5.3982980165e-01 1.1695954311e+00
2.9063544849e+00 5.3982895184e-01 1.1695808427e+00
2.9063612760e+00 5.3983118382e-01 1.1695950752e+00
-1.5327988397e-01 -1.4859096333e-01 -1.6020268457e-01
-1.5327814835e-01 -1.4859042902e-01 -1.6019892625e-01
-1.5328030545e-01 -1.4859193328e-01 -1.6020374705e-01
-1.5327859730e-01 -1.4859144708e-01 -1.6019998758e-01
-1.5328407415e-01 -1.4859147304e-01 -1.6020160478e-01
-1.5328231590e-01 -1.4859090166e-01 -1.6019781788e-01
-1.5328449394e-01 -1.4859244854e-01 -1.6020268735e-01
-1.5328275389e-01 -1.4859191892e-01 -1.6019889263e-01
6.0703725252e-01 6.0392935853e-01 -9.1718209688e-01
6.0703890610e-01 6.0392933482e-01 -9.1717910525e-01
6.0703780592e-01 6.0392926486e-01 -9.1718221554e-01
6.0703945714e-01 6.0392923960e-01 -9.1717922707e-01
6.0704128834e-01 6.0392755420e-01 -9.1718382093e-01
6.0704294173e-01 6.0392752769e-01 -9.1718083273e-01
6.0704184183e-01 6.0392746052e-01 -9.1718393955e-01
6.0704349285e-01 6.0392743247e-01 -9.1718095451e-01
-2.6574499536e-01 -1.0717802671e-01 1.2105853129e-01
-2.6574344935e-01 -1.0717830606e-01 1.2106717490e-01
-2.6574330084e-01 -1.0716997651e-01 1.2105847521e-01
-2.6574171113e-01 -1.0717019586e-01 1.2106717183e-01
-2.6575184942e-01 -1.0717810250e-01 1.2105677419e-01
-2.6575029494e-01 -1.0717839940e-01 1.2106551656e-01
-2.6575008834e-01 -1.0717013566e-01 1.2105667783e-01
-2.6574842028e-01 -1.0717034137e-01 1.2106543068e-01
1.2697179276e+00 1.0934685186e+00 -5.5219605805e-01
1.2697176822e+00 1.0934681186e+00 -5.5219446976e-01
1.2697178098e+00 1.0934714124e+00 -5.5219592197e-01
1.2697175514e+00 1.0934710763e+00 -5.5219439026e-01
1.2697219748e+00 1.0934692069e+00 -5.5219514680e-01
1.2697217324e+00 1.0934688228e+00 -5.5219355637e-01
1.2697218405e+00 1.0934721402e+00 -5.5219502572e-01
1.2697215853e+00 1.0934718212e+00 -5.5219348819e-01
8.6215945871e-01 -5.7053610580e-01 -3.5842004832e-01
8.6216019373e-01 -5.7053552748e-01 -3.5841864596e-01
8.6215799133e-01 -5.7053237340e-01 -3.5841985692e-01
8.6215871497e-01 -5.7053179807e-01 -3.5841842162e-01
8.6215892166e-01 -5.7053689112e-01 -3.5841965857e-01
8.6215969225e-01 -5.7053631340e-01 -3.5841825689e-01
8.6215748872e-01 -5.7053315810e-01 -3.5841946694e-01
8.6215821254e-01 -5.7053258280e-01 -3.5841803114e-01
-4.9574234578e-01 -5.6655426033e-01 -5.8853024303e-01
-4.9574292742e-01 -5.6655608871e-01 -5.8852742962e-01
-4.9574303492e-01 -5.6655476288e-01 -5.8853052604e-01
-4.9574361475e-01 -5.6655659222e-01 -5.8852770989e-01
-4.9574590399e-01 -5.6655393422e-01 -5.8853047186e-01
-4.9574635945e-01 -5.6655569534e-01 -5.8852757667e-01
-4.9574658346e-01 -5.6655441705e-01 -5.8853074095e-01
-4.9574703916e-01 -5.6655617821e-01 -5.8852784585e-01
-1.5277519120e-02 -7.9177367138e-01 -7.1463333618e-01
-1.5277511966e-02 -7.9177341642e-01 -7.1463269739e-01
-1.5279341377e-02 -7.9177332387e-01 -7.1463276385e-01
-1.5279323374e-02 -7.9177306758e-01 -7.1463213235e-01
-1.5277644018e-02 -7.9177325741e-01 -7.1463269602e-01
-1.5277625676e-02 -7.9177300802e-01 -7.1463201462e-01
-1.5279465182e-02 -7.9177291180e-01 -7.1463212424e-01
-1.5279435991e-02 -7.9177266108e-01 -7.1463145014e-01
-9.8409269013e-01 1.5942911991e+00 1.3295317530e+00
-9.8409377971e-01 1.5942893281e+00 1.3295358433e+00
-9.8409287365e-01 1.5942911477e+00 1.3295319174e+00
-9.8409396337e-01 1.5942892769e+00 1.3295360076e+00
-9.8410171133e-01 1.5942918556e+00 1.3295334041e+00
-9.8410278569e-01 1.5942899953e+00 1.3295374798e+00
-9.8410190570e-01 1.5942918138e+00 1.3295335539e+00
-9.8410297287e-01 1.5942899497e+00 1.3295376298e+00
1.0627361848e+00 -4.0905038366e+00 -3.7678582875e-01
1.0627362459e+00 -4.0905034717e+00 -3.7678369785e-01
1.0627370363e+00 -4.0905047315e+00 -3.7678604017e-01
1.0627370931e+00 -4.0905043658e+00 -3.7678391176e-01
1.0627382473e+00 -4.0905038617e+00 -3.7678673955e-01
1.0627383094e+00 -4.0905035298e+00 -3.7678464312e-01
1.0627390661e+00 -4.0905047541e+00 -3.7678694779e-01
1.0627391238e+00 -4.0905044214e+00 -3.7678485384e-01
1.6692418171e+00 4.4766891795e-02 7.6739668036e-01
1.6692408403e+00 4.4765956811e-02 7.6739776866e-01
1.6692421472e+00 4.4766217547e-02 7.6739800319e-01
1.6692411386e+00 4.4765320128e-02 7.6739903777e-01
1.6692402425e+00 4.4766515267e-02 7.6739736110e-01
1.6692392505e+00 4.4765599888e-02 7.6739841496e-01
1.6692405726e+00 4.4765841213e-02 7.6739868393e-01
1.6692395493e+00 4.4764952217e-02 7.6739969091e-01
8.5761815834e-01 -2.8813883816e-01 -6.8040092530e-01
8.5761904964e-01 -2.8813797592e-01 -6.8039853397e-01
8.5761826758e-01 -2.8814023654e-01 -6.8040333356e-01
8.5761916104e-01 -2.8813937001e-01 -6.8040093501e-01
8.5761765882e-01 -2.8813846199e-01 -6.8040279343e-01
8.5761858886e-01 -2.8813760013e-01 -6.8040040324e-01
8.5761776868e-01 -2.8813986029e-01 -6.8040520178e-01
8.5761870087e-01 -2.8813899414e-01 -6.8040280436e-01
-1.6795626851e-01 1.1079411681e+00 7.4995643238e-01
-1.6795697017e-01 1.1079410571e+00 7.4995741936e-01
-1.6795553652e-01 1.1079402754e+00 7.4995601839e-01
-1.6795623220e-01 1.1079401712e+00 7.4995701665e-01
-1.6795507264e-01 1.1079429621e+00 7.4995853065e-01
-1.6795577258e-01 1.1079428498e+00 7.4995951822e-01
-1.6795433727e-01 1.1079420661e+00 7.4995811758e-01
-1.6795502587e-01 1.1079419668e+00 7.4995911231e-01
-7.5523687068e-01 -1.8274029451e-01 1.9705446283e-01
-7.5523893452e-01 -1.8274135536e-01 1.9705485443e-01
-7.5523683365e-01 -1.8274016797e-01 1.9705435509e-01
-7.5523889986e-01 -1.8274122750e-01 1.9705475524e-01
-7.5524119029e-01 -1.8274023673e-01 1.9705714973e-01
-7.5524328933e-01 -1.8274123991e-01 1.9705761792e-01
-7.5524116300e-01 -1.8274012910e-01 1.9705705393e-01
-7.5524325982e-01 -1.8274113476e-01 1.9705751398e-01
-1.1349250738e+00 3.9846188269e-01 3.8953971062e-01
-1.1349254182e+00 3.9846242177e-01 3.8953860250e-01
-1.1349253990e+00 3.9846166448e-01 3.8954064006e-01
-1.1349257444e+00 3.9846220469e-01 3.8953953284e-01
-1.1349242728e+00 3.9846208995e-01 3.8953978028e-01
-1.1349246214e+00 3.9846263986e-01 3.8953867462e-01
-1.1349245996e+00 3.9846188423e-01 3.8954069936e-01
-1.1349249482e+00 3.9846243466e-01 3.8953959495e-01
3.7705916988e-01 3.6480027110e-01 8.3309317378e-01
3.7705940674e-01 3.6480042066e-01 8.3309367598e-01
3.7705965531e-01 3.6479988859e-01 8.3309337418e-01
3.7705990632e-01 3.6480004728e-01 8.3309388734e-01
3.7706336975e-01 3.6479931064e-01 8.3309237606e-01
3.7706354862e-01 3.6479946408e-01 8.3309289346e-01
3.7706385879e-01 3.6479895243e-01 8.3309261324e-01
3.7706405182e-01 3.6479911500e-01 8.3309314161e-01
-6.3038614099e-01 -2.0212834758e-01 -1.7140993297e+00
-6.3038380244e-01 -2.0212991925e-01 -1.7140963500e+00
-6.3038609550e-01 -2.0212862541e-01 -1.7140989148e+00
-6.3038375656e-01 -2.0213019505e-01 -1.7140959312e+00
-6.3038768360e-01 -2.0212877018e-01 -1.7140998729e+00
-6.3038534461e-01 -2.0213034894e-01 -1.7140968942e+00
-6.3038764399e-01 -2.0212908124e-01 -1.7140994426e+00
-6.3038530460e-01 -2.0213065797e-01 -1.7140964601e+00
-4.1047871193e-02 4.8215994339e-01 2.0930480357e+00
-4.1046398578e-02 4.8215978817e-01 2.0930538437e+00
-4.1048353521e-02 4.8215809503e-01 2.0930490086e+00
-4.1046917538e-02 4.8215797110e-01 2.0930548530e+00
-4.1056112012e-02 4.8215939506e-01 2.0930458230e+00
-4.1054516789e-02 4.8215925982e-01 2.0930516218e+00
-4.1056575278e-02 4.8215756421e-01 2.0930468073e+00
-4.1055057372e-02 4.8215742513e-01 2.0930526317e+00
-5.4726021841e-01 9.6271255079e-01 1.5218107320e+00
-5.4725859023e-01 9.6271169846e-01 1.5218070390e+00
-5.4725961201e-01 9.6271236381e-01 1.5218133757e+00
-5.4725798472e-01 9.6271152863e-01 1.5218096710e+00
-5.4725841750e-01 9.6271287880e-01 1.5218096365e+00
-5.4725679169e-01 9.6271205566e-01 1.5218059515e+00
-5.4725780392e-01 9.6271268728e-01 1.5218122816e+00
-5.4725617899e-01 9.6271188129e-01 1.5218085849e+00
-7.7816538100e-01 -6.9173191560e-01 8.9608153446e-02
-7.7816611262e-01 -6.9173107789e-01 8.9612123599e-02
-7.7816602036e-01 -6.9173226741e-01 8.9611058426e-02
-7.7816675862e-01 -6.9173144605e-01 8.9614975705e-02
-7.7816414925e-01 -6.9173269162e-01 8.9608786014e-02
-7.7816487401e-01 -6.9173185122e-01 8.9612749299e-02
-7.7816479161e-01 -6.9173304660e-01 8.9611690617e-02
-7.7816552301e-01 -6.9173222255e-01 8.9615601027e-02
-6.4236712110e-01 -3.6152537198e-01 1.1939393835e+00
-6.4236618798e-01 -3.6152548778e-01 1.1939442415e+00
-6.4236732495e-01 -3.6152525844e-01 1.1939406913e+00
-6.4236639820e-01 -3.6152535544e-01 1.1939455237e+00
-6.4236732905e-01 -3.6152568911e-01 1.1939414461e+00
-6.4236637084e-01 -3.6152582122e-01 1.1939462804e+00
-6.4236753266e-01 -3.6152557601e-01 1.1939427540e+00
-6.4236657987e-01 -3.6152568957e-01 1.1939475623e+00
1.3124499578e+00 -7.2367639397e-01 7.3760373526e-01
1.3124500296e+00 -7.2367603768e-01 7.3760308311e-01
1.3124491518e+00 -7.2367618018e-01 7.3760446060e-01
1.3124492210e+00 -7.2367582999e-01 7.3760380789e-01
1.3124491999e+00 -7.2367687973e-01 7.3760368648e-01
1.3124492717e+00 -7.2367652211e-01 7.3760303074e-01
1.3124483941e+00 -7.2367666612e-01 7.3760441224e-01
1.3124484630e+00 -7.2367631456e-01 7.3760375585e-01
4.9402770950e-01 -4.3356573496e-01 4.4084959017e-01
4.9402202971e-01 -4.3356246324e-01 4.4086102606e-01
4.9402756850e-01 -4.3356515445e-01 4.4085030116e-01
4.9402190502e-01 -4.3356190751e-01 4.4086174280e-01
4.9402789500e-01 -4.3356489912e-01 4.4084839114e-01
4.9402225612e-01 -4.3356160647e-01 4.4085986880e-01
4.9402775414e-01 -4.3356431854e-01 4.4084910223e-01
4.9402215568e-01 -4.3356102357e-01 4.4086063325e-01
-3.5745276124e-01 -9.1401902453e-01 8.4369402885e-02
-3.5745299249e-01 -9.1401889321e-01 8.4368820306e-02
-3.5745280327e-01 -9.1401911477e-01 8.4368506397e-02
-3.5745304048e-01 -9.1401898501e-01 8.4367928072e-02
-3.5745174654e-01 -9.1401897929e-01 8.4369850140e-02
-3.5745198607e-01 -9.1401884488e-01 8.4369261304e-02
-3.5745179002e-01 -9.1401906955e-01 8.4368949759e-02
-3.5745203550e-01 -9.1401893671e-01 8.4368365177e-02
5.5584867419e-01 1.0551141824e+00 1.6086246341e-01
5.5584700254e-01 1.0551136994e+00 1.6086997000e-01
5.5584874630e-01 1.0551143885e+00 1.6086308805e-01
5.5584707701e-01 1.0551138973e+00 1.6087063689e-01
5.5584893024e-01 1.0551144570e+00 1.6086017242e-01
5.5584731952e-01 1.0551139833e+00 1.6086770202e-01
5.5584899452e-01 1.0551146785e+00 1.6086080438e-01
5.5584735822e-01 1.0551142000e+00 1.6086832828e-01
-8.9735352796e-01 -1.3557413197e+00 -5.0835521312e-01
-8.9735213541e-01 -1.3557404043e+00 -5.0835017995e-01
-8.9735403904e-01 -1.3557434794e+00 -5.0835525096e-01
-8.9735264382e-01 -1.3557425661e+00 -5.0835021620e-01
-8.9735419775e-01 -1.3557418956e+00 -5.0835338161e-01
-8.9735280622e-01 -1.3557409795e+00 -5.0834834052e-01
-8.9735474664e-01 -1.3557440806e+00 -5.0835340631e-01
-8.9735335244e-01 -1.3557431665e+00 -5.0834836363e-01
9.8585343068e-01 6.5105700988e-01 2.2058650521e+00
9.8585453281e-01 6.5105856734e-01 2.2058635183e+00
9.8585384019e-01 6.5106638921e-01 2.2058727036e+00
9.8585492692e-01 6.5106795916e-01 2.2058711671e+00
9.8583448034e-01 6.5105874053e-01 2.2058638499e+00
9.8583557156e-01 6.5106028997e-01 2.2058623166e+00
9.8583467332e-01 6.5106806876e-01 2.2058714603e+00
9.8583575869e-01 6.5106964843e-01 2.2058699178e+00
1.4155472179e-01 -5.7414946945e-01 -6.7856179233e-01
1.4155546378e-01 -5.7414879485e-01 -6.7856528015e-01
1.4155655181e-01 -5.7415156588e-01 -6.7856049263e-01
1.4155729111e-01 -5.7415088552e-01 -6.7856398159e-01
1.4155502931e-01 -5.7414895785e-01 -6.7856348737e-01
1.4155578582e-01 -5.7414829270e-01 -6.7856698392e-01
1.4155682673e-01 -5.7415105374e-01 -6.7856218762e-01
1.4155758055e-01 -5.7415038283e-01 -6.7856568532e-01
4.2757843720e-01 -1.5808670810e+00 9.8150804900e-02
4.2758092302e-01 -1.5808650492e+00 9.8142362951e-02
4.2757781314e-01 -1.5808697739e+00 9.8149039951e-02
4.2758027654e-01 -1.5808677288e+00 9.8140626420e-02
4.2758094248e-01 -1.5808647387e+00 9.8151090593e-02
4.2758343097e-01 -1.5808627037e+00 9.8142646814e-02
4.2758031834e-01 -1.5808674313e+00 9.8149325536e-02
4.2758278442e-01 -1.5808653830e+00 9.8140910172e-02
3.2788239409e-01 -7.6777503146e-02 -1.2111002727e+00
3.2788141868e-01 -7.6779082206e-02 -1.2111053193e+00
3.2788236898e-01 -7.6778064601e-02 -1.2111001791e+00
3.2788138925e-01 -7.6779651097e-02 -1.2111051646e+00
3.2788340172e-01 -7.6778538689e-02 -1.2110994211e+00
3.2788244562e-01 -7.6780129685e-02 -1.2111044373e+00
3.2788339864e-01 -7.6779161653e-02 -1.2110993211e+00
3.2788243839e-01 -7.6780760029e-02 -1.2111042764e+00
8.9954470979e-01 4.6227490926e-01 -2.3294563242e+00
8.9954355063e-01 4.6227580381e-01 -2.3294589261e+00
8.9954489625e-01 4.6227452874e-01 -2.3294576551e+00
8.9954373687e-01 4.6227541266e-01 -2.3294602470e+00
8.9954430357e-01 4.6227449318e-01 -2.3294553646e+00
8.9954316716e-01 4.6227542366e-01 -2.3294579592e+00
8.9954449436e-01 4.6227411039e-01 -2.3294566948e+00
8.9954335771e-01 4.6227503022e-01 -2.3294592794e+00
-2.2445534984e+00 4.3437694711e-01 2.1620920862e-02
-2.2445519550e+00 4.3437658293e-01 2.1618663085e-02
-2.2445555111e+00 4.3437695176e-01 2.1622277174e-02
-2.2445539806e+00 4.3437660794e-01 2.1620053356e-02
-2.2445552910e+00 4.3437599404e-01 2.1621414259e-02
-2.2445537912e+00 4.3437561528e-01 2.1619195865e-02
-2.2445573158e+00 4.3437595489e-01 2.1622805045e-02
-2.2445558186e+00 4.3437559925e-01 2.1620574716e-02
-1.7484668029e+00 -4.7867804153e-01 -8.7720060508e-01
-1.7484681021e+00 -4.7867870944e-01 -8.7720190046e-01
-1.7484675926e+00 -4.7867701108e-01 -8.7719989652e-01
-1.7484688955e+00 -4.7867768069e-01 -8.7720115682e-01
-1.7484611289e+00 -4.7867771219e-01 -8.7720084419e-01
-1.7484624279e+00 -4.7867837975e-01 -8.7720213992e-01
-1.7484618575e+00 -4.7867667500e-01 -8.7720015121e-01
-1.7484631602e+00 -4.7867734246e-01 -8.7720140932e-01
1.7116434905e+00 -1.3331236306e-01 -4.2906577921e-01
1.7116437551e+00 -1.3331340348e-01 -4.2906738682e-01
1.7116441099e+00 -1.3330847745e-01 -4.2906167453e-01
1.7116443265e+00 -1.3330966380e-01 -4.2906321075e-01
1.7116396809e+00 -1.3331247705e-01 -4.2906703724e-01
1.7116399126e+00 -1.3331352711e-01 -4.2906860876e-01
1.7116402573e+00 -1.3330861864e-01 -4.2906302331e-01
1.7116404377e+00 -1.3330966742e-01 -4.2906455161e-01
-6.2732511885e-02 3.4350788522e+00 2.7520547308e+00
-6.2732107073e-02 3.4350782881e+00 2.7520547183e+00
-6.2730128722e-02 3.4350738446e+00 2.7520434372e+00
-6.2729737239e-02 3.4350732691e+00 2.7520434069e+00
-6.2734245876e-02 3.4350776368e+00 2.7520559127e+00
-6.2733845390e-02 3.4350770708e+00 2.7520559017e+00
-6.2731872745e-02 3.4350724962e+00 2.7520446950e+00
-6.2731485056e-02 3.4350719171e+00 2.7520446680e+00
-1.3931405671e+00 1.4551125515e+00 2.4355612986e+00
-1.3931360028e+00 1.4551036095e+00 2.4355467087e+00
-1.3931442135e+00 1.4551190746e+00 2.4355616825e+00
-1.3931398205e+00 1.4551101992e+00 2.4355472006e+00
-1.3931397692e+00 1.4551129903e+00 2.4355600831e+00
-1.3931352060e+00 1.4551040561e+00 2.4355455098e+00
-1.3931434336e+00 1.4551195022e+00 2.4355604435e+00
-1.3931390519e+00 1.4551106061e+00 2.4355459666e+00
-3.2304349255e-01 1.2770636347e+00 -6.3729716098e-01
-3.2304259246e-01 1.2770635798e+00 -6.3730206854e-01
-3.2304397840e-01 1.2770612441e+00 -6.3729665477e-01
-3.2304308004e-01 1.2770611626e+00 -6.3730154464e-01
-3.2304026671e-01 1.2770644384e+00 -6.3729752084e-01
-3.2303937320e-01 1.2770643886e+00 -6.3730243244e-01
-3.2304074584e-01 1.2770620436e+00 -6.3729701484e-01
-3.2303985405e-01 1.2770619672e+00 -6.3730190876e-01
6.1131346802e-01 -7.9199088304e-01 -6.0310472849e-01
6.1131249792e-01 -7.9199198243e-01 -6.0310177941e-01
6.1131163026e-01 -7.9198925326e-01 -6.0310489366e-01
6.1131063182e-01 -7.9199032736e-01 -6.0310194609e-01
6.1131427803e-01 -7.9199236649e-01 -6.0310561769e-01
6.1131331781e-01 -7.9199347955e-01 -6.0310266668e-01
6.1131243467e-01 -7.9199074157e-01 -6.0310578256e-01
6.1131145190e-01 -7.9199182457e-01 -6.0310283327e-01
2.4991757470e+00 1.1526855305e+00 1.1766214962e+00
2.4991727776e+00 1.1526845601e+00 1.1766142128e+00
2.4991792422e+00 1.1526931431e+00 1.1766247763e+00
2.4991762156e+00 1.1526921858e+00 1.1766174965e+00
2.4991630291e+00 1.1526817095e+00 1.1766141207e+00
2.4991600991e+00 1.1526807748e+00 1.1766068579e+00
2.4991665628e+00 1.1526892784e+00 1.1766174201e+00
2.4991635996e+00 1.1526884821e+00 1.1766100862e+00
-2.3743229541e-01 6.7428798079e-01 -9.9069199194e-01
-2.3743215360e-01 6.7428826086e-01 -9.9069435736e-01
-2.3743236184e-01 6.7428808916e-01 -9.9069185290e-01
-2.3743221701e-01 6.7428838068e-01 -9.9069421806e-01
-2.3743286419e-01 6.7428721954e-01 -9.9069132327e-01
-2.3743271588e-01 6.7428750723e-01 -9.9069368430e-01
-2.3743293600e-01 6.7428733166e-01 -9.9069118507e-01
-2.3743278468e-01 6.7428763080e-01 -9.9069354585e-01
-8.0161812019e-01 -3.2567504765e-01 -8.5425702531e-01
-8.0161960839e-01 -3.2567652534e-01 -8.5425164111e-01
-8.0161776846e-01 -3.2567837530e-01 -8.5425663310e-01
-8.0161920184e-01 -3.2567979128e-01 -8.5425127093e-01
-8.0162558202e-01 -3.2567303111e-01 -8.5425411597e-01
-8.0162701208e-01 -3.2567458992e-01 -8.5424878267e-01
-8.0162522957e-01 -3.2567633954e-01 -8.5425373997e-01
-8.0162659238e-01 -3.2567784106e-01 -8.5424840691e-01
-6.9888499059e-01 -5.1261792983e-01 -1.2369030316e+00
-6.9888255934e-01 -5.1261518520e-01 -1.2368954018e+00
-6.9888414130e-01 -5.1261935287e-01 -1.2369041199e+00
-6.9888171089e-01 -5.1261660125e-01 -1.2368964647e+00
-6.9888554887e-01 -5.1261813100e-01 -1.2369028921e+00
-6.9888309593e-01 -5.1261529642e-01 -1.2368952069e+00
-6.9888470164e-01 -5.1261954980e-01 -1.2369039805e+00
-6.9888223653e-01 -5.1261673650e-01 -1.2368962692e+00
