3.0559085463e-01 -1.9261557351e-01 2.3533046774e-01
3.0559107650e-01 -1.9261584905e-01 2.3532983943e-01
3.0559108979e-01 -1.9261493352e-01 2.3533111093e-01
3.0559132209e-01 -1.9261521348e-01 2.3533047756e-01
3.0559068916e-01 -1.9261557528e-01 2.3533049170e-01
3.0559091271e-01 -1.9261586411e-01 2.3532983483e-01
3.0559088613e-01 -1.9261488513e-01 2.3533117092e-01
3.0559110643e-01 -1.9261515200e-01 2.3533057598e-01
-2.1640518749e-01 3.3905536769e-03 -4.0309897184e-01
-2.1640499843e-01 3.3905201417e-03 -4.0309894455e-01
-2.1640549359e-01 3.3892829627e-03 -4.0309894912e-01
-2.1640529820e-01 3.3892638849e-03 -4.0309892520e-01
-2.1640549849e-01 3.3905003572e-03 -4.0309902574e-01
-2.1640531561e-01 3.3904696591e-03 -4.0309900216e-01
-2.1640580338e-01 3.3892219685e-03 -4.0309900310e-01
-2.1640561061e-01 3.3892047026e-03 -4.0309898195e-01
-5.4702113386e-01 -3.6860188698e-01 -3.9408029647e-01
-5.4702430302e-01 -3.6860359994e-01 -3.9408372418e-01
-5.4702252338e-01 -3.6860258022e-01 -3.9408132801e-01
-5.4702569846e-01 -3.6860427621e-01 -3.9408473068e-01
-5.4702121809e-01 -3.6860235338e-01 -3.9408037645e-01
-5.4702439869e-01 -3.6860405324e-01 -3.9408380103e-01
-5.4702259968e-01 -3.6860304230e-01 -3.9408141934e-01
-5.4702577960e-01 -3.6860474325e-01 -3.9408484263e-01
4.5896207390e-01 9.6441768905e-03 -4.5692831743e-02
4.5896220356e-01 9.6439391246e-03 -4.5693069526e-02
4.5896264274e-01 9.6445837947e-03 -4.5692048997e-02
4.5896276305e-01 9.6443267939e-03 -4.5692308339e-02
4.5896229954e-01 9.6443764556e-03 -4.5692891031e-02
4.5896242252e-01 9.6441405975e-03 -4.5693132438e-02
4.5896286208e-01 9.6447895199e-03 -4.5692106409e-02
4.5896297678e-01 9.6445343115e-03 -4.5692369205e-02
-1.3550702856e-02 -3.1058969342e-01 8.1254362294e-02
-1.3549978511e-02 -3.1058947541e-01 8.1253748900e-02
-1.3550234299e-02 -3.1059003356e-01 8.1254928293e-02
-1.3549508701e-02 -3.1058980454e-01 8.1254319958e-02
-1.3549413499e-02 -3.1058980927e-01 8.1253890276e-02
-1.3548666255e-02 -3.1058959674e-01 8.1253258940e-02
-1.3548919983e-02 -3.1059015757e-01 8.1254435975e-02
-1.3548196690e-02 -3.1058992592e-01 8.1253830270e-02
-4.7007087335e-01 4.5429815284e-01 6.3027754330e-01
-4.7007225030e-01 4.5429973314e-01 6.3028044929e-01
-4.7006929317e-01 4.5429669953e-01 6.3027590848e-01
-4.7007067012e-01 4.5429832154e-01 6.3027877999e-01
-4.7006744642e-01 4.5429703346e-01 6.3027586852e-01
-4.7006880183e-01 4.5429861365e-01 6.3027877600e-01
-4.7006583934e-01 4.5429555621e-01 6.3027420974e-01
-4.7006722651e-01 4.5429719694e-01 6.3027711594e-01
2.1028148689e-01 6.6864925780e-02 5.0230750483e-01
2.1028140537e-01 6.6865092240e-02 5.0230777698e-01
2.1028135284e-01 6.6864869333e-02 5.0230796127e-01
2.1028127474e-01 6.6865032659e-02 5.0230822951e-01
2.1028283448e-01 6.6865766352e-02 5.0230841756e-01
2.1028275124e-01 6.6865942250e-02 5.0230868765e-01
2.1028269561e-01 6.6865713003e-02 5.0230887823e-01
2.1028262308e-01 6.6865875392e-02 5.0230913953e-01
1.1000289883e-01 -7.6875880670e-02 -1.1158823852e-01
1.1000249710e-01 -7.6875995037e-02 -1.1158874634e-01
1.1000277374e-01 -7.6876647841e-02 -1.1158785664e-01
1.1000236563e-01 -7.6876767413e-02 -1.1158835911e-01
1.1000295208e-01 -7.6876043828e-02 -1.1158806652e-01
1.1000255385e-01 -7.6876163801e-02 -1.1158853541e-01
1.1000283076e-01 -7.6876811798e-02 -1.1158769066e-01
1.1000243468e-01 -7.6876930739e-02 -1.1158815974e-01
-2.8983207300e-01 1.2362181985e-01 -3.6678843869e-01
-2.8983252758e-01 1.2362177201e-01 -3.6678852084e-01
-2.8983320035e-01 1.2362087230e-01 -3.6678913314e-01
-2.8983365084e-01 1.2362082421e-01 -3.6678922033e-01
-2.8983195628e-01 1.2362172120e-01 -3.6678854503e-01
-2.8983240849e-01 1.2362167079e-01 -3.6678862516e-01
-2.8983307716e-01 1.2362076138e-01 -3.6678924042e-01
-2.8983352574e-01 1.2362071065e-01 -3.6678932567e-01
-6.1865968403e-01 -6.2484274381e-01 -6.3972791784e-01
-6.1865943514e-01 -6.2484286780e-01 -6.3972842724e-01
-6.1865940455e-01 -6.2484252842e-01 -6.3972772992e-01
-6.1865915995e-01 -6.2484265070e-01 -6.3972824186e-01
-6.1865638271e-01 -6.2484146655e-01 -6.3972460066e-01
-6.1865613316e-01 -6.2484158992e-01 -6.3972511025e-01
-6.1865610436e-01 -6.2484125714e-01 -6.3972440873e-01
-6.1865586038e-01 -6.2484138005e-01 -6.3972492048e-01
3.3413564885e-01 -8.3878113966e-02 -5.2812512486e-01
3.3413606389e-01 -8.3878078968e-02 -5.2812549162e-01
3.3413550130e-01 -8.3877954605e-02 -5.2812468362e-01
3.3413589537e-01 -8.3877927877e-02 -5.2812503118e-01
3.3413330971e-01 -8.3877347175e-02 -5.2812408442e-01
3.3413373073e-01 -8.3877310113e-02 -5.2812445854e-01
3.3413320831e-01 -8.3877157053e-02 -5.2812364484e-01
3.3413360808e-01 -8.3877125987e-02 -5.2812399501e-01
-1.8533145410e-01 -8.9309630659e-02 -1.3552406197e-01
-1.8533001466e-01 -8.9308313830e-02 -1.3552157154e-01
-1.8533075495e-01 -8.9309324268e-02 -1.3552344361e-01
-1.8532935659e-01 -8.9307916268e-02 -1.3552100293e-01
-1.8533136135e-01 -8.9309431006e-02 -1.3552414369e-01
-1.8532992254e-01 -8.9308083919e-02 -1.3552166379e-01
-1.8533065954e-01 -8.9309082772e-02 -1.3552353468e-01
-1.8532925672e-01 -8.9307693874e-02 -1.3552108859e-01
1.5501082438e-01 -2.0182282020e-01 -1.7486855220e-01
1.5501114174e-01 -2.0182288533e-01 -1.7486853024e-01
1.5501115582e-01 -2.0182293510e-01 -1.7486870689e-01
1.5501147190e-01 -2.0182302179e-01 -1.7486866424e-01
1.5501172755e-01 -2.0182284051e-01 -1.7486859542e-01
1.5501204335e-01 -2.0182293504e-01 -1.7486855725e-01
1.5501204129e-01 -2.0182299462e-01 -1.7486873435e-01
1.5501235819e-01 -2.0182305228e-01 -1.7486870693e-01
1.8867023432e-01 7.5906870169e-02 2.6040636564e-02
1.8867009872e-01 7.5906832932e-02 2.6040109162e-02
1.8867050937e-01 7.5906261398e-02 2.6040740598e-02
1.8867037238e-01 7.5906228672e-02 2.6040211032e-02
1.8867051166e-01 7.5906937232e-02 2.6040607480e-02
1.8867037449e-01 7.5906900450e-02 2.6040080741e-02
1.8867078824e-01 7.5906326968e-02 2.6040715995e-02
1.8867065152e-01 7.5906289945e-02 2.6040189160e-02
2.3348636916e-01 2.1618180683e-01 6.0091268475e-01
2.3348702273e-01 2.1618210154e-01 6.0091578891e-01
2.3348624010e-01 2.1618062892e-01 6.0091349442e-01
2.3348688493e-01 2.1618089805e-01 6.0091661779e-01
2.3348656723e-01 2.1618207550e-01 6.0091281853e-01
2.3348722076e-01 2.1618235937e-01 6.0091595050e-01
2.3348644792e-01 2.1618085991e-01 6.0091362538e-01
2.3348709850e-01 2.1618117081e-01 6.0091674415e-01
-2.9211936893e-02 -1.9700173658e-01 5.2660771562e-01
-2.9211727092e-02 -1.9700241033e-01 5.2660783315e-01
-2.9212831952e-02 -1.9700267850e-01 5.2660741962e-01
-2.9212612632e-02 -1.9700335404e-01 5.2660754231e-01
-2.9211389514e-02 -1.9700165527e-01 5.2660793075e-01
-2.9211172288e-02 -1.9700234347e-01 5.2660803514e-01
-2.9212287257e-02 -1.9700260133e-01 5.2660763711e-01
-2.9212060467e-02 -1.9700329123e-01 5.2660774666e-01
1.2387283549e-01 -9.9449481301e-02 -1.9026227389e-03
1.2387312082e-01 -9.9449958590e-02 -1.9024188018e-03
1.2387284778e-01 -9.9449829348e-02 -1.9026930016e-03
1.2387314058e-01 -9.9450304744e-02 -1.9024933417e-03
1.2387294664e-01 -9.9449462556e-02 -1.9032016788e-03
1.2387323643e-01 -9.9449937069e-02 -1.9030011806e-03
1.2387295694e-01 -9.9449808925e-02 -1.9032691402e-03
1.2387325328e-01 -9.9450280488e-02 -1.9030736971e-03
3.1446477183e-01 2.6817744895e-01 2.5331966177e-01
3.1446496577e-01 2.6817779681e-01 2.5331907895e-01
3.1446479647e-01 2.6817740347e-01 2.5331948366e-01
3.1446499043e-01 2.6817775136e-01 2.5331890091e-01
3.1446514323e-01 2.6817740450e-01 2.5331943758e-01
3.1446533771e-01 2.6817775274e-01 2.5331885490e-01
3.1446518956e-01 2.6817735168e-01 2.5331929206e-01
3.1446538356e-01 2.6817769950e-01 2.5331870933e-01
7.4167779882e-02 -1.0657453334e-01 1.7748120383e-01
7.4167666006e-02 -1.0657485308e-01 1.7748175559e-01
7.4167704257e-02 -1.0657508270e-01 1.7748132618e-01
7.4167614177e-02 -1.0657539500e-01 1.7748187152e-01
7.4166436194e-02 -1.0657492994e-01 1.7748114608e-01
7.4166307140e-02 -1.0657522891e-01 1.7748166911e-01
7.4166359489e-02 -1.0657551937e-01 1.7748130383e-01
7.4166245412e-02 -1.0657581181e-01 1.7748181949e-01
2.0509005709e-01 7.7256519433e-03 -7.7222918764e-03
2.0509021165e-01 7.7256424706e-03 -7.7222535536e-03
2.0508986303e-01 7.7261956969e-03 -7.7214989970e-03
2.0509003943e-01 7.7262004217e-03 -7.7214684949e-03
2.0508962481e-01 7.7257250987e-03 -7.7223897100e-03
2.0508978024e-01 7.7257159980e-03 -7.7223510968e-03
2.0508943968e-01 7.7262748939e-03 -7.7216040443e-03
2.0508960383e-01 7.7262729084e-03 -7.7215673680e-03
-7.2044351055e-01 -2.1108326900e-01 -3.7353111873e-01
-7.2044274767e-01 -2.1108064810e-01 -3.7352605141e-01
-7.2044262507e-01 -2.1108169830e-01 -3.7352882615e-01
-7.2044189259e-01 -2.1107900934e-01 -3.7352374768e-01
-7.2044311424e-01 -2.1108351343e-01 -3.7353086582e-01
-7.2044236577e-01 -2.1108088688e-01 -3.7352578919e-01
-7.2044222552e-01 -2.1108191940e-01 -3.7352857176e-01
-7.2044149812e-01 -2.1107924148e-01 -3.7352349919e-01
-1.0538538838e-01 3.9717343225e-01 -5.0476890116e-01
-1.0538541259e-01 3.9717320930e-01 -5.0476902686e-01
-1.0538573695e-01 3.9717529439e-01 -5.0477146923e-01
-1.0538576950e-01 3.9717503886e-01 -5.0477157087e-01
-1.0538598367e-01 3.9717410983e-01 -5.0476916320e-01
-1.0538601060e-01 3.9717388802e-01 -5.0476929360e-01
-1.0538639050e-01 3.9717595384e-01 -5.0477176295e-01
-1.0538642098e-01 3.9717572931e-01 -5.0477189205e-01
6.2761364028e-03 -3.6143487168e-03 -3.7718579534e-01
6.2764835486e-03 -3.6148954810e-03 -3.7718608340e-01
6.2761981324e-03 -3.6127700410e-03 -3.7718614818e-01
6.2765635591e-03 -3.6133459302e-03 -3.7718646125e-01
6.2764511302e-03 -3.6143577248e-03 -3.7718563603e-01
6.2768088480e-03 -3.6149105205e-03 -3.7718591705e-01
6.2765053033e-03 -3.6127879093e-03 -3.7718598497e-01
6.2768774728e-03 -3.6133746207e-03 -3.7718629299e-01
1.6269067183e-01 -3.2561916341e-01 -2.7104376762e-01
1.6269045407e-01 -3.2561857213e-01 -2.7104347566e-01
1.6269021227e-01 -3.2561690570e-01 -2.7104444411e-01
1.6268996331e-01 -3.2561631999e-01 -2.7104417292e-01
1.6269187208e-01 -3.2561972424e-01 -2.7104465557e-01
1.6269165624e-01 -3.2561912977e-01 -2.7104436221e-01
1.6269144385e-01 -3.2561747415e-01 -2.7104536822e-01
1.6269119686e-01 -3.2561688523e-01 -2.7104509567e-01
1.5939154591e-02 -4.1852671634e-02 -4.9254010176e-01
1.5939291417e-02 -4.1853716939e-02 -4.9253830853e-01
1.5938752324e-02 -4.1852782556e-02 -4.9254005371e-01
1.5938918120e-02 -4.1853806479e-02 -4.9253829926e-01
1.5940255936e-02 -4.1852018380e-02 -4.9253962361e-01
1.5940385585e-02 -4.1853075483e-02 -4.9253783640e-01
1.5939868417e-02 -4.1852123802e-02 -4.9253955868e-01
1.5940008787e-02 -4.1853176837e-02 -4.9253784128e-01
2.4845734702e-02 -2.7311810609e-01 2.3118197891e-01
2.4845236493e-02 -2.7311823812e-01 2.3118413060e-01
2.4845603605e-02 -2.7311816002e-01 2.3118163051e-01
2.4845101917e-02 -2.7311829315e-01 2.3118377496e-01
2.4846287032e-02 -2.7311849240e-01 2.3118147146e-01
2.4845795275e-02 -2.7311861700e-01 2.3118362118e-01
2.4846147675e-02 -2.7311854861e-01 2.3118112223e-01
2.4845659921e-02 -2.7311867193e-01 2.3118326515e-01
2.1927320020e-01 2.2119993854e-01 9.9297356860e-02
2.1927354177e-01 2.2119950160e-01 9.9297339934e-02
2.1927289017e-01 2.2120024544e-01 9.9297435440e-02
2.1927322909e-01 2.2119980685e-01 9.9297423615e-02
2.1927241497e-01 2.2119980777e-01 9.9296773466e-02
2.1927275203e-01 2.2119937482e-01 9.9296751374e-02
2.1927206863e-01 2.2120008471e-01 9.9296834525e-02
2.1927241212e-01 2.2119965283e-01 9.9296837195e-02
-1.1350408423e-01 -1.2264399195e-01 1.5740606508e-01
-1.1350410858e-01 -1.2264345707e-01 1.5740612587e-01
-1.1350411294e-01 -1.2264397380e-01 1.5740619962e-01
-1.1350413419e-01 -1.2264343878e-01 1.5740626072e-01
-1.1350449976e-01 -1.2264407992e-01 1.5740581127e-01
-1.1350452034e-01 -1.2264353731e-01 1.5740587363e-01
-1.1350452838e-01 -1.2264406876e-01 1.5740595250e-01
-1.1350454687e-01 -1.2264352696e-01 1.5740601549e-01
-2.9978782396e-02 2.3928800198e-01 -2.9311488722e-01
-2.9978858092e-02 2.3928816272e-01 -2.9311492711e-01
-2.9978347323e-02 2.3929001687e-01 -2.9311687199e-01
-2.9978434997e-02 2.3929017964e-01 -2.9311691488e-01
-2.9978992040e-02 2.3928827070e-01 -2.9311464801e-01
-2.9979061255e-02 2.3928842904e-01 -2.9311469045e-01
-2.9978557392e-02 2.3929028036e-01 -2.9311659133e-01
-2.9978636285e-02 2.3929044080e-01 -2.9311663527e-01
3.0509270437e-01 -3.9809444083e-01 5.9801052389e-01
3.0509256687e-01 -3.9809419322e-01 5.9801068894e-01
3.0509277219e-01 -3.9809434248e-01 5.9801043670e-01
3.0509264670e-01 -3.9809409754e-01 5.9801058480e-01
3.0509255476e-01 -3.9809458465e-01 5.9801051612e-01
3.0509241757e-01 -3.9809433701e-01 5.9801068110e-01
3.0509261772e-01 -3.9809448056e-01 5.9801043212e-01
3.0509249250e-01 -3.9809423555e-01 5.9801058008e-01
-4.5728028084e-01 6.1377734589e-03 -6.1326320103e-01
-4.5728065521e-01 6.1381268046e-03 -6.1326337796e-01
-4.5728034747e-01 6.1375873092e-03 -6.1326352839e-01
-4.5728073952e-01 6.1379274400e-03 -6.1326371802e-01
-4.5727957445e-01 6.1374788788e-03 -6.1326349629e-01
-4.5727996459e-01 6.1378199032e-03 -6.1326368980e-01
-4.5727966811e-01 6.1372869963e-03 -6.1326384762e-01
-4.5728004385e-01 6.1376365703e-03 -6.1326402125e-01
-2.5631816862e-01 -5.9861899250e-02 -3.1548588618e-01
-2.5631766421e-01 -5.9862062335e-02 -3.1548579290e-01
-2.5631809322e-01 -5.9862063358e-02 -3.1548637956e-01
-2.5631760154e-01 -5.9862190990e-02 -3.1548625911e-01
-2.5631784199e-01 -5.9861980547e-02 -3.1548551517e-01
-2.5631735104e-01 -5.9862137111e-02 -3.1548544329e-01
-2.5631776628e-01 -5.9862147236e-02 -3.1548600627e-01
-2.5631728809e-01 -5.9862268130e-02 -3.1548590707e-01
3.9940539355e-01 2.2545515236e-01 7.3592281273e-01
3.9940406727e-01 2.2545405418e-01 7.3592220913e-01
3.9940335720e-01 2.2545361863e-01 7.3592178872e-01
3.9940203095e-01 2.2545252049e-01 7.3592118505e-01
3.9940535388e-01 2.2545533225e-01 7.3592244479e-01
3.9940405720e-01 2.2545424674e-01 7.3592187521e-01
3.9940331679e-01 2.2545379807e-01 7.3592141872e-01
3.9940201910e-01 2.2545271198e-01 7.3592084830e-01
-2.5631138200e-01 -1.2933258816e-02 2.0400095584e-01
-2.5631101932e-01 -1.2933142133e-02 2.0400035098e-01
-2.5631123950e-01 -1.2933256899e-02 2.0400116068e-01
-2.5631087718e-01 -1.2933140553e-02 2.0400055674e-01
-2.5631159629e-01 -1.2933072936e-02 2.0400083036e-01
-2.5631123363e-01 -1.2932960987e-02 2.0400022589e-01
-2.5631146327e-01 -1.2933088154e-02 2.0400103306e-01
-2.5631110010e-01 -1.2932975504e-02 2.0400043003e-01
-2.8499436211e-01 -2.7428548842e-01 -2.2408165731e-01
-2.8499271922e-01 -2.7428521896e-01 -2.2407922216e-01
-2.8499507458e-01 -2.7428622695e-01 -2.2408235304e-01
-2.8499343943e-01 -2.7428595701e-01 -2.2407989124e-01
-2.8499436797e-01 -2.7428556313e-01 -2.2408135598e-01
-2.8499272853e-01 -2.7428528982e-01 -2.2407892982e-01
-2.8499507648e-01 -2.7428630683e-01 -2.2408204949e-01
-2.8499344507e-01 -2.7428603262e-01 -2.2407959627e-01
-3.2588609234e-01 3.0258492965e-01 4.7997129495e-01
-3.2588591591e-01 3.0258515930e-01 4.7997083171e-01
-3.2588496116e-01 3.0258438398e-01 4.7997064645e-01
-3.2588478479e-01 3.0258461287e-01 4.7997018057e-01
-3.2588887665e-01 3.0258567463e-01 4.7997269037e-01
-3.2588870582e-01 3.0258591038e-01 4.7997222126e-01
-3.2588776837e-01 3.0258513881e-01 4.7997205929e-01
-3.2588759810e-01 3.0258537346e-01 4.7997159191e-01
-6.4301853737e-01 -1.0754914785e-01 1.5865746975e-01
-6.4301902507e-01 -1.0754887680e-01 1.5865735215e-01
-6.4301971856e-01 -1.0755036380e-01 1.5865625816e-01
-6.4302020417e-01 -1.0755009713e-01 1.5865614606e-01
-6.4301850792e-01 -1.0754914702e-01 1.5865741155e-01
-6.4301899166e-01 -1.0754887633e-01 1.5865728878e-01
-6.4301968273e-01 -1.0755036140e-01 1.5865619454e-01
-6.4302017060e-01 -1.0755009073e-01 1.5865607651e-01
3.3438252394e-01 8.2215431560e-02 -3.5198935190e-02
3.3438266422e-01 8.2215383448e-02 -3.5199434168e-02
3.3438219132e-01 8.2215337288e-02 -3.5198548554e-02
3.3438232933e-01 8.2215286246e-02 -3.5199055392e-02
3.3438254992e-01 8.2215376692e-02 -3.5199171134e-02
3.3438268648e-01 8.2215324071e-02 -3.5199675072e-02
3.3438221887e-01 8.2215300150e-02 -3.5198774976e-02
3.3438235860e-01 8.2215250981e-02 -3.5199276345e-02
-8.3780103084e-01 -1.1802579074e-01 -8.5221101881e-02
-8.3779869312e-01 -1.1802695678e-01 -8.5223016003e-02
-8.3779961748e-01 -1.1802714955e-01 -8.5222782152e-02
-8.3779728277e-01 -1.1802832100e-01 -8.5224689885e-02
-8.3780595763e-01 -1.1802620791e-01 -8.5221195450e-02
-8.3780360292e-01 -1.1802739771e-01 -8.5223131848e-02
-8.3780451983e-01 -1.1802757489e-01 -8.5222890250e-02
-8.3780216813e-01 -1.1802877012e-01 -8.5224820313e-02
1.7309629554e-01 2.7426826945e-01 -4.2208550378e-01
1.7309569549e-01 2.7426833193e-01 -4.2208571063e-01
1.7309626916e-01 2.7426830455e-01 -4.2208505140e-01
1.7309567180e-01 2.7426836230e-01 -4.2208526668e-01
1.7309570134e-01 2.7426812249e-01 -4.2208604511e-01
1.7309508066e-01 2.7426819316e-01 -4.2208626917e-01
1.7309567949e-01 2.7426815182e-01 -4.2208559158e-01
1.7309506143e-01 2.7426821775e-01 -4.2208582435e-01
-9.0192851624e-02 -1.1755865226e-01 3.6997608927e-03
-9.0192766031e-02 -1.1755889046e-01 3.6986320891e-03
-9.0192615064e-02 -1.1755714155e-01 3.6992323127e-03
-9.0192533479e-02 -1.1755739479e-01 3.6981142169e-03
-9.0194246686e-02 -1.1755901051e-01 3.6995375545e-03
-9.0194160416e-02 -1.1755925426e-01 3.6984124436e-03
-9.0193979453e-02 -1.1755756547e-01 3.6989437885e-03
-9.0193875939e-02 -1.1755780672e-01 3.6978482121e-03
-9.1606128751e-02 -5.4037820476e-02 8.0128174409e-04
-9.1605865052e-02 -5.4038175961e-02 8.0112593691e-04
-9.1606116352e-02 -5.4038008605e-02 8.0129492886e-04
-9.1605851007e-02 -5.4038363303e-02 8.0114031705e-04
-9.1606182138e-02 -5.4037788137e-02 8.0167070959e-04
-9.1605919139e-02 -5.4038162347e-02 8.0152657421e-04
-9.1606168396e-02 -5.4037975176e-02 8.0168489159e-04
-9.1605903707e-02 -5.4038348555e-02 8.0154189255e-04
-1.4984008908e-02 1.6593174499e-01 -3.1684833607e-01
-1.4984195240e-02 1.6593168747e-01 -3.1684896826e-01
-1.4983958208e-02 1.6593346769e-01 -3.1684861706e-01
-1.4984169911e-02 1.6593344706e-01 -3.1684921530e-01
-1.4983940238e-02 1.6593178517e-01 -3.1684815752e-01
-1.4984131274e-02 1.6593173318e-01 -3.1684878771e-01
-1.4983892881e-02 1.6593353273e-01 -3.1684841566e-01
-1.4984104621e-02 1.6593351212e-01 -3.1684901392e-01
-1.5344520634e-01 -2.1817886891e-01 -9.9798367286e-02
-1.5344493344e-01 -2.1817873170e-01 -9.9798486466e-02
-1.5344500415e-01 -2.1818003654e-01 -9.9797829802e-02
-1.5344473211e-01 -2.1817989927e-01 -9.9797949112e-02
-1.5344542222e-01 -2.1817893909e-01 -9.9798276678e-02
-1.5344515518e-01 -2.1817880633e-01 -9.9798393956e-02
-1.5344522130e-01 -2.1818011528e-01 -9.9797742794e-02
-1.5344495473e-01 -2.1817998175e-01 -9.9797858905e-02
-2.0967904538e-01 -2.1090176798e-02 6.0269664141e-01
-2.0967926788e-01 -2.1090716216e-02 6.0269638402e-01
-2.0967893298e-01 -2.1089949670e-02 6.0269679975e-01
-2.0967917240e-01 -2.1090498452e-02 6.0269653545e-01
-2.0968095290e-01 -2.1089033727e-02 6.0269760508e-01
-2.0968118637e-01 -2.1089570007e-02 6.0269736938e-01
-2.0968085544e-01 -2.1088830063e-02 6.0269776950e-01
-2.0968107193e-01 -2.1089354647e-02 6.0269751840e-01
6.5129516094e-01 -2.7033064135e-01 -5.3899289964e-01
6.5129149159e-01 -2.7032799986e-01 -5.3898884186e-01
6.5129535034e-01 -2.7033092373e-01 -5.3899329027e-01
6.5129169026e-01 -2.7032827842e-01 -5.3898923767e-01
6.5129580666e-01 -2.7033082852e-01 -5.3899303285e-01
6.5129213465e-01 -2.7032817329e-01 -5.3898902082e-01
6.5129599598e-01 -2.7033111147e-01 -5.3899342198e-01
6.5129233514e-01 -2.7032845833e-01 -5.3898941995e-01
-3.5990118131e-01 -9.7176347624e-02 -1.5913765763e-01
-3.5990080989e-01 -9.7176554509e-02 -1.5913824936e-01
-3.5990148886e-01 -9.7176448486e-02 -1.5913773812e-01
-3.5990111537e-01 -9.7176660337e-02 -1.5913832322e-01
-3.5990129531e-01 -9.7176341946e-02 -1.5913771095e-01
-3.5990092651e-01 -9.7176556148e-02 -1.5913830237e-01
-3.5990160948e-01 -9.7176443830e-02 -1.5913778869e-01
-3.5990124127e-01 -9.7176658369e-02 -1.5913837902e-01
-2.5165145818e-01 5.1623403481e-02 6.2478405910e-01
-2.5165253721e-01 5.1623000134e-02 6.2478773881e-01
-2.5165192077e-01 5.1622859375e-02 6.2478377769e-01
-2.5165300192e-01 5.1622460114e-02 6.2478746048e-01
-2.5165029331e-01 5.1623907299e-02 6.2478444608e-01
-2.5165137749e-01 5.1623511142e-02 6.2478813062e-01
-2.5165075504e-01 5.1623363901e-02 6.2478416481e-01
-2.5165184136e-01 5.1622971769e-02 6.2478785241e-01
1.1732033525e-01 3.8664638374e-01 1.6656576285e-01
1.1731850504e-01 3.8664487755e-01 1.6656809209e-01
1.1732030193e-01 3.8664552953e-01 1.6656685335e-01
1.1731862233e-01 3.8664407921e-01 1.6656921558e-01
1.1732229305e-01 3.8664654039e-01 1.6656495580e-01
1.1732043296e-01 3.8664510849e-01 1.6656726101e-01
1.1732225205e-01 3.8664567058e-01 1.6656597462e-01
1.1732047866e-01 3.8664430665e-01 1.6656838932e-01
1.5787979200e-01 -6.0393910363e-01 1.2976266982e-01
1.5788004725e-01 -6.0393938859e-01 1.2976291900e-01
1.5787844160e-01 -6.0393425353e-01 1.2976281601e-01
1.5787856482e-01 -6.0393441960e-01 1.2976305235e-01
1.5787910330e-01 -6.0394012479e-01 1.2976186375e-01
1.5787935673e-01 -6.0394042731e-01 1.2976211454e-01
1.5787783333e-01 -6.0393513654e-01 1.2976193622e-01
1.5787789397e-01 -6.0393541966e-01 1.2976217672e-01
-2.7423287149e-02 -4.0937791267e-02 1.0535019532e-01
-2.7422399791e-02 -4.0938093281e-02 1.0535130760e-01
-2.7425062517e-02 -4.0934521370e-02 1.0535161220e-01
-2.7424181538e-02 -4.0934667331e-02 1.0535278622e-01
-2.7430205911e-02 -4.0937745737e-02 1.0535014339e-01
-2.7429403044e-02 -4.0937943771e-02 1.0535125608e-01
-2.7431963602e-02 -4.0934340257e-02 1.0535149493e-01
-2.7431031637e-02 -4.0934601753e-02 1.0535266205e-01
6.7742997328e-01 -9.9616784946e-02 -2.4431326919e-01
6.7742929876e-01 -9.9617044291e-02 -2.4431160735e-01
6.7743066301e-01 -9.9615627865e-02 -2.4431352084e-01
6.7742991171e-01 -9.9615852256e-02 -2.4431188068e-01
6.7743126064e-01 -9.9617030346e-02 -2.4431459797e-01
6.7743054745e-01 -9.9617287421e-02 -2.4431289528e-01
6.7743196037e-01 -9.9615796968e-02 -2.4431489500e-01
6.7743116104e-01 -9.9616115518e-02 -2.4431316301e-01
1.0292433108e-01 -3.5787683452e-01 -5.0089924007e-02
1.0292438312e-01 -3.5787699694e-01 -5.0090213799e-02
1.0292598638e-01 -3.5787699430e-01 -5.0090759087e-02
1.0292604220e-01 -3.5787716602e-01 -5.0091053933e-02
1.0292587494e-01 -3.5787650582e-01 -5.0091163338e-02
1.0292592327e-01 -3.5787665756e-01 -5.0091466545e-02
1.0292751714e-01 -3.5787666342e-01 -5.0092023862e-02
1.0292756924e-01 -3.5787682445e-01 -5.0092332122e-02
-4.4617476009e-01 -1.8055150373e-01 -1.5011339853e-01
-4.4617559313e-01 -1.8055020170e-01 -1.5011197115e-01
-4.4617492616e-01 -1.8054649310e-01 -1.5011360942e-01
-4.4617569542e-01 -1.8054519104e-01 -1.5011205908e-01
-4.4617511868e-01 -1.8055152015e-01 -1.5011289475e-01
-4.4617595487e-01 -1.8055021573e-01 -1.5011148136e-01
-4.4617526720e-01 -1.8054651650e-01 -1.5011307630e-01
-4.4617602416e-01 -1.8054520256e-01 -1.5011155540e-01
-3.0736966661e-01 9.5840191559e-01 -2.8071747313e-02
-3.0737001905e-01 9.5840182504e-01 -2.8072669614e-02
-3.0737037877e-01 9.5840006204e-01 -2.8071321133e-02
-3.0737072636e-01 9.5839997669e-01 -2.8072262808e-02
-3.0736752907e-01 9.5840296295e-01 -2.8070410041e-02
-3.0736787645e-01 9.5840288286e-01 -2.8071346282e-02
-3.0736822053e-01 9.5840111865e-01 -2.8069955474e-02
-3.0736857549e-01 9.5840102308e-01 -2.8070884462e-02
-8.2497065090e-01 -6.7725060619e-02 8.5766473597e-02
-8.2497243395e-01 -6.7722896702e-02 8.5770185300e-02
-8.2497254166e-01 -6.7718231469e-02 8.5766842479e-02
-8.2497408507e-01 -6.7715969895e-02 8.5770672420e-02
-8.2496853880e-01 -6.7725513904e-02 8.5767233571e-02
-8.2497025923e-01 -6.7723346710e-02 8.5770921634e-02
-8.2497036129e-01 -6.7718676823e-02 8.5767583996e-02
-8.2497195350e-01 -6.7716429409e-02 8.5771451739e-02
7.5965423104e-01 2.2766179180e-01 -1.9939882495e-01
7.5965409702e-01 2.2766065072e-01 -1.9939825164e-01
7.5965342358e-01 2.2766092946e-01 -1.9939709944e-01
7.5965329577e-01 2.2765978674e-01 -1.9939652380e-01
7.5965599094e-01 2.2766363210e-01 -1.9939888141e-01
7.5965585640e-01 2.2766237158e-01 -1.9939823317e-01
7.5965517912e-01 2.2766278478e-01 -1.9939721171e-01
7.5965504948e-01 2.2766152258e-01 -1.9939656033e-01
-5.5773356500e-01 1.5263906987e-01 1.9659986390e-01
-5.5773350810e-01 1.5263894617e-01 1.9660193777e-01
-5.5773280453e-01 1.5263623259e-01 1.9659977861e-01
-5.5773260184e-01 1.5263594933e-01 1.9660179743e-01
-5.5773453593e-01 1.5263850144e-01 1.9659915599e-01
-5.5773438142e-01 1.5263830193e-01 1.9660122949e-01
-5.5773370717e-01 1.5263556374e-01 1.9659906436e-01
-5.5773353205e-01 1.5263544779e-01 1.9660108485e-01
3.8417113421e-01 1.3708038587e-01 -3.7991311827e-01
3.8417126049e-01 1.3708087665e-01 -3.7991275675e-01
3.8417223280e-01 1.3707784803e-01 -3.7991389483e-01
3.8417235286e-01 1.3707835067e-01 -3.7991356797e-01
3.8416256131e-01 1.3708103191e-01 -3.7991104436e-01
3.8416268464e-01 1.3708153740e-01 -3.7991066330e-01
3.8416371135e-01 1.3707849630e-01 -3.7991185054e-01
3.8416383724e-01 1.3707900913e-01 -3.7991149871e-01
2.7864740486e-01 2.3899755187e-01 -1.7874816337e-01
2.7864758439e-01 2.3899823481e-01 -1.7874747455e-01
2.7864619311e-01 2.3899650846e-01 -1.7874730770e-01
2.7864637731e-01 2.3899718814e-01 -1.7874661830e-01
2.7864654610e-01 2.3899852869e-01 -1.7874883617e-01
2.7864671867e-01 2.3899921376e-01 -1.7874814322e-01
2.7864533209e-01 2.3899751259e-01 -1.7874801131e-01
2.7864550838e-01 2.3899819407e-01 -1.7874731707e-01
-6.6838392920e-01 -3.1040714024e-01 3.2161712521e-01
-6.6838388744e-01 -3.1040669676e-01 3.2161687029e-01
-6.6838277794e-01 -3.1040342222e-01 3.2161787178e-01
-6.6838281068e-01 -3.1040297954e-01 3.2161761765e-01
-6.6838246865e-01 -3.1040705061e-01 3.2161785841e-01
-6.6838242684e-01 -3.1040660716e-01 3.2161760355e-01
-6.6838137665e-01 -3.1040330412e-01 3.2161860962e-01
-6.6838140527e-01 -3.1040286283e-01 3.2161835609e-01
3.7712924672e-01 8.2690444403e-02 1.3491759316e-01
3.7712925602e-01 8.2690119805e-02 1.3491738175e-01
3.7713007888e-01 8.2686918677e-02 1.3491812530e-01
3.7713015014e-01 8.2686667394e-02 1.3491790868e-01
3.7713209164e-01 8.2691068422e-02 1.3491769531e-01
3.7713209903e-01 8.2690744591e-02 1.3491748398e-01
3.7713292697e-01 8.2687536695e-02 1.3491823387e-01
3.7713299632e-01 8.2687286179e-02 1.3491801734e-01
-1.4255786585e-01 -1.7320964591e-01 2.0813269280e-01
-1.4255699202e-01 -1.7320945360e-01 2.0813409795e-01
-1.4255801256e-01 -1.7320788347e-01 2.0813307020e-01
-1.4255726903e-01 -1.7320764535e-01 2.0813450044e-01
-1.4255631238e-01 -1.7320960705e-01 2.0813310517e-01
-1.4255543644e-01 -1.7320949442e-01 2.0813450736e-01
-1.4255647850e-01 -1.7320790246e-01 2.0813346884e-01
-1.4255571358e-01 -1.7320768024e-01 2.0813492090e-01
-2.0824805560e-01 -1.3717215334e-01 4.7284832178e-02
-2.0824435146e-01 -1.3716934681e-01 4.7287794174e-02
-2.0825009789e-01 -1.3717550807e-01 4.7283031598e-02
-2.0824640387e-01 -1.3717284264e-01 4.7285919073e-02
-2.0825361593e-01 -1.3717358783e-01 4.7283240898e-02
-2.0824997748e-01 -1.3717086362e-01 4.7286108386e-02
-2.0825564535e-01 -1.3717696415e-01 4.7281412328e-02
-2.0825201231e-01 -1.3717421178e-01 4.7284287225e-02
9.5669645496e-02 2.8225637510e-01 3.1771656713e-01
9.5669189782e-02 2.8225461518e-01 3.1771910540e-01
9.5669509387e-02 2.8225647408e-01 3.1771639156e-01
9.5669018968e-02 2.8225473454e-01 3.1771892777e-01
9.5665757643e-02 2.8225717221e-01 3.1771816706e-01
9.5665234823e-02 2.8225558709e-01 3.1772064798e-01
9.5665591453e-02 2.8225729943e-01 3.1771798859e-01
9.5665093395e-02 2.8225568095e-01 3.1772049938e-01
1.4166011034e-01 -3.8873059557e-02 8.1309142948e-02
1.4166081739e-01 -3.8873030765e-02 8.1309419243e-02
1.4166015223e-01 -3.8874585434e-02 8.1309646888e-02
1.4166082968e-01 -3.8874572473e-02 8.1309937683e-02
1.4166003910e-01 -3.8873231273e-02 8.1309744229e-02
1.4166074231e-01 -3.8873199212e-02 8.1310011895e-02
1.4166008414e-01 -3.8874758449e-02 8.1310237185e-02
1.4166075627e-01 -3.8874742140e-02 8.1310519621e-02
-3.1792284204e-01 3.8706565891e-01 -2.7872225069e-01
-3.1792370266e-01 3.8706495033e-01 -2.7872232756e-01
-3.1792248414e-01 3.8706519725e-01 -2.7872217448e-01
-3.1792334283e-01 3.8706450335e-01 -2.7872223670e-01
-3.1792174719e-01 3.8706563710e-01 -2.7872224986e-01
-3.1792253532e-01 3.8706492974e-01 -2.7872231908e-01
-3.1792138398e-01 3.8706519088e-01 -2.7872216147e-01
-3.1792217155e-01 3.8706449613e-01 -2.7872221317e-01
-1.2067501270e-01 -2.0790747281e-01 -2.1188596371e-03
-1.2067486910e-01 -2.0790736779e-01 -2.1181312367e-03
-1.2067454551e-01 -2.0790790522e-01 -2.1189557097e-03
-1.2067440723e-01 -2.0790780025e-01 -2.1182085721e-03
-1.2067601407e-01 -2.0790760551e-01 -2.1180920849e-03
-1.2067588125e-01 -2.0790748308e-01 -2.1173580108e-03
-1.2067555687e-01 -2.0790802132e-01 -2.1181823272e-03
-1.2067540779e-01 -2.0790793374e-01 -2.1174408447e-03
4.5861914905e-03 -1.9052235224e-01 -1.7741626302e-01
4.5845826806e-03 -1.9052432674e-01 -1.7741582461e-01
4.5867584142e-03 -1.9052138202e-01 -1.7741743594e-01
4.5852543739e-03 -1.9052343285e-01 -1.7741706898e-01
4.5883146605e-03 -1.9052257351e-01 -1.7741603136e-01
4.5866974602e-03 -1.9052452175e-01 -1.7741558184e-01
4.5888645061e-03 -1.9052146448e-01 -1.7741727467e-01
4.5873668993e-03 -1.9052349460e-01 -1.7741694148e-01
6.3584000847e-01 -1.2069094615e-01 -1.4426515405e-01
6.3583965673e-01 -1.2069095860e-01 -1.4426637504e-01
6.3583982996e-01 -1.2069302029e-01 -1.4426467679e-01
6.3583939345e-01 -1.2069300675e-01 -1.4426586723e-01
6.3584196021e-01 -1.2069098702e-01 -1.4426556017e-01
6.3584153239e-01 -1.2069094942e-01 -1.4426674925e-01
6.3584183975e-01 -1.2069305397e-01 -1.4426503658e-01
6.3584140876e-01 -1.2069301269e-01 -1.4426622887e-01
-1.8911549810e-01 4.0857750908e-02 5.0064290176e-02
-1.8911510774e-01 4.0857379729e-02 5.0063828609e-02
-1.8911610923e-01 4.0858918609e-02 5.0063940953e-02
-1.8911568998e-01 4.0858529539e-02 5.0063492475e-02
-1.8912089727e-01 4.0857593343e-02 5.0063462450e-02
-1.8912051140e-01 4.0857197411e-02 5.0063002718e-02
-1.8912151026e-01 4.0858768119e-02 5.0063127501e-02
-1.8912109272e-01 4.0858354811e-02 5.0062684557e-02
-5.0062668085e-01 6.7541289320e-01 6.1083957156e-02
-5.0062693485e-01 6.7540944926e-01 6.1078540124e-02
-5.0062847107e-01 6.7541038013e-01 6.1082667716e-02
-5.0062873514e-01 6.7540692497e-01 6.1077246128e-02
-5.0062334959e-01 6.7541500608e-01 6.1085530593e-02
-5.0062370481e-01 6.7541150878e-01 6.1080043179e-02
-5.0062524102e-01 6.7541244070e-01 6.1084197313e-02
-5.0062550540e-01 6.7540898542e-01 6.1078776957e-02
4.7916564487e-01 2.4973588507e-01 6.7531310790e-01
4.7916766055e-01 2.4973676152e-01 6.7531678054e-01
4.7916543819e-01 2.4973638121e-01 6.7531262235e-01
4.7916747728e-01 2.4973725677e-01 6.7531629855e-01
4.7916567726e-01 2.4973659481e-01 6.7531335775e-01
4.7916770140e-01 2.4973760188e-01 6.7531695056e-01
4.7916548283e-01 2.4973708946e-01 6.7531290687e-01
4.7916752879e-01 2.4973807590e-01 6.7531646328e-01
-5.6847200308e-01 1.6430420339e-01 -2.8841644086e-01
-5.6847145263e-01 1.6430468511e-01 -2.8841566770e-01
-5.6847240983e-01 1.6430203207e-01 -2.8841643796e-01
-5.6847186913e-01 1.6430249631e-01 -2.8841568055e-01
-5.6847153700e-01 1.6430350263e-01 -2.8841589241e-01
-5.6847099055e-01 1.6430397990e-01 -2.8841511810e-01
-5.6847195301e-01 1.6430132314e-01 -2.8841589522e-01
-5.6847141209e-01 1.6430178730e-01 -2.8841513786e-01
-6.5993145815e-01 -2.7275148543e-01 -1.8165079107e-01
-6.5993198325e-01 -2.7275245582e-01 -1.8165110559e-01
-6.5993117485e-01 -2.7275251481e-01 -1.8165007178e-01
-6.5993176063e-01 -2.7275342619e-01 -1.8165032163e-01
-6.5993077099e-01 -2.7275221998e-01 -1.8164972006e-01
-6.5993139948e-01 -2.7275316204e-01 -1.8164996211e-01
-6.5993051719e-01 -2.7275326271e-01 -1.8164897289e-01
-6.5993110289e-01 -2.7275417411e-01 -1.8164922266e-01
3.6452638548e-01 5.7579437065e-01 -6.6610578441e-01
3.6452634165e-01 5.7579408390e-01 -6.6610051469e-01
3.6452513978e-01 5.7579210999e-01 -6.6610579015e-01
3.6452520789e-01 5.7579176673e-01 -6.6610056915e-01
3.6452816966e-01 5.7579455622e-01 -6.6610681039e-01
3.6452806643e-01 5.7579427747e-01 -6.6610143704e-01
3.6452688522e-01 5.7579229804e-01 -6.6610682737e-01
3.6452689616e-01 5.7579196389e-01 -6.6610150047e-01
5.8155926363e-01 7.3788434756e-02 1.5297745506e-01
5.8156044462e-01 7.3789090008e-02 1.5297521241e-01
5.8156024538e-01 7.3786572835e-02 1.5297855848e-01
5.8156136359e-01 7.3787183310e-02 1.5297626672e-01
5.8156028695e-01 7.3787784198e-02 1.5297618304e-01
5.8156141514e-01 7.3788383627e-02 1.5297388374e-01
5.8156120320e-01 7.3785783285e-02 1.5297729001e-01
5.8156239743e-01 7.3786520468e-02 1.5297499480e-01
4.8489650708e-01 8.1758233152e-03 -5.4129411552e-01
4.8489621309e-01 8.1758317108e-03 -5.4129519063e-01
4.8489650775e-01 8.1757406074e-03 -5.4129531531e-01
4.8489622909e-01 8.1757614071e-03 -5.4129636649e-01
4.8489775540e-01 8.1759398437e-03 -5.4129473687e-01
4.8489745565e-01 8.1759507746e-03 -5.4129579524e-01
4.8489775128e-01 8.1760179574e-03 -5.4129603173e-01
4.8489746454e-01 8.1760152881e-03 -5.4129708025e-01
-1.9662043658e-01 7.1579082946e-01 -4.1024486923e-01
-1.9662015912e-01 7.1579573533e-01 -4.1024825739e-01
-1.9662118677e-01 7.1579019321e-01 -4.1024452817e-01
-1.9662099914e-01 7.1579515680e-01 -4.1024783373e-01
-1.9662073275e-01 7.1578953128e-01 -4.1024409934e-01
-1.9662047944e-01 7.1579442331e-01 -4.1024751290e-01
-1.9662144018e-01 7.1578886314e-01 -4.1024374883e-01
-1.9662127678e-01 7.1579381287e-01 -4.1024707977e-01
-2.4435383539e-02 -1.6502895842e-02 -8.9875571760e-02
-2.4434498451e-02 -1.6502153539e-02 -8.9876365544e-02
-2.4435162753e-02 -1.6503338759e-02 -8.9875376491e-02
-2.4434270297e-02 -1.6502574773e-02 -8.9876165475e-02
-2.4434312316e-02 -1.6504371452e-02 -8.9876232082e-02
-2.4433431113e-02 -1.6503620623e-02 -8.9877035388e-02
-2.4434142749e-02 -1.6504860417e-02 -8.9876028996e-02
-2.4433257904e-02 -1.6504085398e-02 -8.9876828485e-02
-1.7375167462e-01 8.2709283554e-01 3.6099527997e-02
-1.7375139133e-01 8.2709250791e-01 3.6100832991e-02
-1.7375214493e-01 8.2709237024e-01 3.6099679089e-02
-1.7375187574e-01 8.2709205715e-01 3.6100970976e-02
-1.7375273717e-01 8.2709316167e-01 3.6100471883e-02
-1.7375244869e-01 8.2709283693e-01 3.6101759431e-02
-1.7375322202e-01 8.2709268767e-01 3.6100604103e-02
-1.7375294876e-01 8.2709237739e-01 3.6101878377e-02
2.3905592961e-01 8.4989453625e-02 1.4324252020e-02
2.3905514704e-01 8.4990175783e-02 1.4324492875e-02
2.3905660884e-01 8.4988444077e-02 1.4324192424e-02
2.3905582397e-01 8.4989160030e-02 1.4324431801e-02
2.3905653672e-01 8.4989616947e-02 1.4324098979e-02
2.3905575907e-01 8.4990331565e-02 1.4324348421e-02
2.3905721041e-01 8.4988607197e-02 1.4324040467e-02
2.3905643202e-01 8.4989316585e-02 1.4324291785e-02
1.9112808266e-02 1.9542970360e-01 -2.1645155489e-01
1.9113170250e-02 1.9542838367e-01 -2.1645067886e-01
1.9113120193e-02 1.9542937527e-01 -2.1645143887e-01
1.9113499538e-02 1.9542806006e-01 -2.1645056049e-01
1.9111213349e-02 1.9542987712e-01 -2.1645117836e-01
1.9111564767e-02 1.9542865204e-01 -2.1645038313e-01
1.9111435208e-02 1.9542949679e-01 -2.1645108025e-01
1.9111818237e-02 1.9542827152e-01 -2.1645027487e-01
-1.2312628642e-01 -1.2224390054e-01 2.1765324104e-01
-1.2312503016e-01 -1.2224334938e-01 2.1765314097e-01
-1.2312801709e-01 -1.2224607691e-01 2.1765366027e-01
-1.2312676061e-01 -1.2224552584e-01 2.1765355962e-01
-1.2313018983e-01 -1.2224504377e-01 2.1765328909e-01
-1.2312895001e-01 -1.2224448523e-01 2.1765316070e-01
-1.2313190090e-01 -1.2224718850e-01 2.1765367806e-01
-1.2313066209e-01 -1.2224663090e-01 2.1765355610e-01
5.5762994682e-01 -3.5660182997e-02 2.4587580758e-01
5.5763053329e-01 -3.5660265600e-02 2.4587682966e-01
5.5763151478e-01 -3.5653127417e-02 2.4587507304e-01
5.5763217965e-01 -3.5653154980e-02 2.4587609102e-01
5.5762545241e-01 -3.5661693349e-02 2.4587423145e-01
5.5762612581e-01 -3.5661729261e-02 2.4587524646e-01
5.5762725652e-01 -3.5654575589e-02 2.4587364763e-01
5.5762787191e-01 -3.5654577721e-02 2.4587468200e-01
1.4959452496e-01 -5.1028593209e-01 6.0853323287e-01
1.4959553907e-01 -5.1028486306e-01 6.0853361128e-01
1.4959482705e-01 -5.1028791304e-01 6.0853364977e-01
1.4959583930e-01 -5.1028683881e-01 6.0853401756e-01
1.4959632543e-01 -5.1028536910e-01 6.0853346289e-01
1.4959733702e-01 -5.1028429047e-01 6.0853383857e-01
1.4959662373e-01 -5.1028733913e-01 6.0853387849e-01
1.4959763511e-01 -5.1028626380e-01 6.0853424931e-01
2.2517324942e-01 -4.8497226856e-01 -9.0239709563e-01
2.2517875628e-01 -4.8497548611e-01 -9.0240082660e-01
2.2517210048e-01 -4.8496601518e-01 -9.0239932511e-01
2.2517758133e-01 -4.8496917135e-01 -9.0240304355e-01
2.2518279227e-01 -4.8497767326e-01 -9.0240409522e-01
2.2518829945e-01 -4.8498089093e-01 -9.0240782609e-01
2.2518164798e-01 -4.8497141762e-01 -9.0240632576e-01
2.2518713255e-01 -4.8497457380e-01 -9.0241003924e-01
1.6605311618e-01 -6.0394354074e-01 1.2432096399e-01
1.6605374158e-01 -6.0394402056e-01 1.2431998292e-01
1.6605382727e-01 -6.0394355980e-01 1.2432104908e-01
1.6605445247e-01 -6.0394403492e-01 1.2432007843e-01
1.6604737386e-01 -6.0394192233e-01 1.2432141229e-01
1.6604796018e-01 -6.0394223413e-01 1.2432055441e-01
1.6604807059e-01 -6.0394192827e-01 1.2432148622e-01
1.6604865877e-01 -6.0394224258e-01 1.2432062548e-01
1.3810679470e-01 4.8887879186e-01 -2.6610276345e-01
1.3810705588e-01 4.8887887743e-01 -2.6610367206e-01
1.3810618075e-01 4.8888317003e-01 -2.6610438784e-01
1.3810639523e-01 4.8888328741e-01 -2.6610521645e-01
1.3810868482e-01 4.8887891246e-01 -2.6610276258e-01
1.3810894910e-01 4.8887899411e-01 -2.6610364573e-01
1.3810806816e-01 4.8888330676e-01 -2.6610433316e-01
1.3810828268e-01 4.8888341970e-01 -2.6610519897e-01
-4.5697555840e-01 -5.0165238836e-01 2.6999782724e-01
-4.5697718693e-01 -5.0164939592e-01 2.7000302530e-01
-4.5697547420e-01 -5.0165210140e-01 2.6999774561e-01
-4.5697707820e-01 -5.0164911123e-01 2.7000294592e-01
-4.5697500417e-01 -5.0165231908e-01 2.6999774721e-01
-4.5697661087e-01 -5.0164932017e-01 2.7000294855e-01
-4.5697490144e-01 -5.0165201131e-01 2.6999767396e-01
-4.5697652108e-01 -5.0164903730e-01 2.7000288041e-01
-1.4508421031e-01 2.2640895622e-01 4.0179561828e-02
-1.4508345514e-01 2.2640936451e-01 4.0179575858e-02
-1.4508309334e-01 2.2640663604e-01 4.0178155838e-02
-1.4508233509e-01 2.2640704093e-01 4.0178172542e-02
-1.4508946141e-01 2.2640815004e-01 4.0177879175e-02
-1.4508869713e-01 2.2640856966e-01 4.0177904139e-02
-1.4508832731e-01 2.2640573229e-01 4.0176515704e-02
-1.4508756046e-01 2.2640615076e-01 4.0176541141e-02
4.6295423196e-01 3.2252268232e-01 5.3040634046e-01
4.6295466466e-01 3.2252257673e-01 5.3040714558e-01
4.6295677370e-01 3.2252747787e-01 5.3040772572e-01
4.6295718441e-01 3.2252739229e-01 5.3040854174e-01
4.6295279696e-01 3.2252246349e-01 5.3040679273e-01
4.6295322416e-01 3.2252235795e-01 5.3040758954e-01
4.6295539889e-01 3.2252731160e-01 5.3040814788e-01
4.6295580394e-01 3.2252723052e-01 5.3040895516e-01
3.9681559625e-01 2.9811076523e-01 2.2452934646e-01
3.9681560878e-01 2.9811214733e-01 2.2453428845e-01
3.9681611541e-01 2.9810779159e-01 2.2452805382e-01
3.9681602384e-01 2.9810905701e-01 2.2453294618e-01
3.9681757300e-01 2.9811254445e-01 2.2452883162e-01
3.9681750953e-01 2.9811375652e-01 2.2453376036e-01
3.9681807145e-01 2.9810968308e-01 2.2452748739e-01
3.9681794989e-01 2.9811086704e-01 2.2453233998e-01
-4.6777452385e-01 -1.3580693169e-01 2.4273044475e-01
-4.6777503508e-01 -1.3580834362e-01 2.4273069219e-01
-4.6777451778e-01 -1.3580522988e-01 2.4273079448e-01
-4.6777502901e-01 -1.3580660973e-01 2.4273103692e-01
-4.6777343264e-01 -1.3580846316e-01 2.4273006055e-01
-4.6777394237e-01 -1.3580982427e-01 2.4273032623e-01
-4.6777343014e-01 -1.3580669769e-01 2.4273044594e-01
-4.6777394533e-01 -1.3580812734e-01 2.4273066999e-01
-2.9579975725e-01 3.6969918849e-01 -3.9788455357e-01
-2.9580060672e-01 3.6969934517e-01 -3.9788388814e-01
-2.9580135037e-01 3.6969771928e-01 -3.9788522284e-01
-2.9580220090e-01 3.6969787214e-01 -3.9788455367e-01
-2.9579883865e-01 3.6969841937e-01 -3.9788403812e-01
-2.9579967764e-01 3.6969856728e-01 -3.9788336117e-01
-2.9580045022e-01 3.6969694006e-01 -3.9788471524e-01
-2.9580129028e-01 3.6969708416e-01 -3.9788403456e-01
6.2599681268e-02 -1.8867988804e-01 -6.5948816616e-01
6.2600009661e-02 -1.8867965134e-01 -6.5948710328e-01
6.2599214754e-02 -1.8867919046e-01 -6.5948775703e-01
6.2599516667e-02 -1.8867892235e-01 -6.5948669985e-01
6.2599930206e-02 -1.8867947197e-01 -6.5948783696e-01
6.2600297189e-02 -1.8867924947e-01 -6.5948675327e-01
6.2599494896e-02 -1.8867882238e-01 -6.5948745039e-01
6.2599799302e-02 -1.8867854681e-01 -6.5948637644e-01
3.2150480925e-01 6.3228803651e-01 9.3699245523e-01
3.2150474470e-01 6.3228768692e-01 9.3699183792e-01
3.2150596116e-01 6.3229224573e-01 9.3699165024e-01
3.2150589422e-01 6.3229189514e-01 9.3699100970e-01
3.2150660901e-01 6.3228726791e-01 9.3699138636e-01
3.2150654960e-01 6.3228691486e-01 9.3699076816e-01
3.2150775279e-01 6.3229147072e-01 9.3699056803e-01
3.2150769345e-01 6.3229111766e-01 9.3698993021e-01
5.2058532209e-01 7.8084807961e-01 3.8651986121e-01
5.2058479959e-01 7.8084812365e-01 3.8651916675e-01
5.2058668841e-01 7.8084657957e-01 3.8652115821e-01
5.2058616432e-01 7.8084661785e-01 3.8652045994e-01
5.2057527569e-01 7.8084623163e-01 3.8651912188e-01
5.2057474571e-01 7.8084626920e-01 3.8651842695e-01
5.2057663935e-01 7.8084474595e-01 3.8652042444e-01
5.2057611033e-01 7.8084478227e-01 3.8651972897e-01
-9.4358638015e-01 7.4528921105e-02 1.4441643367e+00
-9.4358689173e-01 7.4529075785e-02 1.4441647439e+00
-9.4358557635e-01 7.4528103635e-02 1.4441639698e+00
-9.4358612189e-01 7.4528264404e-02 1.4441643698e+00
-9.4358456398e-01 7.4529424915e-02 1.4441634823e+00
-9.4358510799e-01 7.4529579347e-02 1.4441638844e+00
-9.4358379031e-01 7.4528528624e-02 1.4441630867e+00
-9.4358433560e-01 7.4528689280e-02 1.4441634868e+00
-4.7235954308e-01 2.1271988400e+00 1.0823421731e+00
-4.7236018455e-01 2.1271981140e+00 1.0823401590e+00
-4.7236179567e-01 2.1271967527e+00 1.0823417579e+00
-4.7236244729e-01 2.1271960318e+00 1.0823397179e+00
-4.7235640515e-01 2.1271952094e+00 1.0823421590e+00
-4.7235702368e-01 2.1271944806e+00 1.0823401394e+00
-4.7235863482e-01 2.1271931644e+00 1.0823417493e+00
-4.7235926471e-01 2.1271924385e+00 1.0823397038e+00
-1.3260897273e+00 -8.8634379896e-01 -3.2058463476e-01
-1.3260908942e+00 -8.8634239594e-01 -3.2057561907e-01
-1.3260867149e+00 -8.8633560898e-01 -3.2058555795e-01
-1.3260877102e+00 -8.8633429231e-01 -3.2057666669e-01
-1.3261049089e+00 -8.8634696524e-01 -3.2058455046e-01
-1.3261057431e+00 -8.8634552275e-01 -3.2057556319e-01
-1.3261016857e+00 -8.8633875218e-01 -3.2058545226e-01
-1.3261026913e+00 -8.8633745713e-01 -3.2057646631e-01
-1.9606597597e+00 9.8416089677e-01 7.7630525297e-01
-1.9606605378e+00 9.8416136755e-01 7.7630535175e-01
-1.9606594368e+00 9.8416410212e-01 7.7630396070e-01
-1.9606601162e+00 9.8416451511e-01 7.7630398937e-01
-1.9606468776e+00 9.8416136589e-01 7.7630507310e-01
-1.9606476630e+00 9.8416184837e-01 7.7630518978e-01
-1.9606465402e+00 9.8416454339e-01 7.7630380312e-01
-1.9606472381e+00 9.8416498403e-01 7.7630381204e-01
1.5682482096e+00 5.8942892426e-01 1.6908303645e-01
1.5682490376e+00 5.8942937027e-01 1.6908901008e-01
1.5682483458e+00 5.8943061533e-01 1.6908389947e-01
1.5682492047e+00 5.8943104212e-01 1.6908991514e-01
1.5682539204e+00 5.8942811427e-01 1.6908335163e-01
1.5682547793e+00 5.8942856164e-01 1.6908936577e-01
1.5682540716e+00 5.8942979471e-01 1.6908421183e-01
1.5682549243e+00 5.8943024393e-01 1.6909023943e-01
2.5880505173e+00 5.9572222063e-01 2.9010770075e-01
2.5880510286e+00 5.9572169335e-01 2.9010704344e-01
2.5880503121e+00 5.9572342716e-01 2.9010729531e-01
2.5880508178e+00 5.9572290013e-01 2.9010663713e-01
2.5880352156e+00 5.9572345991e-01 2.9010908273e-01
2.5880357036e+00 5.9572289310e-01 2.9010843576e-01
2.5880350242e+00 5.9572469844e-01 2.9010868093e-01
2.5880355076e+00 5.9572412784e-01 2.9010802809e-01
7.8659217827e-01 -3.1874522764e-01 -1.5759823691e+00
7.8659558042e-01 -3.1874385400e-01 -1.5759895730e+00
7.8659142253e-01 -3.1874683572e-01 -1.5759823125e+00
7.8659483838e-01 -3.1874547110e-01 -1.5759895184e+00
7.8659408426e-01 -3.1874651192e-01 -1.5759813979e+00
7.8659748235e-01 -3.1874513818e-01 -1.5759886014e+00
7.8659334830e-01 -3.1874813335e-01 -1.5759813683e+00
7.8659674972e-01 -3.1874676381e-01 -1.5759885739e+00
-1.1141887888e-02 -1.9294539881e-01 1.0834041792e+00
-1.1141697446e-02 -1.9294581973e-01 1.0834035156e+00
-1.1141521096e-02 -1.9294536191e-01 1.0834037281e+00
-1.1141341607e-02 -1.9294575879e-01 1.0834031085e+00
-1.1141663489e-02 -1.9294410453e-01 1.0834041763e+00
-1.1141465369e-02 -1.9294452062e-01 1.0834035118e+00
-1.1141288210e-02 -1.9294406774e-01 1.0834037143e+00
-1.1141108463e-02 -1.9294446471e-01 1.0834030947e+00
-8.1164590154e-01 1.8884268326e-01 -2.3487643435e-01
-8.1164754157e-01 1.8884440559e-01 -2.3487978925e-01
-8.1164535058e-01 1.8884251331e-01 -2.3487667292e-01
-8.1164703452e-01 1.8884424549e-01 -2.3488001662e-01
-8.1164128423e-01 1.8884383964e-01 -2.3487852144e-01
-8.1164292194e-01 1.8884556005e-01 -2.3488187550e-01
-8.1164077442e-01 1.8884366526e-01 -2.3487875051e-01
-8.1164241221e-01 1.8884539516e-01 -2.3488209999e-01
-1.5260522777e+00 -8.9543332566e-01 8.8820060107e-01
-1.5260530869e+00 -8.9543394088e-01 8.8819900258e-01
-1.5260511486e+00 -8.9542761084e-01 8.8820062565e-01
-1.5260519556e+00 -8.9542823076e-01 8.8819905100e-01
-1.5260474698e+00 -8.9543406658e-01 8.8820020658e-01
-1.5260482851e+00 -8.9543467841e-01 8.8819860529e-01
-1.5260462852e+00 -8.9542835727e-01 8.8820022380e-01
-1.5260471015e+00 -8.9542897810e-01 8.8819864917e-01
1.0958784172e+00 4.2316073257e-01 2.1140770325e+00
1.0958803008e+00 4.2316211772e-01 2.1140833958e+00
1.0958781763e+00 4.2316384372e-01 2.1140784369e+00
1.0958802061e+00 4.2316528389e-01 2.1140848337e+00
1.0958704370e+00 4.2316196073e-01 2.1140789289e+00
1.0958724387e+00 4.2316330650e-01 2.1140853100e+00
1.0958702518e+00 4.2316516413e-01 2.1140805237e+00
1.0958721739e+00 4.2316651027e-01 2.1140868688e+00
1.3176186134e+00 -1.6208462557e+00 9.0659676614e-01
1.3176191546e+00 -1.6208463191e+00 9.0659570082e-01
1.3176181411e+00 -1.6208461915e+00 9.0659742279e-01
1.3176186761e+00 -1.6208462414e+00 9.0659633831e-01
1.3176077314e+00 -1.6208444779e+00 9.0660021815e-01
1.3176083454e+00 -1.6208446242e+00 9.0659905975e-01
1.3176072006e+00 -1.6208444074e+00 9.0660086608e-01
1.3176078159e+00 -1.6208445585e+00 9.0659970971e-01
-1.1187578659e+00 5.2724534577e-02 -1.0593734171e+00
-1.1187591658e+00 5.2723689719e-02 -1.0593698540e+00
-1.1187568149e+00 5.2723692551e-02 -1.0593744511e+00
-1.1187581152e+00 5.2722835563e-02 -1.0593708821e+00
-1.1187560085e+00 5.2723369876e-02 -1.0593730050e+00
-1.1187572928e+00 5.2722522130e-02 -1.0593694312e+00
-1.1187549705e+00 5.2722549470e-02 -1.0593740399e+00
-1.1187562598e+00 5.2721706606e-02 -1.0593704629e+00
8.6456849414e-01 6.6899721547e-01 -2.5271658259e-02
8.6456776323e-01 6.6899779250e-01 -2.5261754420e-02
8.6456642157e-01 6.6899290576e-01 -2.5270123044e-02
8.6456568307e-01 6.6899350255e-01 -2.5260185884e-02
8.6457113036e-01 6.6900027009e-01 -2.5273466242e-02
8.6457044896e-01 6.6900092670e-01 -2.5263568600e-02
8.6456907520e-01 6.6899602771e-01 -2.5271903463e-02
8.6456837193e-01 6.6899665014e-01 -2.5261999217e-02
-1.3581768528e+00 4.6262753926e-01 -1.6422680477e+00
-1.3581766992e+00 4.6262904539e-01 -1.6422717977e+00
-1.3581755489e+00 4.6262440260e-01 -1.6422679941e+00
-1.3581753882e+00 4.6262591322e-01 -1.6422717450e+00
-1.3581769996e+00 4.6262660044e-01 -1.6422677111e+00
-1.3581768581e+00 4.6262810537e-01 -1.6422715051e+00
-1.3581756999e+00 4.6262346560e-01 -1.6422676494e+00
-1.3581755578e+00 4.6262497075e-01 -1.6422714448e+00
-1.1981501151e+00 7.2131737668e-01 -5.9127971172e-01
-1.1981494295e+00 7.2131851306e-01 -5.9128250531e-01
-1.1981494125e+00 7.2131832766e-01 -5.9127971108e-01
-1.1981487271e+00 7.2131946394e-01 -5.9128250480e-01
-1.1981499699e+00 7.2131613300e-01 -5.9127928152e-01
-1.1981492819e+00 7.2131726985e-01 -5.9128207565e-01
-1.1981492684e+00 7.2131708455e-01 -5.9127927945e-01
-1.1981485805e+00 7.2131822128e-01 -5.9128207362e-01
6.4197735016e-01 1.7253829663e-01 -7.2010537913e-01
6.4197615426e-01 1.7253802404e-01 -7.2010936100e-01
6.4197682571e-01 1.7253573316e-01 -7.2010435825e-01
6.4197562972e-01 1.7253546053e-01 -7.2010834008e-01
6.4197943775e-01 1.7253815049e-01 -7.2010379916e-01
6.4197824713e-01 1.7253787467e-01 -7.2010778135e-01
6.4197891688e-01 1.7253559406e-01 -7.2010273534e-01
6.4197772045e-01 1.7253532126e-01 -7.2010671724e-01
4.9732043278e-02 3.2288167977e-01 -9.1272687136e-01
4.9732266602e-02 3.2288207187e-01 -9.1272806909e-01
4.9731224513e-02 3.2288237272e-01 -9.1272617400e-01
4.9731449452e-02 3.2288276476e-01 -9.1272737100e-01
4.9733390879e-02 3.2288225621e-01 -9.1272674903e-01
4.9733612510e-02 3.2288265373e-01 -9.1272794343e-01
4.9732575484e-02 3.2288292932e-01 -9.1272605223e-01
4.9732798726e-02 3.2288332676e-01 -9.1272724589e-01
-5.4553748586e-01 -3.9660841366e-01 9.2517792782e-01
-5.4553764595e-01 -3.9660862757e-01 9.2517718072e-01
-5.4553843611e-01 -3.9660927090e-01 9.2518105141e-01
-5.4553859902e-01 -3.9660948172e-01 9.2518030499e-01
-5.4553588191e-01 -3.9660875238e-01 9.2517847989e-01
-5.4553604010e-01 -3.9660896532e-01 9.2517773442e-01
-5.4553680562e-01 -3.9660959013e-01 9.2518163618e-01
-5.4553696668e-01 -3.9660979987e-01 9.2518089168e-01
-6.9035345771e-01 8.2917066594e-01 -1.0710881558e+00
-6.9035321424e-01 8.2917093900e-01 -1.0710882353e+00
-6.9035434539e-01 8.2916991540e-01 -1.0710879495e+00
-6.9035411015e-01 8.2917018767e-01 -1.0710880394e+00
-6.9035229820e-01 8.2917186541e-01 -1.0710888614e+00
-6.9035205475e-01 8.2917213850e-01 -1.0710889409e+00
-6.9035321912e-01 8.2917099548e-01 -1.0710886012e+00
-6.9035298395e-01 8.2917126782e-01 -1.0710886908e+00
8.4862771058e-01 -8.4893315775e-02 -1.3118489054e-01
8.4862852638e-01 -8.4893374637e-02 -1.3118527506e-01
8.4862788022e-01 -8.4889563974e-02 -1.3118353940e-01
8.4862874285e-01 -8.4889572042e-02 -1.3118388324e-01
8.4862857328e-01 -8.4893824159e-02 -1.3118501021e-01
8.4862936271e-01 -8.4893934128e-02 -1.3118540050e-01
8.4862873846e-01 -8.4890070362e-02 -1.3118365991e-01
8.4862958595e-01 -8.4890131073e-02 -1.3118400304e-01
3.2264904605e+00 -1.4562586496e+00 -2.4411861042e-01
3.2264909055e+00 -1.4562587517e+00 -2.4411945721e-01
3.2264861187e+00 -1.4562485917e+00 -2.4411741776e-01
3.2264865441e+00 -1.4562486361e+00 -2.4411826767e-01
3.2264902183e+00 -1.4562618592e+00 -2.4411714180e-01
3.2264906640e+00 -1.4562619612e+00 -2.4411798843e-01
3.2264858772e+00 -1.4562517967e+00 -2.4411594991e-01
3.2264863032e+00 -1.4562518407e+00 -2.4411679969e-01
1.7638965276e+00 -1.1447573005e+00 -2.1860888038e-01
1.7638970684e+00 -1.1447563624e+00 -2.1861079977e-01
1.7638962203e+00 -1.1447510884e+00 -2.1860946621e-01
1.7638967352e+00 -1.1447501900e+00 -2.1861137206e-01
1.7638909219e+00 -1.1447566908e+00 -2.1860712719e-01
1.7638914621e+00 -1.1447557701e+00 -2.1860903538e-01
1.7638906064e+00 -1.1447505194e+00 -2.1860769592e-01
1.7638911236e+00 -1.1447495987e+00 -2.1860956834e-01
2.1652719847e-01 -1.4914411149e+00 7.7606060903e-01
2.1652759880e-01 -1.4914424277e+00 7.7605887325e-01
2.1652750572e-01 -1.4914407561e+00 7.7606062538e-01
2.1652791075e-01 -1.4914420739e+00 7.7605889215e-01
2.1652099238e-01 -1.4914393241e+00 7.7606250679e-01
2.1652139679e-01 -1.4914406485e+00 7.7606079453e-01
2.1652129919e-01 -1.4914389632e+00 7.7606253280e-01
2.1652170688e-01 -1.4914402896e+00 7.7606081700e-01
-1.5668522747e+00 -3.2138982153e-01 -4.6712179569e-01
-1.5668532957e+00 -3.2138937966e-01 -4.6712255632e-01
-1.5668526732e+00 -3.2138505363e-01 -4.6712196945e-01
-1.5668537093e+00 -3.2138460647e-01 -4.6712274761e-01
-1.5668469378e+00 -3.2139069573e-01 -4.6712202862e-01
-1.5668479589e+00 -3.2139025387e-01 -4.6712278926e-01
-1.5668472821e+00 -3.2138576989e-01 -4.6712225262e-01
-1.5668483284e+00 -3.2138531679e-01 -4.6712302178e-01
-4.2956974393e-01 -5.7679667106e-01 -9.6783389605e-01
-4.2957006846e-01 -5.7679696880e-01 -9.6783384375e-01
-4.2956968299e-01 -5.7679751367e-01 -9.6783545785e-01
-4.2957000995e-01 -5.7679781452e-01 -9.6783540695e-01
-4.2956764670e-01 -5.7679691536e-01 -9.6783419793e-01
-4.2956796758e-01 -5.7679720899e-01 -9.6783414922e-01
-4.2956756971e-01 -5.7679774682e-01 -9.6783576161e-01
-4.2956789303e-01 -5.7679804353e-01 -9.6783571425e-01
-2.1686985831e+00 1.7555904228e+00 1.7975044449e+00
-2.1687082210e+00 1.7555888291e+00 1.7975176596e+00
-2.1687002527e+00 1.7556002292e+00 1.7975016685e+00
-2.1687099300e+00 1.7555986892e+00 1.7975149336e+00
-2.1687131954e+00 1.7555962585e+00 1.7975137353e+00
-2.1687227809e+00 1.7555947631e+00 1.7975270384e+00
-2.1687148334e+00 1.7556058684e+00 1.7975111360e+00
-2.1687244676e+00 1.7556043971e+00 1.7975242694e+00
-9.4846453604e-02 -7.2978248501e-01 -8.1640222924e-01
-9.4848930023e-02 -7.2978210985e-01 -8.1639790611e-01
-9.4846437179e-02 -7.2978344934e-01 -8.1640284288e-01
-9.4848895120e-02 -7.2978306612e-01 -8.1639852192e-01
-9.4844064964e-02 -7.2978364946e-01 -8.1640331148e-01
-9.4846453267e-02 -7.2978337390e-01 -8.1639905573e-01
-9.4844038582e-02 -7.2978462541e-01 -8.1640392176e-01
-9.4846427138e-02 -7.2978434819e-01 -8.1639965488e-01
-1.0467044149e+00 -1.3274380775e+00 5.6546515688e-01
-1.0467042544e+00 -1.3274377859e+00 5.6546538408e-01
-1.0467027189e+00 -1.3274382137e+00 5.6546565681e-01
-1.0467025170e+00 -1.3274379118e+00 5.6546588327e-01
-1.0467133452e+00 -1.3274379107e+00 5.6546613447e-01
-1.0467132361e+00 -1.3274376553e+00 5.6546629698e-01
-1.0467116539e+00 -1.3274380570e+00 5.6546663948e-01
-1.0467115137e+00 -1.3274378110e+00 5.6546682857e-01
4.2309800465e-01 5.1926908941e-01 -1.3459661318e+00
4.2309803606e-01 5.1926797212e-01 -1.3459663870e+00
4.2309710840e-01 5.1926701748e-01 -1.3459648493e+00
4.2309713781e-01 5.1926590150e-01 -1.3459651087e+00
4.2309730826e-01 5.1926874637e-01 -1.3459665258e+00
4.2309735162e-01 5.1926761580e-01 -1.3459668165e+00
4.2309641161e-01 5.1926667926e-01 -1.3459652356e+00
4.2309645521e-01 5.1926554932e-01 -1.3459655312e+00
7.9775328688e-01 -3.1972728288e-01 7.6387504927e-01
7.9775255333e-01 -3.1972813814e-01 7.6387490313e-01
7.9775360451e-01 -3.1972787141e-01 7.6387432057e-01
7.9775286601e-01 -3.1972871907e-01 7.6387416923e-01
7.9775349814e-01 -3.1972745826e-01 7.6387364856e-01
7.9775276597e-01 -3.1972831510e-01 7.6387347159e-01
7.9775379591e-01 -3.1972804562e-01 7.6387292325e-01
7.9775305878e-01 -3.1972889486e-01 7.6387274108e-01
-3.8657262499e-01 1.1465486143e+00 8.3644159879e-01
-3.8657311421e-01 1.1465474360e+00 8.3644667515e-01
-3.8657265667e-01 1.1465489168e+00 8.3644160140e-01
-3.8657314429e-01 1.1465477586e+00 8.3644666309e-01
-3.8657832978e-01 1.1465490898e+00 8.3644059388e-01
-3.8657878512e-01 1.1465479285e+00 8.3644561164e-01
-3.8657838670e-01 1.1465494207e+00 8.3644059764e-01
-3.8657881376e-01 1.1465482687e+00 8.3644561241e-01
-4.2424980566e-01 2.3050196218e-02 6.7562593378e-01
-4.2424945989e-01 2.3050547015e-02 6.7562518474e-01
-4.2425058886e-01 2.3047212842e-02 6.7562635161e-01
-4.2425024386e-01 2.3047564159e-02 6.7562560347e-01
-4.2424623169e-01 2.3050976755e-02 6.7562737666e-01
-4.2424588607e-01 2.3051328141e-02 6.7562663087e-01
-4.2424710337e-01 2.3047936807e-02 6.7562774704e-01
-4.2424675822e-01 2.3048288992e-02 6.7562700182e-01
2.5086948242e-01 1.2744414565e+00 5.6975207773e-02
2.5086797267e-01 1.2744405396e+00 5.6974241785e-02
2.5087065499e-01 1.2744474533e+00 5.6974967134e-02
2.5086917805e-01 1.2744465769e+00 5.6973984122e-02
2.5087272333e-01 1.2744418798e+00 5.6975587704e-02
2.5087124671e-01 1.2744409633e+00 5.6974621828e-02
2.5087393561e-01 1.2744479106e+00 5.6975334450e-02
2.5087245732e-01 1.2744470337e+00 5.6974352075e-02
-1.1578940928e+00 1.7890743423e-01 3.7729799975e-01
-1.1578942718e+00 1.7890664310e-01 3.7729555552e-01
-1.1578940044e+00 1.7890524375e-01 3.7729750005e-01
-1.1578941784e+00 1.7890445995e-01 3.7729503940e-01
-1.1579010142e+00 1.7890881031e-01 3.7729828007e-01
-1.1579012315e+00 1.7890802632e-01 3.7729579229e-01
-1.1579009049e+00 1.7890661805e-01 3.7729775483e-01
-1.1579011222e+00 1.7890583692e-01 3.7729527040e-01
7.7698902631e-02 1.6637019167e+00 -2.7281888066e-02
7.7699343041e-02 1.6637009993e+00 -2.7283717013e-02
7.7701527667e-02 1.6637086172e+00 -2.7281826441e-02
7.7701967765e-02 1.6637077200e+00 -2.7283668893e-02
7.7699038311e-02 1.6637008823e+00 -2.7282822906e-02
7.7699476306e-02 1.6636999542e+00 -2.7284632251e-02
7.7701645851e-02 1.6637076062e+00 -2.7282746169e-02
7.7702082913e-02 1.6637066981e+00 -2.7284570232e-02
6.5445465278e-01 6.7109703225e-01 1.7349341230e+00
6.5445520586e-01 6.7109656738e-01 1.7349334566e+00
6.5445435763e-01 6.7109641098e-01 1.7349349713e+00
6.5445490126e-01 6.7109595317e-01 1.7349343119e+00
6.5445830059e-01 6.7109732331e-01 1.7349344193e+00
6.5445885570e-01 6.7109685516e-01 1.7349337571e+00
6.5445800644e-01 6.7109670224e-01 1.7349352678e+00
6.5445855178e-01 6.7109624257e-01 1.7349346113e+00
1.2367796782e+00 1.1679345806e+00 1.7033584716e+00
1.2367798833e+00 1.1679330332e+00 1.7033569646e+00
1.2367790277e+00 1.1679351736e+00 1.7033584840e+00
1.2367792326e+00 1.1679336265e+00 1.7033569772e+00
1.2367802984e+00 1.1679370635e+00 1.7033624533e+00
1.2367805017e+00 1.1679355162e+00 1.7033609433e+00
1.2367796459e+00 1.1679376510e+00 1.7033624806e+00
1.2367798461e+00 1.1679361022e+00 1.7033609597e+00
8.0733434702e-01 2.2177878065e-01 2.4563931620e-01
8.0733311620e-01 2.2177936189e-01 2.4563774613e-01
8.0733637864e-01 2.2177821584e-01 2.4564171696e-01
8.0733516222e-01 2.2177878431e-01 2.4564017762e-01
8.0733465671e-01 2.2177869916e-01 2.4563676260e-01
8.0733342780e-01 2.2177927891e-01 2.4563519532e-01
8.0733671084e-01 2.2177811684e-01 2.4563913831e-01
8.0733549633e-01 2.2177868382e-01 2.4563760176e-01
-1.5168585843e+00 -4.7562877752e-01 -2.9486519363e-01
-1.5168597001e+00 -4.7562867669e-01 -2.9486675147e-01
-1.5168585956e+00 -4.7562865633e-01 -2.9486538568e-01
-1.5168597118e+00 -4.7562855541e-01 -2.9486694379e-01
-1.5168575828e+00 -4.7562986404e-01 -2.9486250316e-01
-1.5168586995e+00 -4.7562976453e-01 -2.9486406215e-01
-1.5168575969e+00 -4.7562974280e-01 -2.9486269381e-01
-1.5168587131e+00 -4.7562964209e-01 -2.9486425173e-01
4.8551936427e-01 -7.9594243071e-01 1.1224763356e+00
4.8551942727e-01 -7.9594119392e-01 1.1224820022e+00
4.8551699815e-01 -7.9594539918e-01 1.1224775717e+00
4.8551713283e-01 -7.9594424263e-01 1.1224832003e+00
4.8552164346e-01 -7.9594385228e-01 1.1224758642e+00
4.8552170883e-01 -7.9594271527e-01 1.1224816184e+00
4.8551929894e-01 -7.9594680825e-01 1.1224771335e+00
4.8551943673e-01 -7.9594575218e-01 1.1224828292e+00
1.7029327880e+00 -2.1999416964e-02 -1.3815359018e+00
1.7029341121e+00 -2.2000705650e-02 -1.3815379215e+00
1.7029319143e+00 -2.2000865531e-02 -1.3815365507e+00
1.7029332395e+00 -2.2002153719e-02 -1.3815385690e+00
1.7029357999e+00 -2.1997723070e-02 -1.3815397413e+00
1.7029371392e+00 -2.1998977800e-02 -1.3815417576e+00
1.7029349275e+00 -2.1999178775e-02 -1.3815403903e+00
1.7029362681e+00 -2.2000433204e-02 -1.3815424051e+00
-1.7472647472e+00 9.4406599274e-02 -2.6614855742e-01
-1.7472667706e+00 9.4406070333e-02 -2.6615267361e-01
-1.7472663986e+00 9.4401205384e-02 -2.6614525018e-01
-1.7472684221e+00 9.4400676469e-02 -2.6614936635e-01
-1.7472635158e+00 9.4405929610e-02 -2.6614639604e-01
-1.7472655422e+00 9.4405405040e-02 -2.6615051635e-01
-1.7472651731e+00 9.4400529285e-02 -2.6614308186e-01
-1.7472671995e+00 9.4400004740e-02 -2.6614720213e-01
-1.6422336287e+00 -5.3358984549e-01 1.0793707022e+00
-1.6422316190e+00 -5.3359102180e-01 1.0793668814e+00
-1.6422337944e+00 -5.3359116959e-01 1.0793709677e+00
-1.6422317835e+00 -5.3359234266e-01 1.0793671533e+00
-1.6422336823e+00 -5.3358870303e-01 1.0793706069e+00
-1.6422316765e+00 -5.3358988043e-01 1.0793667849e+00
-1.6422338463e+00 -5.3359001588e-01 1.0793708777e+00
-1.6422318408e+00 -5.3359120163e-01 1.0793670566e+00
1.9389099534e+00 9.2852080456e-01 -1.0850702758e+00
1.9389161231e+00 9.2852450623e-01 -1.0850792320e+00
1.9389088321e+00 9.2851546420e-01 -1.0850659781e+00
1.9389150302e+00 9.2851918495e-01 -1.0850749713e+00
1.9389123669e+00 9.2852323916e-01 -1.0850729940e+00
1.9389185670e+00 9.2852696277e-01 -1.0850819890e+00
1.9389112839e+00 9.2851791746e-01 -1.0850687534e+00
1.9389174515e+00 9.2852161163e-01 -1.0850776899e+00
7.8580328273e-01 -1.1878278677e+00 1.1187223525e+00
7.8580509412e-01 -1.1878267872e+00 1.1187197735e+00
7.8580304662e-01 -1.1878286225e+00 1.1187216027e+00
7.8580485432e-01 -1.1878275309e+00 1.1187190337e+00
7.8580411867e-01 -1.1878293310e+00 1.1187227685e+00
7.8580593006e-01 -1.1878282506e+00 1.1187201894e+00
7.8580388295e-01 -1.1878300845e+00 1.1187220181e+00
7.8580569064e-01 -1.1878289931e+00 1.1187194490e+00
-1.1923752394e-01 8.4968379390e-01 -9.3616572389e-01
-1.1923762457e-01 8.4968365064e-01 -9.3616599392e-01
-1.1923771130e-01 8.4968497077e-01 -9.3616599734e-01
-1.1923782316e-01 8.4968483884e-01 -9.3616627135e-01
-1.1924368811e-01 8.4968409518e-01 -9.3616559628e-01
-1.1924379704e-01 8.4968397756e-01 -9.3616593261e-01
-1.1924381697e-01 8.4968533823e-01 -9.3616586177e-01
-1.1924391782e-01 8.4968520877e-01 -9.3616620916e-01
-1.5451535133e-01 -4.4643900892e-01 -7.3873503678e-01
-1.5451512302e-01 -4.4643894232e-01 -7.3872736500e-01
-1.5451530482e-01 -4.4643568679e-01 -7.3873529419e-01
-1.5451494089e-01 -4.4643553064e-01 -7.3872754036e-01
-1.5451600475e-01 -4.4643881354e-01 -7.3873402653e-01
-1.5451578135e-01 -4.4643872037e-01 -7.3872632324e-01
-1.5451597051e-01 -4.4643545148e-01 -7.3873424841e-01
-1.5451561761e-01 -4.4643532182e-01 -7.3872652712e-01
6.3668519456e-01 -2.0418691781e+00 1.1324967595e+00
6.3668518311e-01 -2.0418687703e+00 1.1324960822e+00
6.3668895920e-01 -2.0418707830e+00 1.1324979495e+00
6.3668893572e-01 -2.0418703570e+00 1.1324972433e+00
6.3668379343e-01 -2.0418667779e+00 1.1324980860e+00
6.3668378851e-01 -2.0418663646e+00 1.1324974207e+00
6.3668754114e-01 -2.0418683421e+00 1.1324992630e+00
6.3668754802e-01 -2.0418679411e+00 1.1324985795e+00
6.4615891409e-03 6.2199192297e-01 -7.3878620652e-01
6.4612557922e-03 6.2199221262e-01 -7.3878535596e-01
6.4598680793e-03 6.2198992303e-01 -7.3878743035e-01
6.4595413291e-03 6.2199021888e-01 -7.3878657912e-01
6.4648830749e-03 6.2199109126e-01 -7.3878595161e-01
6.4645609869e-03 6.2199138537e-01 -7.3878509051e-01
6.4631580193e-03 6.2198907575e-01 -7.3878715135e-01
6.4628387660e-03 6.2198938572e-01 -7.3878629353e-01
-6.3669608882e-01 4.8320639643e-01 -6.1013208640e-01
-6.3669565843e-01 4.8320607658e-01 -6.1013192914e-01
-6.3669702276e-01 4.8321015552e-01 -6.1013428230e-01
-6.3669658194e-01 4.8320984087e-01 -6.1013411270e-01
-6.3669158813e-01 4.8320627800e-01 -6.1013232006e-01
-6.3669115504e-01 4.8320595992e-01 -6.1013216224e-01
-6.3669250506e-01 4.8321000255e-01 -6.1013455163e-01
-6.3669206154e-01 4.8320968966e-01 -6.1013438147e-01
-1.1017145201e-01 -2.5939966234e-01 -1.4404916967e+00
-1.1017236663e-01 -2.5939955061e-01 -1.4404922977e+00
-1.1017155447e-01 -2.5940091528e-01 -1.4404912879e+00
-1.1017246965e-01 -2.5940077290e-01 -1.4404918992e+00
-1.1017614582e-01 -2.5940089155e-01 -1.4404918315e+00
-1.1017711748e-01 -2.5940073183e-01 -1.4404924316e+00
-1.1017623290e-01 -2.5940211899e-01 -1.4404914047e+00
-1.1017720865e-01 -2.5940197421e-01 -1.4404919998e+00
5.9219675548e-01 5.1237682593e-01 -1.1267198499e+00
5.9219738029e-01 5.1237778410e-01 -1.1267185802e+00
5.9219701159e-01 5.1238035634e-01 -1.1267204692e+00
5.9219754884e-01 5.1238126260e-01 -1.1267192755e+00
5.9218474015e-01 5.1237571731e-01 -1.1267224026e+00
5.9218539056e-01 5.1237663909e-01 -1.1267211673e+00
5.9218500304e-01 5.1237917515e-01 -1.1267229996e+00
5.9218557317e-01 5.1238004349e-01 -1.1267218313e+00
2.2496514494e-01 2.2868197656e-01 -6.6740016131e-01
2.2496788117e-01 2.2868017767e-01 -6.6740278554e-01
2.2496251532e-01 2.2868986318e-01 -6.6739882605e-01
2.2496524328e-01 2.2868803138e-01 -6.6740157890e-01
2.2495918603e-01 2.2868352183e-01 -6.6739772045e-01
2.2496191264e-01 2.2868167950e-01 -6.6740046824e-01
2.2495656910e-01 2.2869142079e-01 -6.6739641243e-01
2.2495937887e-01 2.2868953016e-01 -6.6739919196e-01
-5.8029160200e-02 -1.2542635223e+00 -6.0754173843e-01
-5.8030811928e-02 -1.2542645046e+00 -6.0753871379e-01
-5.8027148046e-02 -1.2542667338e+00 -6.0754284518e-01
-5.8028808319e-02 -1.2542677084e+00 -6.0753980907e-01
-5.8029659124e-02 -1.2542615587e+00 -6.0754307078e-01
-5.8031330906e-02 -1.2542625519e+00 -6.0754000896e-01
-5.8027646014e-02 -1.2542647693e+00 -6.0754417610e-01
-5.8029328241e-02 -1.2542657550e+00 -6.0754110442e-01
-4.6046662537e-01 3.8264042684e-01 4.0801447284e-01
-4.6046770356e-01 3.8263949937e-01 4.0801329474e-01
-4.6046390285e-01 3.8264632268e-01 4.0801509691e-01
-4.6046491228e-01 3.8264536343e-01 4.0801387410e-01
-4.6046974513e-01 3.8263991777e-01 4.0801306137e-01
-4.6047082433e-01 3.8263899114e-01 4.0801188380e-01
-4.6046698398e-01 3.8264587110e-01 4.0801372958e-01
-4.6046799351e-01 3.8264491184e-01 4.0801250686e-01
-2.4086275812e+00 4.8224828821e-01 1.0503736392e+00
-2.4086270564e+00 4.8224790883e-01 1.0503750031e+00
-2.4086290616e+00 4.8225491021e-01 1.0503704116e+00
-2.4086284993e+00 4.8225450479e-01 1.0503717929e+00
-2.4086190432e+00 4.8224496213e-01 1.0503725262e+00
-2.4086184988e+00 4.8224456766e-01 1.0503739146e+00
-2.4086205357e+00 4.8225153775e-01 1.0503693194e+00
-2.4086199688e+00 4.8225113987e-01 1.0503706890e+00
-5.3936115986e-01 -2.4064678766e-01 -7.3729577850e-01
-5.3936167590e-01 -2.4064733521e-01 -7.3729576148e-01
-5.3936170649e-01 -2.4064770944e-01 -7.3729572973e-01
-5.3936217844e-01 -2.4064823920e-01 -7.3729567689e-01
-5.3936051995e-01 -2.4064750381e-01 -7.3729544407e-01
-5.3936103656e-01 -2.4064805148e-01 -7.3729542674e-01
-5.3936106645e-01 -2.4064841726e-01 -7.3729539151e-01
-5.3936153933e-01 -2.4064894688e-01 -7.3729533855e-01
7.9370937080e-01 3.8219461748e-01 -9.7791613282e-01
7.9370865964e-01 3.8219514254e-01 -9.7791703367e-01
7.9370859375e-01 3.8219414837e-01 -9.7791582288e-01
7.9370788311e-01 3.8219468198e-01 -9.7791671845e-01
7.9370258968e-01 3.8219553188e-01 -9.7791767092e-01
7.9370185714e-01 3.8219607751e-01 -9.7791856380e-01
7.9370180121e-01 3.8219507335e-01 -9.7791735697e-01
7.9370108323e-01 3.8219559463e-01 -9.7791825863e-01
9.2210269185e-01 -6.6829408908e-02 -3.7812254511e-01
9.2210281760e-01 -6.6830212753e-02 -3.7812287938e-01
9.2210261585e-01 -6.6825824890e-02 -3.7812433556e-01
9.2210274297e-01 -6.6826628254e-02 -3.7812467295e-01
9.2210299019e-01 -6.6830819626e-02 -3.7812202293e-01
9.2210311459e-01 -6.6831623711e-02 -3.7812235748e-01
9.2210292786e-01 -6.6827245276e-02 -3.7812380509e-01
9.2210305506e-01 -6.6828052789e-02 -3.7812414676e-01
2.6669518602e-01 -3.0714851803e-02 -1.7769327130e+00
2.6669512641e-01 -3.0715810909e-02 -1.7769345958e+00
2.6669390179e-01 -3.0717308645e-02 -1.7769330834e+00
2.6669384348e-01 -3.0718270776e-02 -1.7769349775e+00
2.6669769463e-01 -3.0714576800e-02 -1.7769332928e+00
2.6669762773e-01 -3.0715537746e-02 -1.7769351714e+00
2.6669642537e-01 -3.0717001741e-02 -1.7769336692e+00
2.6669636105e-01 -3.0717964611e-02 -1.7769355539e+00
1.6041368944e-01 3.5062990159e-01 -1.1630958131e+00
1.6041269466e-01 3.5063162553e-01 -1.1630968643e+00
1.6041518946e-01 3.5063637155e-01 -1.1630945026e+00
1.6041417391e-01 3.5063806702e-01 -1.1630954950e+00
1.6041356334e-01 3.5063159872e-01 -1.1630961554e+00
1.6041257230e-01 3.5063331652e-01 -1.1630972110e+00
1.6041504679e-01 3.5063801587e-01 -1.1630948410e+00
1.6041409246e-01 3.5063968238e-01 -1.1630958884e+00
-7.0341074362e-01 5.0387884099e-01 1.5711860766e+00
-7.0341183465e-01 5.0387991594e-01 1.5711854993e+00
-7.0341094354e-01 5.0387876841e-01 1.5711869009e+00
-7.0341203535e-01 5.0387984348e-01 1.5711863245e+00
-7.0340934574e-01 5.0387863011e-01 1.5711877959e+00
-7.0341045399e-01 5.0387966318e-01 1.5711872144e+00
-7.0340955336e-01 5.0387855841e-01 1.5711886176e+00
-7.0341065534e-01 5.0387959026e-01 1.5711880391e+00
5.6672249831e-01 1.6761503159e-01 1.7456676067e-02
5.6672472681e-01 1.6761488245e-01 1.7457549614e-02
5.6672224365e-01 1.6761373854e-01 1.7455615387e-02
5.6672447308e-01 1.6761358950e-01 1.7456489332e-02
5.6672734421e-01 1.6761554658e-01 1.7454990992e-02
5.6672957269e-01 1.6761539742e-01 1.7455864543e-02
5.6672709605e-01 1.6761425394e-01 1.7453924577e-02
5.6672932376e-01 1.6761410385e-01 1.7454801898e-02
-2.8222614306e+00 7.0504478769e-01 -9.1309765108e-01
-2.8222615923e+00 7.0504545757e-01 -9.1309703020e-01
-2.8222623134e+00 7.0505262781e-01 -9.1309932800e-01
-2.8222624971e+00 7.0505332562e-01 -9.1309869715e-01
-2.8222679051e+00 7.0504532393e-01 -9.1309726188e-01
-2.8222680861e+00 7.0504589941e-01 -9.1309658014e-01
-2.8222687312e+00 7.0505317439e-01 -9.1309893143e-01
-2.8222689076e+00 7.0505387021e-01 -9.1309830496e-01
-2.4001867360e-01 5.5905954502e-01 1.5025584556e+00
-2.4002055423e-01 5.5905919021e-01 1.5025599497e+00
-2.4001832671e-01 5.5905996626e-01 1.5025581911e+00
-2.4002019583e-01 5.5905962661e-01 1.5025596941e+00
-2.4001691134e-01 5.5906029363e-01 1.5025591312e+00
-2.4001877378e-01 5.5905993162e-01 1.5025606093e+00
-2.4001656438e-01 5.5906071902e-01 1.5025588706e+00
-2.4001841485e-01 5.5906037144e-01 1.5025603572e+00
1.7734158559e+00 -3.2925174955e-01 9.2277702821e-01
1.7734163829e+00 -3.2925059237e-01 9.2277631443e-01
1.7734152463e+00 -3.2925444259e-01 9.2278023702e-01
1.7734157823e+00 -3.2925330963e-01 9.2277954868e-01
1.7734225854e+00 -3.2925003314e-01 9.2277468995e-01
1.7734231129e+00 -3.2924887276e-01 9.2277398363e-01
1.7734219427e+00 -3.2925273856e-01 9.2277789296e-01
1.7734224752e+00 -3.2925160328e-01 9.2277719702e-01
-2.8306512071e-02 1.8182908926e-01 1.2093397179e+00
-2.8306211503e-02 1.8182897967e-01 1.2093389909e+00
-2.8307890764e-02 1.8183308438e-01 1.2093393352e+00
-2.8307585350e-02 1.8183295846e-01 1.2093385968e+00
-2.8305466699e-02 1.8182849348e-01 1.2093404320e+00
-2.8305150423e-02 1.8182839016e-01 1.2093397121e+00
-2.8306847923e-02 1.8183247209e-01 1.2093400512e+00
-2.8306524716e-02 1.8183235228e-01 1.2093393196e+00
9.1560365902e-01 1.2916873583e+00 1.4106673625e+00
9.1560192094e-01 1.2916862638e+00 1.4106638176e+00
9.1560211674e-01 1.2916855937e+00 1.4106670240e+00
9.1560033583e-01 1.2916844180e+00 1.4106634493e+00
9.1560364922e-01 1.2916870881e+00 1.4106681921e+00
9.1560189033e-01 1.2916860041e+00 1.4106646015e+00
9.1560208517e-01 1.2916853335e+00 1.4106678015e+00
9.1560032280e-01 1.2916841485e+00 1.4106642796e+00
-7.3369415690e-01 2.2076888244e-01 3.1266420548e-02
-7.3369270038e-01 2.2076956235e-01 3.1267414013e-02
-7.3369250601e-01 2.2076765089e-01 3.1263892048e-02
-7.3369106791e-01 2.2076835425e-01 3.1264887621e-02
-7.3370176720e-01 2.2076834830e-01 3.1267479077e-02
-7.3370026997e-01 2.2076905205e-01 3.1268485923e-02
-7.3370015298e-01 2.2076715758e-01 3.1264989909e-02
-7.3369866951e-01 2.2076787607e-01 3.1266002388e-02
2.1672346403e-01 -4.3010993020e-01 1.1916007170e+00
2.1672255923e-01 -4.3010903392e-01 1.1916084307e+00
2.1672473507e-01 -4.3011211276e-01 1.1915997026e+00
2.1672379094e-01 -4.3011128230e-01 1.1916074055e+00
2.1671602198e-01 -4.3011128492e-01 1.1916008750e+00
2.1671519008e-01 -4.3011027916e-01 1.1916086100e+00
2.1671726944e-01 -4.3011342603e-01 1.1915998775e+00
2.1671641880e-01 -4.3011252547e-01 1.1916075490e+00
6.2021463133e-01 4.2550180617e-01 -3.1363624250e-01
6.2021394421e-01 4.2550087366e-01 -3.1363684879e-01
6.2021420566e-01 4.2550050296e-01 -3.1363444300e-01
6.2021351832e-01 4.2549957064e-01 -3.1363505002e-01
6.2021459988e-01 4.2550270449e-01 -3.1363571540e-01
6.2021391180e-01 4.2550176727e-01 -3.1363632201e-01
6.2021417005e-01 4.2550139553e-01 -3.1363391290e-01
6.2021348321e-01 4.2550045753e-01 -3.1363451925e-01
5.4629508157e-01 9.6573809880e-01 -9.1683399198e-01
5.4629472735e-01 9.6573831495e-01 -9.1683398510e-01
5.4629303030e-01 9.6573442452e-01 -9.1683204292e-01
5.4629267104e-01 9.6573464392e-01 -9.1683203591e-01
5.4630109484e-01 9.6573711640e-01 -9.1683311248e-01
5.4630074012e-01 9.6573733250e-01 -9.1683310627e-01
5.4629905549e-01 9.6573346518e-01 -9.1683115704e-01
5.4629869590e-01 9.6573368454e-01 -9.1683115077e-01
7.9828756115e-02 -1.0866527319e+00 5.1186508248e-01
7.9828924035e-02 -1.0866533926e+00 5.1186536750e-01
7.9827082492e-02 -1.0866493533e+00 5.1186617746e-01
7.9827342811e-02 -1.0866499804e+00 5.1186651403e-01
7.9830069856e-02 -1.0866553575e+00 5.1186493367e-01
7.9830238161e-02 -1.0866560176e+00 5.1186521924e-01
7.9828370762e-02 -1.0866519282e+00 5.1186604082e-01
7.9828630267e-02 -1.0866525560e+00 5.1186637580e-01
7.1284153508e-02 -1.7845121842e+00 1.4027998039e+00
7.1284314712e-02 -1.7845123324e+00 1.4027996646e+00
7.1286206818e-02 -1.7845153398e+00 1.4028021741e+00
7.1286367347e-02 -1.7845154751e+00 1.4028020491e+00
7.1284135442e-02 -1.7845107696e+00 1.4028000772e+00
7.1284296551e-02 -1.7845109051e+00 1.4027999521e+00
7.1286132151e-02 -1.7845139208e+00 1.4028024504e+00
7.1286293934e-02 -1.7845140691e+00 1.4028023110e+00
1.7043630015e-01 -1.5469292997e-01 4.0874315023e-01
1.7043613028e-01 -1.5469259201e-01 4.0874327819e-01
1.7043611896e-01 -1.5469596018e-01 4.0874469307e-01
1.7043587458e-01 -1.5469566365e-01 4.0874477547e-01
1.7043616713e-01 -1.5469315809e-01 4.0874296020e-01
1.7043596411e-01 -1.5469280066e-01 4.0874307706e-01
1.7043599456e-01 -1.5469620886e-01 4.0874451878e-01
1.7043571680e-01 -1.5469589228e-01 4.0874458937e-01
8.1877694866e-02 -1.3538808483e+00 1.2391898173e+00
8.1878334231e-02 -1.3538818087e+00 1.2391885734e+00
8.1877996841e-02 -1.3538814607e+00 1.2391883487e+00
8.1878651051e-02 -1.3538824112e+00 1.2391871083e+00
8.1875616629e-02 -1.3538814962e+00 1.2391893580e+00
8.1876266437e-02 -1.3538824849e+00 1.2391881113e+00
8.1875943894e-02 -1.3538821038e+00 1.2391878960e+00
8.1876596737e-02 -1.3538830938e+00 1.2391866404e+00
7.3089269664e-01 -1.3060615016e-01 6.7234702530e-01
7.3089392408e-01 -1.3060607181e-01 6.7234485492e-01
7.3089466826e-01 -1.3060722893e-01 6.7234736439e-01
7.3089585030e-01 -1.3060713494e-01 6.7234519635e-01
7.3089263156e-01 -1.3060531851e-01 6.7234672107e-01
7.3089385299e-01 -1.3060523373e-01 6.7234454637e-01
7.3089460085e-01 -1.3060640300e-01 6.7234706048e-01
7.3089577783e-01 -1.3060630369e-01 6.7234488648e-01
4.1964448389e-01 1.4488743691e-01 -8.4163368410e-01
4.1964469456e-01 1.4488664623e-01 -8.4163387790e-01
4.1964399014e-01 1.4488767768e-01 -8.4163325679e-01
4.1964419871e-01 1.4488689077e-01 -8.4163344663e-01
4.1963914152e-01 1.4488649216e-01 -8.4163504275e-01
4.1963935554e-01 1.4488559040e-01 -8.4163513868e-01
4.1963861780e-01 1.4488678998e-01 -8.4163464412e-01
4.1963883418e-01 1.4488588390e-01 -8.4163474391e-01
5.5701894201e-01 -2.3048911326e-01 -1.0833177746e+00
5.5701870894e-01 -2.3048885057e-01 -1.0833186321e+00
5.5701771232e-01 -2.3049032511e-01 -1.0833179887e+00
5.5701748016e-01 -2.3049005824e-01 -1.0833188501e+00
5.5701940749e-01 -2.3048887409e-01 -1.0833185492e+00
5.5701917822e-01 -2.3048863215e-01 -1.0833194012e+00
5.5701818204e-01 -2.3049008150e-01 -1.0833187697e+00
5.5701795464e-01 -2.3048983630e-01 -1.0833196262e+00
4.5065593302e-01 -4.1503607292e-01 -7.8609509188e-01
4.5065932810e-01 -4.1503580304e-01 -7.8608938141e-01
4.5065581268e-01 -4.1503582233e-01 -7.8609441452e-01
4.5065923873e-01 -4.1503555881e-01 -7.8608871768e-01
4.5065786689e-01 -4.1503599385e-01 -7.8609499273e-01
4.5066127368e-01 -4.1503572135e-01 -7.8608925788e-01
4.5065775110e-01 -4.1503573870e-01 -7.8609430691e-01
4.5066118564e-01 -4.1503546796e-01 -7.8608859205e-01
-7.4977511542e-01 -1.2321346837e+00 1.6738780439e-01
-7.4977489611e-01 -1.2321335776e+00 1.6738572213e-01
-7.4977287823e-01 -1.2321350259e+00 1.6738887007e-01
-7.4977265593e-01 -1.2321339242e+00 1.6738679326e-01
-7.4977185685e-01 -1.2321343796e+00 1.6738610731e-01
-7.4977163902e-01 -1.2321332796e+00 1.6738402447e-01
-7.4976963394e-01 -1.2321347109e+00 1.6738718088e-01
-7.4976939948e-01 -1.2321336200e+00 1.6738509687e-01
-3.7950930219e-01 -1.7199014912e-01 -1.6067323378e+00
-3.7950723722e-01 -1.7198830475e-01 -1.6067340543e+00
-3.7950965021e-01 -1.7199087311e-01 -1.6067313551e+00
-3.7950755724e-01 -1.7198898213e-01 -1.6067330803e+00
-3.7950715793e-01 -1.7199072816e-01 -1.6067327233e+00
-3.7950508956e-01 -1.7198888497e-01 -1.6067344498e+00
-3.7950748336e-01 -1.7199146145e-01 -1.6067317184e+00
-3.7950539265e-01 -1.7198956881e-01 -1.6067334335e+00
-4.5657367792e-01 -1.8932181238e-01 -4.7880192681e-01
-4.5657133974e-01 -1.8932377619e-01 -4.7880786506e-01
-4.5657171559e-01 -1.8931765520e-01 -4.7880232905e-01
-4.5656936922e-01 -1.8931960242e-01 -4.7880826955e-01
-4.5658168017e-01 -1.8932351459e-01 -4.7880054932e-01
-4.5657936481e-01 -1.8932547309e-01 -4.7880645317e-01
-4.5657968250e-01 -1.8931953105e-01 -4.7880091740e-01
-4.5657734799e-01 -1.8932149844e-01 -4.7880685151e-01
1.5672537881e-01 -2.5233153501e+00 2.0614199390e+00
1.5671913744e-01 -2.5233212319e+00 2.0614292239e+00
1.5672653516e-01 -2.5233166290e+00 2.0614200859e+00
1.5672027042e-01 -2.5233225323e+00 2.0614293239e+00
1.5672392022e-01 -2.5233158793e+00 2.0614197645e+00
1.5671769777e-01 -2.5233217556e+00 2.0614290606e+00
1.5672508518e-01 -2.5233171563e+00 2.0614199173e+00
1.5671886184e-01 -2.5233230407e+00 2.0614291937e+00
8.4634027528e-01 -1.8227159555e+00 -9.3818220456e-01
8.4633969550e-01 -1.8227166685e+00 -9.3818593299e-01
8.4633973205e-01 -1.8227155738e+00 -9.3818237193e-01
8.4633913409e-01 -1.8227163229e+00 -9.3818609742e-01
8.4634166915e-01 -1.8227155835e+00 -9.3818177594e-01
8.4634108926e-01 -1.8227162964e+00 -9.3818550454e-01
8.4634112341e-01 -1.8227151981e+00 -9.3818194950e-01
8.4634052467e-01 -1.8227159476e+00 -9.3818567548e-01
1.2360182752e-01 3.5256367124e-01 -2.4714395685e-01
1.2359831866e-01 3.5256516482e-01 -2.4714768866e-01
1.2360136565e-01 3.5256382101e-01 -2.4714287312e-01
1.2359785596e-01 3.5256531392e-01 -2.4714659844e-01
1.2360225245e-01 3.5256330256e-01 -2.4714451177e-01
1.2359875358e-01 3.5256481979e-01 -2.4714819282e-01
1.2360179142e-01 3.5256345295e-01 -2.4714343300e-01
1.2359829236e-01 3.5256496826e-01 -2.4714710918e-01
-5.2750587639e-01 -6.0778744319e-01 3.1350304904e-01
-5.2750639916e-01 -6.0778649174e-01 3.1350184665e-01
-5.2750560754e-01 -6.0778701483e-01 3.1350274909e-01
-5.2750613302e-01 -6.0778606470e-01 3.1350154883e-01
-5.2750264713e-01 -6.0778434241e-01 3.1349798905e-01
-5.2750316943e-01 -6.0778349784e-01 3.1349685314e-01
-5.2750238006e-01 -6.0778391131e-01 3.1349768055e-01
-5.2750290411e-01 -6.0778306878e-01 3.1349654717e-01
1.3854034974e-01 6.3992884460e-01 -5.7401819461e-01
1.3854122410e-01 6.3992954482e-01 -5.7401943668e-01
1.3854078029e-01 6.3992921854e-01 -5.7401821849e-01
1.3854165654e-01 6.3992991429e-01 -5.7401947340e-01
1.3854086129e-01 6.3992921179e-01 -5.7401865650e-01
1.3854174621e-01 6.3992990519e-01 -5.7401990699e-01
1.3854129174e-01 6.3992958971e-01 -5.7401869751e-01
1.3854215987e-01 6.3993029095e-01 -5.7401993980e-01
7.5950003177e-01 4.9687213974e-01 -6.0302330093e-01
7.5949926727e-01 4.9687218319e-01 -6.0302344566e-01
7.5949889797e-01 4.9687927582e-01 -6.0302406853e-01
7.5949799072e-01 4.9687937060e-01 -6.0302413057e-01
7.5950231534e-01 4.9686999856e-01 -6.0302366099e-01
7.5950151480e-01 4.9687006027e-01 -6.0302381703e-01
7.5950113022e-01 4.9687716802e-01 -6.0302444693e-01
7.5950025977e-01 4.9687724547e-01 -6.0302449778e-01
4.9862161889e-01 -1.0742770538e+00 -8.4182704331e-01
4.9862472616e-01 -1.0742760477e+00 -8.4182945518e-01
4.9861978575e-01 -1.0742775348e+00 -8.4182698934e-01
4.9862286100e-01 -1.0742765436e+00 -8.4182936672e-01
4.9862341146e-01 -1.0742751954e+00 -8.4182997588e-01
4.9862648508e-01 -1.0742742042e+00 -8.4183235179e-01
4.9862158453e-01 -1.0742756644e+00 -8.4182994021e-01
4.9862465777e-01 -1.0742746727e+00 -8.4183231665e-01
-1.0109333099e-01 4.0737840352e-01 8.6380964428e-01
-1.0109260479e-01 4.0737846126e-01 8.6380783501e-01
-1.0109360742e-01 4.0737806497e-01 8.6381064366e-01
-1.0109288149e-01 4.0737812695e-01 8.6380882239e-01
-1.0109416112e-01 4.0737761643e-01 8.6380995269e-01
-1.0109343152e-01 4.0737767796e-01 8.6380813146e-01
-1.0109447303e-01 4.0737735493e-01 8.6381094799e-01
-1.0109374274e-01 4.0737739292e-01 8.6380913170e-01
-4.1867882751e-01 -4.5728573006e-01 -1.9267760688e+00
-4.1867908767e-01 -4.5728310502e-01 -1.9267704516e+00
-4.1867793075e-01 -4.5728007296e-01 -1.9267731892e+00
-4.1867808533e-01 -4.5727750555e-01 -1.9267676950e+00
-4.1867643757e-01 -4.5728845184e-01 -1.9267767509e+00
-4.1867670031e-01 -4.5728581109e-01 -1.9267711268e+00
-4.1867552280e-01 -4.5728280079e-01 -1.9267738801e+00
-4.1867570610e-01 -4.5728023396e-01 -1.9267683714e+00
-5.7695554671e-01 1.6029107770e+00 -4.0996655704e-01
-5.7695563436e-01 1.6029103443e+00 -4.0996894034e-01
-5.7695633460e-01 1.6029095080e+00 -4.0996588340e-01
-5.7695642660e-01 1.6029090841e+00 -4.0996826967e-01
-5.7695402478e-01 1.6029129105e+00 -4.0996768741e-01
-5.7695407765e-01 1.6029125081e+00 -4.0997008036e-01
-5.7695481302e-01 1.6029116413e+00 -4.0996701381e-01
-5.7695487369e-01 1.6029112369e+00 -4.0996941465e-01
