2.1879240412e-01 -5.1558770783e-02 -1.7619988835e-01
2.1879315221e-01 -5.1559474911e-02 -1.7620112893e-01
2.1879233766e-01 -5.1559808114e-02 -1.7619960051e-01
2.1879305949e-01 -5.1560521181e-02 -1.7620085186e-01
2.1879258036e-01 -5.1558560861e-02 -1.7619957179e-01
2.1879332704e-01 -5.1559267291e-02 -1.7620081080e-01
2.1879251353e-01 -5.1559596475e-02 -1.7619928355e-01
2.1879323326e-01 -5.1560313844e-02 -1.7620054070e-01
-4.3814757132e-02 -4.8463511691e-01 -8.2259308092e-02
-4.3813780757e-02 -4.8463432253e-01 -8.2261797266e-02
-4.3814584831e-02 -4.8463655398e-01 -8.2258416688e-02
-4.3813598836e-02 -4.8463578014e-01 -8.2260872529e-02
-4.3816057569e-02 -4.8463570401e-01 -8.2260512038e-02
-4.3815094794e-02 -4.8463491121e-01 -8.2263011892e-02
-4.3815899701e-02 -4.8463715353e-01 -8.2259565602e-02
-4.3814939471e-02 -4.8463637198e-01 -8.2262061584e-02
-2.4827254069e-01 1.2793124318e-01 4.3807641025e-01
-2.4827186056e-01 1.2793041308e-01 4.3807553566e-01
-2.4827287862e-01 1.2793111218e-01 4.3807689663e-01
-2.4827219332e-01 1.2793028611e-01 4.3807602267e-01
-2.4827252778e-01 1.2793098547e-01 4.3807629520e-01
-2.4827184760e-01 1.2793015517e-01 4.3807542076e-01
-2.4827285894e-01 1.2793084067e-01 4.3807678352e-01
-2.4827217293e-01 1.2793001516e-01 4.3807590962e-01
-1.4131011102e-01 -2.7555672849e-01 1.4603483394e-01
-1.4130987360e-01 -2.7555658855e-01 1.4603424619e-01
-1.4131004075e-01 -2.7555852136e-01 1.4603634884e-01
-1.4130980217e-01 -2.7555836824e-01 1.4603576581e-01
-1.4131067572e-01 -2.7555605857e-01 1.4603476968e-01
-1.4131045684e-01 -2.7555591323e-01 1.4603417787e-01
-1.4131063560e-01 -2.7555783468e-01 1.4603625250e-01
-1.4131041388e-01 -2.7555768544e-01 1.4603565917e-01
7.5010232249e-02 4.2404433088e-02 1.2954554433e-01
7.5010132532e-02 4.2404345795e-02 1.2954539828e-01
7.5010395381e-02 4.2404677351e-02 1.2954545727e-01
7.5010305561e-02 4.2404591930e-02 1.2954530110e-01
7.5010122273e-02 4.2404414954e-02 1.2954550192e-01
7.5010022045e-02 4.2404328321e-02 1.2954535569e-01
7.5010298790e-02 4.2404669999e-02 1.2954540677e-01
7.5010208447e-02 4.2404584646e-02 1.2954525166e-01
1.0249782092e-01 -1.2104059076e-01 2.9496791361e-01
1.0249781075e-01 -1.2104052344e-01 2.9496763640e-01
1.0249773478e-01 -1.2104068059e-01 2.9496804682e-01
1.0249772348e-01 -1.2104060889e-01 2.9496776308e-01
1.0249843384e-01 -1.2104041876e-01 2.9496805468e-01
1.0249841823e-01 -1.2104035210e-01 2.9496777617e-01
1.0249834813e-01 -1.2104050791e-01 2.9496818738e-01
1.0249833643e-01 -1.2104043679e-01 2.9496790426e-01
8.0030397770e-02 4.6731046419e-01 1.6193235529e-02
8.0030758834e-02 4.6731045365e-01 1.6192894351e-02
8.0030468576e-02 4.6731049177e-01 1.6193344995e-02
8.0030834153e-02 4.6731048386e-01 1.6192987312e-02
8.0030207338e-02 4.6731061485e-01 1.6192990058e-02
8.0030570454e-02 4.6731059788e-01 1.6192650897e-02
8.0030270537e-02 4.6731063745e-01 1.6193104966e-02
8.0030632865e-02 4.6731063491e-01 1.6192756065e-02
5.7054689731e-02 -2.4578694124e-01 4.4535720540e-01
5.7055228936e-02 -2.4578724570e-01 4.4535632029e-01
5.7055128439e-02 -2.4578698921e-01 4.4535735966e-01
5.7055653982e-02 -2.4578730441e-01 4.4535648424e-01
5.7054699769e-02 -2.4578693651e-01 4.4535735531e-01
5.7055236574e-02 -2.4578724575e-01 4.4535647341e-01
5.7055111012e-02 -2.4578699919e-01 4.4535748247e-01
5.7055636716e-02 -2.4578731487e-01 4.4535660479e-01
-1.0127165199e-01 1.3955168762e-01 -1.5672811561e-01
-1.0127147780e-01 1.3955252843e-01 -1.5672968912e-01
-1.0127147620e-01 1.3955425914e-01 -1.5672917724e-01
-1.0127130455e-01 1.3955511572e-01 -1.5673076153e-01
-1.0127151262e-01 1.3955178985e-01 -1.5672817598e-01
-1.0127133883e-01 1.3955264502e-01 -1.5672974399e-01
-1.0127133765e-01 1.3955436248e-01 -1.5672923582e-01
-1.0127116687e-01 1.3955523175e-01 -1.5673081554e-01
-6.9175626855e-02 7.3800204037e-02 -3.0343295324e-01
-6.9175353812e-02 7.3800781401e-02 -3.0343430917e-01
-6.9175699559e-02 7.3799247657e-02 -3.0343278219e-01
-6.9175417580e-02 7.3799831143e-02 -3.0343413166e-01
-6.9176158110e-02 7.3800121801e-02 -3.0343287961e-01
-6.9175873131e-02 7.3800693930e-02 -3.0343422691e-01
-6.9176231919e-02 7.3799153830e-02 -3.0343271992e-01
-6.9175946869e-02 7.3799737119e-02 -3.0343404367e-01
1.0387198083e-02 -1.5441038329e-01 1.2197519588e-02
1.0387421884e-02 -1.5441094208e-01 1.2196503587e-02
1.0387059468e-02 -1.5440938330e-01 1.2197797291e-02
1.0387281541e-02 -1.5440993319e-01 1.2196808718e-02
1.0385737513e-02 -1.5441026112e-01 1.2197626124e-02
1.0385970702e-02 -1.5441083305e-01 1.2196619265e-02
1.0385608636e-02 -1.5440927194e-01 1.2197990494e-02
1.0385822848e-02 -1.5440984952e-01 1.2196987583e-02
-2.3493907010e-01 1.7615951143e-01 -1.2399274389e-01
-2.3493890843e-01 1.7615968072e-01 -1.2399345127e-01
-2.3493852578e-01 1.7615881215e-01 -1.2399278228e-01
-2.3493839815e-01 1.7615895015e-01 -1.2399351706e-01
-2.3493882176e-01 1.7615968096e-01 -1.2399261212e-01
-2.3493865990e-01 1.7615984999e-01 -1.2399331994e-01
-2.3493827722e-01 1.7615898187e-01 -1.2399265053e-01
-2.3493814913e-01 1.7615911967e-01 -1.2399338669e-01
-2.0761556193e-01 -5.8040011828e-02 -5.8391810081e-02
-2.0761528240e-01 -5.8039904325e-02 -5.8389090233e-02
-2.0761540119e-01 -5.8039794592e-02 -5.8391795041e-02
-2.0761513389e-01 -5.8039687178e-02 -5.8389090935e-02
-2.0761520556e-01 -5.8040118594e-02 -5.8391827409e-02
-2.0761493708e-01 -5.8040016946e-02 -5.8389110365e-02
-2.0761505592e-01 -5.8039905568e-02 -5.8391814684e-02
-2.0761478253e-01 -5.8039799823e-02 -5.8389111920e-02
9.7294793394e-02 -1.4511685507e-01 -1.9767466962e-01
9.7295138121e-02 -1.4511721944e-01 -1.9767552794e-01
9.7295341666e-02 -1.4511631790e-01 -1.9767436122e-01
9.7295687155e-02 -1.4511667010e-01 -1.9767520766e-01
9.7294610646e-02 -1.4511676209e-01 -1.9767465430e-01
9.7294955021e-02 -1.4511712646e-01 -1.9767551211e-01
9.7295156810e-02 -1.4511622390e-01 -1.9767434338e-01
9.7295501946e-02 -1.4511657610e-01 -1.9767518931e-01
1.3818065178e-01 -4.1342571259e-01 6.8410972477e-01
1.3818068108e-01 -4.1342548172e-01 6.8410959448e-01
1.3818067542e-01 -4.1342569071e-01 6.8410984896e-01
1.3818070603e-01 -4.1342545947e-01 6.8410971973e-01
1.3818053412e-01 -4.1342562422e-01 6.8410970305e-01
1.3818056386e-01 -4.1342539358e-01 6.8410957346e-01
1.3818055638e-01 -4.1342559911e-01 6.8410982987e-01
1.3818058785e-01 -4.1342536811e-01 6.8410970080e-01
6.5225261712e-02 4.0851353314e-02 4.8075440422e-02
6.5225258967e-02 4.0851497094e-02 4.8076913867e-02
6.5225012932e-02 4.0852352266e-02 4.8075545379e-02
6.5225065983e-02 4.0852559516e-02 4.8077065730e-02
6.5225224238e-02 4.0851401286e-02 4.8075006483e-02
6.5225203719e-02 4.0851545972e-02 4.8076489761e-02
6.5224960935e-02 4.0852397068e-02 4.8075109151e-02
6.5225011974e-02 4.0852605324e-02 4.8076631319e-02
-1.0665820693e-01 -1.2944187582e-01 -6.3241883320e-02
-1.0665831592e-01 -1.2944180817e-01 -6.3240584428e-02
-1.0665828435e-01 -1.2944177380e-01 -6.3241895679e-02
-1.0665838638e-01 -1.2944171388e-01 -6.3240581853e-02
-1.0665825862e-01 -1.2944180751e-01 -6.3241973315e-02
-1.0665837116e-01 -1.2944175669e-01 -6.3240699741e-02
-1.0665833430e-01 -1.2944174472e-01 -6.3241962203e-02
-1.0665843759e-01 -1.2944168438e-01 -6.3240648690e-02
8.1380688225e-01 3.6367747126e-01 9.2156244343e-01
8.1380181029e-01 3.6367584159e-01 9.2155802845e-01
8.1380690647e-01 3.6367808253e-01 9.2156173667e-01
8.1380182732e-01 3.6367647566e-01 9.2155733204e-01
8.1380715215e-01 3.6367738600e-01 9.2156249944e-01
8.1380207985e-01 3.6367574042e-01 9.2155808526e-01
8.1380716817e-01 3.6367800022e-01 9.2156179330e-01
8.1380208880e-01 3.6367637695e-01 9.2155738979e-01
2.0801461761e-01 1.4141391440e-02 1.7335998955e-01
2.0801448657e-01 1.4141021931e-02 1.7335981234e-01
2.0801480432e-01 1.4141296227e-02 1.7336019609e-01
2.0801468079e-01 1.4140937272e-02 1.7336001977e-01
2.0801467844e-01 1.4141250009e-02 1.7336000500e-01
2.0801454953e-01 1.4140885918e-02 1.7335983594e-01
2.0801486812e-01 1.4141160110e-02 1.7336021964e-01
2.0801474082e-01 1.4140795908e-02 1.7336003529e-01
2.1113101378e-01 -7.8499675351e-02 1.4502023098e-01
2.1113120728e-01 -7.8499721147e-02 1.4501990302e-01
2.1113105434e-01 -7.8500777510e-02 1.4501996663e-01
2.1113125570e-01 -7.8500834599e-02 1.4501964371e-01
2.1112954277e-01 -7.8499466752e-02 1.4502135962e-01
2.1112969752e-01 -7.8499479943e-02 1.4502106305e-01
2.1112959542e-01 -7.8500516563e-02 1.4502110728e-01
2.1112977075e-01 -7.8500539637e-02 1.4502080540e-01
-2.3204098847e-01 -1.1094593373e-03 -3.5187568655e-02
-2.3204033170e-01 -1.1094125050e-03 -3.5188004273e-02
-2.3204091453e-01 -1.1097935973e-03 -3.5187754788e-02
-2.3204026601e-01 -1.1097377705e-03 -3.5188197407e-02
-2.3204258748e-01 -1.1090535180e-03 -3.5187085913e-02
-2.3204194730e-01 -1.1090076498e-03 -3.5187491246e-02
-2.3204253580e-01 -1.1093206488e-03 -3.5187323063e-02
-2.3204189283e-01 -1.1092736413e-03 -3.5187729482e-02
3.0623202267e-01 4.3424089172e-02 1.6029559975e-01
3.0623124503e-01 4.3424761438e-02 1.6029757795e-01
3.0623225892e-01 4.3423653583e-02 1.6029498815e-01
3.0623151100e-01 4.3424334701e-02 1.6029699830e-01
3.0623028681e-01 4.3424019659e-02 1.6029569861e-01
3.0622959469e-01 4.3424757274e-02 1.6029762688e-01
3.0623054145e-01 4.3423560203e-02 1.6029513620e-01
3.0622985348e-01 4.3424279639e-02 1.6029708335e-01
-1.9581559108e-01 -4.3144165343e-03 2.5937075290e-01
-1.9581575828e-01 -4.3147018876e-03 2.5936997153e-01
-1.9581551906e-01 -4.3137169196e-03 2.5937050769e-01
-1.9581570373e-01 -4.3140067099e-03 2.5936972358e-01
-1.9581707483e-01 -4.3137664770e-03 2.5937198555e-01
-1.9581724248e-01 -4.3140538649e-03 2.5937119623e-01
-1.9581702440e-01 -4.3130296334e-03 2.5937175159e-01
-1.9581719326e-01 -4.3133168366e-03 2.5937095819e-01
-2.2213391237e-01 3.5791821262e-01 3.0420277891e-01
-2.2213312974e-01 3.5791802502e-01 3.0420216795e-01
-2.2213362229e-01 3.5791847660e-01 3.0420259378e-01
-2.2213281972e-01 3.5791829643e-01 3.0420199381e-01
-2.2213635767e-01 3.5791842606e-01 3.0420322322e-01
-2.2213555805e-01 3.5791824035e-01 3.0420262261e-01
-2.2213616086e-01 3.5791876214e-01 3.0420304073e-01
-2.2213535498e-01 3.5791857479e-01 3.0420242249e-01
-1.6327316521e-01 4.0818475315e-02 4.8159982273e-02
-1.6327309949e-01 4.0818266886e-02 4.8159917426e-02
-1.6327317638e-01 4.0818360502e-02 4.8160048374e-02
-1.6327310957e-01 4.0818123536e-02 4.8160003338e-02
-1.6327305289e-01 4.0818266158e-02 4.8159967880e-02
-1.6327298659e-01 4.0818060845e-02 4.8159905029e-02
-1.6327306394e-01 4.0818150082e-02 4.8160033484e-02
-1.6327299654e-01 4.0817917806e-02 4.8159990738e-02
-1.4639050902e-01 4.9714770043e-02 2.5468074796e-01
-1.4639097963e-01 4.9715174928e-02 2.5468014436e-01
-1.4639066882e-01 4.9714336856e-02 2.5468122277e-01
-1.4639113921e-01 4.9714741293e-02 2.5468061910e-01
-1.4639058504e-01 4.9714760317e-02 2.5468111931e-01
-1.4639102680e-01 4.9715181721e-02 2.5468054052e-01
-1.4639074333e-01 4.9714330907e-02 2.5468159613e-01
-1.4639121371e-01 4.9714735341e-02 2.5468099246e-01
-6.0312395033e-02 -3.5991625190e-02 -1.8055571060e-01
-6.0313017555e-02 -3.5991347380e-02 -1.8055454678e-01
-6.0312401127e-02 -3.5991602739e-02 -1.8055546455e-01
-6.0313047717e-02 -3.5991328536e-02 -1.8055436245e-01
-6.0312101784e-02 -3.5991470932e-02 -1.8055625225e-01
-6.0312726354e-02 -3.5991184111e-02 -1.8055510105e-01
-6.0312098034e-02 -3.5991430617e-02 -1.8055603402e-01
-6.0312751358e-02 -3.5991166049e-02 -1.8055491431e-01
4.2251808958e-01 -3.1071955804e-02 1.1239620190e-01
4.2251895446e-01 -3.1072287362e-02 1.1239491646e-01
4.2251805705e-01 -3.1071239603e-02 1.1239578707e-01
4.2251891388e-01 -3.1071573885e-02 1.1239450889e-01
4.2251901602e-01 -3.1072506298e-02 1.1239539427e-01
4.2251988091e-01 -3.1072837863e-02 1.1239410882e-01
4.2251898146e-01 -3.1071787083e-02 1.1239498127e-01
4.2251984481e-01 -3.1072122265e-02 1.1239370667e-01
2.4824075445e-01 -7.2791534022e-02 1.7757056409e-01
2.4824095753e-01 -7.2791162630e-02 1.7756973295e-01
2.4824081273e-01 -7.2791732641e-02 1.7756994774e-01
2.4824101748e-01 -7.2791355065e-02 1.7756911585e-01
2.4824064722e-01 -7.2791632006e-02 1.7757076777e-01
2.4824085023e-01 -7.2791260624e-02 1.7756993658e-01
2.4824070193e-01 -7.2791825090e-02 1.7757015892e-01
2.4824090690e-01 -7.2791448158e-02 1.7756932739e-01
-2.4724166413e-01 3.5621315560e-01 -6.2492541432e-01
-2.4724122221e-01 3.5621286563e-01 -6.2492579652e-01
-2.4724287654e-01 3.5620859266e-01 -6.2492434952e-01
-2.4724241412e-01 3.5620829392e-01 -6.2492474933e-01
-2.4724169812e-01 3.5621327402e-01 -6.2492546367e-01
-2.4724125609e-01 3.5621298402e-01 -6.2492584583e-01
-2.4724290769e-01 3.5620870630e-01 -6.2492440448e-01
-2.4724245070e-01 3.5620840915e-01 -6.2492480263e-01
-5.0673193250e-01 -1.9609065724e-01 -2.5259306809e-01
-5.0673095216e-01 -1.9608912354e-01 -2.5258965255e-01
-5.0673296191e-01 -1.9609129727e-01 -2.5259406737e-01
-5.0673198669e-01 -1.9608976952e-01 -2.5259066156e-01
-5.0673200046e-01 -1.9609063474e-01 -2.5259304859e-01
-5.0673102181e-01 -1.9608910488e-01 -2.5258963821e-01
-5.0673303217e-01 -1.9609127829e-01 -2.5259405315e-01
-5.0673205460e-01 -1.9608974801e-01 -2.5259064130e-01
-7.5892125227e-02 -2.2238570240e-01 6.3516258388e-01
-7.5892028622e-02 -2.2238571099e-01 6.3516158513e-01
-7.5892753516e-02 -2.2238292238e-01 6.3516172019e-01
-7.5892649034e-02 -2.2238293470e-01 6.3516073703e-01
-7.5892210606e-02 -2.2238553160e-01 6.3516228452e-01
-7.5892127534e-02 -2.2238554848e-01 6.3516131691e-01
-7.5892839672e-02 -2.2238275673e-01 6.3516141566e-01
-7.5892749227e-02 -2.2238277704e-01 6.3516046531e-01
1.2429629726e-01 -3.2627213394e-01 -1.6062037617e-01
1.2429666520e-01 -3.2627234694e-01 -1.6062097669e-01
1.2429640984e-01 -3.2627198930e-01 -1.6062024367e-01
1.2429677523e-01 -3.2627220643e-01 -1.6062083799e-01
1.2429643631e-01 -3.2627208867e-01 -1.6062048720e-01
1.2429680694e-01 -3.2627231370e-01 -1.6062107804e-01
1.2429654529e-01 -3.2627194759e-01 -1.6062034649e-01
1.2429691869e-01 -3.2627216935e-01 -1.6062094245e-01
-1.0385727152e-01 1.3839520612e-01 -2.7910976985e-01
-1.0385759060e-01 1.3839443064e-01 -2.7911108092e-01
-1.0385735930e-01 1.3839532331e-01 -2.7910962781e-01
-1.0385767701e-01 1.3839454627e-01 -2.7911093954e-01
-1.0385757674e-01 1.3839519559e-01 -2.7910926706e-01
-1.0385789588e-01 1.3839442006e-01 -2.7911057810e-01
-1.0385766279e-01 1.3839530933e-01 -2.7910912985e-01
-1.0385798051e-01 1.3839453227e-01 -2.7911044153e-01
9.9655945419e-02 -2.1617007295e-01 -1.4211504889e-01
9.9655444590e-02 -2.1617022167e-01 -1.4211263570e-01
9.9655739356e-02 -2.1617004477e-01 -1.4211495475e-01
9.9655245470e-02 -2.1617011324e-01 -1.4211257563e-01
9.9656035260e-02 -2.1617028398e-01 -1.4211489791e-01
9.9655490366e-02 -2.1617044123e-01 -1.4211252953e-01
9.9655829146e-02 -2.1617025570e-01 -1.4211480373e-01
9.9655291609e-02 -2.1617033228e-01 -1.4211247130e-01
-1.2067660337e-01 2.6638173230e-02 -2.8319313130e-01
-1.2067665672e-01 2.6638544292e-02 -2.8319381917e-01
-1.2067656989e-01 2.6637281442e-02 -2.8319236025e-01
-1.2067662336e-01 2.6637650912e-02 -2.8319303838e-01
-1.2067951130e-01 2.6636199395e-02 -2.8319684126e-01
-1.2067955819e-01 2.6636571917e-02 -2.8319752589e-01
-1.2067950433e-01 2.6635326655e-02 -2.8319607099e-01
-1.2067955047e-01 2.6635698096e-02 -2.8319674560e-01
2.6427208296e-02 -1.2052851760e-01 2.5725536040e-01
2.6426901447e-02 -1.2052814697e-01 2.5725497289e-01
2.6427587495e-02 -1.2052678600e-01 2.5725523016e-01
2.6427286860e-02 -1.2052641975e-01 2.5725483542e-01
2.6427548930e-02 -1.2052849350e-01 2.5725511475e-01
2.6427243122e-02 -1.2052812172e-01 2.5725472792e-01
2.6427930831e-02 -1.2052675976e-01 2.5725498074e-01
2.6427630177e-02 -1.2052639342e-01 2.5725458600e-01
2.2442971750e-02 -5.0735373304e-01 5.5034837378e-01
2.2443285274e-02 -5.0735586604e-01 5.5035221777e-01
2.2443054630e-02 -5.0735363614e-01 5.5034823418e-01
2.2443363806e-02 -5.0735579225e-01 5.5035210054e-01
2.2443316528e-02 -5.0735386100e-01 5.5034838629e-01
2.2443623899e-02 -5.0735598886e-01 5.5035223313e-01
2.2443409626e-02 -5.0735375759e-01 5.5034824247e-01
2.2443712694e-02 -5.0735590855e-01 5.5035211164e-01
-2.2947436868e-01 -1.2609145129e-01 -8.8643637039e-02
-2.2947490712e-01 -1.2609185316e-01 -8.8644680443e-02
-2.2947429816e-01 -1.2609123988e-01 -8.8643651898e-02
-2.2947483792e-01 -1.2609163800e-01 -8.8644689834e-02
-2.2947541574e-01 -1.2609190566e-01 -8.8644487916e-02
-2.2947598363e-01 -1.2609232313e-01 -8.8645551541e-02
-2.2947532732e-01 -1.2609167871e-01 -8.8644480671e-02
-2.2947589254e-01 -1.2609210037e-01 -8.8645552205e-02
-2.7696073822e-01 -2.3204243511e-01 -2.5831312771e-01
-2.7696072051e-01 -2.3204252290e-01 -2.5831382727e-01
-2.7696064555e-01 -2.3204221210e-01 -2.5831383804e-01
-2.7696062124e-01 -2.3204230076e-01 -2.5831452986e-01
-2.7696092508e-01 -2.3204227843e-01 -2.5831266579e-01
-2.7696090742e-01 -2.3204236625e-01 -2.5831336539e-01
-2.7696085399e-01 -2.3204204389e-01 -2.5831335944e-01
-2.7696083240e-01 -2.3204213133e-01 -2.5831405103e-01
-1.3767020203e-01 1.1174863580e-01 1.2210698837e-01
-1.3766909031e-01 1.1174781998e-01 1.2210576807e-01
-1.3767041790e-01 1.1174888830e-01 1.2210734099e-01
-1.3766931703e-01 1.1174805319e-01 1.2210614514e-01
-1.3767017667e-01 1.1174868011e-01 1.2210713097e-01
-1.3766906694e-01 1.1174786876e-01 1.2210590849e-01
-1.3767039488e-01 1.1174893831e-01 1.2210747774e-01
-1.3766929022e-01 1.1174809967e-01 1.2210628165e-01
6.6088433037e-02 -1.3317894390e-01 -5.0245125477e-02
6.6088468458e-02 -1.3317899218e-01 -5.0245358490e-02
6.6088476573e-02 -1.3317938470e-01 -5.0245281300e-02
6.6088510671e-02 -1.3317943134e-01 -5.0245498019e-02
6.6088371285e-02 -1.3317899242e-01 -5.0244867731e-02
6.6088406252e-02 -1.3317903988e-01 -5.0245088716e-02
6.6088381881e-02 -1.3317945339e-01 -5.0245041010e-02
6.6088416625e-02 -1.3317950128e-01 -5.0245270714e-02
7.6079341848e-02 4.7488799246e-02 -7.9831716945e-02
7.6079133757e-02 4.7488770205e-02 -7.9831774700e-02
7.6079780986e-02 4.7488129122e-02 -7.9831959209e-02
7.6079551435e-02 4.7488092775e-02 -7.9832028647e-02
7.6079172050e-02 4.7488921793e-02 -7.9831734015e-02
7.6078963376e-02 4.7488892237e-02 -7.9831792021e-02
7.6079611644e-02 4.7488250534e-02 -7.9831977169e-02
7.6079379602e-02 4.7488209134e-02 -7.9832044821e-02
3.1656697095e-01 7.5165030457e-02 1.4708541440e-01
3.1656726206e-01 7.5164671167e-02 1.4708482925e-01
3.1656723601e-01 7.5164715211e-02 1.4708549150e-01
3.1656752715e-01 7.5164356208e-02 1.4708492086e-01
3.1656760463e-01 7.5164826414e-02 1.4708522544e-01
3.1656790057e-01 7.5164467529e-02 1.4708464871e-01
3.1656787012e-01 7.5164511325e-02 1.4708531297e-01
3.1656815518e-01 7.5164151359e-02 1.4708473528e-01
1.1155666287e-01 6.1075383900e-02 6.2098403902e-02
1.1155691999e-01 6.1075197639e-02 6.2100439307e-02
1.1155649678e-01 6.1074468439e-02 6.2099443316e-02
1.1155676121e-01 6.1074313137e-02 6.2101435795e-02
1.1155689413e-01 6.1075366365e-02 6.2098411353e-02
1.1155713753e-01 6.1075210665e-02 6.2100434052e-02
1.1155672825e-01 6.1074451074e-02 6.2099451165e-02
1.1155698052e-01 6.1074299219e-02 6.2101449730e-02
6.6798659841e-02 3.5636319651e-02 -1.3915882350e-01
6.6798547934e-02 3.5636248952e-02 -1.3915912006e-01
6.6798595908e-02 3.5636207859e-02 -1.3915844381e-01
6.6798494165e-02 3.5636132695e-02 -1.3915873956e-01
6.6798504920e-02 3.5636391737e-02 -1.3915858361e-01
6.6798393049e-02 3.5636321996e-02 -1.3915888267e-01
6.6798440770e-02 3.5636279760e-02 -1.3915820439e-01
6.6798329381e-02 3.5636207678e-02 -1.3915849976e-01
-1.4952184117e-01 4.9846581964e-02 -4.9368871221e-01
-1.4952148769e-01 4.9846819283e-02 -4.9368945731e-01
-1.4952177291e-01 4.9846526035e-02 -4.9368852912e-01
-1.4952141682e-01 4.9846766236e-02 -4.9368926923e-01
-1.4952195817e-01 4.9846500890e-02 -4.9368869643e-01
-1.4952160418e-01 4.9846726423e-02 -4.9368943293e-01
-1.4952190023e-01 4.9846439417e-02 -4.9368850919e-01
-1.4952154472e-01 4.9846668935e-02 -4.9368924105e-01
-2.5764753312e-02 -1.8797553710e-01 4.9157988146e-01
-2.5764113387e-02 -1.8797667871e-01 4.9158157559e-01
-2.5764812089e-02 -1.8797553345e-01 4.9158004835e-01
-2.5764163196e-02 -1.8797668415e-01 4.9158169878e-01
-2.5764968275e-02 -1.8797596718e-01 4.9158009274e-01
-2.5764357880e-02 -1.8797709333e-01 4.9158180240e-01
-2.5765025595e-02 -1.8797596157e-01 4.9158026575e-01
-2.5764406862e-02 -1.8797710545e-01 4.9158192749e-01
4.8576662736e-01 -2.7873799471e-01 7.7476997549e-01
4.8576761464e-01 -2.7873743822e-01 7.7476752172e-01
4.8576895462e-01 -2.7873943459e-01 7.7477040583e-01
4.8576993321e-01 -2.7873888650e-01 7.7476796764e-01
4.8576720519e-01 -2.7873827275e-01 7.7477016267e-01
4.8576818528e-01 -2.7873773117e-01 7.7476769460e-01
4.8576952748e-01 -2.7873973657e-01 7.7477058494e-01
4.8577051078e-01 -2.7873918442e-01 7.7476816097e-01
6.0459938668e-01 6.1491851402e-01 -2.7414478642e-01
6.0460022383e-01 6.1491791819e-01 -2.7414575546e-01
6.0459837836e-01 6.1491676028e-01 -2.7414393130e-01
6.0459915159e-01 6.1491613445e-01 -2.7414496099e-01
6.0459969838e-01 6.1491766541e-01 -2.7414531031e-01
6.0460052985e-01 6.1491707849e-01 -2.7414629127e-01
6.0459874764e-01 6.1491579062e-01 -2.7414453013e-01
6.0459952077e-01 6.1491516490e-01 -2.7414555984e-01
3.6395689316e-01 -3.2079311598e-01 4.6125639366e-02
3.6395593962e-01 -3.2079238983e-01 4.6123941266e-02
3.6395516920e-01 -3.2079456023e-01 4.6124911896e-02
3.6395421009e-01 -3.2079382156e-01 4.6123230512e-02
3.6395801227e-01 -3.2079200806e-01 4.6125801180e-02
3.6395705869e-01 -3.2079127314e-01 4.6124113356e-02
3.6395628561e-01 -3.2079347737e-01 4.6125061653e-02
3.6395533241e-01 -3.2079274052e-01 4.6123374281e-02
-4.2925544008e-01 9.8289603691e-03 1.0583476582e-01
-4.2925528822e-01 9.8279426945e-03 1.0583351034e-01
-4.2925441520e-01 9.8305239930e-03 1.0583516401e-01
-4.2925428572e-01 9.8294930109e-03 1.0583388833e-01
-4.2925135657e-01 9.8296492671e-03 1.0583588893e-01
-4.2925120203e-01 9.8286320754e-03 1.0583463594e-01
-4.2925033764e-01 9.8312000798e-03 1.0583629689e-01
-4.2925020120e-01 9.8301784487e-03 1.0583501178e-01
-3.6701195500e-01 3.2066716633e-01 2.9573829255e-01
-3.6701126420e-01 3.2066717729e-01 2.9574013689e-01
-3.6701407234e-01 3.2066489678e-01 2.9573575041e-01
-3.6701338715e-01 3.2066490658e-01 2.9573759504e-01
-3.6701069370e-01 3.2066769001e-01 2.9573848754e-01
-3.6701000328e-01 3.2066770062e-01 2.9574033232e-01
-3.6701279410e-01 3.2066544171e-01 2.9573592160e-01
-3.6701210925e-01 3.2066545115e-01 2.9573776668e-01
-4.4291466420e-01 -4.6100809712e-01 -2.4444795867e-01
-4.4291366790e-01 -4.6100772779e-01 -2.4444509233e-01
-4.4291185455e-01 -4.6100504332e-01 -2.4444550320e-01
-4.4291086246e-01 -4.6100467749e-01 -2.4444262679e-01
-4.4291443280e-01 -4.6100782233e-01 -2.4444794615e-01
-4.4291343531e-01 -4.6100745225e-01 -2.4444508019e-01
-4.4291169739e-01 -4.6100474154e-01 -2.4444544474e-01
-4.4291070437e-01 -4.6100437581e-01 -2.4444256846e-01
-1.8697125824e-01 -2.0562963198e-02 -1.3909486379e-01
-1.8697160750e-01 -2.0563318339e-02 -1.3909324239e-01
-1.8697206861e-01 -2.0566046375e-02 -1.3909490312e-01
-1.8697241930e-01 -2.0566412599e-02 -1.3909327891e-01
-1.8697172144e-01 -2.0562335648e-02 -1.3909411589e-01
-1.8697208344e-01 -2.0562680324e-02 -1.3909251751e-01
-1.8697249455e-01 -2.0565412794e-02 -1.3909419341e-01
-1.8697285854e-01 -2.0565767915e-02 -1.3909259215e-01
1.7297633232e-01 -1.5902580627e-01 -6.8922056709e-01
1.7297718228e-01 -1.5902668553e-01 -6.8922289416e-01
1.7297657392e-01 -1.5902690987e-01 -6.8921929778e-01
1.7297743485e-01 -1.5902778921e-01 -6.8922163826e-01
1.7297590792e-01 -1.5902589734e-01 -6.8922071360e-01
1.7297675875e-01 -1.5902677592e-01 -6.8922304133e-01
1.7297616266e-01 -1.5902699090e-01 -6.8921944634e-01
1.7297702249e-01 -1.5902786968e-01 -6.8922178737e-01
-3.3524372840e-01 -4.2581574993e-01 8.9348885353e-01
-3.3524394601e-01 -4.2581598006e-01 8.9348996253e-01
-3.3524526654e-01 -4.2581274309e-01 8.9348897296e-01
-3.3524547941e-01 -4.2581300177e-01 8.9349004104e-01
-3.3524817321e-01 -4.2581390456e-01 8.9348925339e-01
-3.3524838304e-01 -4.2581411216e-01 8.9349041231e-01
-3.3524951080e-01 -4.2581090933e-01 8.9348921067e-01
-3.3524970992e-01 -4.2581113703e-01 8.9349033074e-01
-2.4899487603e-01 4.0355759749e-01 3.4185505807e-01
-2.4899529351e-01 4.0355800277e-01 3.4185657566e-01
-2.4899592436e-01 4.0355771573e-01 3.4185484489e-01
-2.4899642528e-01 4.0355812990e-01 3.4185636046e-01
-2.4899389909e-01 4.0355742454e-01 3.4185473926e-01
-2.4899435277e-01 4.0355786237e-01 3.4185626752e-01
-2.4899495086e-01 4.0355755810e-01 3.4185453360e-01
-2.4899548379e-01 4.0355798863e-01 3.4185602991e-01
-3.4799930666e-01 2.4108927722e-01 3.8819524376e-01
-3.4799838888e-01 2.4109174842e-01 3.8820051700e-01
-3.4799990417e-01 2.4109032362e-01 3.8819310135e-01
-3.4799898556e-01 2.4109274466e-01 3.8819848468e-01
-3.4799737470e-01 2.4108905046e-01 3.8819487464e-01
-3.4799644737e-01 2.4109154454e-01 3.8820016943e-01
-3.4799799231e-01 2.4109000452e-01 3.8819276320e-01
-3.4799705809e-01 2.4109252215e-01 3.8819812828e-01
8.3655452332e-01 7.0164035843e-02 -9.7313603151e-03
8.3655395235e-01 7.0164414185e-02 -9.7339023816e-03
8.3655395780e-01 7.0164829789e-02 -9.7303207326e-03
8.3655335452e-01 7.0165199278e-02 -9.7328474643e-03
8.3655410467e-01 7.0164427047e-02 -9.7319345750e-03
8.3655356366e-01 7.0164784137e-02 -9.7344638294e-03
8.3655351473e-01 7.0165229432e-02 -9.7309079051e-03
8.3655294178e-01 7.0165577611e-02 -9.7334215092e-03
-1.7197966956e-01 -1.8558903078e-01 -2.7823679197e-02
-1.7197894430e-01 -1.8558774950e-01 -2.7821439817e-02
-1.7197914974e-01 -1.8558542373e-01 -2.7822686436e-02
-1.7197852386e-01 -1.8558398855e-01 -2.7820517368e-02
-1.7197990565e-01 -1.8558943314e-01 -2.7823797923e-02
-1.7197917940e-01 -1.8558816272e-01 -2.7821550659e-02
-1.7197937729e-01 -1.8558580222e-01 -2.7822791502e-02
-1.7197875276e-01 -1.8558435633e-01 -2.7820630267e-02
-9.0352533505e-01 5.8187578266e-01 -1.2857677923e-01
-9.0352514460e-01 5.8187525960e-01 -1.2857561317e-01
-9.0352503811e-01 5.8187946737e-01 -1.2857498874e-01
-9.0352485490e-01 5.8187895921e-01 -1.2857383196e-01
-9.0352473656e-01 5.8187591711e-01 -1.2857695247e-01
-9.0352455045e-01 5.8187539566e-01 -1.2857578705e-01
-9.0352444155e-01 5.8187959945e-01 -1.2857515875e-01
-9.0352426267e-01 5.8187909291e-01 -1.2857400259e-01
1.4083166398e-01 -8.7083481918e-01 4.9555642870e-01
1.4082950294e-01 -8.7083474973e-01 4.9555920668e-01
1.4083192613e-01 -8.7083478680e-01 4.9555562176e-01
1.4082979780e-01 -8.7083477002e-01 4.9555848180e-01
1.4083057068e-01 -8.7083462829e-01 4.9555643505e-01
1.4082840397e-01 -8.7083456343e-01 4.9555920181e-01
1.4083083401e-01 -8.7083460546e-01 4.9555563521e-01
1.4082869887e-01 -8.7083459113e-01 4.9555848301e-01
1.3522121153e-01 4.5642282881e-01 -3.7781394553e-01
1.3522173461e-01 4.5642328445e-01 -3.7781557675e-01
1.3522080263e-01 4.5642850520e-01 -3.7781365903e-01
1.3522117636e-01 4.5642900500e-01 -3.7781529053e-01
1.3522087141e-01 4.5642276614e-01 -3.7781396991e-01
1.3522140492e-01 4.5642322612e-01 -3.7781559214e-01
1.3522046058e-01 4.5642844856e-01 -3.7781367526e-01
1.3522083429e-01 4.5642894843e-01 -3.7781530675e-01
-5.6918436264e-01 6.4565838680e-01 2.9444751110e-01
-5.6918390986e-01 6.4565823490e-01 2.9444640946e-01
-5.6918300357e-01 6.4565589619e-01 2.9444729078e-01
-5.6918257391e-01 6.4565569333e-01 2.9444607281e-01
-5.6918116756e-01 6.4565731486e-01 2.9444550860e-01
-5.6918071482e-01 6.4565716304e-01 2.9444440697e-01
-5.6917979808e-01 6.4565484053e-01 2.9444527606e-01
-5.6917936846e-01 6.4565463776e-01 2.9444405810e-01
-4.6040354116e-02 -3.4459807435e-01 -7.3897601398e-02
-4.6041371202e-02 -3.4459759214e-01 -7.3899279134e-02
-4.6039820877e-02 -3.4459936382e-01 -7.3897909790e-02
-4.6040843226e-02 -3.4459888250e-01 -7.3899565350e-02
-4.6039409491e-02 -3.4459880396e-01 -7.3897958564e-02
-4.6040424112e-02 -3.4459831222e-01 -7.3899623075e-02
-4.6038887689e-02 -3.4460007629e-01 -7.3898255377e-02
-4.6039911237e-02 -3.4459959363e-01 -7.3899909024e-02
2.7654129726e-01 2.5830815352e-01 -4.2168394263e-02
2.7654007995e-01 2.5830854457e-01 -4.2171305107e-02
2.7654081331e-01 2.5830704457e-01 -4.2168468782e-02
2.7653953809e-01 2.5830747630e-01 -4.2171332823e-02
2.7654148866e-01 2.5830758684e-01 -4.2169381152e-02
2.7654028698e-01 2.5830800262e-01 -4.2172300764e-02
2.7654102868e-01 2.5830649950e-01 -4.2169445526e-02
2.7653975383e-01 2.5830693113e-01 -4.2172309234e-02
-3.6879500290e-01 -4.7078367772e-01 -2.1434131538e-01
-3.6879311589e-01 -4.7078309266e-01 -2.1434077781e-01
-3.6879612298e-01 -4.7078418094e-01 -2.1434147918e-01
-3.6879422407e-01 -4.7078358406e-01 -2.1434093803e-01
-3.6879520631e-01 -4.7078345851e-01 -2.1434135772e-01
-3.6879330406e-01 -4.7078286485e-01 -2.1434084013e-01
-3.6879636253e-01 -4.7078394411e-01 -2.1434153690e-01
-3.6879444707e-01 -4.7078333665e-01 -2.1434101351e-01
1.9648377092e-01 2.2677669126e-01 2.2501559664e-01
1.9648366069e-01 2.2677545741e-01 2.2501234308e-01
1.9648413236e-01 2.2677813956e-01 2.2501655193e-01
1.9648397558e-01 2.2677693757e-01 2.2501329486e-01
1.9648340283e-01 2.2677635392e-01 2.2501535451e-01
1.9648329000e-01 2.2677512175e-01 2.2501209653e-01
1.9648376335e-01 2.2677779628e-01 2.2501631617e-01
1.9648360747e-01 2.2677659834e-01 2.2501305089e-01
-2.2605553035e-01 -2.2580226715e-01 -8.1109726141e-02
-2.2605531807e-01 -2.2580330425e-01 -8.1110480471e-02
-2.2605516533e-01 -2.2580303490e-01 -8.1110449728e-02
-2.2605495773e-01 -2.2580407829e-01 -8.1111199347e-02
-2.2605521214e-01 -2.2580208992e-01 -8.1109524934e-02
-2.2605500799e-01 -2.2580313289e-01 -8.1110286249e-02
-2.2605481418e-01 -2.2580279791e-01 -8.1110245658e-02
-2.2605461528e-01 -2.2580384389e-01 -8.1111004619e-02
5.5658521221e-01 8.2852792624e-01 -2.6655296116e-01
5.5658517188e-01 8.2852764096e-01 -2.6655435577e-01
5.5658723568e-01 8.2853091147e-01 -2.6655186383e-01
5.5658725304e-01 8.2853067922e-01 -2.6655325247e-01
5.5658594250e-01 8.2852933372e-01 -2.6655302532e-01
5.5658590202e-01 8.2852904810e-01 -2.6655441989e-01
5.5658799113e-01 8.2853232203e-01 -2.6655194481e-01
5.5658800845e-01 8.2853208947e-01 -2.6655333346e-01
3.1054016562e-01 -1.8044340877e-01 -6.3964190854e-01
3.1053946415e-01 -1.8044372858e-01 -6.3964263948e-01
3.1054021082e-01 -1.8044442480e-01 -6.3964203621e-01
3.1053948074e-01 -1.8044477031e-01 -6.3964274823e-01
3.1054052666e-01 -1.8044383716e-01 -6.3964185414e-01
3.1053982523e-01 -1.8044415695e-01 -6.3964258531e-01
3.1054062844e-01 -1.8044496275e-01 -6.3964198392e-01
3.1053989855e-01 -1.8044530830e-01 -6.3964269618e-01
3.9905040777e-02 9.7064177834e-02 -2.2406879113e-01
3.9905795613e-02 9.7062665797e-02 -2.2407162501e-01
3.9904087232e-02 9.7067703196e-02 -2.2406856932e-01
3.9904870312e-02 9.7066174913e-02 -2.2407141706e-01
3.9905133479e-02 9.7064359962e-02 -2.2406888739e-01
3.9905887817e-02 9.7062848503e-02 -2.2407172372e-01
3.9904173632e-02 9.7067886434e-02 -2.2406870963e-01
3.9904956684e-02 9.7066358199e-02 -2.2407155725e-01
1.5562161163e-01 -1.4726483127e-01 -4.1967613585e-02
1.5562217901e-01 -1.4726410356e-01 -4.1967843558e-02
1.5562242516e-01 -1.4726522010e-01 -4.1967129534e-02
1.5562312228e-01 -1.4726440226e-01 -4.1967301157e-02
1.5562355252e-01 -1.4726548247e-01 -4.1968468211e-02
1.5562421288e-01 -1.4726468819e-01 -4.1968620536e-02
1.5562435541e-01 -1.4726586536e-01 -4.1967979815e-02
1.5562505081e-01 -1.4726504623e-01 -4.1968118676e-02
-5.9985477280e-01 5.3694796708e-01 -5.5221810610e-01
-5.9985474706e-01 5.3694830722e-01 -5.5222122038e-01
-5.9985423858e-01 5.3694819525e-01 -5.5221816828e-01
-5.9985421194e-01 5.3694853432e-01 -5.5222128299e-01
-5.9985480374e-01 5.3694783058e-01 -5.5221800373e-01
-5.9985477822e-01 5.3694817051e-01 -5.5222111814e-01
-5.9985428396e-01 5.3694805952e-01 -5.5221805867e-01
-5.9985425712e-01 5.3694839887e-01 -5.5222117345e-01
5.6054744169e-01 -3.6459891072e-01 5.6822209381e-02
5.6054822339e-01 -3.6459960897e-01 5.6820587050e-02
5.6054529586e-01 -3.6459501181e-01 5.6823971531e-02
5.6054608440e-01 -3.6459570168e-01 5.6822355416e-02
5.6054807208e-01 -3.6459874366e-01 5.6822002497e-02
5.6054885314e-01 -3.6459944185e-01 5.6820380588e-02
5.6054593171e-01 -3.6459481978e-01 5.6823738759e-02
5.6054672677e-01 -3.6459551103e-01 5.6822126667e-02
-2.9740272022e-02 -2.6847555734e-01 -2.6454996534e-01
-2.9740079614e-02 -2.6847510347e-01 -2.6455209432e-01
-2.9740257753e-02 -2.6846974739e-01 -2.6454856618e-01
-2.9739993477e-02 -2.6846931727e-01 -2.6455075148e-01
-2.9740305329e-02 -2.6847551906e-01 -2.6454989741e-01
-2.9740116987e-02 -2.6847507393e-01 -2.6455202513e-01
-2.9740289933e-02 -2.6846974969e-01 -2.6454853886e-01
-2.9740028232e-02 -2.6846932450e-01 -2.6455072108e-01
1.6330826620e-02 9.6023005684e-02 7.7570099264e-02
1.6330124206e-02 9.6023274974e-02 7.7568124923e-02
1.6332170117e-02 9.6027752782e-02 7.7569562279e-02
1.6331421368e-02 9.6028050755e-02 7.7567648828e-02
1.6324065746e-02 9.6020415278e-02 7.7566939829e-02
1.6323311101e-02 9.6020727509e-02 7.7565019523e-02
1.6325109817e-02 9.6025321546e-02 7.7566395836e-02
1.6324423425e-02 9.6025582379e-02 7.7564453074e-02
-1.4304384734e-01 -4.3211483853e-02 -4.6049201465e-01
-1.4304480096e-01 -4.3211424455e-02 -4.6049312248e-01
-1.4304428197e-01 -4.3212516914e-02 -4.6049170746e-01
-1.4304523596e-01 -4.3212463154e-02 -4.6049281730e-01
-1.4304389945e-01 -4.3211384308e-02 -4.6049197478e-01
-1.4304485063e-01 -4.3211329773e-02 -4.6049308681e-01
-1.4304432456e-01 -4.3212419991e-02 -4.6049166800e-01
-1.4304527681e-01 -4.3212368438e-02 -4.6049278150e-01
-2.5447254791e-01 -4.5751628497e-02 -3.8915110313e-01
-2.5447341473e-01 -4.5750762230e-02 -3.8915246799e-01
-2.5447389284e-01 -4.5751515490e-02 -3.8915081070e-01
-2.5447477143e-01 -4.5750650730e-02 -3.8915219261e-01
-2.5447523670e-01 -4.5751724426e-02 -3.8915086835e-01
-2.5447610598e-01 -4.5750864918e-02 -3.8915221384e-01
-2.5447669479e-01 -4.5751618597e-02 -3.8915057856e-01
-2.5447757984e-01 -4.5750759319e-02 -3.8915194183e-01
1.0148097058e+00 -1.0251572271e-01 -1.4056445300e-01
1.0148091649e+00 -1.0251567174e-01 -1.4056486610e-01
1.0148086612e+00 -1.0251557685e-01 -1.4056403426e-01
1.0148081161e+00 -1.0251552964e-01 -1.4056444656e-01
1.0148092544e+00 -1.0251526363e-01 -1.4056482165e-01
1.0148087146e+00 -1.0251521402e-01 -1.4056523503e-01
1.0148082228e+00 -1.0251512946e-01 -1.4056440677e-01
1.0148076616e+00 -1.0251506439e-01 -1.4056482607e-01
-7.6803907403e-01 -2.4438689867e-01 -8.4744003961e-02
-7.6803870760e-01 -2.4438700585e-01 -8.4745055058e-02
-7.6803836588e-01 -2.4438825251e-01 -8.4744084923e-02
-7.6803796512e-01 -2.4438831680e-01 -8.4745121343e-02
-7.6803999797e-01 -2.4438679447e-01 -8.4743596980e-02
-7.6803962381e-01 -2.4438681129e-01 -8.4744651114e-02
-7.6803924880e-01 -2.4438811858e-01 -8.4743677516e-02
-7.6803891355e-01 -2.4438814626e-01 -8.4744702999e-02
-5.3908329984e-01 2.4221418130e-01 -2.0432741219e-01
-5.3908302454e-01 2.4221365095e-01 -2.0433032718e-01
-5.3908206892e-01 2.4221499408e-01 -2.0432807409e-01
-5.3908178445e-01 2.4221443901e-01 -2.0433098091e-01
-5.3908362056e-01 2.4221468675e-01 -2.0432703876e-01
-5.3908335161e-01 2.4221414588e-01 -2.0432993923e-01
-5.3908235499e-01 2.4221549673e-01 -2.0432770864e-01
-5.3908207154e-01 2.4221494080e-01 -2.0433061609e-01
7.9351614814e-01 -2.4644164928e-02 1.7812623697e-01
7.9351624853e-01 -2.4645114770e-02 1.7812439141e-01
7.9351689121e-01 -2.4646330614e-02 1.7812586985e-01
7.9351702393e-01 -2.4647257694e-02 1.7812400978e-01
7.9351675619e-01 -2.4644458409e-02 1.7812781705e-01
7.9351683521e-01 -2.4645483204e-02 1.7812600228e-01
7.9351751030e-01 -2.4646630481e-02 1.7812742936e-01
7.9351761689e-01 -2.4647622190e-02 1.7812561520e-01
3.5206095313e-01 7.9086724412e-02 -1.0042157629e-01
3.5206082340e-01 7.9086882936e-02 -1.0042381175e-01
3.5206054136e-01 7.9088893200e-02 -1.0042134895e-01
3.5206025414e-01 7.9089028981e-02 -1.0042354557e-01
3.5206285930e-01 7.9085555984e-02 -1.0042191371e-01
3.5206272751e-01 7.9085709760e-02 -1.0042415138e-01
3.5206242556e-01 7.9087845955e-02 -1.0042165367e-01
3.5206215280e-01 7.9087972905e-02 -1.0042385007e-01
4.6511719374e-01 -1.0010815466e-01 1.1148361740e-01
4.6511768361e-01 -1.0010851900e-01 1.1148177337e-01
4.6511807639e-01 -1.0010566688e-01 1.1148560788e-01
4.6511857890e-01 -1.0010602543e-01 1.1148373890e-01
4.6511901048e-01 -1.0010622163e-01 1.1148466870e-01
4.6511952814e-01 -1.0010657579e-01 1.1148281957e-01
4.6511990067e-01 -1.0010366707e-01 1.1148667591e-01
4.6512042398e-01 -1.0010403651e-01 1.1148482653e-01
-8.2006126696e-01 9.3602208456e-02 1.9339622951e-01
-8.2006326489e-01 9.3602595035e-02 1.9339724453e-01
-8.2006119794e-01 9.3601350006e-02 1.9339665788e-01
-8.2006305994e-01 9.3601735181e-02 1.9339764458e-01
-8.2006128080e-01 9.3601323449e-02 1.9339600315e-01
-8.2006327010e-01 9.3601727889e-02 1.9339699339e-01
-8.2006120976e-01 9.3600463550e-02 1.9339643387e-01
-8.2006306293e-01 9.3600866567e-02 1.9339739559e-01
-3.9598750459e-01 1.9016925816e-01 1.1160626814e-01
-3.9598766890e-01 1.9016987506e-01 1.1160430618e-01
-3.9598753047e-01 1.9016814173e-01 1.1160577297e-01
-3.9598757874e-01 1.9016869111e-01 1.1160375984e-01
-3.9598822845e-01 1.9016994675e-01 1.1160630649e-01
-3.9598837079e-01 1.9017062694e-01 1.1160437927e-01
-3.9598822483e-01 1.9016880144e-01 1.1160584671e-01
-3.9598825662e-01 1.9016941243e-01 1.1160386926e-01
4.2276410314e-01 -2.0080031946e-01 -2.4008519298e-01
4.2276376223e-01 -2.0079941464e-01 -2.4008686705e-01
4.2276367550e-01 -2.0079632839e-01 -2.4008522221e-01
4.2276335294e-01 -2.0079540616e-01 -2.4008686220e-01
4.2276525534e-01 -2.0080037268e-01 -2.4008481974e-01
4.2276491650e-01 -2.0079945377e-01 -2.4008649825e-01
4.2276481227e-01 -2.0079636083e-01 -2.4008485682e-01
4.2276449075e-01 -2.0079544319e-01 -2.4008649760e-01
5.3629758656e-01 4.8236184659e-01 8.9725075315e-02
5.3629645744e-01 4.8236111957e-01 8.9724645484e-02
5.3629735267e-01 4.8236436447e-01 8.9725070227e-02
5.3629632710e-01 4.8236367602e-01 8.9724648783e-02
5.3629624543e-01 4.8236301386e-01 8.9726760605e-02
5.3629519850e-01 4.8236229117e-01 8.9726371704e-02
5.3629611774e-01 4.8236554757e-01 8.9726728926e-02
5.3629501496e-01 4.8236485477e-01 8.9726343656e-02
-3.3909091587e-01 -3.2864656452e-01 -3.0769761487e-01
-3.3909152957e-01 -3.2864685751e-01 -3.0770110850e-01
-3.3909098125e-01 -3.2864741763e-01 -3.0769665792e-01
-3.3909161797e-01 -3.2864767795e-01 -3.0770013460e-01
-3.3909611103e-01 -3.2864599994e-01 -3.0769765049e-01
-3.3909669974e-01 -3.2864621232e-01 -3.0770115434e-01
-3.3909619490e-01 -3.2864694476e-01 -3.0769664202e-01
-3.3909677203e-01 -3.2864715205e-01 -3.0770017102e-01
-3.7585631883e-01 -3.8607724042e-01 -1.9125172653e-01
-3.7585654277e-01 -3.8607792347e-01 -1.9125480335e-01
-3.7585486030e-01 -3.8607825830e-01 -1.9125200821e-01
-3.7585499195e-01 -3.8607892671e-01 -1.9125500461e-01
-3.7585618659e-01 -3.8607799653e-01 -1.9125156706e-01
-3.7585634641e-01 -3.8607864486e-01 -1.9125459275e-01
-3.7585466173e-01 -3.8607898253e-01 -1.9125180101e-01
-3.7585484388e-01 -3.8607968588e-01 -1.9125486640e-01
-3.1196889543e-01 3.5270840030e-01 -1.0750494261e-02
-3.1197047272e-01 3.5270878419e-01 -1.0752315950e-02
-3.1196895117e-01 3.5270807797e-01 -1.0749856596e-02
-3.1197052624e-01 3.5270845974e-01 -1.0751676831e-02
-3.1196784803e-01 3.5270860375e-01 -1.0750658780e-02
-3.1196942515e-01 3.5270898738e-01 -1.0752480349e-02
-3.1196790708e-01 3.5270823264e-01 -1.0750038483e-02
-3.1196948490e-01 3.5270861726e-01 -1.0751859396e-02
-3.0547545158e-01 -3.8893339531e-01 3.3261716161e-01
-3.0547540324e-01 -3.8893431868e-01 3.3261635997e-01
-3.0547676225e-01 -3.8893387957e-01 3.3261717327e-01
-3.0547670589e-01 -3.8893491640e-01 3.3261644035e-01
-3.0547385406e-01 -3.8893347659e-01 3.3261747122e-01
-3.0547380486e-01 -3.8893440011e-01 3.3261666937e-01
-3.0547515921e-01 -3.8893396482e-01 3.3261746823e-01
-3.0547510378e-01 -3.8893500151e-01 3.3261673550e-01
1.0390363653e-01 4.0159169358e-01 -2.5877640020e-01
1.0390433330e-01 4.0159185784e-01 -2.5877877817e-01
1.0390421344e-01 4.0159194413e-01 -2.5877603756e-01
1.0390489733e-01 4.0159212403e-01 -2.5877841054e-01
1.0390315689e-01 4.0159150779e-01 -2.5877629664e-01
1.0390385306e-01 4.0159165901e-01 -2.5877867472e-01
1.0390373264e-01 4.0159175870e-01 -2.5877593438e-01
1.0390441631e-01 4.0159192623e-01 -2.5877830697e-01
-2.1934103453e-01 -2.4258737465e-01 3.5607728660e-01
-2.1933974741e-01 -2.4258736147e-01 3.5607962005e-01
-2.1934174709e-01 -2.4258831404e-01 3.5607698256e-01
-2.1934039990e-01 -2.4258833552e-01 3.5607932326e-01
-2.1934664843e-01 -2.4258796564e-01 3.5607604872e-01
-2.1934529554e-01 -2.4258784737e-01 3.5607838606e-01
-2.1934724795e-01 -2.4258890459e-01 3.5607575258e-01
-2.1934598536e-01 -2.4258880162e-01 3.5607807385e-01
-1.4082816465e+00 -3.4831166952e-02 3.7783092496e-01
-1.4082807707e+00 -3.4830652703e-02 3.7783794975e-01
-1.4082793975e+00 -3.4834123589e-02 3.7782999673e-01
-1.4082785305e+00 -3.4833646932e-02 3.7783699520e-01
-1.4082806965e+00 -3.4832357684e-02 3.7783071177e-01
-1.4082798274e+00 -3.4831832118e-02 3.7783774390e-01
-1.4082784134e+00 -3.4835357655e-02 3.7782976421e-01
-1.4082775644e+00 -3.4834851810e-02 3.7783679001e-01
8.7856759979e-01 6.3970847807e-03 8.6419692945e-01
8.7856746973e-01 6.3960110447e-03 8.6419750430e-01
8.7856751275e-01 6.3969284576e-03 8.6419683885e-01
8.7856740926e-01 6.3958263416e-03 8.6419737552e-01
8.7855877843e-01 6.3992185322e-03 8.6420026379e-01
8.7855867507e-01 6.3981372278e-03 8.6420083502e-01
8.7855869084e-01 6.3990510008e-03 8.6420016195e-01
8.7855861569e-01 6.3980172387e-03 8.6420073949e-01
3.3166708838e-01 1.5779652422e+00 1.8527000208e-01
3.3166513725e-01 1.5779663629e+00 1.8526841186e-01
3.3166602638e-01 1.5779635738e+00 1.8526993841e-01
3.3166409222e-01 1.5779647200e+00 1.8526834763e-01
3.3166766187e-01 1.5779654326e+00 1.8526980764e-01
3.3166571029e-01 1.5779665539e+00 1.8526821827e-01
3.3166659070e-01 1.5779637759e+00 1.8526972706e-01
3.3166465607e-01 1.5779649227e+00 1.8526813704e-01
5.2733875640e-01 5.3901917269e-02 -3.2234298752e-01
5.2733681644e-01 5.3902249337e-02 -3.2233314418e-01
5.2733952572e-01 5.3907639066e-02 -3.2234464086e-01
5.2733745139e-01 5.3907864934e-02 -3.2233472906e-01
5.2734004654e-01 5.3902120538e-02 -3.2234259121e-01
5.2733806270e-01 5.3902437123e-02 -3.2233274702e-01
5.2734081390e-01 5.3907826347e-02 -3.2234425206e-01
5.2733872968e-01 5.3908060253e-02 -3.2233433712e-01
4.4529484129e-01 7.8744538700e-01 6.8069759480e-01
4.4529554054e-01 7.8744581454e-01 6.8069542547e-01
4.4529499671e-01 7.8744455797e-01 6.8069735079e-01
4.4529569817e-01 7.8744498888e-01 6.8069518039e-01
4.4529471071e-01 7.8744541804e-01 6.8069799056e-01
4.4529541005e-01 7.8744584563e-01 6.8069582131e-01
4.4529486027e-01 7.8744458528e-01 6.8069774743e-01
4.4529556166e-01 7.8744501611e-01 6.8069557711e-01
2.5477211408e-01 1.2665085373e+00 3.5804042189e-01
2.5477329521e-01 1.2665091366e+00 3.5803932429e-01
2.5476961437e-01 1.2665042143e+00 3.5804123081e-01
2.5477082890e-01 1.2665048099e+00 3.5804013184e-01
2.5477412399e-01 1.2665078358e+00 3.5804253185e-01
2.5477530810e-01 1.2665084288e+00 3.5804144501e-01
2.5477161759e-01 1.2665034296e+00 3.5804340318e-01
2.5477283625e-01 1.2665040186e+00 3.5804231407e-01
5.9585470001e-02 1.0400305027e-01 1.0118716701e+00
5.9586203818e-02 1.0400333280e-01 1.0118722293e+00
5.9584490250e-02 1.0400167700e-01 1.0118716762e+00
5.9585214649e-02 1.0400196220e-01 1.0118722357e+00
5.9585682113e-02 1.0400377222e-01 1.0118717555e+00
5.9586412802e-02 1.0400405791e-01 1.0118723203e+00
5.9584709170e-02 1.0400238373e-01 1.0118717568e+00
5.9585430732e-02 1.0400267288e-01 1.0118723211e+00
-1.1323032413e-01 -1.7076474373e+00 1.6248818292e-01
-1.1323017139e-01 -1.7076473296e+00 1.6248912875e-01
-1.1322862150e-01 -1.7076437015e+00 1.6249291163e-01
-1.1322846320e-01 -1.7076436226e+00 1.6249387281e-01
-1.1322616740e-01 -1.7076475647e+00 1.6248889720e-01
-1.1322599247e-01 -1.7076474895e+00 1.6248983326e-01
-1.1322446727e-01 -1.7076438204e+00 1.6249362391e-01
-1.1322430599e-01 -1.7076437365e+00 1.6249456713e-01
-5.2620950645e-01 -3.1511651678e-01 1.2101288954e+00
-5.2621181886e-01 -3.1511765288e-01 1.2101368049e+00
-5.2620967569e-01 -3.1511860756e-01 1.2101326599e+00
-5.2621198425e-01 -3.1511973894e-01 1.2101404903e+00
-5.2620950289e-01 -3.1511713328e-01 1.2101289461e+00
-5.2621180645e-01 -3.1511828868e-01 1.2101368498e+00
-5.2620967262e-01 -3.1511922294e-01 1.2101327100e+00
-5.2621196096e-01 -3.1512036486e-01 1.2101405679e+00
-7.8391562834e-01 9.3614639053e-01 1.5820051432e+00
-7.8391599777e-01 9.3614417271e-01 1.5820099520e+00
-7.8391586027e-01 9.3615204149e-01 1.5820037259e+00
-7.8391634747e-01 9.3614973927e-01 1.5820084333e+00
-7.8392040187e-01 9.3614759637e-01 1.5820060024e+00
-7.8392088260e-01 9.3614527420e-01 1.5820107663e+00
-7.8392070450e-01 9.3615321036e-01 1.5820046213e+00
-7.8392120802e-01 9.3615092815e-01 1.5820093173e+00
5.4566447223e-01 -6.5840797498e-01 5.7980238133e-01
5.4566473115e-01 -6.5840680517e-01 5.7980848331e-01
5.4566282518e-01 -6.5840171053e-01 5.7980301178e-01
5.4566313676e-01 -6.5840064163e-01 5.7980910419e-01
5.4566460738e-01 -6.5840752253e-01 5.7980241525e-01
5.4566484403e-01 -6.5840638318e-01 5.7980853961e-01
5.4566295963e-01 -6.5840126219e-01 5.7980304531e-01
5.4566327496e-01 -6.5840016843e-01 5.7980916755e-01
5.8378563463e-01 6.9124252418e-01 1.4219948419e+00
5.8378512227e-01 6.9124169113e-01 1.4219958063e+00
5.8378562674e-01 6.9124228693e-01 1.4219955566e+00
5.8378511150e-01 6.9124151976e-01 1.4219964865e+00
5.8378955412e-01 6.9124270122e-01 1.4219957702e+00
5.8378904096e-01 6.9124186803e-01 1.4219967337e+00
5.8378954568e-01 6.9124247790e-01 1.4219964906e+00
5.8378906773e-01 6.9124171290e-01 1.4219974186e+00
2.1199696616e-01 -1.3365796455e+00 4.0244882040e-01
2.1199694756e-01 -1.3365812874e+00 4.0244698957e-01
2.1199832099e-01 -1.3365792844e+00 4.0244997482e-01
2.1199824034e-01 -1.3365809794e+00 4.0244814837e-01
2.1199698080e-01 -1.3365794489e+00 4.0244884522e-01
2.1199696172e-01 -1.3365810907e+00 4.0244701401e-01
2.1199833302e-01 -1.3365790775e+00 4.0245000520e-01
2.1199825181e-01 -1.3365807724e+00 4.0244817815e-01
-1.4312065034e+00 -1.0251128245e+00 2.2791748258e-01
-1.4312066778e+00 -1.0251143741e+00 2.2791639991e-01
-1.4312040987e+00 -1.0251082499e+00 2.2791827971e-01
-1.4312042717e+00 -1.0251097770e+00 2.2791718062e-01
-1.4312023838e+00 -1.0251120718e+00 2.2792078314e-01
-1.4312025595e+00 -1.0251136212e+00 2.2791970188e-01
-1.4311999970e+00 -1.0251074780e+00 2.2792155581e-01
-1.4312001714e+00 -1.0251090050e+00 2.2792045818e-01
2.5874081349e-01 -4.9864566461e-02 -1.5037675657e+00
2.5874095472e-01 -4.9864661171e-02 -1.5037670876e+00
2.5874219466e-01 -4.9865769581e-02 -1.5037650860e+00
2.5874233648e-01 -4.9865858018e-02 -1.5037646066e+00
2.5874080031e-01 -4.9864640144e-02 -1.5037675632e+00
2.5874094197e-01 -4.9864733679e-02 -1.5037670873e+00
2.5874218443e-01 -4.9865840150e-02 -1.5037650845e+00
2.5874232559e-01 -4.9865926281e-02 -1.5037646052e+00
8.8723369564e-01 6.2959158158e-01 9.7895046296e-01
8.8723402677e-01 6.2959164621e-01 9.7895114881e-01
8.8723379971e-01 6.2959100450e-01 9.7895083733e-01
8.8723413084e-01 6.2959106907e-01 9.7895152302e-01
8.8723375349e-01 6.2959328700e-01 9.7895047795e-01
8.8723408185e-01 6.2959335008e-01 9.7895116526e-01
8.8723380901e-01 6.2959270774e-01 9.7895085069e-01
8.8723413831e-01 6.2959277105e-01 9.7895153891e-01
-1.2030414627e+00 -8.5752526625e-02 -1.9409647575e+00
-1.2030384937e+00 -8.5750502190e-02 -1.9409567112e+00
-1.2030436960e+00 -8.5750024034e-02 -1.9409642644e+00
-1.2030407994e+00 -8.5747893963e-02 -1.9409562371e+00
-1.2030400022e+00 -8.5752979174e-02 -1.9409658324e+00
-1.2030370615e+00 -8.5750956023e-02 -1.9409577859e+00
-1.2030422748e+00 -8.5750457903e-02 -1.9409653658e+00
-1.2030393271e+00 -8.5748367264e-02 -1.9409572833e+00
5.0430054416e-01 -2.3821212719e-01 -1.6924199921e+00
5.0430287460e-01 -2.3821042117e-01 -1.6924228999e+00
5.0430071534e-01 -2.3821331282e-01 -1.6924193564e+00
5.0430304058e-01 -2.3821160177e-01 -1.6924222567e+00
5.0430169767e-01 -2.3821296653e-01 -1.6924216262e+00
5.0430402702e-01 -2.3821126154e-01 -1.6924245336e+00
5.0430188361e-01 -2.3821415840e-01 -1.6924209482e+00
5.0430421723e-01 -2.3821245363e-01 -1.6924238555e+00
1.7915531737e-01 4.4271403323e-01 -6.3154988042e-01
1.7915549221e-01 4.4271376537e-01 -6.3154827749e-01
1.7915589032e-01 4.4271205194e-01 -6.3155075775e-01
1.7915602322e-01 4.4271178818e-01 -6.3154915183e-01
1.7915576027e-01 4.4271506604e-01 -6.3155038604e-01
1.7915593434e-01 4.4271481577e-01 -6.3154878770e-01
1.7915632289e-01 4.4271309018e-01 -6.3155125729e-01
1.7915645786e-01 4.4271283374e-01 -6.3154966158e-01
-8.5257645524e-01 9.5339509013e-01 8.0060819531e-01
-8.5257720812e-01 9.5339368978e-01 8.0060496811e-01
-8.5257793983e-01 9.5338832487e-01 8.0060676796e-01
-8.5257867232e-01 9.5338693627e-01 8.0060349969e-01
-8.5257690124e-01 9.5339517347e-01 8.0060769323e-01
-8.5257763256e-01 9.5339378449e-01 8.0060442464e-01
-8.5257836526e-01 9.5338841983e-01 8.0060622454e-01
-8.5257911711e-01 9.5338701948e-01 8.0060299731e-01
5.2197384931e-01 -7.8952261347e-01 4.3995731755e-01
5.2197693632e-01 -7.8952374895e-01 4.3996861528e-01
5.2197420664e-01 -7.8952373209e-01 4.3995641686e-01
5.2197728292e-01 -7.8952487414e-01 4.3996773644e-01
5.2197732177e-01 -7.8952315864e-01 4.3996162252e-01
5.2198041163e-01 -7.8952431192e-01 4.3997284006e-01
5.2197767029e-01 -7.8952427659e-01 4.3996072115e-01
5.2198076643e-01 -7.8952542122e-01 4.3997196274e-01
-1.4402241200e-01 6.5680218574e-01 1.0828065177e+00
-1.4401981131e-01 6.5680408945e-01 1.0828196589e+00
-1.4402160361e-01 6.5680184705e-01 1.0828056848e+00
-1.4401903118e-01 6.5680372741e-01 1.0828188317e+00
-1.4402205885e-01 6.5680323320e-01 1.0828045332e+00
-1.4401946190e-01 6.5680514199e-01 1.0828176598e+00
-1.4402126256e-01 6.5680288511e-01 1.0828036830e+00
-1.4401869473e-01 6.5680477112e-01 1.0828168172e+00
5.8984737171e-01 -2.5831575403e+00 -2.4495380247e-01
5.8984932808e-01 -2.5831580689e+00 -2.4495495444e-01
5.8985007290e-01 -2.5831622640e+00 -2.4495361817e-01
5.8985202897e-01 -2.5831627924e+00 -2.4495477013e-01
5.8984868382e-01 -2.5831576783e+00 -2.4495340806e-01
5.8985063666e-01 -2.5831582113e+00 -2.4495455514e-01
5.8985141220e-01 -2.5831623938e+00 -2.4495319993e-01
5.8985336469e-01 -2.5831629266e+00 -2.4495434689e-01
1.1229004494e+00 7.4467559941e-01 -1.5827930742e+00
1.1228986539e+00 7.4467539923e-01 -1.5827927956e+00
1.1228995324e+00 7.4467029416e-01 -1.5827931901e+00
1.1228977322e+00 7.4467009476e-01 -1.5827929143e+00
1.1229013735e+00 7.4467514832e-01 -1.5827928571e+00
1.1228995714e+00 7.4467495160e-01 -1.5827925769e+00
1.1229004242e+00 7.4466986446e-01 -1.5827930205e+00
1.1228986270e+00 7.4466966698e-01 -1.5827927378e+00
-2.0124399306e-02 -5.2583460376e-01 -7.5385943608e-01
-2.0123700336e-02 -5.2583562862e-01 -7.5385930508e-01
-2.0123343658e-02 -5.2583739158e-01 -7.5385969314e-01
-2.0122641527e-02 -5.2583841139e-01 -7.5385956625e-01
-2.0124653371e-02 -5.2583469805e-01 -7.5385938234e-01
-2.0123955351e-02 -5.2583572516e-01 -7.5385925069e-01
-2.0123596200e-02 -5.2583748179e-01 -7.5385960453e-01
-2.0122894002e-02 -5.2583851821e-01 -7.5385946663e-01
-1.2051229131e+00 -1.4719413771e+00 -1.0713782970e+00
-1.2051207697e+00 -1.4719409515e+00 -1.0713807665e+00
-1.2051224933e+00 -1.4719355829e+00 -1.0713791207e+00
-1.2051203005e+00 -1.4719351839e+00 -1.0713815610e+00
-1.2051227655e+00 -1.4719405662e+00 -1.0713811771e+00
-1.2051206000e+00 -1.4719401289e+00 -1.0713836833e+00
-1.2051223026e+00 -1.4719348110e+00 -1.0713819874e+00
-1.2051201242e+00 -1.4719343832e+00 -1.0713844777e+00
1.2666328284e+00 -1.1408374232e+00 1.0682965048e+00
1.2666345560e+00 -1.1408390227e+00 1.0683084548e+00
1.2666331896e+00 -1.1408377708e+00 1.0682988539e+00
1.2666349276e+00 -1.1408393819e+00 1.0683107848e+00
1.2666338096e+00 -1.1408375908e+00 1.0682962950e+00
1.2666355247e+00 -1.1408392773e+00 1.0683082942e+00
1.2666341612e+00 -1.1408379429e+00 1.0682986567e+00
1.2666358875e+00 -1.1408396417e+00 1.0683106358e+00
-4.4438900778e-01 -2.7013948956e-01 -1.1282813552e-01
-4.4439053657e-01 -2.7013859982e-01 -1.1282842962e-01
-4.4438910007e-01 -2.7013244338e-01 -1.1282854197e-01
-4.4439063008e-01 -2.7013150066e-01 -1.1282884439e-01
-4.4438853981e-01 -2.7014006868e-01 -1.1282705305e-01
-4.4439007238e-01 -2.7013918005e-01 -1.1282734615e-01
-4.4438863634e-01 -2.7013301677e-01 -1.1282746546e-01
-4.4439016625e-01 -2.7013207402e-01 -1.1282776757e-01
-5.1646102564e-01 1.0456873834e+00 -9.2198520976e-02
-5.1645907789e-01 1.0456888563e+00 -9.2200706867e-02
-5.1646098682e-01 1.0456858973e+00 -9.2200998564e-02
-5.1645903608e-01 1.0456873639e+00 -9.2203180409e-02
-5.1646160617e-01 1.0456880701e+00 -9.2198148786e-02
-5.1645965859e-01 1.0456895418e+00 -9.2200334082e-02
-5.1646156225e-01 1.0456865903e+00 -9.2200624188e-02
-5.1645961154e-01 1.0456880564e+00 -9.2202805995e-02
-1.4756146794e+00 3.1668350935e-01 -2.8054685148e-01
-1.4756167086e+00 3.1668412327e-01 -2.8053905597e-01
-1.4756169307e+00 3.1669235889e-01 -2.8054447095e-01
-1.4756190785e+00 3.1669310795e-01 -2.8053670055e-01
-1.4756146176e+00 3.1668313524e-01 -2.8054664719e-01
-1.4756166488e+00 3.1668374911e-01 -2.8053887598e-01
-1.4756168703e+00 3.1669200945e-01 -2.8054430897e-01
-1.4756190228e+00 3.1669275530e-01 -2.8053652821e-01
1.2339424401e-01 1.8115001155e-01 -1.0403860232e+00
1.2339408571e-01 1.8115143063e-01 -1.0403882014e+00
1.2339395565e-01 1.8114921047e-01 -1.0403867848e+00
1.2339379764e-01 1.8115060781e-01 -1.0403889471e+00
1.2339477854e-01 1.8115003568e-01 -1.0403858690e+00
1.2339462166e-01 1.8115145317e-01 -1.0403880480e+00
1.2339449164e-01 1.8114923338e-01 -1.0403866314e+00
1.2339433207e-01 1.8115063191e-01 -1.0403887930e+00
1.5379811358e+00 6.5116980396e-02 -8.2230592586e-01
1.5379810595e+00 6.5115328264e-02 -8.2230721297e-01
1.5379829197e+00 6.5116491558e-02 -8.2230586023e-01
1.5379828442e+00 6.5114865312e-02 -8.2230711066e-01
1.5379828258e+00 6.5117368599e-02 -8.2230733891e-01
1.5379827496e+00 6.5115716460e-02 -8.2230862623e-01
1.5379846111e+00 6.5116848769e-02 -8.2230725184e-01
1.5379845356e+00 6.5115222507e-02 -8.2230850258e-01
1.9756107631e-01 -2.2307327973e-01 1.0466820762e+00
1.9756198105e-01 -2.2307242546e-01 1.0466874496e+00
1.9756027340e-01 -2.2307308263e-01 1.0466829757e+00
1.9756117699e-01 -2.2307224517e-01 1.0466883369e+00
1.9756121488e-01 -2.2307399543e-01 1.0466818270e+00
1.9756216210e-01 -2.2307307931e-01 1.0466872125e+00
1.9756040884e-01 -2.2307380025e-01 1.0466827339e+00
1.9756135186e-01 -2.2307290173e-01 1.0466881067e+00
2.6485978541e-01 1.2538103722e+00 1.6536901818e+00
2.6486143266e-01 1.2538104895e+00 1.6536889476e+00
2.6486025189e-01 1.2538082554e+00 1.6536899405e+00
2.6486188188e-01 1.2538083597e+00 1.6536887318e+00
2.6486042524e-01 1.2538112324e+00 1.6536898390e+00
2.6486208941e-01 1.2538113832e+00 1.6536886031e+00
2.6486090416e-01 1.2538091521e+00 1.6536895965e+00
2.6486253300e-01 1.2538092560e+00 1.6536883873e+00
2.3303895472e-01 2.8556639679e+00 -4.3541667192e-01
2.3303552588e-01 2.8556644346e+00 -4.3541981691e-01
2.3304181551e-01 2.8556673783e+00 -4.3541623005e-01
2.3303840249e-01 2.8556678300e+00 -4.3541934415e-01
2.3304356966e-01 2.8556681092e+00 -4.3541481430e-01
2.3304013978e-01 2.8556685758e+00 -4.3541795479e-01
2.3304641973e-01 2.8556715549e+00 -4.3541437029e-01
2.3304298290e-01 2.8556719644e+00 -4.3541748517e-01
-2.1456907391e+00 8.0008801943e-01 -4.5867000952e-01
-2.1456938849e+00 8.0009033880e-01 -4.5867425672e-01
-2.1456917223e+00 8.0008386396e-01 -4.5867274039e-01
-2.1456948658e+00 8.0008618334e-01 -4.5867697922e-01
-2.1457012756e+00 8.0008686830e-01 -4.5867365119e-01
-2.1457043742e+00 8.0008918359e-01 -4.5867782540e-01
-2.1457022380e+00 8.0008271944e-01 -4.5867635459e-01
-2.1457053486e+00 8.0008502039e-01 -4.5868053840e-01
7.8193473219e-01 -1.0459084672e+00 -7.0168768574e-02
7.8193695422e-01 -1.0459064482e+00 -7.0172312547e-02
7.8193586337e-01 -1.0459018610e+00 -7.0168391293e-02
7.8193811085e-01 -1.0458998671e+00 -7.0171886573e-02
7.8192698724e-01 -1.0459092866e+00 -7.0167699122e-02
7.8192923418e-01 -1.0459072682e+00 -7.0171236661e-02
7.8192811297e-01 -1.0459025679e+00 -7.0167346875e-02
7.8193038164e-01 -1.0459005625e+00 -7.0170839404e-02
1.1104653242e+00 -2.6428967665e-02 -7.7882482284e-02
1.1104664388e+00 -2.6430058495e-02 -7.7884933914e-02
1.1104648039e+00 -2.6432004281e-02 -7.7884600327e-02
1.1104659218e+00 -2.6433071705e-02 -7.7887018161e-02
1.1104718726e+00 -2.6428780234e-02 -7.7882839991e-02
1.1104729956e+00 -2.6429866841e-02 -7.7885295405e-02
1.1104713460e+00 -2.6431831852e-02 -7.7884941769e-02
1.1104724720e+00 -2.6432895080e-02 -7.7887363852e-02
3.2633538983e-01 -4.5508378670e-01 1.5174675935e+00
3.2633575624e-01 -4.5508506122e-01 1.5174674836e+00
3.2633612856e-01 -4.5508262661e-01 1.5174676260e+00
3.2633650191e-01 -4.5508389434e-01 1.5174675134e+00
3.2633752495e-01 -4.5508419465e-01 1.5174674258e+00
3.2633789037e-01 -4.5508546853e-01 1.5174673124e+00
3.2633827007e-01 -4.5508304040e-01 1.5174674575e+00
3.2633863566e-01 -4.5508430272e-01 1.5174673425e+00
-1.0933180956e-02 -1.2903581594e-01 9.1659089870e-01
-1.0934981086e-02 -1.2903521126e-01 9.1659677416e-01
-1.0932589051e-02 -1.2903653227e-01 9.1659125980e-01
-1.0934376949e-02 -1.2903598879e-01 9.1659714215e-01
-1.0931827580e-02 -1.2903483459e-01 9.1659205231e-01
-1.0933616245e-02 -1.2903422492e-01 9.1659795884e-01
-1.0931232724e-02 -1.2903554902e-01 9.1659241046e-01
-1.0933015344e-02 -1.2903499072e-01 9.1659832375e-01
-4.8916347818e-01 1.4385242346e-01 1.5170356306e+00
-4.8916341365e-01 1.4385168039e-01 1.5170361224e+00
-4.8916304998e-01 1.4385121174e-01 1.5170349433e+00
-4.8916297168e-01 1.4385046154e-01 1.5170354217e+00
-4.8916333233e-01 1.4385252762e-01 1.5170357708e+00
-4.8916327353e-01 1.4385177457e-01 1.5170362692e+00
-4.8916289467e-01 1.4385131148e-01 1.5170350786e+00
-4.8916282180e-01 1.4385055043e-01 1.5170355645e+00
9.6291361665e-01 1.7700679588e-01 9.6107466474e-01
9.6291329742e-01 1.7700714945e-01 9.6107479736e-01
9.6291460183e-01 1.7700739108e-01 9.6107557347e-01
9.6291428261e-01 1.7700774465e-01 9.6107570608e-01
9.6290640339e-01 1.7700640769e-01 9.6107634017e-01
9.6290610199e-01 1.7700682129e-01 9.6107647182e-01
9.6290737887e-01 1.7700702169e-01 9.6107723275e-01
9.6290707919e-01 1.7700743448e-01 9.6107735948e-01
-1.2435657171e+00 2.8243124959e-01 9.5888895347e-02
-1.2435692265e+00 2.8243287624e-01 9.5882796201e-02
-1.2435680939e+00 2.8243358007e-01 9.5887373409e-02
-1.2435715858e+00 2.8243517145e-01 9.5881301976e-02
-1.2435652874e+00 2.8243130166e-01 9.5888163489e-02
-1.2435687985e+00 2.8243292962e-01 9.5882063248e-02
-1.2435676694e+00 2.8243364638e-01 9.5886651011e-02
-1.2435711617e+00 2.8243523872e-01 9.5880576523e-02
-1.2660987055e+00 -1.5381161662e+00 -1.1176640369e-01
-1.2660990251e+00 -1.5381159909e+00 -1.1175712142e-01
-1.2660974496e+00 -1.5381084969e+00 -1.1176415456e-01
-1.2660978932e+00 -1.5381083189e+00 -1.1175486135e-01
-1.2661067721e+00 -1.5381185561e+00 -1.1176669457e-01
-1.2661071749e+00 -1.5381183166e+00 -1.1175747174e-01
-1.2661055496e+00 -1.5381108537e+00 -1.1176444805e-01
-1.2661058797e+00 -1.5381106112e+00 -1.1175517003e-01
1.3801305195e+00 -1.0943574178e-01 5.5705111258e-01
1.3801332767e+00 -1.0943623480e-01 5.5704716094e-01
1.3801318735e+00 -1.0943615161e-01 5.5704973258e-01
1.3801346416e+00 -1.0943663199e-01 5.5704579198e-01
1.3801325104e+00 -1.0943864295e-01 5.5705048381e-01
1.3801352684e+00 -1.0943913481e-01 5.5704653207e-01
1.3801338430e+00 -1.0943901736e-01 5.5704910685e-01
1.3801366119e+00 -1.0943949659e-01 5.5704516616e-01
1.5414442543e+00 -1.4253749364e+00 -5.2587916322e-01
1.5414435152e+00 -1.4253776274e+00 -5.2588362335e-01
1.5414440500e+00 -1.4253733116e+00 -5.2587779554e-01
1.5414433155e+00 -1.4253760026e+00 -5.2588225452e-01
1.5414474602e+00 -1.4253738722e+00 -5.2587946080e-01
1.5414467163e+00 -1.4253765619e+00 -5.2588391903e-01
1.5414472813e+00 -1.4253721972e+00 -5.2587809413e-01
1.5414465408e+00 -1.4253748875e+00 -5.2588255278e-01
-1.4843458792e-02 1.4057397408e+00 5.3348268911e-01
-1.4843782523e-02 1.4057386102e+00 5.3348887362e-01
-1.4844724182e-02 1.4057381361e+00 5.3348208848e-01
-1.4845052496e-02 1.4057370087e+00 5.3348826242e-01
-1.4842616402e-02 1.4057410865e+00 5.3348277426e-01
-1.4842956117e-02 1.4057399172e+00 5.3348896003e-01
-1.4843884960e-02 1.4057394759e+00 5.3348216563e-01
-1.4844226047e-02 1.4057383157e+00 5.3348834894e-01
-3.4436326027e-01 5.1102259399e-01 -3.9261782330e-01
-3.4436210543e-01 5.1102412018e-01 -3.9262255950e-01
-3.4436300449e-01 5.1102776819e-01 -3.9261704047e-01
-3.4436187064e-01 5.1102933468e-01 -3.9262170407e-01
-3.4435741358e-01 5.1102298746e-01 -3.9261732225e-01
-3.4435635166e-01 5.1102445988e-01 -3.9262212511e-01
-3.4435715740e-01 5.1102816181e-01 -3.9261652850e-01
-3.4435611322e-01 5.1102967934e-01 -3.9262126479e-01
2.4848219946e-02 -6.9219348821e-01 1.3882398940e+00
2.4848058660e-02 -6.9219143509e-01 1.3882428153e+00
2.4847099615e-02 -6.9219189933e-01 1.3882417436e+00
2.4846954310e-02 -6.9218983590e-01 1.3882446686e+00
2.4851701643e-02 -6.9219388552e-01 1.3882405102e+00
2.4851540847e-02 -6.9219180425e-01 1.3882434664e+00
2.4850578414e-02 -6.9219230084e-01 1.3882423583e+00
2.4850433026e-02 -6.9219023720e-01 1.3882452836e+00
1.9413866253e-01 1.5724229007e-02 -1.6856267869e+00
1.9413738266e-01 1.5725712190e-02 -1.6856228761e+00
1.9413788907e-01 1.5723035778e-02 -1.6856272717e+00
1.9413665579e-01 1.5724516369e-02 -1.6856233217e+00
1.9413806425e-01 1.5724111823e-02 -1.6856268619e+00
1.9413677993e-01 1.5725662591e-02 -1.6856229279e+00
1.9413729304e-01 1.5722939624e-02 -1.6856273595e+00
1.9413605069e-01 1.5724451516e-02 -1.6856233608e+00
1.4025058935e+00 2.5331010791e-01 6.5091389338e-01
1.4025059450e+00 2.5331086904e-01 6.5091532134e-01
1.4025078506e+00 2.5331851384e-01 6.5091610405e-01
1.4025078978e+00 2.5331920692e-01 6.5091757673e-01
1.4024950936e+00 2.5330975934e-01 6.5090979297e-01
1.4024951149e+00 2.5331048943e-01 6.5091121058e-01
1.4024969506e+00 2.5331817647e-01 6.5091197362e-01
1.4024969742e+00 2.5331890125e-01 6.5091339639e-01
8.5632747454e-01 3.4697318679e-01 2.0517290865e+00
8.5632801904e-01 3.4697330174e-01 2.0517302467e+00
8.5632916315e-01 3.4696583485e-01 2.0517288448e+00
8.5632970794e-01 3.4696593037e-01 2.0517300090e+00
8.5633028966e-01 3.4697299231e-01 2.0517294744e+00
8.5633082100e-01 3.4697311871e-01 2.0517306400e+00
8.5633195203e-01 3.4696562158e-01 2.0517292331e+00
8.5633249666e-01 3.4696571722e-01 2.0517303969e+00
-8.4351483328e-02 -6.5420285651e-01 3.5130902570e-01
-8.4354571001e-02 -6.5420150575e-01 3.5131974026e-01
-8.4350013121e-02 -6.5419984427e-01 3.5131089944e-01
-8.4353067588e-02 -6.5419832412e-01 3.5132152919e-01
-8.4349293195e-02 -6.5420269430e-01 3.5130917203e-01
-8.4352381644e-02 -6.5420134536e-01 3.5131988226e-01
-8.4347780654e-02 -6.5419968804e-01 3.5131105556e-01
-8.4350841599e-02 -6.5419816575e-01 3.5132168351e-01
6.7335909203e-01 -2.0068677427e-01 -1.2288208408e+00
6.7335911044e-01 -2.0068686333e-01 -1.2288202348e+00
6.7336044148e-01 -2.0068803141e-01 -1.2288214720e+00
6.7336046011e-01 -2.0068812208e-01 -1.2288208658e+00
6.7335227510e-01 -2.0068747376e-01 -1.2288226050e+00
6.7335230023e-01 -2.0068753681e-01 -1.2288219869e+00
6.7335367265e-01 -2.0068879170e-01 -1.2288232115e+00
6.7335369442e-01 -2.0068885227e-01 -1.2288225902e+00
-1.5367746362e+00 -1.3608832257e+00 5.4364308048e-01
-1.5367749359e+00 -1.3608822090e+00 5.4364498046e-01
-1.5367749517e+00 -1.3608836032e+00 5.4364397725e-01
-1.5367752383e+00 -1.3608825591e+00 5.4364591105e-01
-1.5367743464e+00 -1.3608830199e+00 5.4364300567e-01
-1.5367746461e+00 -1.3608820031e+00 5.4364490550e-01
-1.5367746584e+00 -1.3608833967e+00 5.4364390272e-01
-1.5367749549e+00 -1.3608823462e+00 5.4364584436e-01
1.4320223280e-01 8.7742592207e-01 -1.8536846507e+00
1.4320204589e-01 8.7742563387e-01 -1.8536834876e+00
1.4320188359e-01 8.7742568073e-01 -1.8536863992e+00
1.4320171089e-01 8.7742540042e-01 -1.8536852245e+00
1.4320358587e-01 8.7742584762e-01 -1.8536845893e+00
1.4320339884e-01 8.7742555969e-01 -1.8536834261e+00
1.4320323778e-01 8.7742560688e-01 -1.8536863381e+00
1.4320306503e-01 8.7742532653e-01 -1.8536851633e+00
-6.3530146479e-01 2.5359266605e-01 -1.7134190210e+00
-6.3530357810e-01 2.5359292176e-01 -1.7134195603e+00
-6.3530183427e-01 2.5359217012e-01 -1.7134183051e+00
-6.3530394660e-01 2.5359242447e-01 -1.7134188422e+00
-6.3530117809e-01 2.5359353423e-01 -1.7134194215e+00
-6.3530329577e-01 2.5359378803e-01 -1.7134199609e+00
-6.3530165660e-01 2.5359310384e-01 -1.7134186039e+00
-6.3530376931e-01 2.5359335781e-01 -1.7134191409e+00
-4.8793738296e-01 3.3448783760e-01 -6.6873199599e-01
-4.8793732284e-01 3.3448658819e-01 -6.6872896739e-01
-4.8793673710e-01 3.3448735136e-01 -6.6873023699e-01
-4.8793670826e-01 3.3448611206e-01 -6.6872718467e-01
-4.8793701808e-01 3.3448824043e-01 -6.6873279906e-01
-4.8793695775e-01 3.3448699102e-01 -6.6872977083e-01
-4.8793636895e-01 3.3448774545e-01 -6.6873103748e-01
-4.8793634018e-01 3.3448650611e-01 -6.6872798486e-01
-9.9885771894e-01 3.4773289726e-01 -3.0767022987e-01
-9.9885750139e-01 3.4773326166e-01 -3.0766994407e-01
-9.9885686453e-01 3.4773605899e-01 -3.0766772739e-01
-9.9885664621e-01 3.4773644610e-01 -3.0766745051e-01
-9.9885643413e-01 3.4773138347e-01 -3.0766927552e-01
-9.9885621226e-01 3.4773175656e-01 -3.0766898707e-01
-9.9885558859e-01 3.4773453370e-01 -3.0766677348e-01
-9.9885537004e-01 3.4773492172e-01 -3.0766649701e-01
-4.4901815269e-02 -2.1429293260e-01 -9.9972864699e-01
-4.4901569795e-02 -2.1429500971e-01 -9.9971943714e-01
-4.4900445341e-02 -2.1428620434e-01 -9.9972997660e-01
-4.4900158823e-02 -2.1428821852e-01 -9.9972070255e-01
-4.4900962911e-02 -2.1429257022e-01 -9.9972792449e-01
-4.4900717302e-02 -2.1429458043e-01 -9.9971866713e-01
-4.4899612148e-02 -2.1428580050e-01 -9.9972925492e-01
-4.4899305536e-02 -2.1428782800e-01 -9.9971998083e-01
1.2872159229e+00 1.7256975518e-01 -2.3463219125e-01
1.2872175217e+00 1.7257063629e-01 -2.3462980903e-01
1.2872167442e+00 1.7256689853e-01 -2.3463195639e-01
1.2872183244e+00 1.7256775272e-01 -2.3462952611e-01
1.2872161361e+00 1.7257116015e-01 -2.3463193517e-01
1.2872177349e+00 1.7257204124e-01 -2.3462955293e-01
1.2872169584e+00 1.7256830414e-01 -2.3463169988e-01
1.2872185387e+00 1.7256915821e-01 -2.3462926956e-01
4.6884920882e-02 6.1594031012e-01 -4.6993350395e-01
4.6884944991e-02 6.1593997898e-01 -4.6993229143e-01
4.6883102325e-02 6.1594627317e-01 -4.6993587992e-01
4.6883137206e-02 6.1594598033e-01 -4.6993464972e-01
4.6885248853e-02 6.1593841603e-01 -4.6993311092e-01
4.6885288322e-02 6.1593808414e-01 -4.6993189862e-01
4.6883443698e-02 6.1594438232e-01 -4.6993549898e-01
4.6883493970e-02 6.1594408874e-01 -4.6993426900e-01
2.2490623559e-02 1.2581822590e-01 -1.0662387422e+00
2.2491045937e-02 1.2581799898e-01 -1.0662375719e+00
2.2490045745e-02 1.2581748709e-01 -1.0662378011e+00
2.2490466614e-02 1.2581726427e-01 -1.0662366295e+00
2.2490946051e-02 1.2581762167e-01 -1.0662387231e+00
2.2491368135e-02 1.2581739710e-01 -1.0662375517e+00
2.2490382453e-02 1.2581688740e-01 -1.0662377832e+00
2.2490804803e-02 1.2581666334e-01 -1.0662366125e+00
3.2689782153e-01 5.7678022278e-01 -1.5761601435e-01
3.2689694941e-01 5.7677930085e-01 -1.5761460844e-01
3.2689707335e-01 5.7677759573e-01 -1.5761546217e-01
3.2689618533e-01 5.7677666238e-01 -1.5761407783e-01
3.2689815294e-01 5.7678083266e-01 -1.5761582615e-01
3.2689728120e-01 5.7677991077e-01 -1.5761442032e-01
3.2689739044e-01 5.7677820704e-01 -1.5761529315e-01
3.2689650730e-01 5.7677727275e-01 -1.5761390540e-01
2.2467527309e-01 1.4583190750e+00 -2.3263180028e+00
2.2467607854e-01 1.4583184263e+00 -2.3263194159e+00
2.2467643214e-01 1.4583201796e+00 -2.3263170450e+00
2.2467722223e-01 1.4583195450e+00 -2.3263184448e+00
2.2467556643e-01 1.4583203476e+00 -2.3263175758e+00
2.2467635522e-01 1.4583197253e+00 -2.3263189867e+00
2.2467672539e-01 1.4583214435e+00 -2.3263166169e+00
2.2467751445e-01 1.4583208108e+00 -2.3263180168e+00
8.3295118900e-01 -5.4576390669e-01 1.3222244259e+00
8.3295284656e-01 -5.4576463761e-01 1.3222242920e+00
8.3295064018e-01 -5.4576696223e-01 1.3222243123e+00
8.3295231672e-01 -5.4576780937e-01 1.3222241465e+00
8.3295131249e-01 -5.4576408847e-01 1.3222240919e+00
8.3295294662e-01 -5.4576487547e-01 1.3222239726e+00
8.3295073837e-01 -5.4576718560e-01 1.3222239741e+00
8.3295244480e-01 -5.4576800569e-01 1.3222238336e+00
1.9540606278e-01 5.7393840230e-01 -1.6169522598e+00
1.9540592846e-01 5.7393804226e-01 -1.6169542277e+00
1.9540854593e-01 5.7393599758e-01 -1.6169529293e+00
1.9540840209e-01 5.7393561357e-01 -1.6169548977e+00
1.9540935511e-01 5.7393645278e-01 -1.6169500619e+00
1.9540922036e-01 5.7393609202e-01 -1.6169520288e+00
1.9541182256e-01 5.7393402062e-01 -1.6169507329e+00
1.9541169424e-01 5.7393366424e-01 -1.6169526998e+00
-2.6550995785e+00 1.1375590710e+00 -6.9482457962e-01
-2.6551008230e+00 1.1375601199e+00 -6.9482411555e-01
-2.6550994536e+00 1.1375620223e+00 -6.9482754718e-01
-2.6551007364e+00 1.1375630728e+00 -6.9482702916e-01
-2.6550985186e+00 1.1375593968e+00 -6.9482523459e-01
-2.6550997650e+00 1.1375604468e+00 -6.9482477202e-01
-2.6550983689e+00 1.1375623658e+00 -6.9482821791e-01
-2.6550996498e+00 1.1375634152e+00 -6.9482769830e-01
-4.5887315195e-01 -5.5166222041e-01 3.9828111609e-01
-4.5887248929e-01 -5.5166333312e-01 3.9828027624e-01
-4.5887349472e-01 -5.5166024698e-01 3.9828434978e-01
-4.5887278310e-01 -5.5166143342e-01 3.9828347690e-01
-4.5887279313e-01 -5.5166168378e-01 3.9828055860e-01
-4.5887213005e-01 -5.5166279468e-01 3.9827972024e-01
-4.5887313195e-01 -5.5165970851e-01 3.9828380601e-01
-4.5887242813e-01 -5.5166089894e-01 3.9828293237e-01
6.1187526926e-01 -9.6386847064e-01 9.5682839508e-01
6.1187564891e-01 -9.6386883701e-01 9.5682620249e-01
6.1187383994e-01 -9.6386342480e-01 9.5682642657e-01
6.1187421966e-01 -9.6386380860e-01 9.5682420149e-01
6.1187594300e-01 -9.6386928670e-01 9.5682852297e-01
6.1187632139e-01 -9.6386965287e-01 9.5682633198e-01
6.1187451431e-01 -9.6386425357e-01 9.5682653544e-01
6.1187489277e-01 -9.6386463718e-01 9.5682431197e-01
7.6659241274e-01 7.8511634799e-01 -1.9053966358e-01
7.6658950299e-01 7.8511446010e-01 -1.9053609104e-01
7.6659177435e-01 7.8511717600e-01 -1.9053914053e-01
7.6658888564e-01 7.8511525863e-01 -1.9053557151e-01
7.6659334859e-01 7.8511675368e-01 -1.9053905013e-01
7.6659043895e-01 7.8511486567e-01 -1.9053547747e-01
7.6659273329e-01 7.8511758066e-01 -1.9053852965e-01
7.6658984464e-01 7.8511566325e-01 -1.9053496068e-01
1.1088420311e-01 -1.1518556371e-01 7.6393881172e-01
1.1088431822e-01 -1.1518545335e-01 7.6393812314e-01
1.1088618225e-01 -1.1518987116e-01 7.6393825051e-01
1.1088629927e-01 -1.1518970426e-01 7.6393753714e-01
1.1088455570e-01 -1.1518533090e-01 7.6393795171e-01
1.1088466975e-01 -1.1518522066e-01 7.6393726121e-01
1.1088655833e-01 -1.1518965561e-01 7.6393735978e-01
1.1088667678e-01 -1.1518948837e-01 7.6393664702e-01
-5.9379831408e-01 -8.3012254691e-02 3.3048866064e-01
-5.9379828539e-01 -8.3010825168e-02 3.3048855665e-01
-5.9379851798e-01 -8.3013234042e-02 3.3048947463e-01
-5.9379850639e-01 -8.3011783903e-02 3.3048934538e-01
-5.9380336322e-01 -8.3013021682e-02 3.3048823232e-01
-5.9380335623e-01 -8.3011551986e-02 3.3048812286e-01
-5.9380359882e-01 -8.3014024524e-02 3.3048901743e-01
-5.9380357629e-01 -8.3012568167e-02 3.3048893727e-01
-1.3853266982e-03 -7.2073417382e-01 2.9951517001e-01
-1.3839862000e-03 -7.2073378648e-01 2.9952307286e-01
-1.3838964538e-03 -7.2073026983e-01 2.9951683905e-01
-1.3825629155e-03 -7.2072993391e-01 2.9952477505e-01
-1.3901914127e-03 -7.2073393753e-01 2.9951570523e-01
-1.3888215164e-03 -7.2073360968e-01 2.9952363020e-01
-1.3887132813e-03 -7.2073019655e-01 2.9951731731e-01
-1.3872793009e-03 -7.2072977961e-01 2.9952528028e-01
-9.7119150109e-01 -8.7772771262e-01 -1.6054991453e+00
-9.7119166590e-01 -8.7772854107e-01 -1.6055010069e+00
-9.7119032784e-01 -8.7772278440e-01 -1.6054941139e+00
-9.7119049686e-01 -8.7772358194e-01 -1.6054959528e+00
-9.7118998782e-01 -8.7772782882e-01 -1.6054987237e+00
-9.7119016756e-01 -8.7772866818e-01 -1.6055005757e+00
-9.7118880536e-01 -8.7772292343e-01 -1.6054936577e+00
-9.7118898724e-01 -8.7772372820e-01 -1.6054954866e+00
-1.2247261595e+00 4.7539155235e-02 -1.3942416600e-01
-1.2247271020e+00 4.7538837723e-02 -1.3942378802e-01
-1.2247258529e+00 4.7539559035e-02 -1.3942122082e-01
-1.2247268459e+00 4.7539230975e-02 -1.3942081566e-01
-1.2247255306e+00 4.7538807980e-02 -1.3942427509e-01
-1.2247264761e+00 4.7538499489e-02 -1.3942389738e-01
-1.2247252239e+00 4.7539212280e-02 -1.3942132999e-01
-1.2247262199e+00 4.7538893240e-02 -1.3942092511e-01
-7.7459875470e-03 -3.3276380868e-01 1.1759721802e+00
-7.7464200752e-03 -3.3276402611e-01 1.1759707128e+00
-7.7458250892e-03 -3.3276399698e-01 1.1759717691e+00
-7.7462489740e-03 -3.3276422846e-01 1.1759703088e+00
-7.7461165839e-03 -3.3276379492e-01 1.1759720605e+00
-7.7465424961e-03 -3.3276404130e-01 1.1759706159e+00
-7.7459549129e-03 -3.3276398491e-01 1.1759716470e+00
-7.7463715432e-03 -3.3276424583e-01 1.1759702096e+00
1.3162988226e+00 6.5645526906e-01 1.0725962835e+00
1.3162982525e+00 6.5645653310e-01 1.0725967536e+00
1.3162981062e+00 6.5645859810e-01 1.0725973632e+00
1.3162975395e+00 6.5645987425e-01 1.0725978264e+00
1.3162991006e+00 6.5645505739e-01 1.0725964111e+00
1.3162985304e+00 6.5645632144e-01 1.0725968813e+00
1.3162983989e+00 6.5645840898e-01 1.0725974560e+00
1.3162978322e+00 6.5645968530e-01 1.0725979190e+00
1.2424296287e+00 3.0366467751e-02 1.3306729527e+00
1.2424284867e+00 3.0365450478e-02 1.3306693642e+00
1.2424294326e+00 3.0372267575e-02 1.3306741435e+00
1.2424282747e+00 3.0371319451e-02 1.3306704894e+00
1.2424294327e+00 3.0366279686e-02 1.3306728224e+00
1.2424282908e+00 3.0365262429e-02 1.3306692339e+00
1.2424292411e+00 3.0372055305e-02 1.3306740004e+00
1.2424280832e+00 3.0371107196e-02 1.3306703463e+00
1.0129708530e-01 -1.1092180645e-01 1.3369231729e+00
1.0129701951e-01 -1.1092216054e-01 1.3369274281e+00
1.0129707718e-01 -1.1091509978e-01 1.3369217399e+00
1.0129688649e-01 -1.1091555181e-01 1.3369258354e+00
1.0129647604e-01 -1.1092166833e-01 1.3369230865e+00
1.0129640434e-01 -1.1092201970e-01 1.3369273398e+00
1.0129645556e-01 -1.1091492806e-01 1.3369216335e+00
1.0129627443e-01 -1.1091538538e-01 1.3369257310e+00
8.9892516577e-01 -1.8216161613e-01 -9.0072814238e-01
8.9892520124e-01 -1.8216025321e-01 -9.0072575721e-01
8.9892550049e-01 -1.8215581430e-01 -9.0072947368e-01
8.9892568903e-01 -1.8215443354e-01 -9.0072707973e-01
8.9892509102e-01 -1.8216178031e-01 -9.0072824568e-01
8.9892512172e-01 -1.8216042583e-01 -9.0072587881e-01
8.9892542048e-01 -1.8215599774e-01 -9.0072957669e-01
8.9892561461e-01 -1.8215460494e-01 -9.0072717288e-01
-2.9871213650e-01 6.8532370375e-01 -8.5352700281e-01
-2.9871370116e-01 6.8532329356e-01 -8.5353050792e-01
-2.9871162479e-01 6.8532396985e-01 -8.5352672368e-01
-2.9871320687e-01 6.8532355249e-01 -8.5353028526e-01
-2.9871219391e-01 6.8532358212e-01 -8.5352581268e-01
-2.9871377612e-01 6.8532318069e-01 -8.5352934606e-01
-2.9871167617e-01 6.8532382577e-01 -8.5352556637e-01
-2.9871326048e-01 6.8532343202e-01 -8.5352909607e-01
4.4152638520e-01 7.1303316547e-01 -1.3631053652e+00
4.4152510690e-01 7.1303463394e-01 -1.3631097479e+00
4.4152710371e-01 7.1303437727e-01 -1.3631032138e+00
4.4152583118e-01 7.1303585120e-01 -1.3631076020e+00
4.4152652190e-01 7.1303307600e-01 -1.3631044385e+00
4.4152524050e-01 7.1303454625e-01 -1.3631088238e+00
4.4152724036e-01 7.1303428784e-01 -1.3631022871e+00
4.4152595978e-01 7.1303575760e-01 -1.3631066732e+00
1.1260885638e-01 -2.5825782650e-01 -1.1219060290e+00
1.1260848408e-01 -2.5825789252e-01 -1.1219063051e+00
1.1260845799e-01 -2.5825830216e-01 -1.1219056528e+00
1.1260809645e-01 -2.5825837502e-01 -1.1219059444e+00
1.1261086175e-01 -2.5825804268e-01 -1.1219062860e+00
1.1261047945e-01 -2.5825810717e-01 -1.1219065673e+00
1.1261045515e-01 -2.5825851101e-01 -1.1219059099e+00
1.1261009366e-01 -2.5825858380e-01 -1.1219062016e+00
-4.5427462416e-01 -1.7860948183e+00 4.1809516676e-01
-4.5427483121e-01 -1.7860953128e+00 4.1809642695e-01
-4.5427509225e-01 -1.7860885634e+00 4.1809246880e-01
-4.5427533984e-01 -1.7860890755e+00 4.1809373430e-01
-4.5427431984e-01 -1.7860952051e+00 4.1809485162e-01
-4.5427452831e-01 -1.7860956938e+00 4.1809611007e-01
-4.5427480154e-01 -1.7860889314e+00 4.1809215352e-01
-4.5427504882e-01 -1.7860894424e+00 4.1809341927e-01
2.1901154326e-01 -2.6638035864e-01 -9.0342178400e-01
2.1901084510e-01 -2.6638017408e-01 -9.0342210110e-01
2.1901184462e-01 -2.6638014121e-01 -9.0342201414e-01
2.1901114868e-01 -2.6637995196e-01 -9.0342233817e-01
2.1900767033e-01 -2.6637941650e-01 -9.0342194573e-01
2.1900698740e-01 -2.6637918564e-01 -9.0342225241e-01
2.1900799114e-01 -2.6637920835e-01 -9.0342216132e-01
2.1900731845e-01 -2.6637897130e-01 -9.0342247936e-01
-2.1956665052e-01 2.5958750089e-01 1.7026061431e+00
-2.1956567379e-01 2.5958890476e-01 1.7026050284e+00
-2.1956883337e-01 2.5959717969e-01 1.7026077643e+00
-2.1956784291e-01 2.5959857035e-01 1.7026066913e+00
-2.1956649106e-01 2.5958696056e-01 1.7026060786e+00
-2.1956551701e-01 2.5958837953e-01 1.7026049576e+00
-2.1956865901e-01 2.5959664893e-01 1.7026076667e+00
-2.1956767532e-01 2.5959803755e-01 1.7026066048e+00
-8.9042076351e-01 1.5827938186e+00 -1.4400511462e+00
-8.9041942589e-01 1.5827944910e+00 -1.4400525993e+00
-8.9042121367e-01 1.5827939219e+00 -1.4400506625e+00
-8.9041986089e-01 1.5827946019e+00 -1.4400521349e+00
-8.9042047037e-01 1.5827944283e+00 -1.4400519858e+00
-8.9041913771e-01 1.5827951064e+00 -1.4400534710e+00
-8.9042093061e-01 1.5827945568e+00 -1.4400515414e+00
-8.9041961359e-01 1.5827952225e+00 -1.4400529909e+00
4.3709274777e-01 -8.1842375594e-01 -9.1160921520e-01
4.3709390270e-01 -8.1842408702e-01 -9.1161088260e-01
4.3709323225e-01 -8.1842676641e-01 -9.1160886591e-01
4.3709438772e-01 -8.1842708192e-01 -9.1161054426e-01
4.3709272498e-01 -8.1842369214e-01 -9.1160928121e-01
4.3709387967e-01 -8.1842402364e-01 -9.1161094827e-01
4.3709321111e-01 -8.1842668249e-01 -9.1160893948e-01
4.3709436583e-01 -8.1842701443e-01 -9.1161060680e-01
-1.2704356411e+00 -1.4981570218e+00 -1.0825079330e+00
-1.2704358954e+00 -1.4981572156e+00 -1.0825085388e+00
-1.2704349607e+00 -1.4981536051e+00 -1.0825081769e+00
-1.2704352060e+00 -1.4981537580e+00 -1.0825087619e+00
-1.2704354801e+00 -1.4981570469e+00 -1.0825080905e+00
-1.2704357230e+00 -1.4981572102e+00 -1.0825086737e+00
-1.2704347956e+00 -1.4981536024e+00 -1.0825082992e+00
-1.2704350366e+00 -1.4981537844e+00 -1.0825089247e+00
-6.3318617969e-01 -3.7371259868e-01 6.8419829245e-01
-6.3318900175e-01 -3.7371315551e-01 6.8419405851e-01
-6.3318670003e-01 -3.7371561844e-01 6.8419666973e-01
-6.3318951251e-01 -3.7371615195e-01 6.8419247222e-01
-6.3318614628e-01 -3.7371267907e-01 6.8419827398e-01
-6.3318896925e-01 -3.7371323733e-01 6.8419404037e-01
-6.3318666765e-01 -3.7371569400e-01 6.8419665588e-01
-6.3318947975e-01 -3.7371623246e-01 6.8419245649e-01
-1.6255027568e+00 -5.8409967236e-01 -2.5096892555e-01
-1.6255002863e+00 -5.8409713563e-01 -2.5097354411e-01
-1.6255029367e+00 -5.8410145267e-01 -2.5096787591e-01
-1.6255004467e+00 -5.8409895853e-01 -2.5097249078e-01
-1.6255028349e+00 -5.8409957059e-01 -2.5096833397e-01
-1.6255003831e+00 -5.8409704223e-01 -2.5097292164e-01
-1.6255030344e+00 -5.8410135734e-01 -2.5096725941e-01
-1.6255005444e+00 -5.8409886332e-01 -2.5097187431e-01
1.3813747034e-02 8.5620552152e-01 2.9804883701e-01
1.3814410795e-02 8.5620670174e-01 2.9805743544e-01
1.3815524849e-02 8.5620137787e-01 2.9804861253e-01
1.3816099803e-02 8.5620256412e-01 2.9805724947e-01
1.3813788344e-02 8.5620572050e-01 2.9804860730e-01
1.3814431014e-02 8.5620686299e-01 2.9805720372e-01
1.3815565354e-02 8.5620157605e-01 2.9804838130e-01
1.3816120537e-02 8.5620270941e-01 2.9805702813e-01
4.2209099028e-01 4.8086055015e-01 -7.2162392536e-01
4.2209010659e-01 4.8086174756e-01 -7.2161888772e-01
4.2209140712e-01 4.8085946079e-01 -7.2162363295e-01
4.2209059855e-01 4.8086063418e-01 -7.2161874877e-01
4.2209330483e-01 4.8086063766e-01 -7.2162358312e-01
4.2209244205e-01 4.8086180676e-01 -7.2161858851e-01
4.2209378431e-01 4.8085951210e-01 -7.2162334245e-01
4.2209287958e-01 4.8086075717e-01 -7.2161837997e-01
7.2033217413e-01 8.9708102371e-01 6.7147098739e-01
7.2033275189e-01 8.9708074549e-01 6.7147132028e-01
7.2033071936e-01 8.9707750813e-01 6.7147044965e-01
7.2033128722e-01 8.9707723468e-01 6.7147078141e-01
7.2033237817e-01 8.9708066584e-01 6.7147108147e-01
7.2033295587e-01 8.9708038763e-01 6.7147141439e-01
7.2033091611e-01 8.9707716747e-01 6.7147053872e-01
7.2033148835e-01 8.9707689901e-01 6.7147086665e-01
7.4423993010e-01 -2.6362279117e-01 -8.0374085956e-01
7.4423997995e-01 -2.6362176873e-01 -8.0374028963e-01
7.4424056069e-01 -2.6362173825e-01 -8.0374023667e-01
7.4424061763e-01 -2.6362071902e-01 -8.0373967721e-01
7.4423611956e-01 -2.6362389722e-01 -8.0374284084e-01
7.4423623586e-01 -2.6362287626e-01 -8.0374227520e-01
7.4423674438e-01 -2.6362286463e-01 -8.0374221646e-01
7.4423685866e-01 -2.6362184358e-01 -8.0374164937e-01
